# power spectrum of pi_k
# redshift z=19.638062
# k              Pk             sigma(k)       sigma(Pk)      count
  7.853982e-03   1.525186e-10   0.000000e+00   6.147916e-11   6
  1.110721e-02   8.427715e-11   0.000000e+00   1.682287e-11   12
  1.360350e-02   6.014920e-11   1.490116e-10   1.224759e-11   8
  1.570796e-02   1.912600e-10   0.000000e+00   2.057801e-11   6
  1.756204e-02   1.272639e-10   2.809790e-10   4.056875e-11   24
  1.923825e-02   1.744649e-10   2.809790e-10   2.940581e-11   24
  2.221441e-02   7.206231e-11   0.000000e+00   3.242621e-11   12
  2.356194e-02   8.074009e-11   3.178914e-10   1.485051e-11   30
  2.483647e-02   9.794758e-11   0.000000e+00   2.158132e-11   24
  2.604871e-02   8.641846e-11   4.866699e-10   2.142945e-11   24
  2.720699e-02   9.759782e-11   2.980232e-10   1.977508e-11   8
  2.831793e-02   8.042727e-11   3.973643e-10   1.000221e-11   24
  2.938691e-02   7.352607e-11   0.000000e+00   1.033692e-11   48
  3.141593e-02   8.301596e-11   0.000000e+00   3.650574e-11   6
  3.238280e-02   6.461250e-11   3.973643e-10   9.070455e-12   48
  3.332162e-02   5.863590e-11   3.746387e-10   6.106338e-12   36
  3.423471e-02   8.223613e-11   3.973643e-10   1.720778e-11   24
  3.512407e-02   4.742219e-11   5.619580e-10   8.149940e-12   24
  3.599147e-02   4.160561e-11   0.000000e+00   5.652222e-12   48
  3.683844e-02   6.303267e-11   5.619580e-10   8.971796e-12   24
  3.847649e-02   4.873414e-11   5.619580e-10   7.659878e-12   24
  3.926991e-02   3.274504e-11   0.000000e+00   5.362254e-12   30
  4.004761e-02   3.454699e-11   0.000000e+00   3.808588e-12   72
  4.081049e-02   3.337494e-11   5.960464e-10   6.805767e-12   32
  4.229499e-02   4.318824e-11   0.000000e+00   5.003523e-12   72
  4.301803e-02   2.615157e-11   0.000000e+00   3.825127e-12   48
  4.442883e-02   1.356139e-11   0.000000e+00   4.031704e-12   12
  4.545694e-02   2.496578e-11   3.392498e-04   2.312256e-12   96
  4.646478e-02   3.073593e-11   5.619580e-10   3.881077e-12   48
  4.712389e-02   3.667956e-11   6.357829e-10   6.425050e-12   30
  4.825487e-02   3.312785e-11   2.776864e-04   3.118793e-12   96
  4.967294e-02   1.949465e-11   0.000000e+00   3.702679e-12   24
  5.049322e-02   2.719232e-11   2.873674e-04   2.201466e-12   144
  5.150200e-02   1.876910e-11   9.733398e-10   4.604781e-12   24
  5.253894e-02   2.768606e-11   2.549103e-04   3.152950e-12   96
  5.326830e-02   2.424188e-11   0.000000e+00   3.731055e-12   48
  5.490511e-02   2.935703e-11   1.890362e-04   3.321560e-12   62
  5.573699e-02   2.124504e-11   2.658311e-04   2.555913e-12   132
  5.663587e-02   1.394566e-11   7.947286e-10   2.483990e-12   24
  5.748465e-02   2.179770e-11   2.656931e-04   1.848602e-12   168
  5.903504e-02   2.518746e-11   2.612221e-04   2.102832e-12   96
  6.019922e-02   1.697850e-11   2.223241e-04   1.605095e-12   96
  6.162770e-02   1.762694e-11   2.478098e-04   1.452967e-12   168
  6.283185e-02   2.429282e-11   0.000000e+00   1.066438e-11   6
  6.332082e-02   1.950715e-11   0.000000e+00   1.898664e-12   96
  6.390236e-02   1.860615e-11   1.926248e-04   1.834287e-12   120
  6.508191e-02   1.478963e-11   2.236718e-04   1.166228e-12   144
  6.571112e-02   1.691271e-11   0.000000e+00   2.283718e-12   48
  6.690679e-02   1.500202e-11   2.282370e-04   1.609975e-12   84
  6.756250e-02   1.648456e-11   1.557344e-09   1.477032e-12   120
  6.815306e-02   1.267692e-11   2.071087e-04   1.455780e-12   80
  6.906710e-02   1.195443e-11   2.102834e-04   8.761772e-13   144
  7.024815e-02   1.502570e-11   1.123916e-09   2.787394e-12   24
  7.082503e-02   1.632836e-11   2.029143e-04   1.364136e-12   150
  7.172508e-02   1.455550e-11   2.105350e-04   1.062489e-12   120
  7.271349e-02   1.310668e-11   1.918583e-04   1.110794e-12   168
  7.367688e-02   1.902113e-11   1.123916e-09   3.173841e-12   24
  7.428300e-02   1.121921e-11   2.066893e-04   7.125131e-13   264
  7.492221e-02   8.951723e-12   1.123916e-09   1.255696e-12   48
  7.601180e-02   1.136766e-11   1.914474e-04   9.348563e-13   144
  7.721950e-02   1.360887e-11   1.884480e-04   1.658260e-12   72
  7.790872e-02   1.073609e-11   1.938424e-04   6.839444e-13   180
  7.887219e-02   1.116672e-11   1.404521e-04   8.297865e-13   198
  7.932133e-02   1.186255e-11   0.000000e+00   1.309800e-12   48
  8.031473e-02   9.362918e-12   1.901059e-04   7.054990e-13   168
  8.105195e-02   1.087776e-11   1.902639e-04   9.946592e-13   144
  8.216723e-02   1.003976e-11   2.673312e-04   5.259739e-13   248
  8.367327e-02   6.944461e-12   1.843033e-04   4.882351e-13   192
  8.469881e-02   8.922349e-12   2.846833e-04   5.853970e-13   240
  8.531608e-02   9.648883e-12   0.000000e+00   1.046421e-12   72
  8.625752e-02   9.829409e-12   1.737259e-04   8.596637e-13   126
  8.685144e-02   1.028784e-11   1.602857e-04   8.099953e-13   168
  8.798545e-02   9.483227e-12   1.752705e-04   5.283480e-13   288
  8.917744e-02   8.427972e-12   9.231163e-05   7.218902e-13   156
  8.979471e-02   7.150456e-12   1.552950e-04   6.213366e-13   168
  9.073079e-02   7.411691e-12   2.662258e-04   4.557638e-13   264
  9.159238e-02   6.737010e-12   0.000000e+00   8.255245e-13   48
  9.223262e-02   6.800651e-12   2.649592e-04   4.448220e-13   264
  9.315043e-02   6.856690e-12   1.561767e-04   5.698416e-13   144
  9.384360e-02   7.426116e-12   3.195296e-04   8.451363e-13   78
  9.485335e-02   6.003878e-12   2.077074e-04   3.317280e-13   336
  9.580557e-02   5.482707e-12   1.580315e-04   3.723326e-13   200
  9.643092e-02   5.271454e-12   3.094279e-04   4.010158e-13   192
  9.727517e-02   6.425266e-12   1.552787e-04   4.550694e-13   240
  9.805078e-02   6.792831e-12   3.111877e-04   4.703774e-13   168
  9.884759e-02   5.515945e-12   2.491457e-04   4.747454e-13   120
  9.980457e-02   5.980049e-12   1.947292e-04   3.173400e-13   324
  1.007331e-01   5.280664e-12   1.530902e-04   3.588668e-13   192
  1.013651e-01   5.827646e-12   2.745589e-04   4.193711e-13   168
  1.024401e-01   4.369220e-12   2.261345e-04   2.384095e-13   342
  1.034094e-01   5.898822e-12   1.820838e-04   3.041100e-13   336
  1.043919e-01   6.426610e-12   1.393419e-04   7.027943e-13   72
  1.050544e-01   5.101257e-12   2.228587e-04   3.388378e-13   288
  1.058235e-01   4.985626e-12   1.451409e-04   3.605358e-13   264
  1.068977e-01   4.378334e-12   1.908961e-04   2.377243e-13   384
  1.078598e-01   4.535530e-12   2.291250e-04   3.405687e-13   240
  1.082597e-01   4.668439e-12   0.000000e+00   5.688714e-13   48
  1.094162e-01   4.593351e-12   1.875538e-04   2.311673e-13   392
  1.102985e-01   4.209939e-12   2.058309e-04   2.393199e-13   294
  1.112472e-01   4.148577e-12   1.337793e-04   3.104102e-13   228
  1.118712e-01   4.859319e-12   2.031635e-04   3.167171e-13   216
  1.126476e-01   4.028856e-12   1.237531e-04   2.135023e-13   336
  1.135979e-01   4.229521e-12   1.470390e-04   2.400952e-13   360
  1.143824e-01   4.528188e-12   2.240245e-04   2.793946e-13   240
  1.151999e-01   4.189787e-12   2.650723e-04   2.956475e-13   168
  1.159625e-01   3.751920e-12   2.086441e-04   2.128133e-13   312
  1.168709e-01   3.754151e-12   1.305768e-04   1.899855e-13   336
  1.178523e-01   4.002998e-12   1.781309e-04   2.437142e-13   294
  1.185923e-01   4.481164e-12   2.374121e-04   2.758346e-13   288
  1.191585e-01   3.144882e-12   1.485567e-04   2.045397e-13   264
  1.201682e-01   3.631044e-12   2.551823e-04   1.819937e-13   480
  1.210124e-01   4.003773e-12   1.248343e-04   2.385379e-13   240
  1.220474e-01   3.923779e-12   1.262294e-04   2.284176e-13   276
  1.228640e-01   3.612636e-12   2.770985e-04   1.516758e-13   488
  1.238341e-01   4.050890e-12   1.220401e-04   3.562208e-13   240
  1.243972e-01   3.699777e-12   2.369704e-04   1.848174e-13   360
  1.251868e-01   3.110911e-12   8.431050e-05   2.294633e-13   198
  1.262022e-01   3.000511e-12   2.848886e-04   1.299703e-13   480
  1.269457e-01   2.995673e-12   1.051538e-04   1.804429e-13   288
  1.279739e-01   3.423177e-12   2.222711e-04   1.629243e-13   480
  1.288986e-01   3.438580e-12   1.369471e-04   1.477826e-13   480
  1.298482e-01   2.996058e-12   1.771183e-04   1.986975e-13   288
  1.304406e-01   3.387289e-12   1.889527e-04   1.935512e-13   288
  1.313724e-01   3.151206e-12   3.284945e-04   1.529864e-13   456
  1.323107e-01   3.484865e-12   3.093653e-04   1.732301e-13   360
  1.329156e-01   3.095229e-12   1.854426e-04   1.926638e-13   180
  1.337910e-01   2.598469e-12   2.019696e-04   1.107150e-13   486
  1.346784e-01   2.914430e-12   2.686846e-04   1.312266e-13   504
  1.355806e-01   3.076878e-12   2.087544e-04   1.447986e-13   456
  1.363287e-01   2.896917e-12   1.734380e-04   1.689346e-13   296
  1.373170e-01   2.740469e-12   1.711431e-04   1.196623e-13   528
  1.380603e-01   2.746670e-12   1.688738e-04   1.380869e-13   336
  1.391551e-01   2.700727e-12   1.873127e-04   1.118267e-13   600
  1.399564e-01   2.240276e-12   1.097378e-04   1.328316e-13   264
  1.407594e-01   2.605979e-12   1.186684e-04   1.276711e-13   360
  1.415791e-01   2.493662e-12   2.375857e-04   1.087642e-13   630
  1.424823e-01   2.876514e-12   1.226395e-04   1.358253e-13   432
  1.432835e-01   2.721096e-12   2.362954e-04   1.310994e-13   408
  1.442670e-01   2.432073e-12   1.568384e-04   1.310947e-13   324
  1.449986e-01   2.295679e-12   2.235139e-04   8.625935e-14   744
  1.458811e-01   2.153294e-12   1.786845e-04   1.198539e-13   336
  1.467243e-01   2.480727e-12   2.456455e-04   1.072344e-13   528
  1.476489e-01   2.074064e-12   1.253358e-04   1.130910e-13   408
  1.482619e-01   1.997614e-12   2.133217e-04   9.796452e-14   408
  1.492748e-01   2.039213e-12   1.761040e-04   9.280939e-14   470
  1.500126e-01   2.171999e-12   2.115578e-04   9.923099e-14   528
  1.510428e-01   1.829761e-12   1.762850e-04   6.853132e-14   624
  1.518017e-01   2.076647e-12   1.341363e-04   9.705086e-14   504
  1.525845e-01   1.775309e-12   1.868418e-04   7.558808e-14   552
  1.533610e-01   1.914527e-12   9.082694e-05   9.629532e-14   336
  1.543334e-01   2.038025e-12   1.933348e-04   9.054420e-14   528
  1.550866e-01   1.889015e-12   2.201153e-04   7.511866e-14   564
  1.559689e-01   1.743879e-12   2.025929e-04   8.360418e-14   528
  1.569254e-01   1.933006e-12   3.145317e-04   8.372328e-14   582
  1.577952e-01   1.771517e-12   2.421419e-04   7.108822e-14   624
  1.585560e-01   1.706622e-12   2.768148e-04   8.623691e-14   432
  1.594636e-01   1.758129e-12   3.079082e-04   5.956749e-14   816
  1.603976e-01   1.783406e-12   1.403307e-04   9.993332e-14   312
  1.610085e-01   1.542534e-12   2.274371e-04   6.770463e-14   552
  1.619938e-01   1.610216e-12   1.432453e-04   5.985860e-14   744
  1.627075e-01   1.721417e-12   1.338202e-04   9.383518e-14   408
  1.636288e-01   1.497353e-12   1.917702e-04   6.141226e-14   632
  1.645859e-01   1.703804e-12   3.256744e-04   6.376053e-14   750
  1.653644e-01   1.721409e-12   2.240398e-04   9.209961e-14   312
  1.662320e-01   1.546662e-12   3.307635e-04   5.321630e-14   876
  1.670902e-01   1.272223e-12   2.159690e-04   5.226689e-14   552
  1.680571e-01   1.495863e-12   1.786055e-04   5.861671e-14   696
  1.687158e-01   1.506585e-12   1.971466e-04   6.558877e-14   576
  1.696122e-01   1.352300e-12   2.087308e-04   6.266513e-14   576
  1.703773e-01   1.469891e-12   2.797000e-04   5.800969e-14   648
  1.713020e-01   1.457042e-12   2.799621e-04   5.384880e-14   672
  1.723228e-01   1.405851e-12   1.187495e-04   6.689493e-14   480
  1.729762e-01   1.300292e-12   1.838980e-04   4.670684e-14   726
  1.738175e-01   1.432167e-12   2.083803e-04   5.123599e-14   792
  1.747288e-01   1.315261e-12   2.890786e-04   4.827434e-14   768
  1.756892e-01   1.368863e-12   2.362529e-04   5.142853e-14   672
  1.765698e-01   1.316387e-12   1.584735e-04   5.137901e-14   608
  1.772072e-01   1.232516e-12   1.521394e-04   4.844502e-14   624
  1.781167e-01   1.221784e-12   1.977038e-04   4.422380e-14   684
  1.790012e-01   1.234052e-12   2.920315e-04   4.286394e-14   768
  1.798244e-01   1.283748e-12   2.334772e-04   4.392981e-14   744
  1.808054e-01   1.190614e-12   1.470111e-04   4.118899e-14   750
  1.815203e-01   1.124875e-12   2.185124e-04   4.985639e-14   600
  1.822935e-01   1.185257e-12   2.320208e-04   4.842434e-14   600
  1.832487e-01   1.196312e-12   2.673896e-04   3.722658e-14   1008
  1.840073e-01   1.205080e-12   1.483035e-04   4.559202e-14   696
  1.848478e-01   1.235352e-12   1.959155e-04   5.126544e-14   624
  1.856929e-01   1.172350e-12   3.048693e-04   4.393280e-14   840
  1.866529e-01   1.240359e-12   2.074390e-04   4.327347e-14   816
  1.874316e-01   1.093084e-12   1.377859e-04   3.728883e-14   744
  1.882180e-01   1.119555e-12   2.435827e-04   4.733804e-14   510
  1.891680e-01   1.143423e-12   2.338594e-04   3.655343e-14   1020
  1.900521e-01   1.125306e-12   1.887014e-04   3.644392e-14   912
  1.909236e-01   1.147828e-12   2.795717e-04   4.096991e-14   752
  1.916443e-01   1.102660e-12   2.319791e-04   4.325225e-14   888
  1.926277e-01   1.052435e-12   1.496952e-04   3.710060e-14   768
  1.934322e-01   1.041092e-12   2.720094e-04   3.735065e-14   720
  1.943579e-01   1.035949e-12   2.397841e-04   3.364309e-14   1056
  1.951791e-01   1.038526e-12   1.658928e-04   4.577056e-14   504
  1.958519e-01   9.225479e-13   2.590449e-04   3.502943e-14   774
  1.968141e-01   1.002056e-12   2.491327e-04   3.074105e-14   1272
  1.977179e-01   1.017741e-12   1.632211e-04   3.932300e-14   744
  1.985606e-01   9.276987e-13   2.665297e-04   3.381038e-14   768
  1.993337e-01   9.678055e-13   2.254494e-04   3.264020e-14   840
  2.002020e-01   9.871240e-13   1.528486e-04   3.169855e-14   924
  2.010380e-01   9.432534e-13   2.694718e-04   3.095367e-14   936
  2.018597e-01   8.652711e-13   1.872727e-04   2.825494e-14   840
  2.026874e-01   9.420962e-13   2.226454e-04   2.943298e-14   1008
  2.037393e-01   8.541258e-13   2.513459e-04   3.179311e-14   696
  2.043993e-01   8.342287e-13   2.234032e-04   2.743153e-14   974
  2.053799e-01   9.020557e-13   2.967054e-04   2.611388e-14   1152
  2.062324e-01   8.668258e-13   1.161016e-04   2.928696e-14   816
  2.068954e-01   8.069441e-13   2.554105e-04   2.708320e-14   816
  2.077874e-01   8.392852e-13   2.255389e-04   2.486283e-14   1152
  2.087282e-01   8.287238e-13   2.030624e-04   2.670821e-14   912
  2.095836e-01   8.650854e-13   2.467207e-04   2.661883e-14   1056
  2.103161e-01   8.257827e-13   2.109904e-04   3.453470e-14   624
  2.113011e-01   7.790931e-13   2.635547e-04   2.339389e-14   1260
  2.121511e-01   7.946648e-13   1.589650e-04   2.656383e-14   894
  2.129814e-01   8.304477e-13   2.723637e-04   2.291777e-14   1176
  2.138121e-01   7.227770e-13   2.254364e-04   2.727492e-14   840
  2.147575e-01   7.575378e-13   2.562414e-04   1.931115e-14   1440
  2.157503e-01   6.867770e-13   1.440604e-04   2.230292e-14   864
  2.165030e-01   7.624141e-13   2.472147e-04   2.425269e-14   1056
  2.172522e-01   7.743167e-13   1.457545e-04   3.219528e-14   624
  2.181621e-01   7.131161e-13   2.699122e-04   1.829792e-14   1496
  2.190322e-01   7.116051e-13   1.905676e-04   2.755046e-14   936
  2.198068e-01   6.715528e-13   2.758819e-04   2.178608e-14   966
  2.206402e-01   6.704624e-13   1.955564e-04   2.192198e-14   936
  2.215157e-01   6.921329e-13   2.418927e-04   1.914785e-14   1248
  2.224120e-01   6.371316e-13   1.705236e-04   1.911872e-14   1044
  2.232472e-01   6.308878e-13   2.641465e-04   1.799667e-14   1392
  2.239086e-01   6.095190e-13   2.034461e-04   2.358771e-14   600
  2.248549e-01   6.029140e-13   2.311362e-04   1.574671e-14   1416
  2.257421e-01   6.228755e-13   2.487899e-04   1.801464e-14   1152
  2.266411e-01   6.028347e-13   2.386748e-04   1.927164e-14   936
  2.273653e-01   6.041727e-13   2.559904e-04   2.057422e-14   870
  2.282258e-01   6.342696e-13   2.146378e-04   1.832490e-14   1368
  2.291807e-01   6.053739e-13   2.821927e-04   1.550494e-14   1632
  2.299968e-01   6.364607e-13   1.225122e-04   2.232433e-14   816
  2.308802e-01   5.897339e-13   2.795000e-04   1.675585e-14   1200
  2.316509e-01   5.957096e-13   2.672350e-04   1.698262e-14   1184
  2.324339e-01   6.220946e-13   2.028139e-04   2.000070e-14   984
  2.333945e-01   5.631230e-13   2.476149e-04   1.480244e-14   1572
  2.342654e-01   6.115623e-13   1.363658e-04   2.237618e-14   840
  2.350770e-01   5.378334e-13   3.171241e-04   1.443284e-14   1392
  2.359338e-01   5.372080e-13   2.328323e-04   1.679467e-14   1158
  2.366987e-01   5.688247e-13   2.120118e-04   1.628789e-14   1272
  2.376196e-01   5.730770e-13   2.160591e-04   1.608806e-14   1320
  2.384846e-01   5.362044e-13   2.114113e-04   1.660609e-14   1104
  2.393076e-01   5.281270e-13   2.392880e-04   1.513684e-14   1392
  2.401714e-01   4.996743e-13   2.588141e-04   1.439626e-14   1296
  2.410610e-01   5.071362e-13   2.702447e-04   1.367514e-14   1392
  2.418958e-01   5.074403e-13   1.982461e-04   1.546339e-14   1104
  2.426681e-01   4.940738e-13   2.497099e-04   1.318855e-14   1320
  2.437682e-01   5.009303e-13   1.906998e-04   1.367378e-14   1422
  2.444709e-01   5.000892e-13   2.375058e-04   1.537687e-14   1212
  2.452781e-01   4.766637e-13   2.595297e-04   1.320693e-14   1280
  2.461073e-01   5.121242e-13   2.702412e-04   1.445029e-14   1272
  2.469020e-01   5.158546e-13   2.338669e-04   1.280710e-14   1680
  2.478440e-01   4.437819e-13   2.209608e-04   1.369790e-14   1152
  2.487113e-01   4.694456e-13   2.558804e-04   1.163304e-14   1512
  2.496229e-01   4.546832e-13   1.080317e-04   1.569567e-14   912
  2.503436e-01   4.700904e-13   2.723258e-04   1.113835e-14   1680
  2.513021e-01   4.198453e-13   2.412486e-04   1.083931e-14   1518
  2.520125e-01   4.724937e-13   2.233503e-04   1.406653e-14   1056
  2.527608e-01   4.504085e-13   2.255221e-04   1.148375e-14   1344
  2.537281e-01   5.088827e-13   2.421615e-04   1.246420e-14   1680
  2.546033e-01   4.386341e-13   2.386250e-04   1.135753e-14   1656
  2.555597e-01   4.343106e-13   2.028350e-04   1.475146e-14   1140
  2.562777e-01   4.261126e-13   2.348675e-04   1.218311e-14   1368
  2.571225e-01   4.267581e-13   2.671632e-04   1.095041e-14   1656
  2.579812e-01   4.370966e-13   2.736324e-04   1.223987e-14   1448
  2.589160e-01   4.156143e-13   2.570597e-04   1.070088e-14   1422
  2.597793e-01   4.360432e-13   2.837834e-04   1.153296e-14   1512
  2.605177e-01   4.369364e-13   2.163481e-04   1.276254e-14   1296
  2.613720e-01   4.102452e-13   1.975401e-04   1.020784e-14   1824
  2.622956e-01   4.058273e-13   2.561405e-04   1.049069e-14   1464
  2.632286e-01   3.776581e-13   2.285687e-04   8.551778e-15   1824
  2.640944e-01   4.128723e-13   1.817236e-04   1.096238e-14   1416
  2.648477e-01   3.863693e-13   2.661762e-04   1.049913e-14   1392
  2.656609e-01   3.847327e-13   2.456233e-04   1.018304e-14   1464
  2.666530e-01   3.547263e-13   2.401349e-04   9.755326e-15   1524
  2.674197e-01   3.728723e-13   2.212883e-04   9.771732e-15   1686
  2.683058e-01   3.724583e-13   2.634877e-04   9.454635e-15   1800
  2.690674e-01   4.063922e-13   2.091841e-04   1.261120e-14   1344
  2.699123e-01   3.783297e-13   2.440543e-04   1.024832e-14   1656
  2.707594e-01   3.757340e-13   1.948649e-04   9.540565e-15   1488
  2.714953e-01   3.825053e-13   1.945476e-04   9.738668e-15   1536
  2.725208e-01   3.541037e-13   2.161203e-04   9.126118e-15   1760
  2.733154e-01   3.398793e-13   2.403917e-04   7.991923e-15   1824
  2.742343e-01   3.709951e-13   2.017335e-04   9.601764e-15   1560
  2.751185e-01   3.617241e-13   2.317098e-04   9.094143e-15   1926
  2.759500e-01   3.622453e-13   1.647761e-04   1.066080e-14   1272
  2.767090e-01   3.370671e-13   2.769061e-04   8.208216e-15   1848
  2.777066e-01   3.468334e-13   2.237163e-04   7.964671e-15   1908
  2.784654e-01   3.412991e-13   2.182057e-04   9.202800e-15   1488
  2.792661e-01   3.136274e-13   2.460891e-04   8.000013e-15   1800
  2.801341e-01   3.177556e-13   2.463318e-04   7.836564e-15   1752
  2.809655e-01   3.100369e-13   2.619345e-04   8.391459e-15   1368
  2.817976e-01   3.181831e-13   2.461681e-04   6.850266e-15   2016
  2.827127e-01   3.317198e-13   2.600140e-04   8.705668e-15   1542
  2.835572e-01   3.071608e-13   2.546240e-04   7.265339e-15   2184
  2.844920e-01   3.216492e-13   2.329232e-04   7.627070e-15   1776
  2.852996e-01   3.016477e-13   2.662664e-04   8.364743e-15   1568
  2.860693e-01   3.125585e-13   2.432642e-04   7.457165e-15   2040
  2.869069e-01   3.184229e-13   2.600711e-04   7.889629e-15   1704
  2.877836e-01   2.847869e-13   2.607023e-04   7.495339e-15   1512
  2.886103e-01   2.951213e-13   2.223798e-04   6.626274e-15   2028
  2.895391e-01   2.919055e-13   2.682472e-04   6.571077e-15   1968
  2.903883e-01   2.773499e-13   2.720967e-04   6.506419e-15   1854
  2.912193e-01   2.845922e-13   2.593919e-04   7.080159e-15   1632
  2.920709e-01   2.871538e-13   2.665475e-04   5.974698e-15   2424
  2.929536e-01   2.794483e-13   2.668247e-04   7.170218e-15   1560
  2.936998e-01   2.832733e-13   2.521491e-04   6.610432e-15   1728
  2.946015e-01   2.709961e-13   2.691575e-04   6.499309e-15   2088
  2.955091e-01   2.523427e-13   2.562092e-04   5.872720e-15   1968
  2.963439e-01   2.622845e-13   2.536717e-04   6.275174e-15   2256
  2.971811e-01   2.642223e-13   2.255422e-04   6.200277e-15   1728
  2.980551e-01   2.595138e-13   2.223365e-04   7.200292e-15   1416
  2.988294e-01   2.729416e-13   2.343872e-04   5.812017e-15   2246
  2.997060e-01   2.601444e-13   2.595813e-04   6.258852e-15   2148
  3.005447e-01   2.665724e-13   2.192692e-04   7.072189e-15   1680
  3.013341e-01   2.548683e-13   2.772021e-04   5.082509e-15   2280
  3.022829e-01   2.569242e-13   2.581363e-04   5.443478e-15   2352
  3.031692e-01   2.445623e-13   2.168989e-04   6.100707e-15   1632
  3.038703e-01   2.513430e-13   2.481900e-04   5.941754e-15   1968
  3.048324e-01   2.340746e-13   2.546430e-04   5.544236e-15   2112
  3.057246e-01   2.387885e-13   1.912818e-04   5.725961e-15   2208
  3.065916e-01   2.348957e-13   1.928696e-04   5.322050e-15   1974
  3.072758e-01   2.349940e-13   1.886789e-04   5.585604e-15   1944
  3.082002e-01   2.466773e-13   2.134684e-04   5.497686e-15   2160
  3.090014e-01   2.346999e-13   1.996412e-04   5.572886e-15   2040
  3.098672e-01   2.422878e-13   2.793025e-04   5.545235e-15   2352
  3.107553e-01   2.432604e-13   2.320332e-04   5.693082e-15   1836
  3.115659e-01   2.267888e-13   2.475222e-04   4.852891e-15   2352
  3.124759e-01   2.155286e-13   2.596173e-04   4.907129e-15   2008
  3.133101e-01   2.236638e-13   2.554005e-04   4.859218e-15   2464
  3.142404e-01   2.186017e-13   2.059917e-04   4.820454e-15   2118
  3.150034e-01   2.198359e-13   2.070733e-04   5.540769e-15   1848
  3.157888e-01   2.438294e-13   2.740257e-04   5.840390e-15   2280
  3.167373e-01   2.287610e-13   2.606639e-04   4.952667e-15   2472
  3.176238e-01   2.065238e-13   1.741937e-04   4.596958e-15   2280
  3.183679e-01   2.296123e-13   2.129225e-04   5.642077e-15   1992
  3.191704e-01   2.184309e-13   2.238471e-04   4.662664e-15   2184
  3.200957e-01   1.952224e-13   2.700370e-04   4.319317e-15   2352
  3.209874e-01   2.114757e-13   2.845707e-04   4.412871e-15   2496
  3.218605e-01   1.989044e-13   2.657923e-04   4.961002e-15   1770
  3.226436e-01   2.196282e-13   2.293368e-04   4.740359e-15   2568
  3.235850e-01   2.122045e-13   2.812910e-04   4.485310e-15   2712
  3.244408e-01   2.142865e-13   2.233856e-04   4.785126e-15   2448
  3.252953e-01   2.108804e-13   1.883027e-04   4.861438e-15   2064
  3.260041e-01   2.006830e-13   1.987577e-04   5.218132e-15   1944
  3.269232e-01   1.939294e-13   2.455388e-04   4.249077e-15   2480
  3.278609e-01   1.925939e-13   2.667271e-04   3.814057e-15   2880
  3.286914e-01   1.926524e-13   2.558616e-04   4.369926e-15   2304
  3.295589e-01   1.932323e-13   2.350736e-04   4.648352e-15   1806
  3.303280e-01   1.959638e-13   2.305355e-04   3.999705e-15   2856
  3.312919e-01   2.010202e-13   2.210905e-04   4.376723e-15   2568
  3.320255e-01   1.835997e-13   2.218151e-04   4.396779e-15   2112
  3.328238e-01   1.931885e-13   2.136470e-04   5.015180e-15   2028
  3.336802e-01   1.819943e-13   2.528952e-04   3.711672e-15   2712
  3.345499e-01   1.890955e-13   2.724546e-04   3.752386e-15   2952
  3.354846e-01   1.808334e-13   2.105175e-04   4.015784e-15   2112
  3.362401e-01   1.775114e-13   2.467157e-04   3.674822e-15   2520
  3.371478e-01   1.702074e-13   2.379622e-04   3.663525e-15   2376
  3.379744e-01   1.815732e-13   1.907584e-04   3.824584e-15   2526
  3.388325e-01   1.884751e-13   2.373938e-04   4.055511e-15   2664
  3.396821e-01   1.878186e-13   2.831431e-04   4.321108e-15   2408
  3.404964e-01   1.756335e-13   2.268086e-04   3.904666e-15   2568
  3.413270e-01   1.801369e-13   2.138398e-04   3.433064e-15   2904
  3.422280e-01   1.720753e-13   2.399343e-04   3.535472e-15   2544
  3.430840e-01   1.727183e-13   1.767281e-04   4.071738e-15   2160
  3.438918e-01   1.790865e-13   3.055426e-04   3.849794e-15   2652
  3.447840e-01   1.585870e-13   2.419268e-04   3.160145e-15   2784
  3.456427e-01   1.741364e-13   2.389098e-04   3.451579e-15   2694
  3.465323e-01   1.622939e-13   2.147131e-04   3.338497e-15   2952
  3.473054e-01   1.718307e-13   2.033724e-04   3.892433e-15   2208
  3.480928e-01   1.697599e-13   2.167549e-04   3.799107e-15   2304
  3.489719e-01   1.558666e-13   2.818658e-04   2.731332e-15   3504
  3.499970e-01   1.606941e-13   2.282367e-04   3.456738e-15   2616
  3.507966e-01   1.567513e-13   2.229689e-04   3.319333e-15   2664
  3.515668e-01   1.533363e-13   2.071576e-04   3.299247e-15   2448
  3.523429e-01   1.575717e-13   2.885022e-04   3.317166e-15   2472
  3.532560e-01   1.578042e-13   2.293757e-04   3.017236e-15   3134
  3.541153e-01   1.599441e-13   2.508696e-04   3.419709e-15   2616
  3.549734e-01   1.506333e-13   2.032141e-04   3.296893e-15   2712
  3.558561e-01   1.519234e-13   2.330572e-04   2.982402e-15   3204
  3.566997e-01   1.468787e-13   2.684118e-04   3.107932e-15   2760
  3.575009e-01   1.427823e-13   2.341850e-04   2.995980e-15   2688
  3.583845e-01   1.467089e-13   2.214212e-04   3.041045e-15   2760
  3.591658e-01   1.376928e-13   1.828310e-04   3.052516e-15   2568
  3.600656e-01   1.373283e-13   2.839276e-04   2.535175e-15   3336
  3.609291e-01   1.445761e-13   2.403135e-04   3.228950e-15   2334
  3.618012e-01   1.406807e-13   2.659328e-04   2.792462e-15   3264
  3.626161e-01   1.501069e-13   1.933534e-04   3.539995e-15   2760
  3.634519e-01   1.362370e-13   2.335162e-04   2.625099e-15   3192
  3.643028e-01   1.407238e-13   2.424398e-04   3.093068e-15   2904
  3.652079e-01   1.359820e-13   2.432547e-04   2.839255e-15   2784
  3.659655e-01   1.445100e-13   2.002031e-04   3.151238e-15   2592
  3.668273e-01   1.297732e-13   2.729055e-04   2.505124e-15   3284
  3.677431e-01   1.318826e-13   2.741210e-04   2.598849e-15   3168
  3.685625e-01   1.327337e-13   2.261695e-04   2.733378e-15   2616
  3.694239e-01   1.252356e-13   2.185356e-04   2.613034e-15   3222
  3.702618e-01   1.341618e-13   2.452038e-04   2.579859e-15   3240
  3.710732e-01   1.375630e-13   2.480631e-04   3.136381e-15   2568
  3.719957e-01   1.379931e-13   2.276101e-04   3.043849e-15   3120
  3.727671e-01   1.353315e-13   2.502238e-04   2.791344e-15   3168
  3.735966e-01   1.268439e-13   2.190519e-04   2.814072e-15   3240
  3.745041e-01   1.237354e-13   2.247418e-04   2.400017e-15   3144
  3.753858e-01   1.203635e-13   2.142181e-04   2.423028e-15   2856
  3.762191e-01   1.230633e-13   2.287935e-04   2.286546e-15   3264
  3.771620e-01   1.248945e-13   2.528066e-04   2.456431e-15   3318
  3.779041e-01   1.322703e-13   1.770515e-04   3.306327e-15   2556
  3.787885e-01   1.210785e-13   3.024366e-04   2.238442e-15   4008
  3.796839e-01   1.259731e-13   2.232510e-04   2.755402e-15   2904
  3.804500e-01   1.167023e-13   2.282820e-04   2.263615e-15   3144
  3.813221e-01   1.172292e-13   2.379863e-04   2.439826e-15   3200
  3.822245e-01   1.130914e-13   2.347121e-04   2.207004e-15   3312
  3.830335e-01   1.186438e-13   1.891675e-04   2.470546e-15   2832
  3.839368e-01   1.152986e-13   2.722239e-04   2.063391e-15   3984
  3.847754e-01   1.227127e-13   2.213052e-04   2.884088e-15   2238
  3.855410e-01   1.190981e-13   2.604381e-04   2.327717e-15   3984
  3.864910e-01   1.146379e-13   2.474938e-04   2.313592e-15   3384
  3.872801e-01   1.251101e-13   2.313398e-04   2.697435e-15   3048
  3.881040e-01   1.080786e-13   2.124151e-04   2.240819e-15   3096
  3.889647e-01   1.164497e-13   2.407662e-04   2.123548e-15   3708
  3.898204e-01   1.079137e-13   2.282137e-04   2.353064e-15   2784
  3.906153e-01   1.157639e-13   2.370436e-04   2.236301e-15   3648
  3.915182e-01   1.096146e-13   2.439690e-04   2.129890e-15   3888
  3.924791e-01   1.038762e-13   2.604441e-04   2.160828e-15   2958
  3.931965e-01   1.091777e-13   2.223132e-04   2.081595e-15   3264
  3.940610e-01   1.180804e-13   2.454274e-04   2.520020e-15   3160
  3.948778e-01   1.042005e-13   2.224277e-04   2.012043e-15   3736
  3.956519e-01   1.064047e-13   2.026837e-04   2.383923e-15   3216
  3.965649e-01   1.081368e-13   2.483780e-04   1.967431e-15   4032
  3.975170e-01   1.032134e-13   2.267646e-04   1.873473e-15   3528
  3.983289e-01   1.057124e-13   2.001684e-04   2.117685e-15   3192
  3.991405e-01   9.984917e-14   2.192200e-04   1.967441e-15   3456
  4.000209e-01   9.864107e-14   2.273080e-04   1.990265e-15   3060
  4.009034e-01   1.032927e-13   2.702954e-04   1.865062e-15   4518
  4.017633e-01   1.023924e-13   2.407982e-04   2.022067e-15   3528
  4.025537e-01   1.089992e-13   2.022284e-04   2.519992e-15   3024
  4.033964e-01   9.753080e-14   2.738092e-04   1.890190e-15   3672
  4.042548e-01   9.957972e-14   2.350114e-04   1.930128e-15   3864
  4.052079e-01   9.654730e-14   2.491089e-04   1.813047e-15   3816
  4.059874e-01   9.360951e-14   2.266341e-04   1.805397e-15   3456
  4.067347e-01   9.631579e-14   2.051552e-04   2.048691e-15   2688
  4.076152e-01   9.368287e-14   2.434127e-04   1.590784e-15   4248
  4.084881e-01   9.722518e-14   2.331428e-04   1.923701e-15   3926
  4.093648e-01   9.615978e-14   2.461587e-04   1.999689e-15   3504
  4.102118e-01   9.839729e-14   2.200696e-04   1.838618e-15   3960
  4.111470e-01   9.219364e-14   2.477470e-04   1.796462e-15   3684
  4.119490e-01   8.813809e-14   2.477304e-04   1.677491e-15   4104
  4.127507e-01   9.307751e-14   2.349586e-04   1.846165e-15   3144
  4.136121e-01   8.912397e-14   2.573606e-04   1.619971e-15   4224
  4.145591e-01   8.556433e-14   2.284299e-04   1.520753e-15   4008
  4.153682e-01   8.851501e-14   2.513090e-04   1.667099e-15   3312
  4.162013e-01   8.881539e-14   2.499555e-04   1.799798e-15   3726
  4.170874e-01   8.908131e-14   2.567350e-04   1.737195e-15   3936
  4.178742e-01   9.398776e-14   2.646433e-04   1.974442e-15   3888
  4.186907e-01   8.794516e-14   2.502456e-04   1.711484e-15   3864
  4.195402e-01   8.693281e-14   2.660321e-04   1.728470e-15   3888
  4.204152e-01   8.147171e-14   2.509093e-04   1.561713e-15   4080
  4.212790e-01   8.633562e-14   2.662911e-04   1.744147e-15   3400
  4.221604e-01   8.305646e-14   2.442158e-04   1.466879e-15   4588
  4.230516e-01   8.163316e-14   2.417232e-04   1.568849e-15   3816
  4.238304e-01   8.213731e-14   2.290530e-04   1.561367e-15   3534
  4.246549e-01   8.865945e-14   2.262432e-04   1.665373e-15   4080
  4.255174e-01   8.644552e-14   2.364882e-04   1.575615e-15   4248
  4.263835e-01   8.631954e-14   2.383083e-04   1.909325e-15   3528
  4.271828e-01   8.473816e-14   2.436376e-04   1.548844e-15   4248
  4.279907e-01   7.984803e-14   2.383021e-04   1.567372e-15   3696
  4.288904e-01   7.944040e-14   2.472719e-04   1.354965e-15   4560
  4.297436e-01   8.010342e-14   2.316116e-04   1.487777e-15   3864
  4.306199e-01   7.580495e-14   2.521896e-04   1.341886e-15   4440
  4.314503e-01   7.723903e-14   2.352988e-04   1.702234e-15   3432
  4.323230e-01   7.944177e-14   2.307154e-04   1.489980e-15   4470
  4.331814e-01   8.063240e-14   2.050293e-04   1.508650e-15   4188
  4.340252e-01   7.782532e-14   2.626714e-04   1.415268e-15   4392
  4.348633e-01   8.158167e-14   2.032013e-04   1.673228e-15   3960
  4.357347e-01   7.871774e-14   2.295583e-04   1.456557e-15   4328
  4.365790e-01   7.442461e-14   2.389021e-04   1.334505e-15   4320
  4.374322e-01   7.516324e-14   2.498172e-04   1.364921e-15   4152
  4.382234e-01   8.122219e-14   2.089759e-04   1.732605e-15   3528
  4.391181e-01   7.144760e-14   2.261844e-04   1.215524e-15   4512
  4.399552e-01   7.644488e-14   2.312162e-04   1.551207e-15   4134
  4.408055e-01   7.974045e-14   2.463227e-04   1.393584e-15   5208
  4.416233e-01   7.694932e-14   2.146072e-04   1.610964e-15   3240
  4.424693e-01   7.934676e-14   2.367020e-04   1.445242e-15   4680
  4.433303e-01   7.333921e-14   2.343542e-04   1.410603e-15   4440
  4.441924e-01   6.914704e-14   2.655613e-04   1.316034e-15   4260
  4.450192e-01   6.934716e-14   2.168051e-04   1.351547e-15   4056
  4.458707e-01   6.806553e-14   2.403664e-04   1.168989e-15   4704
  4.467645e-01   7.279226e-14   2.797073e-04   1.329080e-15   4800
  4.477092e-01   7.008477e-14   2.423449e-04   1.259333e-15   4806
  4.485256e-01   8.324652e-14   2.415792e-04   1.814641e-15   3552
  4.493032e-01   6.881761e-14   2.422270e-04   1.409064e-15   4304
  4.501811e-01   7.109362e-14   2.349055e-04   1.252326e-15   5280
  4.510492e-01   6.871146e-14   2.253520e-04   1.260031e-15   4320
  4.518710e-01   6.835922e-14   2.544815e-04   1.291924e-15   4296
  4.527375e-01   6.761230e-14   2.829200e-04   1.151954e-15   4608
  4.536139e-01   6.838295e-14   2.710526e-04   1.177478e-15   4824
  4.544815e-01   6.402600e-14   2.558929e-04   1.180501e-15   4488
  4.554125e-01   6.955022e-14   2.389035e-04   1.327084e-15   4530
  4.561813e-01   6.679192e-14   2.332695e-04   1.310538e-15   4464
  4.569505e-01   6.817648e-14   2.198393e-04   1.297136e-15   4104
  4.578337e-01   6.545552e-14   2.370326e-04   1.097744e-15   5424
  4.587024e-01   6.714964e-14   2.551511e-04   1.325677e-15   4392
  4.595865e-01   6.693487e-14   2.498032e-04   1.224180e-15   4896
  4.603893e-01   6.323612e-14   2.448582e-04   1.199626e-15   4104
  4.612271e-01   6.755597e-14   2.207975e-04   1.260603e-15   4824
  4.621110e-01   5.911591e-14   2.110308e-04   1.055963e-15   4680
  4.628810e-01   6.079532e-14   2.158383e-04   1.136721e-15   4328
  4.637748e-01   6.349069e-14   2.488057e-04   1.142241e-15   5118
  4.646730e-01   6.591622e-14   2.882572e-04   1.218167e-15   5304
  4.654835e-01   7.033053e-14   2.269892e-04   1.415550e-15   4392
  4.663665e-01   6.305017e-14   2.278262e-04   1.193258e-15   4476
  4.671387e-01   6.069878e-14   2.262585e-04   1.155733e-15   4704
  4.679980e-01   6.102392e-14   2.738589e-04   1.026092e-15   5208
  4.689011e-01   5.860187e-14   2.309089e-04   1.089153e-15   5304
  4.697333e-01   5.888620e-14   2.473356e-04   1.062797e-15   4296
  4.705865e-01   6.048463e-14   2.345380e-04   1.070908e-15   4752
  4.714831e-01   5.973415e-14   2.354379e-04   1.084503e-15   4950
  4.722889e-01   6.113306e-14   2.460959e-04   1.138491e-15   5064
  4.730949e-01   6.215769e-14   2.061964e-04   1.201028e-15   4872
  4.739099e-01   6.005828e-14   2.170683e-04   1.296092e-15   4224
  4.747801e-01   6.007263e-14   2.397792e-04   1.032207e-15   6120
  4.757062e-01   5.586107e-14   2.637876e-04   1.011664e-15   4968
  4.765463e-01   5.941812e-14   2.334291e-04   1.137150e-15   4424
  4.774153e-01   5.805245e-14   2.981561e-04   1.100744e-15   5436
  4.782738e-01   5.514597e-14   2.542043e-04   9.840867e-16   4896
  4.791038e-01   5.370287e-14   2.433728e-04   1.031287e-15   5214
  4.799038e-01   6.103438e-14   2.068797e-04   1.211498e-15   4656
  4.807928e-01   6.050687e-14   2.630307e-04   1.148796e-15   5448
  4.816422e-01   5.745699e-14   2.221488e-04   1.197949e-15   4992
  4.824740e-01   5.956984e-14   2.458572e-04   1.184694e-15   5400
  4.833882e-01   5.731832e-14   2.724858e-04   1.019644e-15   5328
  4.842306e-01   5.456403e-14   2.436523e-04   1.046709e-15   4776
  4.850232e-01   5.180642e-14   2.289517e-04   9.466118e-16   4800
  4.859037e-01   5.378696e-14   2.944201e-04   8.701132e-16   6552
  4.868249e-01   5.684972e-14   2.224303e-04   1.298673e-15   3942
  4.876233e-01   5.425050e-14   2.803482e-04   9.701831e-16   6072
  4.885072e-01   5.888138e-14   2.177287e-04   1.291913e-15   4692
  4.892483e-01   5.439032e-14   2.273053e-04   1.020535e-15   4944
  4.901164e-01   5.337532e-14   2.439686e-04   9.310907e-16   5840
  4.910077e-01   5.198057e-14   2.611583e-04   9.985089e-16   5712
  4.918853e-01   5.245238e-14   2.188675e-04   1.047576e-15   4800
  4.926859e-01   5.100172e-14   2.898577e-04   9.235095e-16   5688
  4.935628e-01   5.020376e-14   2.286917e-04   9.397035e-16   4848
  4.944318e-01   4.078530e-14   2.545475e-04   8.562236e-16   5406
  4.952565e-01   4.695419e-17   2.297703e-04   6.693795e-19   5568
  4.960847e-01   4.724736e-17   2.065481e-04   6.808449e-19   5736
  4.969796e-01   4.712385e-17   2.565195e-04   6.975060e-19   5280
  4.977918e-01   4.585600e-17   2.371710e-04   6.430172e-19   5592
  4.986277e-01   4.494857e-17   2.714980e-04   6.636001e-19   4968
  4.995115e-01   4.599125e-17   2.434342e-04   6.266195e-19   5964
  5.003738e-01   4.585443e-17   2.445654e-04   6.361071e-19   5376
  5.011573e-01   4.508229e-17   2.361430e-04   6.532149e-19   5472
  5.020656e-01   4.414400e-17   2.242680e-04   6.081756e-19   5472
  5.028962e-01   4.328405e-17   2.549854e-04   6.520055e-19   5415
  5.037011e-01   4.201363e-17   2.242905e-04   6.018741e-19   5096
  5.045719e-01   4.027728e-17   2.884319e-04   5.376576e-19   6372
  5.054529e-01   4.285878e-17   2.341360e-04   6.682956e-19   4656
  5.062424e-01   4.281188e-17   2.556015e-04   5.814515e-19   5844
  5.070918e-01   4.138332e-17   2.247331e-04   5.735316e-19   5508
  5.079922e-01   4.233948e-17   2.549406e-04   5.506738e-19   6324
  5.088755e-01   3.986600e-17   2.189942e-04   6.012387e-19   4752
  5.096830e-01   4.013665e-17   2.451822e-04   5.473658e-19   5676
  5.105570e-01   4.040738e-17   2.242947e-04   5.728949e-19   5472
  5.113866e-01   3.995080e-17   2.529981e-04   5.606319e-19   5556
  5.122777e-01   3.855561e-17   2.465418e-04   5.271069e-19   5436
  5.131379e-01   3.914885e-17   2.523527e-04   5.460994e-19   5916
  5.140212e-01   3.890969e-17   2.625579e-04   5.475892e-19   5520
  5.148166e-01   3.657719e-17   2.387841e-04   5.225797e-19   5280
  5.156315e-01   3.922540e-17   2.346268e-04   5.850537e-19   4416
  5.165510e-01   3.703012e-17   2.287038e-04   4.831487e-19   6260
  5.174147e-01   3.728290e-17   2.719567e-04   5.001535e-19   5940
  5.181970e-01   3.712264e-17   2.129865e-04   5.879413e-19   4188
  5.190583e-01   3.638609e-17   2.723213e-04   4.692023e-19   6360
  5.199639e-01   3.576361e-17   2.428992e-04   5.007727e-19   5256
  5.208050e-01   3.604761e-17   2.296198e-04   5.526612e-19   4848
  5.215257e-01   3.390141e-17   2.081623e-04   4.952345e-19   4704
  5.224129e-01   3.494722e-17   2.553609e-04   4.704995e-19   5784
  5.233155e-01   3.366467e-17   2.702014e-04   4.607269e-19   5820
  5.241867e-01   3.456582e-17   2.420426e-04   4.655116e-19   5700
  5.250631e-01   3.425046e-17   2.244610e-04   4.900575e-19   5232
  5.259407e-01   3.459140e-17   2.490588e-04   4.911368e-19   4932
  5.267180e-01   3.332271e-17   2.143745e-04   4.963322e-19   4716
  5.275348e-01   3.508483e-17   2.730669e-04   5.022149e-19   5616
  5.283752e-01   3.205687e-17   2.411581e-04   4.587970e-19   5184
  5.292421e-01   3.142800e-17   2.432694e-04   4.555898e-19   5064
  5.300596e-01   3.190185e-17   2.490961e-04   4.518910e-19   5544
  5.309663e-01   3.139895e-17   2.500505e-04   4.388448e-19   5192
  5.317913e-01   3.156475e-17   2.247093e-04   4.565366e-19   5244
  5.326587e-01   3.044574e-17   2.431380e-04   4.364586e-19   5112
  5.335210e-01   3.155518e-17   2.231268e-04   4.698309e-19   5040
  5.343123e-01   3.135734e-17   2.345768e-04   4.530527e-19   5124
  5.352365e-01   3.032253e-17   2.633440e-04   4.208167e-19   5952
  5.360896e-01   3.083566e-17   2.307429e-04   4.509411e-19   4824
  5.368629e-01   2.958906e-17   2.329060e-04   4.573868e-19   4536
  5.377581e-01   2.945658e-17   2.475578e-04   4.030173e-19   5712
  5.386775e-01   3.035426e-17   2.708958e-04   4.353784e-19   5352
  5.395447e-01   2.966988e-17   2.359603e-04   4.272683e-19   5004
  5.403194e-01   2.916355e-17   2.360245e-04   4.322281e-19   4800
  5.411519e-01   2.871355e-17   2.536404e-04   4.130762e-19   5148
  5.420742e-01   2.872529e-17   2.634385e-04   4.001553e-19   5664
  5.429076e-01   2.735761e-17   2.366059e-04   4.180826e-19   4692
  5.436776e-01   2.802236e-17   2.198098e-04   4.517106e-19   4008
  5.445757e-01   2.778946e-17   2.519496e-04   3.768292e-19   5852
  5.454887e-01   2.692618e-17   2.385727e-04   3.795764e-19   5784
  5.462996e-01   2.777398e-17   2.199226e-04   4.465166e-19   4392
  5.471343e-01   2.741964e-17   2.157230e-04   4.191725e-19   4944
  5.480105e-01   2.613332e-17   2.543338e-04   3.928809e-19   4776
  5.488369e-01   2.547441e-17   2.446830e-04   3.671671e-19   5244
  5.497337e-01   2.567200e-17   2.442514e-04   3.635050e-19   4884
  5.504862e-01   2.537824e-17   2.071441e-04   3.929488e-19   4488
  5.513613e-01   2.595574e-17   2.461419e-04   3.868452e-19   5160
  5.522424e-01   2.621793e-17   2.506068e-04   3.734525e-19   5316
  5.530912e-01   2.497076e-17   2.533810e-04   3.892398e-19   4896
  5.539186e-01   2.596079e-17   2.354353e-04   4.369924e-19   4188
  5.547525e-01   2.362861e-17   2.567961e-04   3.551370e-19   4836
  5.556040e-01   2.495758e-17   2.547440e-04   3.539133e-19   5316
  5.564664e-01   2.430129e-17   2.357965e-04   3.537788e-19   4920
  5.572730e-01   2.574413e-17   2.375472e-04   4.274849e-19   4128
  5.581384e-01   2.404573e-17   2.555456e-04   3.561644e-19   5348
  5.589901e-01   2.400796e-17   2.217367e-04   3.679359e-19   4836
  5.598033e-01   2.358400e-17   2.389285e-04   3.952497e-19   4392
  5.606793e-01   2.354343e-17   2.099182e-04   3.753246e-19   4632
  5.614679e-01   2.361887e-17   2.345502e-04   3.744554e-19   4596
  5.623735e-01   2.303574e-17   2.358727e-04   3.421101e-19   5424
  5.632695e-01   2.172121e-17   2.427884e-04   3.166875e-19   5256
  5.641926e-01   2.242727e-17   2.465806e-04   3.567919e-19   4524
  5.649613e-01   2.273793e-17   2.345468e-04   3.799724e-19   4440
  5.658223e-01   2.220194e-17   2.005677e-04   3.455077e-19   4380
  5.666649e-01   2.187441e-17   2.624772e-04   3.453332e-19   4812
  5.675617e-01   2.205421e-17   2.607020e-04   3.303084e-19   5376
  5.683817e-01   2.077374e-17   2.082312e-04   3.570246e-19   3888
  5.691674e-01   2.205371e-17   2.384488e-04   3.381935e-19   4896
  5.700441e-01   2.139324e-17   2.516025e-04   3.412239e-19   4608
  5.709645e-01   2.202739e-17   2.374972e-04   3.496971e-19   4448
  5.717656e-01   1.963810e-17   2.451620e-04   3.097737e-19   4752
  5.726098e-01   2.121085e-17   2.567919e-04   3.589640e-19   4356
  5.734975e-01   2.087521e-17   2.471144e-04   3.260923e-19   5232
  5.743802e-01   1.957326e-17   2.490294e-04   3.215659e-19   4548
  5.752360e-01   1.992825e-17   2.420880e-04   3.128423e-19   4608
  5.760714e-01   2.020315e-17   2.199174e-04   3.629964e-19   3936
  5.768601e-01   1.984673e-17   2.628653e-04   3.449241e-19   4260
  5.777463e-01   1.941346e-17   2.356625e-04   3.078071e-19   5004
  5.785566e-01   2.020834e-17   2.328745e-04   3.558428e-19   4224
  5.794451e-01   1.951417e-17   2.515970e-04   3.226486e-19   4788
  5.803082e-01   1.983468e-17   2.645973e-04   3.402246e-19   4428
  5.811490e-01   1.860025e-17   2.211067e-04   3.295374e-19   4080
  5.819585e-01   1.963823e-17   2.417600e-04   3.047754e-19   4632
  5.828107e-01   1.831100e-17   2.514119e-04   3.323005e-19   4056
  5.837066e-01   1.845684e-17   2.367087e-04   3.123573e-19   4536
  5.845252e-01   1.919303e-17   2.414273e-04   3.183937e-19   4668
  5.854216e-01   1.744884e-17   2.587670e-04   2.981054e-19   4604
  5.862946e-01   1.808754e-17   2.325046e-04   3.121083e-19   4152
  5.871003e-01   1.815942e-17   2.253339e-04   3.172818e-19   4224
  5.879544e-01   1.738436e-17   2.166417e-04   3.090873e-19   4152
  5.888077e-01   1.882074e-17   2.457430e-04   3.269379e-19   4224
  5.896373e-01   1.799122e-17   2.272627e-04   3.239410e-19   3960
  5.904364e-01   1.733118e-17   2.345207e-04   2.862733e-19   4656
  5.913093e-01   1.682588e-17   2.530431e-04   2.869118e-19   4452
  5.922043e-01   1.648415e-17   2.572601e-04   3.009759e-19   4056
  5.930372e-01   1.682283e-17   2.549134e-04   2.947489e-19   4212
  5.938810e-01   1.776119e-17   2.118438e-04   3.498811e-19   3432
  5.947361e-01   1.679807e-17   2.710099e-04   2.679532e-19   5352
  5.955718e-01   1.694930e-17   1.984824e-04   3.289438e-19   3600
  5.964815e-01   1.624396e-17   2.189297e-04   2.806834e-19   4584
  5.972758e-01   1.679347e-17   2.182850e-04   3.158673e-19   3768
  5.980940e-01   1.613164e-17   2.330224e-04   3.114154e-19   3848
  5.989107e-01   1.602634e-17   2.136550e-04   3.181807e-19   3720
  5.998368e-01   1.523516e-17   2.681687e-04   2.535347e-19   4764
  6.006544e-01   1.627473e-17   2.159502e-04   2.939109e-19   3864
  6.014940e-01   1.647896e-17   2.674804e-04   2.901488e-19   4332
  6.024099e-01   1.573987e-17   2.283640e-04   2.935745e-19   3792
  6.032282e-01   1.460992e-17   2.590324e-04   2.575503e-19   4284
  6.040954e-01   1.468688e-17   2.452751e-04   2.999717e-19   3840
  6.049162e-01   1.394051e-17   2.334698e-04   2.877226e-19   3480
  6.057497e-01   1.453086e-17   2.605074e-04   2.491323e-19   4380
  6.066508e-01   1.489500e-17   2.447011e-04   2.715575e-19   4200
  6.075361e-01   1.545161e-17   2.352025e-04   2.754155e-19   4056
  6.083583e-01   1.427095e-17   2.363879e-04   2.892569e-19   3600
  6.091287e-01   1.452466e-17   2.355235e-04   2.872647e-19   3492
  6.100287e-01   1.380953e-17   2.750382e-04   2.512954e-19   4500
  6.109470e-01   1.498006e-17   2.409706e-04   2.936654e-19   3516
  6.117362e-01   1.524425e-17   2.519124e-04   3.003920e-19   3968
  6.126208e-01   1.404462e-17   2.421097e-04   2.811026e-19   3648
  6.134038e-01   1.393534e-17   2.315237e-04   2.765979e-19   4224
  6.142915e-01   1.289539e-17   2.598645e-04   2.655632e-19   3588
  6.151244e-01   1.369025e-17   2.396946e-04   2.801290e-19   3456
  6.159625e-01   1.269270e-17   2.128784e-04   2.555905e-19   3660
  6.168286e-01   1.343796e-17   2.336590e-04   2.669352e-19   3768
  6.176358e-01   1.364007e-17   2.362982e-04   2.674145e-19   3744
  6.185028e-01   1.294996e-17   2.593761e-04   2.436889e-19   4176
  6.194250e-01   1.388896e-17   2.392460e-04   2.806724e-19   3612
  6.201873e-01   1.315393e-17   2.599944e-04   2.838683e-19   3216
  6.210597e-01   1.269353e-17   2.513703e-04   2.702688e-19   3624
  6.219368e-01   1.265276e-17   2.363707e-04   2.504673e-19   3744
  6.227845e-01   1.316247e-17   2.522057e-04   2.718258e-19   3672
  6.236208e-01   1.283519e-17   2.287068e-04   2.601440e-19   3852
  6.244844e-01   1.300852e-17   2.353920e-04   2.564232e-19   3672
  6.254030e-01   1.285303e-17   2.293505e-04   3.122839e-19   3248
  6.261702e-01   1.134763e-17   2.347565e-04   2.498345e-19   3336
  6.270076e-01   1.127794e-17   2.389611e-04   2.323118e-19   3576
  6.278638e-01   1.219583e-17   2.028565e-04   2.555987e-19   3336
  6.287362e-01   1.217723e-17   2.409579e-04   2.417106e-19   3936
  6.295969e-01   1.243610e-17   2.566269e-04   2.605208e-19   3408
  6.304507e-01   1.239332e-17   2.260925e-04   2.791194e-19   3336
  6.312802e-01   9.711993e-18   2.539536e-04   2.202597e-19   3312
  6.321094e-01   1.132367e-17   2.571308e-04   2.551053e-19   3432
  6.329927e-01   1.190962e-17   2.229221e-04   2.726373e-19   3144
  6.337985e-01   1.131670e-17   2.420042e-04   2.479046e-19   3456
  6.347053e-01   1.119099e-17   2.325937e-04   2.249289e-19   3792
  6.355244e-01   1.172547e-17   2.284723e-04   2.828019e-19   2868
  6.364094e-01   1.045055e-17   2.366964e-04   2.032031e-19   3888
  6.372365e-01   9.921385e-18   2.055262e-04   2.373608e-19   2784
  6.380507e-01   1.062712e-17   2.347167e-04   2.795470e-19   2964
  6.389401e-01   1.082988e-17   2.417122e-04   2.393757e-19   3432
  6.397867e-01   1.056140e-17   2.501965e-04   2.311836e-19   3416
  6.406434e-01   1.061734e-17   2.674381e-04   2.353346e-19   3528
  6.415202e-01   1.134746e-17   2.146381e-04   2.748571e-19   2904
  6.422958e-01   9.779891e-18   2.406723e-04   2.324250e-19   3072
  6.431978e-01   9.725086e-18   2.703026e-04   2.215262e-19   3216
  6.440996e-01   9.644349e-18   2.189164e-04   2.446379e-19   2844
  6.448912e-01   9.700119e-18   2.505096e-04   2.255204e-19   3432
  6.457040e-01   1.086208e-17   2.013505e-04   2.752778e-19   2880
  6.466118e-01   9.816109e-18   2.667176e-04   2.307927e-19   3576
  6.474671e-01   1.046685e-17   2.384081e-04   2.781273e-19   2700
  6.482861e-01   9.291257e-18   2.677915e-04   2.193086e-19   3000
  6.491436e-01   8.742960e-18   2.223467e-04   2.269692e-19   2556
  6.499763e-01   9.757338e-18   2.383114e-04   2.266583e-19   3360
  6.508373e-01   9.641960e-18   2.315574e-04   2.235288e-19   3120
  6.517650e-01   9.683719e-18   2.726165e-04   2.435476e-19   3216
  6.525636e-01   1.030223e-17   1.922690e-04   2.690197e-19   2628
  6.534614e-01   8.970116e-18   2.541519e-04   2.287812e-19   3200
  6.542803e-01   8.334119e-18   2.397679e-04   2.277245e-19   2232
  6.551074e-01   8.228905e-18   2.736875e-04   2.202262e-19   3108
  6.559309e-01   1.030089e-17   2.404187e-04   2.918799e-19   2604
  6.567735e-01   9.634341e-18   2.589990e-04   2.372938e-19   3096
  6.577005e-01   8.955916e-18   2.359820e-04   2.198053e-19   3084
  6.585047e-01   8.404870e-18   2.408160e-04   2.235186e-19   2664
  6.593337e-01   8.843706e-18   2.123619e-04   2.608326e-19   2232
  6.601458e-01   7.257815e-18   2.615978e-04   1.911572e-19   2808
  6.610352e-01   8.834494e-18   2.471197e-04   2.554942e-19   2592
  6.618655e-01   9.718587e-18   2.536980e-04   2.596595e-19   2952
  6.627380e-01   8.216625e-18   2.395220e-04   2.269288e-19   2772
  6.635862e-01   8.211702e-18   2.575909e-04   2.132999e-19   3036
  6.644738e-01   7.787009e-18   2.498645e-04   2.444592e-19   2136
  6.652829e-01   7.236242e-18   1.992675e-04   2.182284e-19   2496
  6.661138e-01   8.787743e-18   2.654094e-04   2.682513e-19   2228
  6.669802e-01   9.143141e-18   2.474467e-04   2.594605e-19   3048
  6.678426e-01   8.223091e-18   2.363683e-04   2.447449e-19   2676
  6.686995e-01   7.344880e-18   2.354750e-04   1.975491e-19   2784
  6.695185e-01   7.578748e-18   2.287645e-04   2.373126e-19   1920
  6.703399e-01   6.875453e-18   2.441470e-04   1.970186e-19   2400
  6.712300e-01   6.708334e-18   2.239332e-04   1.918715e-19   2532
  6.721505e-01   7.957100e-18   2.487362e-04   2.413880e-19   2544
  6.729786e-01   8.779079e-18   2.602118e-04   2.530217e-19   2772
  6.737945e-01   7.011306e-18   2.437306e-04   2.461373e-19   2160
  6.746047e-01   7.554029e-18   2.625210e-04   2.348088e-19   2304
  6.755422e-01   6.838670e-18   2.568904e-04   2.252104e-19   2328
  6.763826e-01   5.851082e-18   2.463036e-04   1.860259e-19   2304
  6.771610e-01   6.051895e-18   2.329142e-04   2.021563e-19   1908
  6.780465e-01   8.493994e-18   2.604996e-04   2.786851e-19   2736
  6.788994e-01   7.638593e-18   2.468231e-04   2.508020e-19   2448
  6.798065e-01   7.654374e-18   2.307663e-04   2.460848e-19   2040
  6.806273e-01   5.435585e-18   2.402748e-04   2.044543e-19   2120
  6.814166e-01   6.844758e-18   1.992121e-04   2.239268e-19   2040
  6.822662e-01   5.590537e-18   2.471585e-04   2.152252e-19   2208
  6.832277e-01   7.730958e-18   2.219109e-04   2.674056e-19   2208
  6.840064e-01   8.886398e-18   2.459196e-04   2.945580e-19   2196
  6.848112e-01   5.158764e-18   2.163266e-04   1.808807e-19   1848
  6.856301e-01   6.539958e-18   2.453429e-04   2.385676e-19   2124
  6.865460e-01   5.902788e-18   2.573595e-04   1.955587e-19   2328
  6.874404e-01   5.747208e-18   2.620143e-04   2.166797e-19   1920
  6.883100e-01   5.411108e-18   2.405262e-04   2.111458e-19   1548
  6.890833e-01   7.521270e-18   2.638497e-04   2.490898e-19   2388
  6.899956e-01   5.578394e-18   2.441618e-04   2.217142e-19   2160
  6.908310e-01   5.779561e-18   2.222335e-04   2.393802e-19   1704
  6.916314e-01   5.400385e-18   2.503658e-04   2.273024e-19   1776
  6.923886e-01   5.289140e-18   2.341856e-04   2.069861e-19   1800
  6.933460e-01   4.653118e-18   2.703456e-04   1.825490e-19   1700
  6.942403e-01   6.886755e-18   2.434138e-04   2.649599e-19   2292
  6.950731e-01   5.766756e-18   2.259603e-04   2.482522e-19   1704
  6.958590e-01   5.647584e-18   2.526614e-04   2.364255e-19   1728
  6.967197e-01   4.713302e-18   2.338439e-04   2.074027e-19   1728
  6.975632e-01   5.980130e-18   2.336239e-04   2.491440e-19   1680
  6.984603e-01   3.778554e-18   2.691417e-04   1.624421e-19   1704
  6.993542e-01   4.181575e-18   2.113568e-04   1.558470e-19   1752
  7.001534e-01   5.958708e-18   2.512631e-04   2.652891e-19   1872
  7.010180e-01   5.347739e-18   2.462655e-04   2.571301e-19   1500
  7.018952e-01   4.617939e-18   2.156415e-04   2.095832e-19   1656
  7.027470e-01   5.020803e-18   2.312087e-04   2.037454e-19   1464
  7.035040e-01   3.427423e-18   2.025156e-04   1.843754e-19   1488
  7.044325e-01   3.965129e-18   2.444213e-04   1.586825e-19   1680
  7.052811e-01   4.669538e-18   2.553590e-04   2.120293e-19   1692
  7.060753e-01   4.405754e-18   2.445192e-04   2.346775e-19   1128
  7.069565e-01   4.392895e-18   2.354508e-04   2.091677e-19   1536
  7.078161e-01   3.476634e-18   2.454338e-04   1.898169e-19   1616
  7.086864e-01   3.484165e-18   2.366751e-04   1.743059e-19   1476
  7.095637e-01   3.349249e-18   2.604667e-04   2.044969e-19   1176
  7.103467e-01   3.553300e-18   2.798437e-04   1.497786e-19   1656
  7.111995e-01   4.025887e-18   2.458168e-04   2.964615e-19   891
  7.120785e-01   3.138687e-18   2.620429e-04   1.317786e-19   1596
  7.129351e-01   2.897556e-18   2.285084e-04   1.592730e-19   1422
  7.137799e-01   3.009091e-18   2.191242e-04   1.464429e-19   1254
  7.145746e-01   2.271975e-18   2.238603e-04   1.104784e-19   918
  7.154260e-01   3.095514e-18   2.450016e-04   1.233641e-19   1614
  7.162836e-01   2.403670e-18   2.116357e-04   1.524115e-19   798
  7.171363e-01   2.271866e-18   2.712918e-04   1.070417e-19   1458
  7.180010e-01   2.519178e-18   2.484128e-04   1.064862e-19   1374
  7.188557e-01   1.992968e-18   2.121611e-04   1.169553e-19   984
  7.197034e-01   2.302440e-18   2.919043e-04   1.073413e-19   1062
  7.205669e-01   2.709819e-18   2.474440e-04   1.271942e-19   1246
  7.214055e-01   1.643112e-18   2.294417e-04   9.106387e-20   1072
  7.223013e-01   1.757391e-18   2.484706e-04   1.055735e-19   1110
  7.231291e-01   2.352145e-18   2.691818e-04   1.065751e-19   1254
  7.239992e-01   1.904600e-18   2.554678e-04   1.096783e-19   1032
  7.249475e-01   2.128553e-18   2.366890e-04   1.482503e-19   786
  7.256685e-01   2.062072e-18   2.426573e-04   9.018954e-20   1152
  7.265129e-01   1.667945e-18   2.644723e-04   8.762717e-20   1086
  7.273926e-01   1.133180e-18   2.386131e-04   4.422251e-20   912
  7.282057e-01   2.613796e-18   2.391874e-04   1.232121e-19   1062
  7.290355e-01   1.411185e-18   2.384121e-04   5.757802e-20   912
  7.299945e-01   1.190231e-18   2.661461e-04   6.769557e-20   750
  7.307419e-01   1.931817e-18   2.564338e-04   8.644975e-20   1200
  7.316069e-01   1.423354e-18   2.322209e-04   8.326141e-20   918
  7.324668e-01   1.179949e-18   2.410375e-04   6.198718e-20   876
  7.333405e-01   1.903659e-18   2.106185e-04   8.873858e-20   870
  7.341057e-01   1.468831e-18   2.456529e-04   7.152601e-20   768
  7.350026e-01   9.219717e-19   2.251539e-04   4.642176e-20   830
  7.358332e-01   1.431808e-18   2.331169e-04   6.891381e-20   1080
  7.366934e-01   1.275980e-18   2.622870e-04   6.304928e-20   840
  7.375605e-01   9.778891e-19   2.525535e-04   4.590420e-20   798
  7.385438e-01   1.771936e-18   2.004556e-04   9.682528e-20   792
  7.393065e-01   1.062788e-18   2.337962e-04   5.653056e-20   726
  7.401066e-01   7.818277e-19   2.619817e-04   2.701301e-20   864
  7.409831e-01   1.158195e-18   2.242503e-04   6.637701e-20   900
  7.418717e-01   8.635978e-19   2.492237e-04   3.594205e-20   726
  7.426340e-01   8.944492e-19   2.156923e-04   4.078843e-20   576
  7.436510e-01   1.102880e-18   2.244662e-04   5.738828e-20   840
  7.443665e-01   8.973787e-19   2.330099e-04   5.047322e-20   750
  7.452141e-01   7.902737e-19   2.337175e-04   3.670537e-20   720
  7.460137e-01   1.057524e-18   2.364407e-04   6.028893e-20   702
  7.469474e-01   8.994174e-19   2.582250e-04   4.287530e-20   696
  7.477159e-01   9.098659e-19   2.309338e-04   5.344745e-20   480
  7.486215e-01   8.941824e-19   2.188193e-04   5.129829e-20   830
  7.494233e-01   8.316609e-19   2.545577e-04   4.014448e-20   756
  7.503217e-01   8.049611e-19   2.444202e-04   4.055360e-20   624
  7.511146e-01   7.321531e-19   2.582642e-04   4.390708e-20   582
  7.520520e-01   8.987940e-19   1.982236e-04   5.314240e-20   576
  7.528627e-01   6.731174e-19   2.654862e-04   3.364921e-20   624
  7.536941e-01   7.595051e-19   2.168225e-04   3.901127e-20   702
  7.545169e-01   6.944852e-19   2.494039e-04   3.608348e-20   624
  7.554942e-01   7.509100e-19   2.412815e-04   3.560005e-20   672
  7.562902e-01   5.161149e-19   1.806218e-04   3.068736e-20   342
  7.571647e-01   7.077654e-19   2.258010e-04   4.198830e-20   660
  7.579685e-01   5.363917e-19   2.321137e-04   3.549526e-20   576
  7.587987e-01   5.850159e-19   2.256613e-04   3.500075e-20   600
  7.596378e-01   5.183851e-19   2.610083e-04   3.311686e-20   510
  7.605817e-01   6.410946e-19   2.445257e-04   3.188499e-20   600
  7.613097e-01   4.514878e-19   1.947554e-04   3.066990e-20   216
  7.621574e-01   5.056402e-19   2.370511e-04   2.463486e-20   758
  7.631457e-01   4.473950e-19   2.595205e-04   2.722554e-20   576
  7.640119e-01   5.607514e-19   2.203259e-04   2.882684e-20   528
  7.647935e-01   4.851833e-19   1.517259e-04   3.743997e-20   318
  7.656331e-01   5.957065e-19   2.621079e-04   3.063093e-20   540
  7.666261e-01   2.462943e-19   1.853063e-04   1.446952e-20   384
  7.672989e-01   4.844834e-19   2.560288e-04   2.805906e-20   576
  7.681747e-01   3.482247e-19   2.092230e-04   2.050503e-20   414
  7.690029e-01   5.151192e-19   2.336337e-04   3.106174e-20   504
  7.698874e-01   4.527933e-19   2.564753e-04   2.456934e-20   312
  7.707371e-01   4.450210e-19   2.323698e-04   3.134397e-20   414
  7.715801e-01   2.950927e-19   2.146724e-04   1.677493e-20   432
  7.723646e-01   3.592853e-19   2.843028e-04   2.021947e-20   504
  7.732727e-01   4.022017e-19   2.738155e-04   2.437553e-20   432
  7.741226e-01   3.621870e-19   2.242960e-04   2.039980e-20   354
  7.749886e-01   4.156645e-19   3.263780e-04   3.362656e-20   200
  7.757313e-01   2.946597e-19   2.315757e-04   1.698533e-20   480
  7.767349e-01   2.982643e-19   2.646260e-04   1.604077e-20   552
  7.776554e-01   3.130349e-19   1.648409e-04   2.313391e-20   366
  7.783648e-01   3.769263e-19   1.754814e-04   3.866131e-20   240
  7.791457e-01   3.737322e-19   2.453301e-04   2.088486e-20   288
  7.802446e-01   2.863345e-19   1.686051e-04   1.879206e-20   366
  7.809550e-01   2.175385e-19   2.733622e-04   1.275621e-20   408
  7.817480e-01   2.567247e-19   2.054978e-04   1.910292e-20   360
  7.825685e-01   2.868254e-19   1.915583e-04   1.742800e-20   324
  7.833643e-01   2.852000e-19   2.262365e-04   2.236546e-20   174
  7.843121e-01   2.623893e-19   2.599139e-04   1.946703e-20   264
  7.852018e-01   2.220281e-19   2.370543e-04   1.433204e-20   456
  7.860890e-01   2.234372e-19   2.383673e-04   1.346356e-20   360
  7.868184e-01   2.051939e-19   2.625845e-04   1.600607e-20   270
  7.877116e-01   2.808825e-19   2.871894e-04   2.122082e-20   240
  7.888307e-01   3.430406e-19   2.092834e-04   2.727873e-20   120
  7.893808e-01   1.072925e-19   2.184848e-04   7.145534e-21   320
  7.902688e-01   1.937722e-19   2.703374e-04   9.752113e-21   462
  7.911989e-01   2.018116e-19   1.572842e-04   1.322194e-20   276
  7.920070e-01   2.184740e-19   1.784365e-04   1.946818e-20   144
  7.927854e-01   3.020056e-19   1.873931e-04   3.115222e-20   120
  7.938201e-01   1.232389e-19   1.419059e-04   6.776842e-21   294
  7.946021e-01   1.639471e-19   2.517486e-04   1.053524e-20   384
  7.953317e-01   1.450589e-19   1.666559e-04   9.657545e-21   216
  7.960300e-01   2.353628e-19   1.547682e-04   1.931736e-20   168
  7.968189e-01   1.899130e-19   1.841494e-04   1.920002e-20   102
  7.979594e-01   1.563031e-19   2.793910e-04   1.235411e-20   168
  7.987590e-01   1.405648e-19   2.445344e-04   8.224708e-21   384
  7.996356e-01   1.549570e-19   2.484531e-04   1.205341e-20   300
  8.004513e-01   1.598356e-19   2.660394e-04   1.052229e-20   144
  8.013710e-01   1.726270e-19   2.724619e-04   1.664096e-20   102
  8.024745e-01   2.033794e-19   6.449779e-05   1.959081e-20   56
  8.030032e-01   8.881757e-20   2.099880e-04   5.986110e-21   288
  8.038324e-01   1.057188e-19   2.732724e-04   4.991930e-21   360
  8.047352e-01   1.175594e-19   1.465920e-04   8.304760e-21   126
  8.054959e-01   1.221468e-19   7.219820e-05   1.461662e-20   72
  8.063251e-01   1.882621e-19   3.825072e-05   2.471265e-20   48
  8.074069e-01   7.696289e-20   1.547423e-04   5.529489e-21   240
  8.081179e-01   1.081805e-19   2.295968e-04   5.799612e-21   306
  8.088457e-01   1.148347e-19   1.276047e-04   9.892799e-21   120
  8.096841e-01   1.503504e-19   3.140524e-04   1.657152e-20   96
  8.102934e-01   1.765270e-19   0.000000e+00   2.637989e-20   24
  8.116625e-01   6.256651e-20   2.719614e-04   5.864328e-21   120
  8.123333e-01   7.663127e-20   2.351967e-04   4.419400e-21   318
  8.131540e-01   1.029054e-19   2.513397e-04   7.176704e-21   168
  8.140529e-01   1.381071e-19   2.697157e-04   1.340406e-20   72
  8.150375e-01   1.184635e-19   0.000000e+00   2.053110e-20   24
  8.160963e-01   1.096679e-19   1.309209e-04   2.099800e-20   14
  8.166001e-01   5.124629e-20   2.064915e-04   3.079636e-21   288
  8.173825e-01   7.038165e-20   2.484205e-04   5.810916e-21   204
  8.182854e-01   1.071196e-19   3.769163e-05   1.492495e-20   48
  8.190012e-01   2.122623e-19   0.000000e+00   4.271745e-20   24
  8.198293e-01   7.861795e-20   0.000000e+00   2.291099e-20   6
  8.210197e-01   4.996832e-20   1.543841e-04   3.649749e-21   216
  8.216331e-01   8.079092e-20   2.055974e-04   5.738501e-21   192
  8.223835e-01   5.823795e-20   3.750381e-05   1.073876e-20   48
  8.231707e-01   1.135623e-19   2.996618e-04   1.549721e-20   30
  8.253970e-01   4.911528e-20   6.196711e-05   4.650329e-21   96
  8.258541e-01   4.384111e-20   2.030500e-04   2.696839e-21   228
  8.267225e-01   8.040215e-20   2.655246e-04   1.002876e-20   72
  8.277664e-01   1.479068e-19   0.000000e+00   6.949834e-20   6
  8.301440e-01   4.676291e-20   2.004855e-04   2.792573e-21   248
  8.309027e-01   5.530557e-20   2.294661e-04   5.883929e-21   72
  8.318179e-01   5.449132e-20   1.271566e-08   1.671336e-20   6
  8.345842e-01   3.845576e-20   1.424677e-04   2.430030e-21   180
  8.351359e-01   5.515992e-20   1.938498e-04   5.544297e-21   72
  8.359234e-01   4.983568e-20   0.000000e+00   1.164356e-20   6
  8.389986e-01   3.089508e-20   6.096248e-05   2.824028e-21   96
  8.393661e-01   3.812550e-20   1.673676e-04   3.789848e-21   96
  8.400824e-01   9.747306e-20   0.000000e+00   2.516799e-20   6
  8.436361e-01   3.370732e-20   1.601837e-04   2.753594e-21   140
  8.442939e-01   2.500969e-20   0.000000e+00   2.200386e-21   6
  8.481027e-01   2.707417e-20   1.075705e-04   2.570444e-21   96
  8.485572e-01   1.730387e-20   0.000000e+00   4.794451e-21   6
  8.525822e-01   3.536794e-20   6.471255e-05   3.986657e-21   60
  8.528715e-01   4.300241e-20   0.000000e+00   1.176205e-20   6
  8.570997e-01   1.622456e-20   6.560518e-05   2.315964e-21   38
  8.616024e-01   1.811224e-20   3.374897e-05   4.357567e-21   18
  8.661129e-01   5.552349e-21   1.271566e-08   2.050893e-21   6
