# power spectrum of pi_k
# redshift z=99.597220
# k              Pk             sigma(k)       sigma(Pk)      count
  7.853982e-03   1.668871e-10   0.000000e+00   6.726930e-11   6
  1.110721e-02   9.239368e-11   0.000000e+00   1.844388e-11   12
  1.360350e-02   6.598182e-11   1.490116e-10   1.342703e-11   8
  1.570796e-02   2.094600e-10   0.000000e+00   2.253942e-11   6
  1.756204e-02   1.396372e-10   2.809790e-10   4.451510e-11   24
  1.923825e-02   1.917764e-10   2.809790e-10   3.230965e-11   24
  2.221441e-02   7.937228e-11   0.000000e+00   3.572529e-11   12
  2.356194e-02   8.906546e-11   3.178914e-10   1.640697e-11   30
  2.483647e-02   1.077626e-10   0.000000e+00   2.374887e-11   24
  2.604871e-02   9.533338e-11   4.866699e-10   2.363155e-11   24
  2.720699e-02   1.080949e-10   2.980232e-10   2.191115e-11   8
  2.831793e-02   8.892703e-11   3.973643e-10   1.104784e-11   24
  2.938691e-02   8.143275e-11   0.000000e+00   1.144349e-11   48
  3.141593e-02   9.148148e-11   0.000000e+00   4.022255e-11   6
  3.238280e-02   7.157292e-11   3.973643e-10   1.005014e-11   48
  3.332162e-02   6.489161e-11   3.746387e-10   6.748600e-12   36
  3.423471e-02   9.141874e-11   3.973643e-10   1.911641e-11   24
  3.512407e-02   5.254698e-11   5.619580e-10   9.046186e-12   24
  3.599147e-02   4.616361e-11   0.000000e+00   6.277657e-12   48
  3.683844e-02   7.039584e-11   5.619580e-10   1.002019e-11   24
  3.847649e-02   5.419772e-11   5.619580e-10   8.525272e-12   24
  3.926991e-02   3.647049e-11   0.000000e+00   5.969547e-12   30
  4.004761e-02   3.837929e-11   0.000000e+00   4.238923e-12   72
  4.081049e-02   3.691396e-11   5.960464e-10   7.515205e-12   32
  4.229499e-02   4.814589e-11   0.000000e+00   5.584409e-12   72
  4.301803e-02   2.898468e-11   0.000000e+00   4.237470e-12   48
  4.442883e-02   1.512924e-11   0.000000e+00   4.500323e-12   12
  4.545694e-02   2.782256e-11   3.392498e-04   2.579330e-12   96
  4.646478e-02   3.422756e-11   5.619580e-10   4.317714e-12   48
  4.712389e-02   4.086315e-11   6.357829e-10   7.163130e-12   30
  4.825487e-02   3.659995e-11   2.776864e-04   3.433538e-12   96
  4.967294e-02   2.151771e-11   0.000000e+00   4.084499e-12   24
  5.049322e-02   3.027400e-11   2.873674e-04   2.456144e-12   144
  5.150200e-02   2.095315e-11   9.733398e-10   5.146878e-12   24
  5.253894e-02   3.080226e-11   2.549103e-04   3.513314e-12   96
  5.326830e-02   2.682192e-11   0.000000e+00   4.128965e-12   48
  5.490511e-02   3.251278e-11   1.890362e-04   3.662321e-12   62
  5.573699e-02   2.357906e-11   2.658311e-04   2.853292e-12   132
  5.663587e-02   1.544904e-11   7.947286e-10   2.755939e-12   24
  5.748465e-02   2.410569e-11   2.656931e-04   2.046825e-12   168
  5.903504e-02   2.800530e-11   2.612221e-04   2.340333e-12   96
  6.019922e-02   1.876600e-11   2.223241e-04   1.770981e-12   96
  6.162770e-02   1.958256e-11   2.478098e-04   1.614401e-12   168
  6.283185e-02   2.625127e-11   0.000000e+00   1.153697e-11   6
  6.332082e-02   2.155979e-11   0.000000e+00   2.087279e-12   96
  6.390236e-02   2.056579e-11   1.926248e-04   2.026633e-12   120
  6.508191e-02   1.630459e-11   2.236718e-04   1.290747e-12   144
  6.571112e-02   1.895865e-11   0.000000e+00   2.553886e-12   48
  6.690679e-02   1.659025e-11   2.282370e-04   1.792488e-12   84
  6.756250e-02   1.825225e-11   1.557344e-09   1.638404e-12   120
  6.815306e-02   1.411443e-11   2.071087e-04   1.620067e-12   80
  6.906710e-02   1.330597e-11   2.102834e-04   9.762302e-13   144
  7.024815e-02   1.649971e-11   1.123916e-09   3.060594e-12   24
  7.082503e-02   1.803225e-11   2.029143e-04   1.504691e-12   150
  7.172508e-02   1.610706e-11   2.105350e-04   1.175231e-12   120
  7.271349e-02   1.442032e-11   1.918583e-04   1.216978e-12   168
  7.367688e-02   2.152058e-11   1.123916e-09   3.602322e-12   24
  7.428300e-02   1.249094e-11   2.066893e-04   7.920071e-13   264
  7.492221e-02   9.761895e-12   1.123916e-09   1.367832e-12   48
  7.601180e-02   1.266528e-11   1.914474e-04   1.046469e-12   144
  7.721950e-02   1.532453e-11   1.884480e-04   1.881808e-12   72
  7.790872e-02   1.198558e-11   1.938424e-04   7.663398e-13   180
  7.887219e-02   1.246472e-11   1.404521e-04   9.323565e-13   198
  7.932133e-02   1.300062e-11   0.000000e+00   1.418903e-12   48
  8.031473e-02   1.036584e-11   1.901059e-04   7.805939e-13   168
  8.105195e-02   1.214870e-11   1.902639e-04   1.108590e-12   144
  8.216723e-02   1.118748e-11   2.673312e-04   5.833962e-13   248
  8.367327e-02   7.809225e-12   1.843033e-04   5.488562e-13   192
  8.469881e-02   1.003198e-11   2.846833e-04   6.601060e-13   240
  8.531608e-02   1.078833e-11   0.000000e+00   1.169367e-12   72
  8.625752e-02   1.100363e-11   1.737259e-04   9.584484e-13   126
  8.685144e-02   1.157161e-11   1.602857e-04   9.150381e-13   168
  8.798545e-02   1.059513e-11   1.752705e-04   5.923444e-13   288
  8.917744e-02   9.479405e-12   9.231163e-05   8.059989e-13   156
  8.979471e-02   7.998130e-12   1.552950e-04   6.980488e-13   168
  9.073079e-02   8.351138e-12   2.662258e-04   5.101914e-13   264
  9.159238e-02   7.770964e-12   0.000000e+00   9.596124e-13   48
  9.223262e-02   7.706369e-12   2.649592e-04   5.049075e-13   264
  9.315043e-02   7.713121e-12   1.561767e-04   6.397579e-13   144
  9.384360e-02   8.499607e-12   3.195296e-04   9.703212e-13   78
  9.485335e-02   6.752669e-12   2.077074e-04   3.717718e-13   336
  9.580557e-02   6.176621e-12   1.580315e-04   4.187601e-13   200
  9.643092e-02   5.964137e-12   3.094279e-04   4.544402e-13   192
  9.727517e-02   7.311155e-12   1.552787e-04   5.205312e-13   240
  9.805078e-02   7.642031e-12   3.111877e-04   5.253585e-13   168
  9.884759e-02   6.230965e-12   2.491457e-04   5.352785e-13   120
  9.980457e-02   6.813452e-12   1.947292e-04   3.637226e-13   324
  1.007331e-01   6.039899e-12   1.530902e-04   4.126819e-13   192
  1.013651e-01   6.737648e-12   2.745589e-04   4.884713e-13   168
  1.024401e-01   4.923627e-12   2.261345e-04   2.719134e-13   342
  1.034094e-01   6.678509e-12   1.820838e-04   3.418060e-13   336
  1.043919e-01   7.289946e-12   1.393419e-04   8.122634e-13   72
  1.050544e-01   5.776386e-12   2.228587e-04   3.849630e-13   288
  1.058235e-01   5.695271e-12   1.451409e-04   4.131279e-13   264
  1.068977e-01   4.982204e-12   1.908961e-04   2.690707e-13   384
  1.078598e-01   5.156744e-12   2.291250e-04   3.851121e-13   240
  1.082597e-01   5.449632e-12   0.000000e+00   6.659676e-13   48
  1.094162e-01   5.265611e-12   1.875538e-04   2.655500e-13   392
  1.102985e-01   4.793380e-12   2.058309e-04   2.723155e-13   294
  1.112472e-01   4.704393e-12   1.337793e-04   3.485529e-13   228
  1.118712e-01   5.545413e-12   2.031635e-04   3.625374e-13   216
  1.126476e-01   4.571750e-12   1.237531e-04   2.413143e-13   336
  1.135979e-01   4.826817e-12   1.470390e-04   2.763948e-13   360
  1.143824e-01   5.195296e-12   2.240245e-04   3.207116e-13   240
  1.151999e-01   4.678905e-12   2.650723e-04   3.270487e-13   168
  1.159625e-01   4.342793e-12   2.086441e-04   2.471289e-13   312
  1.168709e-01   4.268026e-12   1.305768e-04   2.174625e-13   336
  1.178523e-01   4.584728e-12   1.781309e-04   2.782847e-13   294
  1.185923e-01   5.122862e-12   2.374121e-04   3.156967e-13   288
  1.191585e-01   3.576875e-12   1.485567e-04   2.340402e-13   264
  1.201682e-01   4.117868e-12   2.551823e-04   2.093853e-13   480
  1.210124e-01   4.547124e-12   1.248343e-04   2.719334e-13   240
  1.220474e-01   4.440618e-12   1.262294e-04   2.603113e-13   276
  1.228640e-01   4.145656e-12   2.770985e-04   1.737231e-13   488
  1.238341e-01   4.698595e-12   1.220401e-04   4.151058e-13   240
  1.243972e-01   4.235682e-12   2.369704e-04   2.097770e-13   360
  1.251868e-01   3.545600e-12   8.431050e-05   2.636856e-13   198
  1.262022e-01   3.421820e-12   2.848886e-04   1.489785e-13   480
  1.269457e-01   3.406575e-12   1.051538e-04   2.066354e-13   288
  1.279739e-01   3.890970e-12   2.222711e-04   1.842393e-13   480
  1.288986e-01   3.948536e-12   1.369471e-04   1.666986e-13   480
  1.298482e-01   3.419226e-12   1.771183e-04   2.294965e-13   288
  1.304406e-01   3.823207e-12   1.889527e-04   2.174069e-13   288
  1.313724e-01   3.636637e-12   3.284945e-04   1.755863e-13   456
  1.323107e-01   4.010696e-12   3.093653e-04   1.975152e-13   360
  1.329156e-01   3.555936e-12   1.854426e-04   2.205739e-13   180
  1.337910e-01   2.987338e-12   2.019696e-04   1.272910e-13   486
  1.346784e-01   3.322714e-12   2.686846e-04   1.491915e-13   504
  1.355806e-01   3.523586e-12   2.087544e-04   1.673353e-13   456
  1.363287e-01   3.374990e-12   1.734380e-04   1.977012e-13   296
  1.373170e-01   3.152617e-12   1.711431e-04   1.388866e-13   528
  1.380603e-01   3.159683e-12   1.688738e-04   1.598843e-13   336
  1.391551e-01   3.140025e-12   1.873127e-04   1.300043e-13   600
  1.399564e-01   2.600732e-12   1.097378e-04   1.540752e-13   264
  1.407594e-01   3.036278e-12   1.186684e-04   1.487933e-13   360
  1.415791e-01   2.874562e-12   2.375857e-04   1.252314e-13   630
  1.424823e-01   3.274306e-12   1.226395e-04   1.557486e-13   432
  1.432835e-01   3.108493e-12   2.362954e-04   1.465918e-13   408
  1.442670e-01   2.816478e-12   1.568384e-04   1.521572e-13   324
  1.449986e-01   2.652466e-12   2.235139e-04   9.977072e-14   744
  1.458811e-01   2.554776e-12   1.786845e-04   1.426079e-13   336
  1.467243e-01   2.876731e-12   2.456455e-04   1.259312e-13   528
  1.476489e-01   2.408978e-12   1.253358e-04   1.279319e-13   408
  1.482619e-01   2.335026e-12   2.133217e-04   1.156626e-13   408
  1.492748e-01   2.371282e-12   1.761040e-04   1.066285e-13   470
  1.500126e-01   2.496650e-12   2.115578e-04   1.131920e-13   528
  1.510428e-01   2.123669e-12   1.762850e-04   7.873995e-14   624
  1.518017e-01   2.405548e-12   1.341363e-04   1.110256e-13   504
  1.525845e-01   2.072549e-12   1.868418e-04   8.975486e-14   552
  1.533610e-01   2.255392e-12   9.082694e-05   1.136722e-13   336
  1.543334e-01   2.379989e-12   1.933348e-04   1.036661e-13   528
  1.550866e-01   2.221309e-12   2.201153e-04   8.800867e-14   564
  1.559689e-01   2.091257e-12   2.025929e-04   1.008018e-13   528
  1.569254e-01   2.267390e-12   3.145317e-04   9.947863e-14   582
  1.577952e-01   2.064815e-12   2.421419e-04   8.197114e-14   624
  1.585560e-01   1.993536e-12   2.768148e-04   1.002318e-13   432
  1.594636e-01   2.052951e-12   3.079082e-04   7.021795e-14   816
  1.603976e-01   2.106969e-12   1.403307e-04   1.162720e-13   312
  1.610085e-01   1.837864e-12   2.274371e-04   8.204202e-14   552
  1.619938e-01   1.895697e-12   1.432453e-04   7.034714e-14   744
  1.627075e-01   2.064891e-12   1.338202e-04   1.123054e-13   408
  1.636288e-01   1.772350e-12   1.917702e-04   7.153298e-14   632
  1.645859e-01   2.038005e-12   3.256744e-04   7.512009e-14   750
  1.653644e-01   1.942334e-12   2.240398e-04   1.030121e-13   312
  1.662320e-01   1.829584e-12   3.307635e-04   6.284325e-14   876
  1.670902e-01   1.476876e-12   2.159690e-04   6.157959e-14   552
  1.680571e-01   1.802025e-12   1.786055e-04   7.095705e-14   696
  1.687158e-01   1.781879e-12   1.971466e-04   7.569231e-14   576
  1.696122e-01   1.576710e-12   2.087308e-04   7.293670e-14   576
  1.703773e-01   1.771940e-12   2.797000e-04   6.990633e-14   648
  1.713020e-01   1.739757e-12   2.799621e-04   6.370574e-14   672
  1.723228e-01   1.672526e-12   1.187495e-04   7.954311e-14   480
  1.729762e-01   1.554563e-12   1.838980e-04   5.560755e-14   726
  1.738175e-01   1.701849e-12   2.083803e-04   5.938186e-14   792
  1.747288e-01   1.554209e-12   2.890786e-04   5.691507e-14   768
  1.756892e-01   1.613173e-12   2.362529e-04   6.039241e-14   672
  1.765698e-01   1.559045e-12   1.584735e-04   6.040724e-14   608
  1.772072e-01   1.481444e-12   1.521394e-04   5.849721e-14   624
  1.781167e-01   1.475921e-12   1.977038e-04   5.349802e-14   684
  1.790012e-01   1.489755e-12   2.920315e-04   5.104135e-14   768
  1.798244e-01   1.535891e-12   2.334772e-04   5.271136e-14   744
  1.808054e-01   1.425409e-12   1.470111e-04   4.916031e-14   750
  1.815203e-01   1.327796e-12   2.185124e-04   5.772177e-14   600
  1.822935e-01   1.395249e-12   2.320208e-04   5.636818e-14   600
  1.832487e-01   1.432596e-12   2.673896e-04   4.378760e-14   1008
  1.840073e-01   1.431448e-12   1.483035e-04   5.400299e-14   696
  1.848478e-01   1.464580e-12   1.959155e-04   5.931538e-14   624
  1.856929e-01   1.411619e-12   3.048693e-04   5.179491e-14   840
  1.866529e-01   1.483540e-12   2.074390e-04   5.093309e-14   816
  1.874316e-01   1.325778e-12   1.377859e-04   4.548692e-14   744
  1.882180e-01   1.357254e-12   2.435827e-04   5.682886e-14   510
  1.891680e-01   1.370214e-12   2.338594e-04   4.393337e-14   1020
  1.900521e-01   1.334112e-12   1.887014e-04   4.218091e-14   912
  1.909236e-01   1.367553e-12   2.795717e-04   4.871887e-14   752
  1.916443e-01   1.331565e-12   2.319791e-04   5.075047e-14   888
  1.926277e-01   1.248865e-12   1.496952e-04   4.399648e-14   768
  1.934322e-01   1.268009e-12   2.720094e-04   4.555595e-14   720
  1.943579e-01   1.241123e-12   2.397841e-04   3.933198e-14   1056
  1.951791e-01   1.244934e-12   1.658928e-04   5.402891e-14   504
  1.958519e-01   1.158197e-12   2.590449e-04   4.368850e-14   774
  1.968141e-01   1.190067e-12   2.491327e-04   3.616711e-14   1272
  1.977179e-01   1.212215e-12   1.632211e-04   4.603349e-14   744
  1.985606e-01   1.102821e-12   2.665297e-04   3.917910e-14   768
  1.993337e-01   1.160598e-12   2.254494e-04   3.810860e-14   840
  2.002020e-01   1.205189e-12   1.528486e-04   3.867841e-14   924
  2.010380e-01   1.147125e-12   2.694718e-04   3.743692e-14   936
  2.018597e-01   1.056100e-12   1.872727e-04   3.462007e-14   840
  2.026874e-01   1.161840e-12   2.226454e-04   3.615951e-14   1008
  2.037393e-01   1.048835e-12   2.513459e-04   3.860297e-14   696
  2.043993e-01   9.955637e-13   2.234032e-04   3.151303e-14   974
  2.053799e-01   1.092563e-12   2.967054e-04   3.108877e-14   1152
  2.062324e-01   1.070850e-12   1.161016e-04   3.557954e-14   816
  2.068954e-01   9.602007e-13   2.554105e-04   3.125829e-14   816
  2.077874e-01   1.017597e-12   2.255389e-04   2.897915e-14   1152
  2.087282e-01   1.012189e-12   2.030624e-04   3.198533e-14   912
  2.095836e-01   1.061105e-12   2.467207e-04   3.156953e-14   1056
  2.103161e-01   1.023870e-12   2.109904e-04   4.027345e-14   624
  2.113011e-01   9.515574e-13   2.635547e-04   2.840851e-14   1260
  2.121511e-01   9.779375e-13   1.589650e-04   3.281678e-14   894
  2.129814e-01   1.015794e-12   2.723637e-04   2.733816e-14   1176
  2.138121e-01   8.638212e-13   2.254364e-04   3.184914e-14   840
  2.147575e-01   9.374341e-13   2.562414e-04   2.376632e-14   1440
  2.157503e-01   8.432379e-13   1.440604e-04   2.720413e-14   864
  2.165030e-01   9.407026e-13   2.472147e-04   2.998563e-14   1056
  2.172522e-01   9.409391e-13   1.457545e-04   3.774422e-14   624
  2.181621e-01   8.981769e-13   2.699122e-04   2.314912e-14   1496
  2.190322e-01   8.825003e-13   1.905676e-04   3.289404e-14   936
  2.198068e-01   8.393192e-13   2.758819e-04   2.690206e-14   966
  2.206402e-01   8.238508e-13   1.955564e-04   2.672664e-14   936
  2.215157e-01   8.361413e-13   2.418927e-04   2.289911e-14   1248
  2.224120e-01   7.760940e-13   1.705236e-04   2.244786e-14   1044
  2.232472e-01   7.970454e-13   2.641465e-04   2.239841e-14   1392
  2.239086e-01   7.343640e-13   2.034461e-04   2.811773e-14   600
  2.248549e-01   7.593217e-13   2.311362e-04   1.953833e-14   1416
  2.257421e-01   7.772365e-13   2.487899e-04   2.230996e-14   1152
  2.266411e-01   7.599269e-13   2.386748e-04   2.388032e-14   936
  2.273653e-01   7.620236e-13   2.559904e-04   2.574389e-14   870
  2.282258e-01   7.925737e-13   2.146378e-04   2.297963e-14   1368
  2.291807e-01   7.549099e-13   2.821927e-04   1.953704e-14   1632
  2.299968e-01   7.621378e-13   1.225122e-04   2.679621e-14   816
  2.308802e-01   7.520458e-13   2.795000e-04   2.149370e-14   1200
  2.316509e-01   7.535728e-13   2.672350e-04   2.159020e-14   1184
  2.324339e-01   7.664272e-13   2.028139e-04   2.470488e-14   984
  2.333945e-01   7.131372e-13   2.476149e-04   1.843026e-14   1572
  2.342654e-01   7.683063e-13   1.363658e-04   2.700779e-14   840
  2.350770e-01   6.877041e-13   3.171241e-04   1.786122e-14   1392
  2.359338e-01   6.674559e-13   2.328323e-04   2.052830e-14   1158
  2.366987e-01   7.021235e-13   2.120118e-04   1.954515e-14   1272
  2.376196e-01   7.061102e-13   2.160591e-04   1.902571e-14   1320
  2.384846e-01   6.743412e-13   2.114113e-04   2.092924e-14   1104
  2.393076e-01   6.541093e-13   2.392880e-04   1.825030e-14   1392
  2.401714e-01   6.348234e-13   2.588141e-04   1.813092e-14   1296
  2.410610e-01   6.536163e-13   2.702447e-04   1.739090e-14   1392
  2.418958e-01   6.503803e-13   1.982461e-04   1.946705e-14   1104
  2.426681e-01   6.212439e-13   2.497099e-04   1.642932e-14   1320
  2.437682e-01   6.281892e-13   1.906998e-04   1.664737e-14   1422
  2.444709e-01   6.071328e-13   2.375058e-04   1.753476e-14   1212
  2.452781e-01   5.991617e-13   2.595297e-04   1.605568e-14   1280
  2.461073e-01   6.471354e-13   2.702412e-04   1.809546e-14   1272
  2.469020e-01   6.512562e-13   2.338669e-04   1.607902e-14   1680
  2.478440e-01   5.684165e-13   2.209608e-04   1.683343e-14   1152
  2.487113e-01   5.917234e-13   2.558804e-04   1.436741e-14   1512
  2.496229e-01   5.814015e-13   1.080317e-04   1.953586e-14   912
  2.503436e-01   6.101635e-13   2.723258e-04   1.400407e-14   1680
  2.513021e-01   5.296499e-13   2.412486e-04   1.326428e-14   1518
  2.520125e-01   5.985428e-13   2.233503e-04   1.762813e-14   1056
  2.527608e-01   5.711810e-13   2.255221e-04   1.461750e-14   1344
  2.537281e-01   6.348998e-13   2.421615e-04   1.523680e-14   1680
  2.546033e-01   5.634113e-13   2.386250e-04   1.419471e-14   1656
  2.555597e-01   5.391625e-13   2.028350e-04   1.698117e-14   1140
  2.562777e-01   5.457260e-13   2.348675e-04   1.537798e-14   1368
  2.571225e-01   5.514172e-13   2.671632e-04   1.377531e-14   1656
  2.579812e-01   5.662341e-13   2.736324e-04   1.575608e-14   1448
  2.589160e-01   5.398708e-13   2.570597e-04   1.372304e-14   1422
  2.597793e-01   5.497022e-13   2.837834e-04   1.399993e-14   1512
  2.605177e-01   5.479418e-13   2.163481e-04   1.563931e-14   1296
  2.613720e-01   5.166436e-13   1.975401e-04   1.236507e-14   1824
  2.622956e-01   5.210058e-13   2.561405e-04   1.326624e-14   1464
  2.632286e-01   4.923927e-13   2.285687e-04   1.086115e-14   1824
  2.640944e-01   5.227203e-13   1.817236e-04   1.361960e-14   1416
  2.648477e-01   5.144459e-13   2.661762e-04   1.374211e-14   1392
  2.656609e-01   4.965783e-13   2.456233e-04   1.263879e-14   1464
  2.666530e-01   4.575498e-13   2.401349e-04   1.222582e-14   1524
  2.674197e-01   4.800989e-13   2.212883e-04   1.208578e-14   1686
  2.683058e-01   4.769048e-13   2.634877e-04   1.189271e-14   1800
  2.690674e-01   5.053959e-13   2.091841e-04   1.462676e-14   1344
  2.699123e-01   4.972758e-13   2.440543e-04   1.328837e-14   1656
  2.707594e-01   4.832664e-13   1.948649e-04   1.192093e-14   1488
  2.714953e-01   4.886401e-13   1.945476e-04   1.242424e-14   1536
  2.725208e-01   4.617971e-13   2.161203e-04   1.127404e-14   1760
  2.733154e-01   4.605912e-13   2.403917e-04   1.057441e-14   1824
  2.742343e-01   4.782436e-13   2.017335e-04   1.186335e-14   1560
  2.751185e-01   4.588852e-13   2.317098e-04   1.057374e-14   1926
  2.759500e-01   4.598788e-13   1.647761e-04   1.273797e-14   1272
  2.767090e-01   4.353555e-13   2.769061e-04   1.008882e-14   1848
  2.777066e-01   4.582040e-13   2.237163e-04   1.006272e-14   1908
  2.784654e-01   4.325789e-13   2.182057e-04   1.109223e-14   1488
  2.792661e-01   4.155127e-13   2.460891e-04   1.022625e-14   1800
  2.801341e-01   4.206856e-13   2.463318e-04   1.011303e-14   1752
  2.809655e-01   4.045526e-13   2.619345e-04   1.070046e-14   1368
  2.817976e-01   4.256793e-13   2.461681e-04   8.945856e-15   2016
  2.827127e-01   4.304759e-13   2.600140e-04   1.070407e-14   1542
  2.835572e-01   3.995085e-13   2.546240e-04   8.969544e-15   2184
  2.844920e-01   4.157814e-13   2.329232e-04   9.552431e-15   1776
  2.852996e-01   3.972510e-13   2.662664e-04   1.139521e-14   1568
  2.860693e-01   4.100722e-13   2.432642e-04   9.091009e-15   2040
  2.869069e-01   4.174634e-13   2.600711e-04   1.006553e-14   1704
  2.877836e-01   3.801094e-13   2.607023e-04   9.808039e-15   1512
  2.886103e-01   3.939219e-13   2.223798e-04   8.770873e-15   2028
  2.895391e-01   3.861924e-13   2.682472e-04   8.374479e-15   1968
  2.903883e-01   3.760628e-13   2.720967e-04   8.332234e-15   1854
  2.912193e-01   3.608158e-13   2.593919e-04   8.406396e-15   1632
  2.920709e-01   3.767009e-13   2.665475e-04   7.276477e-15   2424
  2.929536e-01   3.597361e-13   2.668247e-04   8.852390e-15   1560
  2.936998e-01   3.721770e-13   2.521491e-04   8.414455e-15   1728
  2.946015e-01   3.566759e-13   2.691575e-04   8.102777e-15   2088
  2.955091e-01   3.429493e-13   2.562092e-04   7.822127e-15   1968
  2.963439e-01   3.530104e-13   2.536717e-04   7.792795e-15   2256
  2.971811e-01   3.577989e-13   2.255422e-04   8.170387e-15   1728
  2.980551e-01   3.499892e-13   2.223365e-04   9.670568e-15   1416
  2.988294e-01   3.645208e-13   2.343872e-04   7.655213e-15   2246
  2.997060e-01   3.389055e-13   2.595813e-04   7.765129e-15   2148
  3.005447e-01   3.508565e-13   2.192692e-04   8.726218e-15   1680
  3.013341e-01   3.386485e-13   2.772021e-04   6.510711e-15   2280
  3.022829e-01   3.415636e-13   2.581363e-04   6.747618e-15   2352
  3.031692e-01   3.371703e-13   2.168989e-04   8.357789e-15   1632
  3.038703e-01   3.353165e-13   2.481900e-04   7.731597e-15   1968
  3.048324e-01   3.251291e-13   2.546430e-04   7.149957e-15   2112
  3.057246e-01   3.143657e-13   1.912818e-04   7.013698e-15   2208
  3.065916e-01   3.189671e-13   1.928696e-04   6.910879e-15   1974
  3.072758e-01   3.072120e-13   1.886789e-04   6.966614e-15   1944
  3.082002e-01   3.283775e-13   2.134684e-04   7.056732e-15   2160
  3.090014e-01   3.149799e-13   1.996412e-04   7.139722e-15   2040
  3.098672e-01   3.212169e-13   2.793025e-04   6.868768e-15   2352
  3.107553e-01   3.269549e-13   2.320332e-04   7.520793e-15   1836
  3.115659e-01   3.098074e-13   2.475222e-04   6.114448e-15   2352
  3.124759e-01   3.005450e-13   2.596173e-04   6.664884e-15   2008
  3.133101e-01   3.003111e-13   2.554005e-04   6.337263e-15   2464
  3.142404e-01   3.008285e-13   2.059917e-04   6.321106e-15   2118
  3.150034e-01   2.961691e-13   2.070733e-04   6.901175e-15   1848
  3.157888e-01   3.156416e-13   2.740257e-04   7.017572e-15   2280
  3.167373e-01   3.037096e-13   2.606639e-04   6.195160e-15   2472
  3.176238e-01   2.895711e-13   1.741937e-04   6.251799e-15   2280
  3.183679e-01   3.108356e-13   2.129225e-04   7.304474e-15   1992
  3.191704e-01   2.993925e-13   2.238471e-04   5.896605e-15   2184
  3.200957e-01   2.682555e-13   2.700370e-04   5.643349e-15   2352
  3.209874e-01   2.855028e-13   2.845707e-04   5.679836e-15   2496
  3.218605e-01   2.703596e-13   2.657923e-04   6.539819e-15   1770
  3.226436e-01   2.926276e-13   2.293368e-04   5.878334e-15   2568
  3.235850e-01   2.833404e-13   2.812910e-04   5.491295e-15   2712
  3.244408e-01   2.841381e-13   2.233856e-04   5.887925e-15   2448
  3.252953e-01   2.896699e-13   1.883027e-04   6.224945e-15   2064
  3.260041e-01   2.654203e-13   1.987577e-04   6.296367e-15   1944
  3.269232e-01   2.651232e-13   2.455388e-04   5.525890e-15   2480
  3.278609e-01   2.706830e-13   2.667271e-04   5.130242e-15   2880
  3.286914e-01   2.694730e-13   2.558616e-04   5.506646e-15   2304
  3.295589e-01   2.653918e-13   2.350736e-04   5.857087e-15   1806
  3.303280e-01   2.628114e-13   2.305355e-04   4.831567e-15   2856
  3.312919e-01   2.668155e-13   2.210905e-04   5.375671e-15   2568
  3.320255e-01   2.464257e-13   2.218151e-04   5.474807e-15   2112
  3.328238e-01   2.569810e-13   2.136470e-04   5.940044e-15   2028
  3.336802e-01   2.551583e-13   2.528952e-04   4.730649e-15   2712
  3.345499e-01   2.592971e-13   2.724546e-04   4.786690e-15   2952
  3.354846e-01   2.582281e-13   2.105175e-04   5.534489e-15   2112
  3.362401e-01   2.493931e-13   2.467157e-04   4.870557e-15   2520
  3.371478e-01   2.421085e-13   2.379622e-04   4.997804e-15   2376
  3.379744e-01   2.477241e-13   1.907584e-04   4.990578e-15   2526
  3.388325e-01   2.524975e-13   2.373938e-04   4.970247e-15   2664
  3.396821e-01   2.476920e-13   2.831431e-04   4.975304e-15   2408
  3.404964e-01   2.459191e-13   2.268086e-04   4.959285e-15   2568
  3.413270e-01   2.497474e-13   2.138398e-04   4.575765e-15   2904
  3.422280e-01   2.384671e-13   2.399343e-04   4.654506e-15   2544
  3.430840e-01   2.369670e-13   1.767281e-04   5.068047e-15   2160
  3.438918e-01   2.502403e-13   3.055426e-04   4.894469e-15   2652
  3.447840e-01   2.292703e-13   2.419268e-04   4.365304e-15   2784
  3.456427e-01   2.390333e-13   2.389098e-04   4.362754e-15   2694
  3.465323e-01   2.221041e-13   2.147131e-04   4.093329e-15   2952
  3.473054e-01   2.405273e-13   2.033724e-04   4.986258e-15   2208
  3.480928e-01   2.227914e-13   2.167549e-04   4.609103e-15   2304
  3.489719e-01   2.163932e-13   2.818658e-04   3.448036e-15   3504
  3.499970e-01   2.271449e-13   2.282367e-04   4.733695e-15   2616
  3.507966e-01   2.260069e-13   2.229689e-04   4.439018e-15   2664
  3.515668e-01   2.184412e-13   2.071576e-04   4.333850e-15   2448
  3.523429e-01   2.232417e-13   2.885022e-04   4.423035e-15   2472
  3.532560e-01   2.217028e-13   2.293757e-04   3.912999e-15   3134
  3.541153e-01   2.190801e-13   2.508696e-04   4.320819e-15   2616
  3.549734e-01   2.053450e-13   2.032141e-04   4.036324e-15   2712
  3.558561e-01   2.072822e-13   2.330572e-04   3.682272e-15   3204
  3.566997e-01   2.057257e-13   2.684118e-04   4.109004e-15   2760
  3.575009e-01   2.030384e-13   2.341850e-04   3.880996e-15   2688
  3.583845e-01   2.070833e-13   2.214212e-04   4.123618e-15   2760
  3.591658e-01   1.984570e-13   1.828310e-04   3.983953e-15   2568
  3.600656e-01   1.967730e-13   2.839276e-04   3.357866e-15   3336
  3.609291e-01   2.026191e-13   2.403135e-04   4.036701e-15   2334
  3.618012e-01   1.922968e-13   2.659328e-04   3.404501e-15   3264
  3.626161e-01   2.009426e-13   1.933534e-04   3.864928e-15   2760
  3.634519e-01   1.924670e-13   2.335162e-04   3.390801e-15   3192
  3.643028e-01   1.942625e-13   2.424398e-04   3.732608e-15   2904
  3.652079e-01   1.922333e-13   2.432547e-04   3.708308e-15   2784
  3.659655e-01   2.003232e-13   2.002031e-04   4.078486e-15   2592
  3.668273e-01   1.880509e-13   2.729055e-04   3.179326e-15   3284
  3.677431e-01   1.931998e-13   2.741210e-04   3.540879e-15   3168
  3.685625e-01   1.904317e-13   2.261695e-04   3.697946e-15   2616
  3.694239e-01   1.780928e-13   2.185356e-04   3.230638e-15   3222
  3.702618e-01   1.834049e-13   2.452038e-04   3.025760e-15   3240
  3.710732e-01   1.873318e-13   2.480631e-04   3.818685e-15   2568
  3.719957e-01   1.901921e-13   2.276101e-04   3.396460e-15   3120
  3.727671e-01   1.904952e-13   2.502238e-04   3.470293e-15   3168
  3.735966e-01   1.778693e-13   2.190519e-04   3.211802e-15   3240
  3.745041e-01   1.768215e-13   2.247418e-04   3.090678e-15   3144
  3.753858e-01   1.726617e-13   2.142181e-04   3.161565e-15   2856
  3.762191e-01   1.760630e-13   2.287935e-04   3.015700e-15   3264
  3.771620e-01   1.782048e-13   2.528066e-04   3.107881e-15   3318
  3.779041e-01   1.776109e-13   1.770515e-04   3.777207e-15   2556
  3.787885e-01   1.727233e-13   3.024366e-04   2.669635e-15   4008
  3.796839e-01   1.739719e-13   2.232510e-04   3.307962e-15   2904
  3.804500e-01   1.685305e-13   2.282820e-04   2.910203e-15   3144
  3.813221e-01   1.633411e-13   2.379863e-04   2.973992e-15   3200
  3.822245e-01   1.681000e-13   2.347121e-04   2.937026e-15   3312
  3.830335e-01   1.740878e-13   1.891675e-04   3.331672e-15   2832
  3.839368e-01   1.664584e-13   2.722239e-04   2.651742e-15   3984
  3.847754e-01   1.786005e-13   2.213052e-04   3.888984e-15   2238
  3.855410e-01   1.655101e-13   2.604381e-04   2.671947e-15   3984
  3.864910e-01   1.608572e-13   2.474938e-04   2.852565e-15   3384
  3.872801e-01   1.700701e-13   2.313398e-04   3.118770e-15   3048
  3.881040e-01   1.575646e-13   2.124151e-04   2.856363e-15   3096
  3.889647e-01   1.659546e-13   2.407662e-04   2.633702e-15   3708
  3.898204e-01   1.559736e-13   2.282137e-04   3.043379e-15   2784
  3.906153e-01   1.668550e-13   2.370436e-04   2.796890e-15   3648
  3.915182e-01   1.592746e-13   2.439690e-04   2.642588e-15   3888
  3.924791e-01   1.549459e-13   2.604441e-04   2.752761e-15   2958
  3.931965e-01   1.514902e-13   2.223132e-04   2.602246e-15   3264
  3.940610e-01   1.609345e-13   2.454274e-04   2.851661e-15   3160
  3.948778e-01   1.477162e-13   2.224277e-04   2.475263e-15   3736
  3.956519e-01   1.538850e-13   2.026837e-04   2.788066e-15   3216
  3.965649e-01   1.533495e-13   2.483780e-04   2.425860e-15   4032
  3.975170e-01   1.523850e-13   2.267646e-04   2.552674e-15   3528
  3.983289e-01   1.531188e-13   2.001684e-04   2.673587e-15   3192
  3.991405e-01   1.472338e-13   2.192200e-04   2.544611e-15   3456
  4.000209e-01   1.498343e-13   2.273080e-04   2.790754e-15   3060
  4.009034e-01   1.467139e-13   2.702954e-04   2.247228e-15   4518
  4.017633e-01   1.468302e-13   2.407982e-04   2.401800e-15   3528
  4.025537e-01   1.438998e-13   2.022284e-04   2.646373e-15   3024
  4.033964e-01   1.377696e-13   2.738092e-04   2.269966e-15   3672
  4.042548e-01   1.437603e-13   2.350114e-04   2.441823e-15   3864
  4.052079e-01   1.377103e-13   2.491089e-04   2.180851e-15   3816
  4.059874e-01   1.417573e-13   2.266341e-04   2.432751e-15   3456
  4.067347e-01   1.418326e-13   2.051552e-04   2.768857e-15   2688
  4.076152e-01   1.406891e-13   2.434127e-04   2.176809e-15   4248
  4.084881e-01   1.369192e-13   2.331428e-04   2.167759e-15   3926
  4.093648e-01   1.334077e-13   2.461587e-04   2.170430e-15   3504
  4.102118e-01   1.377480e-13   2.200696e-04   2.150285e-15   3960
  4.111470e-01   1.321787e-13   2.477470e-04   2.159360e-15   3684
  4.119490e-01   1.289688e-13   2.477304e-04   2.070818e-15   4104
  4.127507e-01   1.339994e-13   2.349586e-04   2.380733e-15   3144
  4.136121e-01   1.321866e-13   2.573606e-04   2.038359e-15   4224
  4.145591e-01   1.305338e-13   2.284299e-04   2.057194e-15   4008
  4.153682e-01   1.315316e-13   2.513090e-04   2.241304e-15   3312
  4.162013e-01   1.278367e-13   2.499555e-04   2.119717e-15   3726
  4.170874e-01   1.284011e-13   2.567350e-04   2.059801e-15   3936
  4.178742e-01   1.297149e-13   2.646433e-04   2.089712e-15   3888
  4.186907e-01   1.272763e-13   2.502456e-04   2.001746e-15   3864
  4.195402e-01   1.229842e-13   2.660321e-04   1.973477e-15   3888
  4.204152e-01   1.185074e-13   2.509093e-04   1.864241e-15   4080
  4.212790e-01   1.235537e-13   2.662911e-04   2.124989e-15   3400
  4.221604e-01   1.230768e-13   2.442158e-04   1.796989e-15   4588
  4.230516e-01   1.249732e-13   2.417232e-04   2.056172e-15   3816
  4.238304e-01   1.244581e-13   2.290530e-04   2.010239e-15   3534
  4.246549e-01   1.250132e-13   2.262432e-04   1.921153e-15   4080
  4.255174e-01   1.232126e-13   2.364882e-04   1.883496e-15   4248
  4.263835e-01   1.194130e-13   2.383083e-04   2.039746e-15   3528
  4.271828e-01   1.241150e-13   2.436376e-04   1.934606e-15   4248
  4.279907e-01   1.178179e-13   2.383021e-04   1.968517e-15   3696
  4.288904e-01   1.208828e-13   2.472719e-04   1.825879e-15   4560
  4.297436e-01   1.165911e-13   2.316116e-04   1.879011e-15   3864
  4.306199e-01   1.149350e-13   2.521896e-04   1.740259e-15   4440
  4.314503e-01   1.136105e-13   2.352988e-04   2.025322e-15   3432
  4.323230e-01   1.122310e-13   2.307154e-04   1.671973e-15   4470
  4.331814e-01   1.137114e-13   2.050293e-04   1.762547e-15   4188
  4.340252e-01   1.143197e-13   2.626714e-04   1.716288e-15   4392
  4.348633e-01   1.151971e-13   2.032013e-04   1.910283e-15   3960
  4.357347e-01   1.143110e-13   2.295583e-04   1.753584e-15   4328
  4.365790e-01   1.115398e-13   2.389021e-04   1.748890e-15   4320
  4.374322e-01   1.109774e-13   2.498172e-04   1.641017e-15   4152
  4.382234e-01   1.187930e-13   2.089759e-04   2.007356e-15   3528
  4.391181e-01   1.092121e-13   2.261844e-04   1.598318e-15   4512
  4.399552e-01   1.090266e-13   2.312162e-04   1.691382e-15   4134
  4.408055e-01   1.113721e-13   2.463227e-04   1.508517e-15   5208
  4.416233e-01   1.096745e-13   2.146072e-04   1.890682e-15   3240
  4.424693e-01   1.151876e-13   2.367020e-04   1.715838e-15   4680
  4.433303e-01   1.063589e-13   2.343542e-04   1.627248e-15   4440
  4.441924e-01   1.005496e-13   2.655613e-04   1.522768e-15   4260
  4.450192e-01   1.055025e-13   2.168051e-04   1.672213e-15   4056
  4.458707e-01   1.055028e-13   2.403664e-04   1.551066e-15   4704
  4.467645e-01   1.077597e-13   2.797073e-04   1.530170e-15   4800
  4.477092e-01   1.028963e-13   2.423449e-04   1.443113e-15   4806
  4.485256e-01   1.095120e-13   2.415792e-04   1.920721e-15   3552
  4.493032e-01   1.014468e-13   2.422270e-04   1.616962e-15   4304
  4.501811e-01   1.008363e-13   2.349055e-04   1.382638e-15   5280
  4.510492e-01   1.014218e-13   2.253520e-04   1.528999e-15   4320
  4.518710e-01   9.887406e-14   2.544815e-04   1.511072e-15   4296
  4.527375e-01   1.047363e-13   2.829200e-04   1.510381e-15   4608
  4.536139e-01   1.015157e-13   2.710526e-04   1.476842e-15   4824
  4.544815e-01   1.006745e-13   2.558929e-04   1.486731e-15   4488
  4.554125e-01   1.011457e-13   2.389035e-04   1.527615e-15   4530
  4.561813e-01   9.648449e-14   2.332695e-04   1.407251e-15   4464
  4.569505e-01   9.905503e-14   2.198393e-04   1.541728e-15   4104
  4.578337e-01   9.325229e-14   2.370326e-04   1.270111e-15   5424
  4.587024e-01   9.708561e-14   2.551511e-04   1.368765e-15   4392
  4.595865e-01   9.967662e-14   2.498032e-04   1.443949e-15   4896
  4.603893e-01   9.638880e-14   2.448582e-04   1.507662e-15   4104
  4.612271e-01   9.894003e-14   2.207975e-04   1.438383e-15   4824
  4.621110e-01   9.374549e-14   2.110308e-04   1.415489e-15   4680
  4.628810e-01   9.248611e-14   2.158383e-04   1.384709e-15   4328
  4.637748e-01   9.297924e-14   2.488057e-04   1.296293e-15   5118
  4.646730e-01   9.438580e-14   2.882572e-04   1.292408e-15   5304
  4.654835e-01   9.361161e-14   2.269892e-04   1.359349e-15   4392
  4.663665e-01   9.476209e-14   2.278262e-04   1.397741e-15   4476
  4.671387e-01   8.903956e-14   2.262585e-04   1.272297e-15   4704
  4.679980e-01   9.170144e-14   2.738589e-04   1.258053e-15   5208
  4.689011e-01   8.733210e-14   2.309089e-04   1.232688e-15   5304
  4.697333e-01   9.236926e-14   2.473356e-04   1.442678e-15   4296
  4.705865e-01   9.252014e-14   2.345380e-04   1.345387e-15   4752
  4.714831e-01   8.518450e-14   2.354379e-04   1.205994e-15   4950
  4.722889e-01   8.790944e-14   2.460959e-04   1.236619e-15   5064
  4.730949e-01   8.753414e-14   2.061964e-04   1.259363e-15   4872
  4.739099e-01   8.533511e-14   2.170683e-04   1.369160e-15   4224
  4.747801e-01   8.679757e-14   2.397792e-04   1.108992e-15   6120
  4.757062e-01   8.412156e-14   2.637876e-04   1.177102e-15   4968
  4.765463e-01   8.713433e-14   2.334291e-04   1.269272e-15   4424
  4.774153e-01   8.853840e-14   2.981561e-04   1.202895e-15   5436
  4.782738e-01   8.379223e-14   2.542043e-04   1.237069e-15   4896
  4.791038e-01   8.215054e-14   2.433728e-04   1.138693e-15   5214
  4.799038e-01   8.433373e-14   2.068797e-04   1.232366e-15   4656
  4.807928e-01   8.481243e-14   2.630307e-04   1.196372e-15   5448
  4.816422e-01   8.350880e-14   2.221488e-04   1.167793e-15   4992
  4.824740e-01   8.312705e-14   2.458572e-04   1.131259e-15   5400
  4.833882e-01   8.411123e-14   2.724858e-04   1.124515e-15   5328
  4.842306e-01   7.853832e-14   2.436523e-04   1.079716e-15   4776
  4.850232e-01   8.310970e-14   2.289517e-04   1.170074e-15   4800
  4.859037e-01   8.127996e-14   2.944201e-04   9.949576e-16   6552
  4.868249e-01   7.958035e-14   2.224303e-04   1.243564e-15   3942
  4.876233e-01   7.817771e-14   2.803482e-04   1.025167e-15   6072
  4.885072e-01   7.740628e-14   2.177287e-04   1.156372e-15   4692
  4.892483e-01   8.136081e-14   2.273053e-04   1.132043e-15   4944
  4.901164e-01   7.858636e-14   2.439686e-04   9.924242e-16   5840
  4.910077e-01   7.623104e-14   2.611583e-04   1.036415e-15   5712
  4.918853e-01   7.567399e-14   2.188675e-04   1.076449e-15   4800
  4.926859e-01   7.657460e-14   2.898577e-04   1.030411e-15   5688
  4.935628e-01   7.837898e-14   2.286917e-04   1.164211e-15   4848
  4.944318e-01   6.353595e-14   2.545475e-04   1.015069e-15   5406
  4.952565e-01   5.948248e-40   2.297703e-04   1.045748e-40   5568
  4.960847e-01   7.291538e-41   2.065481e-04   7.896624e-42   5736
  4.969796e-01   4.387016e-41   2.565195e-04   3.223547e-42   5280
  4.977918e-01   2.733474e-41   2.371710e-04   1.481020e-42   5592
  4.986277e-01   2.860211e-41   2.714980e-04   1.680312e-42   4968
  4.995115e-01   2.938787e-41   2.434342e-04   1.613319e-42   5964
  5.003738e-01   2.373720e-41   2.445654e-04   1.435525e-42   5376
  5.011573e-01   2.884800e-41   2.361430e-04   1.781535e-42   5472
  5.020656e-01   2.565657e-41   2.242680e-04   1.584642e-42   5472
  5.028962e-01   1.051320e-40   2.549854e-04   2.853635e-41   5415
  5.037011e-01   3.049924e-41   2.242905e-04   2.203845e-42   5096
  5.045719e-01   2.565542e-41   2.884319e-04   1.237828e-42   6372
  5.054529e-01   3.384263e-41   2.341360e-04   2.288803e-42   4656
  5.062424e-01   2.898309e-41   2.556015e-04   2.242032e-42   5844
  5.070918e-01   3.096453e-41   2.247331e-04   2.404415e-42   5508
  5.079922e-01   2.203627e-41   2.549406e-04   9.283582e-43   6324
  5.088755e-01   2.769512e-41   2.189942e-04   2.412094e-42   4752
  5.096830e-01   3.059825e-41   2.451822e-04   1.867486e-42   5676
  5.105570e-01   3.282893e-41   2.242947e-04   2.863647e-42   5472
  5.113866e-01   2.577864e-41   2.529981e-04   2.221768e-42   5556
  5.122777e-01   2.753452e-41   2.465418e-04   1.584392e-42   5436
  5.131379e-01   2.788176e-41   2.523527e-04   1.954818e-42   5916
  5.140212e-01   2.064569e-41   2.625579e-04   8.821296e-43   5520
  5.148166e-01   3.028138e-41   2.387841e-04   2.506934e-42   5280
  5.156315e-01   1.631877e-41   2.346268e-04   6.136178e-43   4416
  5.165510e-01   3.642387e-41   2.287038e-04   2.438226e-42   6260
  5.174147e-01   2.681379e-41   2.719567e-04   2.214023e-42   5940
  5.181970e-01   2.605310e-41   2.129865e-04   2.130566e-42   4188
  5.190583e-01   2.395839e-41   2.723213e-04   1.186707e-42   6360
  5.199639e-01   2.645308e-41   2.428992e-04   1.329435e-42   5256
  5.208050e-01   2.088517e-41   2.296198e-04   8.948095e-43   4848
  5.215257e-01   2.518979e-41   2.081623e-04   1.556958e-42   4704
  5.224129e-01   2.912651e-41   2.553609e-04   1.994205e-42   5784
  5.233155e-01   2.439347e-41   2.702014e-04   1.294408e-42   5820
  5.241867e-01   3.151945e-41   2.420426e-04   2.602281e-42   5700
  5.250631e-01   2.401881e-41   2.244610e-04   1.270745e-42   5232
  5.259407e-01   1.683192e-41   2.490588e-04   4.528025e-43   4932
  5.267180e-01   2.866876e-41   2.143745e-04   2.503932e-42   4716
  5.275348e-01   3.157590e-41   2.730669e-04   2.319132e-42   5616
  5.283752e-01   2.539452e-41   2.411581e-04   1.143444e-42   5184
  5.292421e-01   2.535685e-41   2.432694e-04   1.898319e-42   5064
  5.300596e-01   2.350570e-41   2.490961e-04   1.860176e-42   5544
  5.309663e-01   3.084282e-41   2.500505e-04   2.589266e-42   5192
  5.317913e-01   2.119112e-41   2.247093e-04   9.964757e-43   5244
  5.326587e-01   2.188961e-41   2.431380e-04   1.276569e-42   5112
  5.335210e-01   2.921866e-41   2.231268e-04   1.970916e-42   5040
  5.343123e-01   3.297950e-41   2.345768e-04   1.575905e-42   5124
  5.352365e-01   2.471782e-41   2.633440e-04   1.497653e-42   5952
  5.360896e-01   2.116486e-41   2.307429e-04   8.894652e-43   4824
  5.368629e-01   2.071698e-41   2.329060e-04   1.427332e-42   4536
  5.377581e-01   3.026912e-41   2.475578e-04   1.658736e-42   5712
  5.386775e-01   3.811167e-41   2.708958e-04   3.014493e-42   5352
  5.395447e-01   2.395759e-41   2.359603e-04   1.486821e-42   5004
  5.403194e-01   2.265001e-41   2.360245e-04   1.357841e-42   4800
  5.411519e-01   3.314738e-41   2.536404e-04   2.249647e-42   5148
  5.420742e-01   2.337099e-41   2.634385e-04   9.425564e-43   5664
  5.429076e-01   2.589713e-41   2.366059e-04   1.548891e-42   4692
  5.436776e-01   1.958471e-41   2.198098e-04   8.062237e-43   4008
  5.445757e-01   4.614007e-41   2.519496e-04   3.421261e-42   5852
  5.454887e-01   2.766102e-41   2.385727e-04   1.259779e-42   5784
  5.462996e-01   1.885725e-41   2.199226e-04   6.044053e-43   4392
  5.471343e-01   2.501050e-41   2.157230e-04   1.828123e-42   4944
  5.480105e-01   2.822851e-41   2.543338e-04   1.930219e-42   4776
  5.488369e-01   2.996438e-41   2.446830e-04   1.561166e-42   5244
  5.497337e-01   2.927319e-41   2.442514e-04   1.864204e-42   4884
  5.504862e-01   2.752656e-41   2.071441e-04   2.988761e-42   4488
  5.513613e-01   3.645787e-41   2.461419e-04   2.343563e-42   5160
  5.522424e-01   2.692790e-41   2.506068e-04   1.203213e-42   5316
  5.530912e-01   2.274979e-41   2.533810e-04   2.361615e-42   4896
  5.539186e-01   2.181934e-41   2.354353e-04   8.382393e-43   4188
  5.547525e-01   3.008151e-41   2.567961e-04   3.175966e-42   4836
  5.556040e-01   4.410077e-41   2.547440e-04   3.054302e-42   5316
  5.564664e-01   2.881088e-41   2.357965e-04   1.706232e-42   4920
  5.572730e-01   2.223495e-41   2.375472e-04   7.406890e-43   4128
  5.581384e-01   2.670252e-41   2.555456e-04   1.494029e-42   5348
  5.589901e-01   3.420041e-41   2.217367e-04   2.617479e-42   4836
  5.598033e-01   2.151184e-41   2.389285e-04   7.411860e-43   4392
  5.606793e-01   2.668673e-41   2.099182e-04   1.221949e-42   4632
  5.614679e-01   3.033962e-41   2.345502e-04   2.894892e-42   4596
  5.623735e-01   3.743478e-41   2.358727e-04   2.264403e-42   5424
  5.632695e-01   2.792780e-41   2.427884e-04   1.916714e-42   5256
  5.641926e-01   2.826119e-41   2.465806e-04   1.598630e-42   4524
  5.649613e-01   1.869427e-41   2.345468e-04   5.683362e-43   4440
  5.658223e-01   3.716592e-41   2.005677e-04   3.989820e-42   4380
  5.666649e-01   3.546864e-41   2.624772e-04   2.359199e-42   4812
  5.675617e-01   3.340366e-41   2.607020e-04   2.969328e-42   5376
  5.683817e-01   2.531330e-41   2.082312e-04   1.415592e-42   3888
  5.691674e-01   2.849156e-41   2.384488e-04   1.491723e-42   4896
  5.700441e-01   3.233248e-41   2.516025e-04   4.487529e-42   4608
  5.709645e-01   3.007674e-41   2.374972e-04   1.776274e-42   4448
  5.717656e-01   2.365587e-41   2.451620e-04   1.088036e-42   4752
  5.726098e-01   3.557410e-41   2.567919e-04   2.606854e-42   4356
  5.734975e-01   3.250658e-41   2.471144e-04   2.310093e-42   5232
  5.743802e-01   2.911037e-41   2.490294e-04   2.624682e-42   4548
  5.752360e-01   2.738853e-41   2.420880e-04   1.517433e-42   4608
  5.760714e-01   1.934419e-41   2.199174e-04   4.809911e-43   3936
  5.768601e-01   2.525920e-41   2.628653e-04   1.171875e-42   4260
  5.777463e-01   3.533005e-41   2.356625e-04   1.940757e-42   5004
  5.785566e-01   2.552164e-41   2.328745e-04   1.034423e-42   4224
  5.794451e-01   3.117900e-41   2.515970e-04   2.171140e-42   4788
  5.803082e-01   2.780650e-41   2.645973e-04   1.768464e-42   4428
  5.811490e-01   2.458387e-41   2.211067e-04   1.076178e-42   4080
  5.819585e-01   3.181752e-41   2.417600e-04   2.392913e-42   4632
  5.828107e-01   2.779506e-41   2.514119e-04   1.705939e-42   4056
  5.837066e-01   3.008556e-41   2.367087e-04   1.717559e-42   4536
  5.845252e-01   3.372429e-41   2.414273e-04   2.000239e-42   4668
  5.854216e-01   2.661061e-41   2.587670e-04   1.729332e-42   4604
  5.862946e-01   3.810314e-41   2.325046e-04   2.970293e-42   4152
  5.871003e-01   2.090518e-41   2.253339e-04   3.958146e-43   4224
  5.879544e-01   2.677117e-41   2.166417e-04   1.267597e-42   4152
  5.888077e-01   3.304945e-41   2.457430e-04   1.834932e-42   4224
  5.896373e-01   2.611217e-41   2.272627e-04   1.233646e-42   3960
  5.904364e-01   3.665546e-41   2.345207e-04   2.838963e-42   4656
  5.913093e-01   2.917403e-41   2.530431e-04   2.509289e-42   4452
  5.922043e-01   2.600181e-41   2.572601e-04   2.184647e-42   4056
  5.930372e-01   3.439709e-41   2.549134e-04   2.517792e-42   4212
  5.938810e-01   2.729835e-41   2.118438e-04   1.930522e-42   3432
  5.947361e-01   4.010940e-41   2.710099e-04   4.164461e-42   5352
  5.955718e-01   3.114156e-41   1.984824e-04   1.637683e-42   3600
  5.964815e-01   2.917942e-41   2.189297e-04   2.389858e-42   4584
  5.972758e-01   3.908421e-41   2.182850e-04   3.932129e-42   3768
  5.980940e-01   2.141580e-41   2.330224e-04   4.635658e-43   3848
  5.989107e-01   4.988159e-41   2.136550e-04   7.469157e-42   3720
  5.998368e-01   3.638553e-41   2.681687e-04   2.040554e-42   4764
  6.006544e-01   2.703799e-41   2.159502e-04   1.192624e-42   3864
  6.014940e-01   3.730944e-41   2.674804e-04   3.151425e-42   4332
  6.024099e-01   2.771479e-41   2.283640e-04   1.868483e-42   3792
  6.032282e-01   3.869649e-41   2.590324e-04   3.783531e-42   4284
  6.040954e-01   2.502668e-41   2.452751e-04   1.013795e-42   3840
  6.049162e-01   2.914233e-41   2.334698e-04   1.800503e-42   3480
  6.057497e-01   3.607894e-41   2.605074e-04   1.785011e-42   4380
  6.066508e-01   3.218675e-41   2.447011e-04   1.325502e-42   4200
  6.075361e-01   2.430131e-41   2.352025e-04   8.656594e-43   4056
  6.083583e-01   4.234279e-41   2.363879e-04   4.592820e-42   3600
  6.091287e-01   2.412196e-41   2.355235e-04   5.574931e-43   3492
  6.100287e-01   3.661243e-41   2.750382e-04   3.335303e-42   4500
  6.109470e-01   4.540492e-41   2.409706e-04   3.260917e-42   3516
  6.117362e-01   3.023501e-41   2.519124e-04   1.503351e-42   3968
  6.126208e-01   4.874360e-41   2.421097e-04   5.595892e-42   3648
  6.134038e-01   2.857631e-41   2.315237e-04   1.261353e-42   4224
  6.142915e-01   3.200967e-41   2.598645e-04   2.084417e-42   3588
  6.151244e-01   2.797989e-41   2.396946e-04   2.108931e-42   3456
  6.159625e-01   3.310892e-41   2.128784e-04   1.819999e-42   3660
  6.168286e-01   3.547861e-41   2.336590e-04   2.307093e-42   3768
  6.176358e-01   3.975146e-41   2.362982e-04   3.283224e-42   3744
  6.185028e-01   2.649061e-41   2.593761e-04   9.137729e-43   4176
  6.194250e-01   3.667316e-41   2.392460e-04   2.385675e-42   3612
  6.201873e-01   2.529062e-41   2.599944e-04   5.992636e-43   3216
  6.210597e-01   3.359396e-41   2.513703e-04   2.387719e-42   3624
  6.219368e-01   4.771280e-41   2.363707e-04   4.524962e-42   3744
  6.227845e-01   3.295098e-41   2.522057e-04   1.096130e-42   3672
  6.236208e-01   3.355775e-41   2.287068e-04   1.874840e-42   3852
  6.244844e-01   2.924490e-41   2.353920e-04   1.831931e-42   3672
  6.254030e-01   3.017862e-41   2.293505e-04   1.703961e-42   3248
  6.261702e-01   2.812522e-41   2.347565e-04   1.205849e-42   3336
  6.270076e-01   4.066978e-41   2.389611e-04   4.276089e-42   3576
  6.278638e-01   4.105092e-41   2.028565e-04   2.298316e-42   3336
  6.287362e-01   3.708453e-41   2.409579e-04   3.055370e-42   3936
  6.295969e-01   3.002449e-41   2.566269e-04   1.949512e-42   3408
  6.304507e-01   4.034686e-41   2.260925e-04   2.868487e-42   3336
  6.312802e-01   3.178655e-41   2.539536e-04   3.557463e-42   3312
  6.321094e-01   3.946351e-41   2.571308e-04   3.642885e-42   3432
  6.329927e-01   4.406491e-41   2.229221e-04   3.341835e-42   3144
  6.337985e-01   3.569419e-41   2.420042e-04   2.052999e-42   3456
  6.347053e-01   2.984965e-41   2.325937e-04   1.210854e-42   3792
  6.355244e-01   3.627714e-41   2.284723e-04   2.908418e-42   2868
  6.364094e-01   3.428454e-41   2.366964e-04   2.209807e-42   3888
  6.372365e-01   2.563695e-41   2.055262e-04   5.963216e-43   2784
  6.380507e-01   3.384073e-41   2.347167e-04   3.001162e-42   2964
  6.389401e-01   3.958394e-41   2.417122e-04   2.167482e-42   3432
  6.397867e-01   3.422491e-41   2.501965e-04   1.533173e-42   3416
  6.406434e-01   3.768595e-41   2.674381e-04   2.098833e-42   3528
  6.415202e-01   4.792676e-41   2.146381e-04   5.043443e-42   2904
  6.422958e-01   2.917614e-41   2.406723e-04   1.755547e-42   3072
  6.431978e-01   2.798795e-41   2.703026e-04   9.493352e-43   3216
  6.440996e-01   3.367218e-41   2.189164e-04   1.824403e-42   2844
  6.448912e-01   4.465992e-41   2.505096e-04   2.634794e-42   3432
  6.457040e-01   3.674566e-41   2.013505e-04   1.997540e-42   2880
  6.466118e-01   3.960056e-41   2.667176e-04   2.988605e-42   3576
  6.474671e-01   3.548351e-41   2.384081e-04   4.080240e-42   2700
  6.482861e-01   2.738894e-41   2.677915e-04   7.503680e-43   3000
  6.491436e-01   2.693634e-41   2.223467e-04   6.596609e-43   2556
  6.499763e-01   4.350070e-41   2.383114e-04   2.524393e-42   3360
  6.508373e-01   4.157343e-41   2.315574e-04   3.299744e-42   3120
  6.517650e-01   4.628215e-41   2.726165e-04   5.084537e-42   3216
  6.525636e-01   2.869421e-41   1.922690e-04   1.075656e-42   2628
  6.534614e-01   2.779969e-41   2.541519e-04   6.972368e-43   3200
  6.542803e-01   2.567121e-41   2.397679e-04   6.587700e-43   2232
  6.551074e-01   3.727044e-41   2.736875e-04   2.094272e-42   3108
  6.559309e-01   5.923570e-41   2.404187e-04   4.908766e-42   2604
  6.567735e-01   4.426301e-41   2.589990e-04   3.902855e-42   3096
  6.577005e-01   3.619905e-41   2.359820e-04   3.053268e-42   3084
  6.585047e-01   2.719679e-41   2.408160e-04   7.048487e-43   2664
  6.593337e-01   2.953714e-41   2.123619e-04   7.868274e-43   2232
  6.601458e-01   2.558423e-41   2.615978e-04   5.806259e-43   2808
  6.610352e-01   5.127179e-41   2.471197e-04   3.664388e-42   2592
  6.618655e-01   5.299342e-41   2.536980e-04   3.754035e-42   2952
  6.627380e-01   3.717867e-41   2.395220e-04   1.550621e-42   2772
  6.635862e-01   2.916771e-41   2.575909e-04   6.955735e-43   3036
  6.644738e-01   2.660287e-41   2.498645e-04   7.566644e-43   2136
  6.652829e-01   2.817511e-41   1.992675e-04   7.123748e-43   2496
  6.661138e-01   3.660352e-41   2.654094e-04   2.643139e-42   2228
  6.669802e-01   6.881810e-41   2.474467e-04   6.237075e-42   3048
  6.678426e-01   5.497398e-41   2.363683e-04   6.195307e-42   2676
  6.686995e-01   2.839316e-41   2.354750e-04   8.070992e-43   2784
  6.695185e-01   3.076128e-41   2.287645e-04   8.887216e-43   1920
  6.703399e-01   2.776721e-41   2.441470e-04   7.087485e-43   2400
  6.712300e-01   3.111948e-41   2.239332e-04   8.363488e-43   2532
  6.721505e-01   7.060907e-41   2.487362e-04   7.300750e-42   2544
  6.729786e-01   1.001245e-40   2.602118e-04   1.826902e-41   2772
  6.737945e-01   3.166584e-41   2.437306e-04   9.192845e-43   2160
  6.746047e-01   3.022481e-41   2.625210e-04   8.321995e-43   2304
  6.755422e-01   3.077779e-41   2.568904e-04   7.712387e-43   2328
  6.763826e-01   3.146623e-41   2.463036e-04   8.902481e-43   2304
  6.771610e-01   3.504933e-41   2.329142e-04   2.031843e-42   1908
  6.780465e-01   1.058655e-40   2.604996e-04   1.349714e-41   2736
  6.788994e-01   3.632057e-41   2.468231e-04   1.158954e-42   2448
  6.798065e-01   3.262986e-41   2.307663e-04   9.107369e-43   2040
  6.806273e-01   3.044739e-41   2.402748e-04   8.595445e-43   2120
  6.814166e-01   3.327766e-41   1.992121e-04   9.339305e-43   2040
  6.822662e-01   3.107236e-41   2.471585e-04   8.408494e-43   2208
  6.832277e-01   1.195419e-40   2.219109e-04   1.665954e-41   2208
  6.840064e-01   4.889986e-41   2.459196e-04   4.700948e-42   2196
  6.848112e-01   3.308185e-41   2.163266e-04   9.213239e-43   1848
  6.856301e-01   3.337897e-41   2.453429e-04   1.027871e-42   2124
  6.865460e-01   3.503020e-41   2.573595e-04   9.801746e-43   2328
  6.874404e-01   3.091246e-41   2.620143e-04   8.400255e-43   1920
  6.883100e-01   3.284609e-41   2.405262e-04   1.688400e-42   1548
  6.890833e-01   1.011460e-40   2.638497e-04   1.295871e-41   2388
  6.899956e-01   3.577544e-41   2.441618e-04   1.017555e-42   2160
  6.908310e-01   3.423599e-41   2.222335e-04   1.066170e-42   1704
  6.916314e-01   3.477191e-41   2.503658e-04   1.091775e-42   1776
  6.923886e-01   3.387005e-41   2.341856e-04   1.095282e-42   1800
  6.933460e-01   3.053458e-41   2.703456e-04   9.375626e-43   1700
  6.942403e-01   1.059905e-40   2.434138e-04   1.294068e-41   2292
  6.950731e-01   4.274653e-41   2.259603e-04   1.592489e-42   1704
  6.958590e-01   3.613784e-41   2.526614e-04   1.164501e-42   1728
  6.967197e-01   3.484706e-41   2.338439e-04   1.106697e-42   1728
  6.975632e-01   4.143111e-41   2.336239e-04   1.352454e-42   1680
  6.984603e-01   3.427967e-41   2.691417e-04   1.040628e-42   1704
  6.993542e-01   3.229847e-41   2.113568e-04   9.729932e-43   1752
  7.001534e-01   8.792207e-41   2.512631e-04   1.361325e-41   1872
  7.010180e-01   3.877193e-41   2.462655e-04   1.278073e-42   1500
  7.018952e-01   3.666419e-41   2.156415e-04   1.077485e-42   1656
  7.027470e-01   3.573271e-41   2.312087e-04   1.161482e-42   1464
  7.035040e-01   3.183587e-41   2.025156e-04   1.005587e-42   1488
  7.044325e-01   3.705519e-41   2.444213e-04   1.093208e-42   1680
  7.052811e-01   1.005168e-40   2.553590e-04   2.831978e-41   1692
  7.060753e-01   3.873530e-41   2.445192e-04   1.673411e-42   1128
  7.069565e-01   3.860383e-41   2.354508e-04   1.312038e-42   1536
  7.078161e-01   3.588740e-41   2.454338e-04   1.197046e-42   1616
  7.086864e-01   3.628201e-41   2.366751e-04   1.232182e-42   1476
  7.095637e-01   3.752676e-41   2.604667e-04   1.449622e-42   1176
  7.103467e-01   3.695192e-41   2.798437e-04   1.166443e-42   1656
  7.111995e-01   5.358190e-41   2.458168e-04   3.693753e-42   891
  7.120785e-01   3.332289e-41   2.620429e-04   1.058968e-42   1596
  7.129351e-01   3.644779e-41   2.285084e-04   1.173434e-42   1422
  7.137799e-01   3.713456e-41   2.191242e-04   1.393873e-42   1254
  7.145746e-01   3.968906e-41   2.238603e-04   1.636138e-42   918
  7.154260e-01   3.723614e-41   2.450016e-04   1.159841e-42   1614
  7.162836e-01   3.819646e-41   2.116357e-04   1.627095e-42   798
  7.171363e-01   3.743143e-41   2.712918e-04   1.244962e-42   1458
  7.180010e-01   4.265597e-41   2.484128e-04   1.452512e-42   1374
  7.188557e-01   3.166397e-41   2.121611e-04   1.392711e-42   984
  7.197034e-01   3.860252e-41   2.919043e-04   1.442737e-42   1062
  7.205669e-01   4.135110e-41   2.474440e-04   1.401572e-42   1246
  7.214055e-01   3.274048e-41   2.294417e-04   1.206423e-42   1072
  7.223013e-01   3.502998e-41   2.484706e-04   1.474482e-42   1110
  7.231291e-01   4.176840e-41   2.691818e-04   1.515612e-42   1254
  7.239992e-01   3.617631e-41   2.554678e-04   1.423191e-42   1032
  7.249475e-01   4.002878e-41   2.366890e-04   1.969541e-42   786
  7.256685e-01   3.833128e-41   2.426573e-04   1.279559e-42   1152
  7.265129e-01   4.062944e-41   2.644723e-04   1.568359e-42   1086
  7.273926e-01   3.710062e-41   2.386131e-04   1.380743e-42   912
  7.282057e-01   4.736447e-41   2.391874e-04   1.748932e-42   1062
  7.290355e-01   4.078717e-41   2.384121e-04   1.792662e-42   912
  7.299945e-01   3.254352e-41   2.661461e-04   1.633956e-42   750
  7.307419e-01   4.489788e-41   2.564338e-04   1.819613e-42   1200
  7.316069e-01   3.620313e-41   2.322209e-04   1.421292e-42   918
  7.324668e-01   3.701263e-41   2.410375e-04   1.589931e-42   876
  7.333405e-01   4.823542e-41   2.106185e-04   2.016116e-42   870
  7.341057e-01   4.225433e-41   2.456529e-04   2.329554e-42   768
  7.350026e-01   3.502483e-41   2.251539e-04   1.461754e-42   830
  7.358332e-01   4.259670e-41   2.331169e-04   1.646426e-42   1080
  7.366934e-01   3.971462e-41   2.622870e-04   1.611758e-42   840
  7.375605e-01   3.961538e-41   2.525535e-04   2.271598e-42   798
  7.385438e-01   4.907228e-41   2.004556e-04   2.422938e-42   792
  7.393065e-01   3.607518e-41   2.337962e-04   1.501266e-42   726
  7.401066e-01   3.732750e-41   2.619817e-04   1.369693e-42   864
  7.409831e-01   4.452061e-41   2.242503e-04   2.018577e-42   900
  7.418717e-01   4.238783e-41   2.492237e-04   1.982049e-42   726
  7.426340e-01   4.460267e-41   2.156923e-04   2.559622e-42   576
  7.436510e-01   4.666578e-41   2.244662e-04   1.978449e-42   840
  7.443665e-01   4.225064e-41   2.330099e-04   2.130333e-42   750
  7.452141e-01   4.251692e-41   2.337175e-04   1.998358e-42   720
  7.460137e-01   4.288206e-41   2.364407e-04   1.988807e-42   702
  7.469474e-01   4.426502e-41   2.582250e-04   2.110352e-42   696
  7.477159e-01   4.407635e-41   2.309338e-04   2.349934e-42   480
  7.486215e-01   4.105125e-41   2.188193e-04   1.722245e-42   830
  7.494233e-01   4.222035e-41   2.545577e-04   1.701886e-42   756
  7.503217e-01   3.920255e-41   2.444202e-04   1.711149e-42   624
  7.511146e-01   4.194249e-41   2.582642e-04   2.101956e-42   582
  7.520520e-01   5.146990e-41   1.982236e-04   2.543303e-42   576
  7.528627e-01   4.017156e-41   2.654862e-04   1.842879e-42   624
  7.536941e-01   3.970763e-41   2.168225e-04   1.787486e-42   702
  7.545169e-01   4.199828e-41   2.494039e-04   2.149721e-42   624
  7.554942e-01   4.656592e-41   2.412815e-04   2.660565e-42   672
  7.562902e-01   4.589528e-41   1.806218e-04   3.084885e-42   342
  7.571647e-01   5.023937e-41   2.258010e-04   2.336566e-42   660
  7.579685e-01   3.862324e-41   2.321137e-04   2.129369e-42   576
  7.587987e-01   4.012918e-41   2.256613e-04   2.022992e-42   600
  7.596378e-01   4.657488e-41   2.610083e-04   3.250826e-42   510
  7.605817e-01   4.744964e-41   2.445257e-04   2.469353e-42   600
  7.613097e-01   5.914742e-41   1.947554e-04   5.121316e-42   216
  7.621574e-01   3.886692e-41   2.370511e-04   1.716519e-42   758
  7.631457e-01   3.727375e-41   2.595205e-04   1.617559e-42   576
  7.640119e-01   5.499193e-41   2.203259e-04   3.119912e-42   528
  7.647935e-01   5.473594e-41   1.517259e-04   3.856570e-42   318
  7.656331e-01   5.467398e-41   2.621079e-04   3.229126e-42   540
  7.666261e-01   4.040038e-41   1.853063e-04   2.322170e-42   384
  7.672989e-01   4.330514e-41   2.560288e-04   2.198284e-42   576
  7.681747e-01   4.138986e-41   2.092230e-04   2.253592e-42   414
  7.690029e-01   4.857915e-41   2.336337e-04   2.790482e-42   504
  7.698874e-01   5.706163e-41   2.564753e-04   4.198117e-42   312
  7.707371e-01   5.923228e-41   2.323698e-04   3.968142e-42   414
  7.715801e-01   3.517608e-41   2.146724e-04   1.881936e-42   432
  7.723646e-01   5.064361e-41   2.843028e-04   2.745234e-42   504
  7.732727e-01   5.649555e-41   2.738155e-04   3.778834e-42   432
  7.741226e-01   5.983005e-41   2.242960e-04   3.324930e-42   354
  7.749886e-01   5.338113e-41   3.263780e-04   3.907108e-42   200
  7.757313e-01   4.247730e-41   2.315757e-04   2.025518e-42   480
  7.767349e-01   4.829201e-41   2.646260e-04   2.691111e-42   552
  7.776554e-01   5.528274e-41   1.648409e-04   3.939171e-42   366
  7.783648e-01   4.941610e-41   1.754814e-04   3.818995e-42   240
  7.791457e-01   5.131050e-41   2.453301e-04   3.542546e-42   288
  7.802446e-01   4.504179e-41   1.686051e-04   2.746349e-42   366
  7.809550e-01   4.631687e-41   2.733622e-04   3.150392e-42   408
  7.817480e-01   4.379659e-41   2.054978e-04   2.720373e-42   360
  7.825685e-01   5.909646e-41   1.915583e-04   3.990259e-42   324
  7.833643e-01   5.948411e-41   2.262365e-04   4.969418e-42   174
  7.843121e-01   5.821718e-41   2.599139e-04   3.950789e-42   264
  7.852018e-01   5.724165e-41   2.370543e-04   3.291993e-42   456
  7.860890e-01   5.026148e-41   2.383673e-04   3.927888e-42   360
  7.868184e-01   4.827778e-41   2.625845e-04   3.746519e-42   270
  7.877116e-01   5.462454e-41   2.871894e-04   3.777276e-42   240
  7.888307e-01   6.293819e-41   2.092834e-04   6.670029e-42   120
  7.893808e-01   3.967779e-41   2.184848e-04   2.454184e-42   320
  7.902688e-01   5.675438e-41   2.703374e-04   3.454393e-42   462
  7.911989e-01   6.363249e-41   1.572842e-04   4.662684e-42   276
  7.920070e-01   6.245913e-41   1.784365e-04   6.956717e-42   144
  7.927854e-01   9.387464e-41   1.873931e-04   1.126913e-41   120
  7.938201e-01   4.265820e-41   1.419059e-04   2.453124e-42   294
  7.946021e-01   4.446547e-41   2.517486e-04   2.608637e-42   384
  7.953317e-01   5.547692e-41   1.666559e-04   5.171075e-42   216
  7.960300e-01   4.729709e-41   1.547682e-04   4.448341e-42   168
  7.968189e-01   6.758743e-41   1.841494e-04   6.936123e-42   102
  7.979594e-01   5.620327e-41   2.793910e-04   7.334343e-42   168
  7.987590e-01   6.755431e-41   2.445344e-04   4.643354e-42   384
  7.996356e-01   5.596008e-41   2.484531e-04   4.137680e-42   300
  8.004513e-01   6.211379e-41   2.660394e-04   5.181128e-42   144
  8.013710e-01   6.809409e-41   2.724619e-04   7.191245e-42   102
  8.024745e-01   6.520095e-41   6.449779e-05   8.264796e-42   56
  8.030032e-01   5.222772e-41   2.099880e-04   4.051072e-42   288
  8.038324e-01   7.287486e-41   2.732724e-04   4.785569e-42   360
  8.047352e-01   6.409346e-41   1.465920e-04   5.394361e-42   126
  8.054959e-01   7.550610e-41   7.219820e-05   9.567059e-42   72
  8.063251e-01   8.678917e-41   3.825072e-05   1.812512e-41   48
  8.074069e-01   7.106905e-41   1.547423e-04   7.629109e-42   240
  8.081179e-01   7.666346e-41   2.295968e-04   5.671910e-42   306
  8.088457e-01   7.523112e-41   1.276047e-04   7.779554e-42   120
  8.096841e-01   9.145711e-41   3.140524e-04   1.110743e-41   96
  8.102934e-01   5.280385e-41   0.000000e+00   1.352658e-41   24
  8.116625e-01   4.955568e-41   2.719614e-04   5.273168e-42   120
  8.123333e-01   6.560683e-41   2.351967e-04   4.732420e-42   318
  8.131540e-01   8.168542e-41   2.513397e-04   8.102153e-42   168
  8.140529e-01   7.398459e-41   2.697157e-04   9.923163e-42   72
  8.150375e-01   1.357789e-40   0.000000e+00   2.932791e-41   24
  8.160963e-01   5.038839e-41   1.309209e-04   1.351875e-41   14
  8.166001e-01   5.812255e-41   2.064915e-04   4.829629e-42   288
  8.173825e-01   8.056368e-41   2.484205e-04   6.335717e-42   204
  8.182854e-01   1.057365e-40   3.769163e-05   1.901580e-41   48
  8.190012e-01   6.339825e-41   0.000000e+00   1.416669e-41   24
  8.198293e-01   1.944352e-41   0.000000e+00   5.193166e-42   6
  8.210197e-01   6.762048e-41   1.543841e-04   6.391696e-42   216
  8.216331e-01   7.159645e-41   2.055974e-04   4.835251e-42   192
  8.223835e-01   1.126419e-40   3.750381e-05   2.112932e-41   48
  8.231707e-01   4.202502e-41   2.996618e-04   5.686692e-42   30
  8.253970e-01   8.661649e-41   6.196711e-05   1.072000e-41   96
  8.258541e-01   6.699141e-41   2.030500e-04   5.070057e-42   228
  8.267225e-01   8.512288e-41   2.655246e-04   1.079716e-41   72
  8.277664e-01   3.948411e-41   0.000000e+00   1.882091e-41   6
  8.301440e-01   8.888240e-41   2.004855e-04   7.419835e-42   248
  8.309027e-01   1.268079e-40   2.294661e-04   1.755130e-41   72
  8.318179e-01   5.280691e-41   1.271566e-08   1.103855e-41   6
  8.345842e-01   7.107076e-41   1.424677e-04   5.393831e-42   180
  8.351359e-01   6.844628e-41   1.938498e-04   7.876619e-42   72
  8.359234e-01   6.766795e-41   0.000000e+00   2.271593e-41   6
  8.389986e-01   9.719404e-41   6.096248e-05   9.941190e-42   96
  8.393661e-01   7.636182e-41   1.673676e-04   9.270897e-42   96
  8.400824e-01   5.824199e-41   0.000000e+00   4.974246e-42   6
  8.436361e-01   8.611664e-41   1.601837e-04   7.739480e-42   140
  8.442939e-01   1.803333e-41   0.000000e+00   8.416752e-42   6
  8.481027e-01   8.417908e-41   1.075705e-04   6.995498e-42   96
  8.485572e-01   2.607098e-41   0.000000e+00   6.211108e-42   6
  8.525822e-01   8.555766e-41   6.471255e-05   1.147554e-41   60
  8.528715e-01   1.019018e-40   0.000000e+00   2.070464e-41   6
  8.570997e-01   8.974914e-41   6.560518e-05   1.443052e-41   38
  8.616024e-01   7.150656e-41   3.374897e-05   1.265127e-41   18
  8.661129e-01   2.896128e-41   1.271566e-08   1.002026e-41   6
