# power spectrum of phi
# redshift z=19.638062
# k              Pk             sigma(k)       sigma(Pk)      count
  7.853982e-03   3.422440e-10   0.000000e+00   1.379590e-10   6
  1.110721e-02   1.890718e-10   0.000000e+00   3.773775e-11   12
  1.360350e-02   1.347377e-10   1.490116e-10   2.745519e-11   8
  1.570796e-02   4.293099e-10   0.000000e+00   4.617715e-11   6
  1.756204e-02   2.853046e-10   2.809790e-10   9.094034e-11   24
  1.923825e-02   3.906586e-10   2.809790e-10   6.589044e-11   24
  2.221441e-02   1.612014e-10   0.000000e+00   7.249824e-11   12
  2.356194e-02   1.804202e-10   3.178914e-10   3.311970e-11   30
  2.483647e-02   2.195467e-10   0.000000e+00   4.835875e-11   24
  2.604871e-02   1.932301e-10   4.866699e-10   4.794678e-11   24
  2.720699e-02   2.176770e-10   2.980232e-10   4.407797e-11   8
  2.831793e-02   1.796665e-10   3.973643e-10   2.238423e-11   24
  2.938691e-02   1.640853e-10   0.000000e+00   2.308524e-11   48
  3.141593e-02   1.860471e-10   0.000000e+00   8.183567e-11   6
  3.238280e-02   1.442588e-10   3.973643e-10   2.025618e-11   48
  3.332162e-02   1.310814e-10   3.746387e-10   1.367076e-11   36
  3.423471e-02   1.831882e-10   3.973643e-10   3.837647e-11   24
  3.512407e-02   1.059041e-10   5.619580e-10   1.814644e-11   24
  3.599147e-02   9.282148e-11   0.000000e+00   1.258917e-11   48
  3.683844e-02   1.397121e-10   5.619580e-10   1.988324e-11   24
  3.847649e-02   1.086185e-10   5.619580e-10   1.705157e-11   24
  3.926991e-02   7.275484e-11   0.000000e+00   1.192709e-11   30
  4.004761e-02   7.701571e-11   0.000000e+00   8.475039e-12   72
  4.081049e-02   7.464818e-11   5.960464e-10   1.524769e-11   32
  4.229499e-02   9.592866e-11   0.000000e+00   1.110718e-11   72
  4.301803e-02   5.836364e-11   0.000000e+00   8.543639e-12   48
  4.442883e-02   3.006497e-11   0.000000e+00   8.928123e-12   12
  4.545694e-02   5.540597e-11   3.392498e-04   5.124366e-12   96
  4.646478e-02   6.814635e-11   5.619580e-10   8.617957e-12   48
  4.712389e-02   8.134956e-11   6.357829e-10   1.423886e-11   30
  4.825487e-02   7.400973e-11   2.776864e-04   6.986392e-12   96
  4.967294e-02   4.345792e-11   0.000000e+00   8.262770e-12   24
  5.049322e-02   6.020611e-11   2.873674e-04   4.867047e-12   144
  5.150200e-02   4.148072e-11   9.733398e-10   1.015690e-11   24
  5.253894e-02   6.124946e-11   2.549103e-04   6.960579e-12   96
  5.326830e-02   5.390205e-11   0.000000e+00   8.294321e-12   48
  5.490511e-02   6.512603e-11   1.890362e-04   7.396682e-12   62
  5.573699e-02   4.702095e-11   2.658311e-04   5.622633e-12   132
  5.663587e-02   3.092554e-11   7.947286e-10   5.495418e-12   24
  5.748465e-02   4.834366e-11   2.656931e-04   4.098977e-12   168
  5.903504e-02   5.553486e-11   2.612221e-04   4.634713e-12   96
  6.019922e-02   3.758927e-11   2.223241e-04   3.561564e-12   96
  6.162770e-02   3.884578e-11   2.478098e-04   3.200881e-12   168
  6.283185e-02   5.480077e-11   0.000000e+00   2.400779e-11   6
  6.332082e-02   4.313520e-11   0.000000e+00   4.223360e-12   96
  6.390236e-02   4.113387e-11   1.926248e-04   4.059110e-12   120
  6.508191e-02   3.272950e-11   2.236718e-04   2.573051e-12   144
  6.571112e-02   3.686980e-11   0.000000e+00   4.998888e-12   48
  6.690679e-02   3.308468e-11   2.282370e-04   3.526326e-12   84
  6.756250e-02   3.631966e-11   1.557344e-09   3.248311e-12   120
  6.815306e-02   2.783147e-11   2.071087e-04   3.200667e-12   80
  6.906710e-02   2.621099e-11   2.102834e-04   1.918326e-12   144
  7.024815e-02   3.339740e-11   1.123916e-09   6.197518e-12   24
  7.082503e-02   3.604700e-11   2.029143e-04   3.019129e-12   150
  7.172508e-02   3.205569e-11   2.105350e-04   2.339951e-12   120
  7.271349e-02   2.902847e-11   1.918583e-04   2.470019e-12   168
  7.367688e-02   4.102967e-11   1.123916e-09   6.811365e-12   24
  7.428300e-02   2.456771e-11   2.066893e-04   1.563974e-12   264
  7.492221e-02   1.997751e-11   1.123916e-09   2.806819e-12   48
  7.601180e-02   2.487793e-11   1.914474e-04   2.037255e-12   144
  7.721950e-02   2.947673e-11   1.884480e-04   3.569400e-12   72
  7.790872e-02   2.347531e-11   1.938424e-04   1.490216e-12   180
  7.887219e-02   2.441184e-11   1.404521e-04   1.804020e-12   198
  7.932133e-02   2.637272e-11   0.000000e+00   2.938216e-12   48
  8.031473e-02   2.061175e-11   1.901059e-04   1.557719e-12   168
  8.105195e-02   2.374940e-11   1.902639e-04   2.177274e-12   144
  8.216723e-02   2.199269e-11   2.673312e-04   1.156383e-12   248
  8.367327e-02   1.508680e-11   1.843033e-04   1.062027e-12   192
  8.469881e-02   1.938598e-11   2.846833e-04   1.267927e-12   240
  8.531608e-02   2.108383e-11   0.000000e+00   2.289630e-12   72
  8.625752e-02   2.146927e-11   1.737259e-04   1.887048e-12   126
  8.685144e-02   2.234830e-11   1.602857e-04   1.753371e-12   168
  8.798545e-02   2.074153e-11   1.752705e-04   1.152226e-12   288
  8.917744e-02   1.831883e-11   9.231163e-05   1.579643e-12   156
  8.979471e-02   1.562912e-11   1.552950e-04   1.353590e-12   168
  9.073079e-02   1.611310e-11   2.662258e-04   9.963163e-13   264
  9.159238e-02   1.429264e-11   0.000000e+00   1.742214e-12   48
  9.223262e-02   1.468457e-11   2.649592e-04   9.607854e-13   264
  9.315043e-02   1.489839e-11   1.561767e-04   1.241354e-12   144
  9.384360e-02   1.595638e-11   3.195296e-04   1.812133e-12   78
  9.485335e-02   1.305757e-11   2.077074e-04   7.241805e-13   336
  9.580557e-02   1.192445e-11   1.580315e-04   8.115284e-13   200
  9.643092e-02   1.139281e-11   3.094279e-04   8.654253e-13   192
  9.727517e-02   1.383928e-11   1.552787e-04   9.758936e-13   240
  9.805078e-02   1.478996e-11   3.111877e-04   1.030299e-12   168
  9.884759e-02   1.195127e-11   2.491457e-04   1.031168e-12   120
  9.980457e-02   1.286379e-11   1.947292e-04   6.797850e-13   324
  1.007331e-01   1.129437e-11   1.530902e-04   7.633982e-13   192
  1.013651e-01   1.238244e-11   2.745589e-04   8.831825e-13   168
  1.024401e-01   9.481381e-12   2.261345e-04   5.113914e-13   342
  1.034094e-01   1.273993e-11   1.820838e-04   6.626027e-13   336
  1.043919e-01   1.385729e-11   1.393419e-04   1.493770e-12   72
  1.050544e-01   1.101394e-11   2.228587e-04   7.296751e-13   288
  1.058235e-01   1.068174e-11   1.451409e-04   7.701682e-13   264
  1.068977e-01   9.398540e-12   1.908961e-04   5.137997e-13   384
  1.078598e-01   9.742011e-12   2.291250e-04   7.346815e-13   240
  1.082597e-01   9.780885e-12   0.000000e+00   1.186447e-12   48
  1.094162e-01   9.775987e-12   1.875538e-04   4.920089e-13   392
  1.102985e-01   9.009742e-12   2.058309e-04   5.134134e-13   294
  1.112472e-01   8.911515e-12   1.337793e-04   6.732276e-13   228
  1.118712e-01   1.035552e-11   2.031635e-04   6.732596e-13   216
  1.126476e-01   8.642787e-12   1.237531e-04   4.604586e-13   336
  1.135979e-01   9.027151e-12   1.470390e-04   5.085281e-13   360
  1.143824e-01   9.601898e-12   2.240245e-04   5.934520e-13   240
  1.151999e-01   9.088339e-12   2.650723e-04   6.475841e-13   168
  1.159625e-01   7.898034e-12   2.086441e-04   4.470799e-13   312
  1.168709e-01   8.013926e-12   1.305768e-04   4.034249e-13   336
  1.178523e-01   8.488129e-12   1.781309e-04   5.189143e-13   294
  1.185923e-01   9.513842e-12   2.374121e-04   5.870843e-13   288
  1.191585e-01   6.708102e-12   1.485567e-04   4.358714e-13   264
  1.201682e-01   7.757795e-12   2.551823e-04   3.845836e-13   480
  1.210124e-01   8.537789e-12   1.248343e-04   5.076602e-13   240
  1.220474e-01   8.388092e-12   1.262294e-04   4.863068e-13   276
  1.228640e-01   7.621537e-12   2.770985e-04   3.213325e-13   488
  1.238341e-01   8.447908e-12   1.220401e-04   7.395200e-13   240
  1.243972e-01   7.811438e-12   2.369704e-04   3.944399e-13   360
  1.251868e-01   6.593242e-12   8.431050e-05   4.841931e-13   198
  1.262022e-01   6.359621e-12   2.848886e-04   2.750416e-13   480
  1.269457e-01   6.354704e-12   1.051538e-04   3.823956e-13   288
  1.279739e-01   7.268646e-12   2.222711e-04   3.490022e-13   480
  1.288986e-01   7.221186e-12   1.369471e-04   3.166410e-13   480
  1.298482e-01   6.330020e-12   1.771183e-04   4.166158e-13   288
  1.304406e-01   7.220583e-12   1.889527e-04   4.150964e-13   288
  1.313724e-01   6.584997e-12   3.284945e-04   3.216129e-13   456
  1.323107e-01   7.298588e-12   3.093653e-04   3.671497e-13   360
  1.329156e-01   6.490223e-12   1.854426e-04   4.054119e-13   180
  1.337910e-01   5.439447e-12   2.019696e-04   2.329356e-13   486
  1.346784e-01   6.147977e-12   2.686846e-04   2.789863e-13   504
  1.355806e-01   6.466509e-12   2.087544e-04   3.025023e-13   456
  1.363287e-01   6.001511e-12   1.734380e-04   3.508384e-13   296
  1.373170e-01   5.726625e-12   1.711431e-04   2.493594e-13   528
  1.380603e-01   5.741474e-12   1.688738e-04   2.878451e-13   336
  1.391551e-01   5.594395e-12   1.873127e-04   2.322247e-13   600
  1.399564e-01   4.642690e-12   1.097378e-04   2.769506e-13   264
  1.407594e-01   5.385192e-12   1.186684e-04   2.645040e-13   360
  1.415791e-01   5.211590e-12   2.375857e-04   2.288754e-13   630
  1.424823e-01   6.065589e-12   1.226395e-04   2.858940e-13   432
  1.432835e-01   5.727748e-12   2.362954e-04   2.834248e-13   408
  1.442670e-01   5.044160e-12   1.568384e-04   2.721759e-13   324
  1.449986e-01   4.773664e-12   2.235139e-04   1.798120e-13   744
  1.458811e-01   4.376000e-12   1.786845e-04   2.439530e-13   336
  1.467243e-01   5.144962e-12   2.456455e-04   2.209502e-13   528
  1.476489e-01   4.295568e-12   1.253358e-04   2.410144e-13   408
  1.482619e-01   4.116796e-12   2.133217e-04   2.001012e-13   408
  1.492748e-01   4.221703e-12   1.761040e-04   1.951595e-13   470
  1.500126e-01   4.545229e-12   2.115578e-04   2.107535e-13   528
  1.510428e-01   3.796052e-12   1.762850e-04   1.446857e-13   624
  1.518017e-01   4.308195e-12   1.341363e-04   2.047362e-13   504
  1.525845e-01   3.660301e-12   1.868418e-04   1.542105e-13   552
  1.533610e-01   3.912824e-12   9.082694e-05   1.975100e-13   336
  1.543334e-01   4.191864e-12   1.933348e-04   1.905912e-13   528
  1.550866e-01   3.868935e-12   2.201153e-04   1.551652e-13   564
  1.559689e-01   3.507941e-12   2.025929e-04   1.681773e-13   528
  1.569254e-01   3.965229e-12   3.145317e-04   1.708810e-13   582
  1.577952e-01   3.656959e-12   2.421419e-04   1.496664e-13   624
  1.585560e-01   3.515294e-12   2.768148e-04   1.794418e-13   432
  1.594636e-01   3.625463e-12   3.079082e-04   1.228121e-13   816
  1.603976e-01   3.638419e-12   1.403307e-04   2.088510e-13   312
  1.610085e-01   3.122562e-12   2.274371e-04   1.355972e-13   552
  1.619938e-01   3.285199e-12   1.432453e-04   1.229709e-13   744
  1.627075e-01   3.455380e-12   1.338202e-04   1.895348e-13   408
  1.636288e-01   3.041867e-12   1.917702e-04   1.274704e-13   632
  1.645859e-01   3.424097e-12   3.256744e-04   1.311282e-13   750
  1.653644e-01   3.647862e-12   2.240398e-04   1.993841e-13   312
  1.662320e-01   3.137483e-12   3.307635e-04   1.089541e-13   876
  1.670902e-01   2.624477e-12   2.159690e-04   1.071496e-13   552
  1.680571e-01   2.985357e-12   1.786055e-04   1.175992e-13   696
  1.687158e-01   3.056203e-12   1.971466e-04   1.367155e-13   576
  1.696122e-01   2.774636e-12   2.087308e-04   1.295154e-13   576
  1.703773e-01   2.925883e-12   2.797000e-04   1.158252e-13   648
  1.713020e-01   2.928437e-12   2.799621e-04   1.099756e-13   672
  1.723228e-01   2.827870e-12   1.187495e-04   1.357195e-13   480
  1.729762e-01   2.607817e-12   1.838980e-04   9.487862e-14   726
  1.738175e-01   2.891106e-12   2.083803e-04   1.071591e-13   792
  1.747288e-01   2.663607e-12   2.890786e-04   9.932691e-14   768
  1.756892e-01   2.777439e-12   2.362529e-04   1.060310e-13   672
  1.765698e-01   2.648976e-12   1.584735e-04   1.050931e-13   608
  1.772072e-01   2.453392e-12   1.521394e-04   9.715631e-14   624
  1.781167e-01   2.414303e-12   1.977038e-04   8.797479e-14   684
  1.790012e-01   2.442408e-12   2.920315e-04   8.673728e-14   768
  1.798244e-01   2.555083e-12   2.334772e-04   8.816879e-14   744
  1.808054e-01   2.370537e-12   1.470111e-04   8.334234e-14   750
  1.815203e-01   2.273808e-12   2.185124e-04   1.046616e-13   600
  1.822935e-01   2.399450e-12   2.320208e-04   1.005351e-13   600
  1.832487e-01   2.379420e-12   2.673896e-04   7.626000e-14   1008
  1.840073e-01   2.413317e-12   1.483035e-04   9.228851e-14   696
  1.848478e-01   2.480300e-12   1.959155e-04   1.068764e-13   624
  1.856929e-01   2.314210e-12   3.048693e-04   8.894087e-14   840
  1.866529e-01   2.461243e-12   2.074390e-04   8.844297e-14   816
  1.874316e-01   2.138971e-12   1.377859e-04   7.321106e-14   744
  1.882180e-01   2.193504e-12   2.435827e-04   9.498707e-14   510
  1.891680e-01   2.265728e-12   2.338594e-04   7.350693e-14   1020
  1.900521e-01   2.246914e-12   1.887014e-04   7.537656e-14   912
  1.909236e-01   2.285145e-12   2.795717e-04   8.304287e-14   752
  1.916443e-01   2.168689e-12   2.319791e-04   8.872077e-14   888
  1.926277e-01   2.101306e-12   1.496952e-04   7.574230e-14   768
  1.934322e-01   2.025739e-12   2.720094e-04   7.362152e-14   720
  1.943579e-01   2.044155e-12   2.397841e-04   6.853179e-14   1056
  1.951791e-01   2.047496e-12   1.658928e-04   9.312792e-14   504
  1.958519e-01   1.744841e-12   2.590449e-04   6.733951e-14   774
  1.968141e-01   1.993232e-12   2.491327e-04   6.264997e-14   1272
  1.977179e-01   2.019549e-12   1.632211e-04   8.077129e-14   744
  1.985606e-01   1.839900e-12   2.665297e-04   6.986624e-14   768
  1.993337e-01   1.906135e-12   2.254494e-04   6.718703e-14   840
  2.002020e-01   1.914445e-12   1.528486e-04   6.308646e-14   924
  2.010380e-01   1.830355e-12   2.694718e-04   6.129285e-14   936
  2.018597e-01   1.674689e-12   1.872727e-04   5.551327e-14   840
  2.026874e-01   1.804132e-12   2.226454e-04   5.723828e-14   1008
  2.037393e-01   1.639893e-12   2.513459e-04   6.244362e-14   696
  2.043993e-01   1.650231e-12   2.234032e-04   5.762628e-14   974
  2.053799e-01   1.759515e-12   2.967054e-04   5.297156e-14   1152
  2.062324e-01   1.657725e-12   1.161016e-04   5.793614e-14   816
  2.068954e-01   1.599671e-12   2.554105e-04   5.653836e-14   816
  2.077874e-01   1.631053e-12   2.255389e-04   5.114274e-14   1152
  2.087282e-01   1.598322e-12   2.030624e-04   5.339417e-14   912
  2.095836e-01   1.664913e-12   2.467207e-04   5.383680e-14   1056
  2.103161e-01   1.575493e-12   2.109904e-04   7.114522e-14   624
  2.113011e-01   1.500319e-12   2.635547e-04   4.597683e-14   1260
  2.121511e-01   1.524614e-12   1.589650e-04   5.215058e-14   894
  2.129814e-01   1.601399e-12   2.723637e-04   4.637187e-14   1176
  2.138121e-01   1.421626e-12   2.254364e-04   5.664572e-14   840
  2.147575e-01   1.443958e-12   2.562414e-04   3.802832e-14   1440
  2.157503e-01   1.317508e-12   1.440604e-04   4.409833e-14   864
  2.165030e-01   1.454413e-12   2.472147e-04   4.688389e-14   1056
  2.172522e-01   1.501877e-12   1.457545e-04   6.616982e-14   624
  2.181621e-01   1.333584e-12   2.699122e-04   3.476497e-14   1496
  2.190322e-01   1.351514e-12   1.905676e-04   5.547171e-14   936
  2.198068e-01   1.265951e-12   2.758819e-04   4.241151e-14   966
  2.206402e-01   1.287276e-12   1.955564e-04   4.406882e-14   936
  2.215157e-01   1.345085e-12   2.418927e-04   3.859192e-14   1248
  2.224120e-01   1.229863e-12   1.705236e-04   3.934259e-14   1044
  2.232472e-01   1.176076e-12   2.641465e-04   3.488596e-14   1392
  2.239086e-01   1.186506e-12   2.034461e-04   4.783890e-14   600
  2.248549e-01   1.124208e-12   2.311362e-04   3.044295e-14   1416
  2.257421e-01   1.172417e-12   2.487899e-04   3.485253e-14   1152
  2.266411e-01   1.123170e-12   2.386748e-04   3.727645e-14   936
  2.273653e-01   1.124793e-12   2.559904e-04   3.956516e-14   870
  2.282258e-01   1.193712e-12   2.146378e-04   3.527792e-14   1368
  2.291807e-01   1.141910e-12   2.821927e-04   2.994582e-14   1632
  2.299968e-01   1.237826e-12   1.225122e-04   4.427867e-14   816
  2.308802e-01   1.089334e-12   2.795000e-04   3.184837e-14   1200
  2.316509e-01   1.107722e-12   2.672350e-04   3.243324e-14   1184
  2.324339e-01   1.179879e-12   2.028139e-04   3.871294e-14   984
  2.333945e-01   1.042303e-12   2.476149e-04   2.854669e-14   1572
  2.342654e-01   1.137048e-12   1.363658e-04   4.447655e-14   840
  2.350770e-01   9.838744e-13   3.171241e-04   2.809114e-14   1392
  2.359338e-01   1.013501e-12   2.328323e-04   3.350659e-14   1158
  2.366987e-01   1.079369e-12   2.120118e-04   3.278613e-14   1272
  2.376196e-01   1.086989e-12   2.160591e-04   3.265813e-14   1320
  2.384846e-01   9.976725e-13   2.114113e-04   3.200653e-14   1104
  2.393076e-01   9.919473e-13   2.392880e-04   2.982852e-14   1392
  2.401714e-01   9.176863e-13   2.588141e-04   2.746240e-14   1296
  2.410610e-01   9.210348e-13   2.702447e-04   2.607351e-14   1392
  2.418958e-01   9.223101e-13   1.982461e-04   2.929702e-14   1104
  2.426681e-01   9.141659e-13   2.497099e-04   2.538012e-14   1320
  2.437682e-01   9.324237e-13   1.906998e-04   2.726199e-14   1422
  2.444709e-01   9.582883e-13   2.375058e-04   3.231185e-14   1212
  2.452781e-01   8.854235e-13   2.595297e-04   2.639500e-14   1280
  2.461073e-01   9.430671e-13   2.702412e-04   2.791438e-14   1272
  2.469020e-01   9.506137e-13   2.338669e-04   2.461163e-14   1680
  2.478440e-01   8.084767e-13   2.209608e-04   2.734957e-14   1152
  2.487113e-01   8.632981e-13   2.558804e-04   2.260624e-14   1512
  2.496229e-01   8.262545e-13   1.080317e-04   3.009934e-14   912
  2.503436e-01   8.408560e-13   2.723258e-04   2.127893e-14   1680
  2.513021e-01   7.706637e-13   2.412486e-04   2.138746e-14   1518
  2.520125e-01   8.720582e-13   2.233503e-04   2.785859e-14   1056
  2.527608e-01   8.242274e-13   2.255221e-04   2.192797e-14   1344
  2.537281e-01   9.425991e-13   2.421615e-04   2.456066e-14   1680
  2.546033e-01   7.953480e-13   2.386250e-04   2.228299e-14   1656
  2.555597e-01   8.110112e-13   2.028350e-04   3.047551e-14   1140
  2.562777e-01   7.700473e-13   2.348675e-04   2.315087e-14   1368
  2.571225e-01   7.625856e-13   2.671632e-04   2.074371e-14   1656
  2.579812e-01   7.793399e-13   2.736324e-04   2.297528e-14   1448
  2.589160e-01   7.410258e-13   2.570597e-04   2.026082e-14   1422
  2.597793e-01   8.038504e-13   2.837834e-04   2.324863e-14   1512
  2.605177e-01   8.056830e-13   2.163481e-04   2.531954e-14   1296
  2.613720e-01   7.538471e-13   1.975401e-04   2.056394e-14   1824
  2.622956e-01   7.310404e-13   2.561405e-04   2.029482e-14   1464
  2.632286e-01   6.707378e-13   2.285687e-04   1.641048e-14   1824
  2.640944e-01   7.492812e-13   1.817236e-04   2.121309e-14   1416
  2.648477e-01   6.719137e-13   2.661762e-04   1.960304e-14   1392
  2.656609e-01   6.852649e-13   2.456233e-04   1.966213e-14   1464
  2.666530e-01   6.323577e-13   2.401349e-04   1.852998e-14   1524
  2.674197e-01   6.718724e-13   2.212883e-04   1.949688e-14   1686
  2.683058e-01   6.720155e-13   2.634877e-04   1.832763e-14   1800
  2.690674e-01   7.545917e-13   2.091841e-04   2.617318e-14   1344
  2.699123e-01   6.650002e-13   2.440543e-04   1.918855e-14   1656
  2.707594e-01   6.714310e-13   1.948649e-04   1.837109e-14   1488
  2.714953e-01   6.875084e-13   1.945476e-04   1.848237e-14   1536
  2.725208e-01   6.243769e-13   2.161203e-04   1.767876e-14   1760
  2.733154e-01   5.785134e-13   2.403917e-04   1.482687e-14   1824
  2.742343e-01   6.590602e-13   2.017335e-04   1.856384e-14   1560
  2.751185e-01   6.560659e-13   2.317098e-04   1.893296e-14   1926
  2.759500e-01   6.568915e-13   1.647761e-04   2.171640e-14   1272
  2.767090e-01   6.040097e-13   2.769061e-04   1.648851e-14   1848
  2.777066e-01   6.027710e-13   2.237163e-04   1.527448e-14   1908
  2.784654e-01   6.183040e-13   2.182057e-04   1.857581e-14   1488
  2.792661e-01   5.444780e-13   2.460891e-04   1.533301e-14   1800
  2.801341e-01   5.519939e-13   2.463318e-04   1.479507e-14   1752
  2.809655e-01   5.455925e-13   2.619345e-04   1.606739e-14   1368
  2.817976e-01   5.454496e-13   2.461681e-04   1.285943e-14   2016
  2.827127e-01   5.863236e-13   2.600140e-04   1.701119e-14   1542
  2.835572e-01   5.444442e-13   2.546240e-04   1.438960e-14   2184
  2.844920e-01   5.716188e-13   2.329232e-04   1.505853e-14   1776
  2.852996e-01   5.251400e-13   2.662664e-04   1.509803e-14   1568
  2.860693e-01   5.460809e-13   2.432642e-04   1.463793e-14   2040
  2.869069e-01   5.581709e-13   2.600711e-04   1.525352e-14   1704
  2.877836e-01   4.886417e-13   2.607023e-04   1.396021e-14   1512
  2.886103e-01   5.049803e-13   2.223798e-04   1.218169e-14   2028
  2.895391e-01   5.028757e-13   2.682472e-04   1.237075e-14   1968
  2.903883e-01   4.702334e-13   2.720967e-04   1.257705e-14   1854
  2.912193e-01   5.154166e-13   2.593919e-04   1.477736e-14   1632
  2.920709e-01   5.037620e-13   2.665475e-04   1.222452e-14   2424
  2.929536e-01   4.947603e-13   2.668247e-04   1.419422e-14   1560
  2.936998e-01   4.948463e-13   2.521491e-04   1.294639e-14   1728
  2.946015e-01   4.711323e-13   2.691575e-04   1.284199e-14   2088
  2.955091e-01   4.244045e-13   2.562092e-04   1.080785e-14   1968
  2.963439e-01   4.457358e-13   2.536717e-04   1.228091e-14   2256
  2.971811e-01   4.445395e-13   2.255422e-04   1.155548e-14   1728
  2.980551e-01   4.412034e-13   2.223365e-04   1.335385e-14   1416
  2.988294e-01   4.653127e-13   2.343872e-04   1.087665e-14   2246
  2.997060e-01   4.593428e-13   2.595813e-04   1.262267e-14   2148
  3.005447e-01   4.623422e-13   2.192692e-04   1.433347e-14   1680
  3.013341e-01   4.394774e-13   2.772021e-04   9.998197e-15   2280
  3.022829e-01   4.420238e-13   2.581363e-04   1.086196e-14   2352
  3.031692e-01   4.008693e-13   2.168989e-04   1.069750e-14   1632
  3.038703e-01   4.301111e-13   2.481900e-04   1.136419e-14   1968
  3.048324e-01   3.858504e-13   2.546430e-04   1.068087e-14   2112
  3.057246e-01   4.092798e-13   1.912818e-04   1.103472e-14   2208
  3.065916e-01   3.951820e-13   1.928696e-04   1.023961e-14   1974
  3.072758e-01   4.097140e-13   1.886789e-04   1.106641e-14   1944
  3.082002e-01   4.220136e-13   2.134684e-04   1.063417e-14   2160
  3.090014e-01   3.998642e-13   1.996412e-04   1.078913e-14   2040
  3.098672e-01   4.152397e-13   2.793025e-04   1.098228e-14   2352
  3.107553e-01   4.100051e-13   2.320332e-04   1.076008e-14   1836
  3.115659e-01   3.768722e-13   2.475222e-04   9.455147e-15   2352
  3.124759e-01   3.517081e-13   2.596173e-04   9.020529e-15   2008
  3.133101e-01   3.755634e-13   2.554005e-04   9.047541e-15   2464
  3.142404e-01   3.595258e-13   2.059917e-04   9.019029e-15   2118
  3.150034e-01   3.756741e-13   2.070733e-04   1.149514e-14   1848
  3.157888e-01   4.267895e-13   2.740257e-04   1.179444e-14   2280
  3.167373e-01   3.904624e-13   2.606639e-04   9.665472e-15   2472
  3.176238e-01   3.336902e-13   1.741937e-04   8.518136e-15   2280
  3.183679e-01   3.859316e-13   2.129225e-04   1.097858e-14   1992
  3.191704e-01   3.615711e-13   2.238471e-04   9.183139e-15   2184
  3.200957e-01   3.210456e-13   2.700370e-04   8.093719e-15   2352
  3.209874e-01   3.518766e-13   2.845707e-04   8.314893e-15   2496
  3.218605e-01   3.321214e-13   2.657923e-04   9.576477e-15   1770
  3.226436e-01   3.756137e-13   2.293368e-04   9.556043e-15   2568
  3.235850e-01   3.619882e-13   2.812910e-04   9.244307e-15   2712
  3.244408e-01   3.640558e-13   2.233856e-04   9.444587e-15   2448
  3.252953e-01   3.471756e-13   1.883027e-04   9.444495e-15   2064
  3.260041e-01   3.423908e-13   1.987577e-04   1.039211e-14   1944
  3.269232e-01   3.207963e-13   2.455388e-04   8.217353e-15   2480
  3.278609e-01   3.085754e-13   2.667271e-04   7.056715e-15   2880
  3.286914e-01   3.115686e-13   2.558616e-04   8.555824e-15   2304
  3.295589e-01   3.135498e-13   2.350736e-04   8.874143e-15   1806
  3.303280e-01   3.314664e-13   2.305355e-04   8.350740e-15   2856
  3.312919e-01   3.422046e-13   2.210905e-04   8.881142e-15   2568
  3.320255e-01   3.110941e-13   2.218151e-04   8.975628e-15   2112
  3.328238e-01   3.270792e-13   2.136470e-04   1.030852e-14   2028
  3.336802e-01   2.942651e-13   2.528952e-04   7.363718e-15   2712
  3.345499e-01   3.081089e-13   2.724546e-04   7.228358e-15   2952
  3.354846e-01   2.858369e-13   2.105175e-04   7.388173e-15   2112
  3.362401e-01   2.839132e-13   2.467157e-04   6.942244e-15   2520
  3.371478e-01   2.682906e-13   2.379622e-04   6.626969e-15   2376
  3.379744e-01   3.003337e-13   1.907584e-04   7.444774e-15   2526
  3.388325e-01   3.176930e-13   2.373938e-04   8.296357e-15   2664
  3.396821e-01   3.203538e-13   2.831431e-04   9.221497e-15   2408
  3.404964e-01   2.842197e-13   2.268086e-04   7.791883e-15   2568
  3.413270e-01   2.921077e-13   2.138398e-04   6.531778e-15   2904
  3.422280e-01   2.801163e-13   2.399343e-04   6.889067e-15   2544
  3.430840e-01   2.807915e-13   1.767281e-04   7.902149e-15   2160
  3.438918e-01   2.869639e-13   3.055426e-04   7.340690e-15   2652
  3.447840e-01   2.449247e-13   2.419268e-04   5.710125e-15   2784
  3.456427e-01   2.875968e-13   2.389098e-04   7.043270e-15   2694
  3.465323e-01   2.678484e-13   2.147131e-04   6.831181e-15   2952
  3.473054e-01   2.773618e-13   2.033724e-04   7.826696e-15   2208
  3.480928e-01   2.899797e-13   2.167549e-04   7.981248e-15   2304
  3.489719e-01   2.520145e-13   2.818658e-04   5.461748e-15   3504
  3.499970e-01   2.549831e-13   2.282367e-04   6.381293e-15   2616
  3.507966e-01   2.435033e-13   2.229689e-04   6.222996e-15   2664
  3.515668e-01   2.399642e-13   2.071576e-04   6.237441e-15   2448
  3.523429e-01   2.488593e-13   2.885022e-04   6.275501e-15   2472
  3.532560e-01   2.502968e-13   2.293757e-04   5.827783e-15   3134
  3.541153e-01   2.650394e-13   2.508696e-04   7.031591e-15   2616
  3.549734e-01   2.502598e-13   2.032141e-04   6.930159e-15   2712
  3.558561e-01   2.495373e-13   2.330572e-04   6.095587e-15   3204
  3.566997e-01   2.365203e-13   2.684118e-04   6.116266e-15   2760
  3.575009e-01   2.248447e-13   2.341850e-04   5.897248e-15   2688
  3.583845e-01   2.312931e-13   2.214212e-04   5.645263e-15   2760
  3.591658e-01   2.143515e-13   1.828310e-04   5.956221e-15   2568
  3.600656e-01   2.131090e-13   2.839276e-04   4.783121e-15   3336
  3.609291e-01   2.320104e-13   2.403135e-04   6.436418e-15   2334
  3.618012e-01   2.325782e-13   2.659328e-04   5.989921e-15   3264
  3.626161e-01   2.523918e-13   1.933534e-04   7.944189e-15   2760
  3.634519e-01   2.162756e-13   2.335162e-04   5.264704e-15   3192
  3.643028e-01   2.306204e-13   2.424398e-04   6.464057e-15   2904
  3.652079e-01   2.144516e-13   2.432547e-04   5.526978e-15   2784
  3.659655e-01   2.305882e-13   2.002031e-04   6.023192e-15   2592
  3.668273e-01   2.006769e-13   2.729055e-04   5.054749e-15   3284
  3.677431e-01   2.010125e-13   2.741210e-04   4.903976e-15   3168
  3.685625e-01   2.057124e-13   2.261695e-04   5.172945e-15   2616
  3.694239e-01   1.970016e-13   2.185356e-04   5.381302e-15   3222
  3.702618e-01   2.196804e-13   2.452038e-04   5.501830e-15   3240
  3.710732e-01   2.253923e-13   2.480631e-04   6.523749e-15   2568
  3.719957e-01   2.261741e-13   2.276101e-04   6.678088e-15   3120
  3.727671e-01   2.130508e-13   2.502238e-04   5.652617e-15   3168
  3.735966e-01   2.023535e-13   2.190519e-04   5.929458e-15   3240
  3.745041e-01   1.917785e-13   2.247418e-04   4.707201e-15   3144
  3.753858e-01   1.865952e-13   2.142181e-04   4.681300e-15   2856
  3.762191e-01   1.891329e-13   2.287935e-04   4.275370e-15   3264
  3.771620e-01   1.963937e-13   2.528066e-04   5.041624e-15   3318
  3.779041e-01   2.206962e-13   1.770515e-04   7.309147e-15   2556
  3.787885e-01   1.911845e-13   3.024366e-04   4.827207e-15   4008
  3.796839e-01   2.033937e-13   2.232510e-04   5.769498e-15   2904
  3.804500e-01   1.783725e-13   2.282820e-04   4.452813e-15   3144
  3.813221e-01   1.888399e-13   2.379863e-04   5.081054e-15   3200
  3.822245e-01   1.697188e-13   2.347121e-04   4.311113e-15   3312
  3.830335e-01   1.777409e-13   1.891675e-04   4.534249e-15   2832
  3.839368e-01   1.757813e-13   2.722239e-04   4.011972e-15   3984
  3.847754e-01   1.854423e-13   2.213052e-04   5.453596e-15   2238
  3.855410e-01   1.938244e-13   2.604381e-04   5.188929e-15   3984
  3.864910e-01   1.829171e-13   2.474938e-04   4.890570e-15   3384
  3.872801e-01   2.032557e-13   2.313398e-04   5.718827e-15   3048
  3.881040e-01   1.650331e-13   2.124151e-04   4.458134e-15   3096
  3.889647e-01   1.811744e-13   2.407662e-04   4.335548e-15   3708
  3.898204e-01   1.659898e-13   2.282137e-04   4.721752e-15   2784
  3.906153e-01   1.762887e-13   2.370436e-04   4.383102e-15   3648
  3.915182e-01   1.657603e-13   2.439690e-04   4.196284e-15   3888
  3.924791e-01   1.554641e-13   2.604441e-04   4.526137e-15   2958
  3.931965e-01   1.759424e-13   2.223132e-04   4.413862e-15   3264
  3.940610e-01   1.929517e-13   2.454274e-04   5.596705e-15   3160
  3.948778e-01   1.636531e-13   2.224277e-04   4.230965e-15   3736
  3.956519e-01   1.653584e-13   2.026837e-04   5.236249e-15   3216
  3.965649e-01   1.697574e-13   2.483780e-04   4.090429e-15   4032
  3.975170e-01   1.533734e-13   2.267646e-04   3.618539e-15   3528
  3.983289e-01   1.607439e-13   2.001684e-04   4.241463e-15   3192
  3.991405e-01   1.496230e-13   2.192200e-04   3.856523e-15   3456
  4.000209e-01   1.424250e-13   2.273080e-04   3.641544e-15   3060
  4.009034e-01   1.613179e-13   2.702954e-04   3.854117e-15   4518
  4.017633e-01   1.605718e-13   2.407982e-04   4.534655e-15   3528
  4.025537e-01   1.840771e-13   2.022284e-04   5.782629e-15   3024
  4.033964e-01   1.528112e-13   2.738092e-04   4.009880e-15   3672
  4.042548e-01   1.545202e-13   2.350114e-04   3.961331e-15   3864
  4.052079e-01   1.488616e-13   2.491089e-04   3.747898e-15   3816
  4.059874e-01   1.365517e-13   2.266341e-04   3.536594e-15   3456
  4.067347e-01   1.454632e-13   2.051552e-04   4.043354e-15   2688
  4.076152e-01   1.351253e-13   2.434127e-04   2.940771e-15   4248
  4.084881e-01   1.541429e-13   2.331428e-04   4.223834e-15   3926
  4.093648e-01   1.557844e-13   2.461587e-04   4.604225e-15   3504
  4.102118e-01   1.559361e-13   2.200696e-04   3.973838e-15   3960
  4.111470e-01   1.429694e-13   2.477470e-04   3.795036e-15   3684
  4.119490e-01   1.329797e-13   2.477304e-04   3.486901e-15   4104
  4.127507e-01   1.406498e-13   2.349586e-04   3.579233e-15   3144
  4.136121e-01   1.340847e-13   2.573606e-04   3.350973e-15   4224
  4.145591e-01   1.232568e-13   2.284299e-04   2.958650e-15   4008
  4.153682e-01   1.283142e-13   2.513090e-04   3.090751e-15   3312
  4.162013e-01   1.363929e-13   2.499555e-04   3.841465e-15   3726
  4.170874e-01   1.384132e-13   2.567350e-04   3.893581e-15   3936
  4.178742e-01   1.534456e-13   2.646433e-04   4.599301e-15   3888
  4.186907e-01   1.332814e-13   2.502456e-04   3.692157e-15   3864
  4.195402e-01   1.364580e-13   2.660321e-04   3.764345e-15   3888
  4.204152e-01   1.225890e-13   2.509093e-04   3.239721e-15   4080
  4.212790e-01   1.336415e-13   2.662911e-04   3.701773e-15   3400
  4.221604e-01   1.224896e-13   2.442158e-04   2.991655e-15   4588
  4.230516e-01   1.162017e-13   2.417232e-04   3.065438e-15   3816
  4.238304e-01   1.195605e-13   2.290530e-04   3.244498e-15   3534
  4.246549e-01   1.410802e-13   2.262432e-04   3.729218e-15   4080
  4.255174e-01   1.340255e-13   2.364882e-04   3.370469e-15   4248
  4.263835e-01   1.389658e-13   2.383083e-04   4.409913e-15   3528
  4.271828e-01   1.282377e-13   2.436376e-04   3.217855e-15   4248
  4.279907e-01   1.209883e-13   2.383021e-04   3.340155e-15   3696
  4.288904e-01   1.140856e-13   2.472719e-04   2.693421e-15   4560
  4.297436e-01   1.195430e-13   2.316116e-04   2.947791e-15   3864
  4.306199e-01   1.092227e-13   2.521896e-04   2.687871e-15   4440
  4.314503e-01   1.159842e-13   2.352988e-04   3.585095e-15   3432
  4.323230e-01   1.259922e-13   2.307154e-04   3.406406e-15   4470
  4.331814e-01   1.268588e-13   2.050293e-04   3.307777e-15   4188
  4.340252e-01   1.169812e-13   2.626714e-04   3.086516e-15   4392
  4.348633e-01   1.282430e-13   2.032013e-04   3.628288e-15   3960
  4.357347e-01   1.187571e-13   2.295583e-04   3.084097e-15   4328
  4.365790e-01   1.087253e-13   2.389021e-04   2.645304e-15   4320
  4.374322e-01   1.112121e-13   2.498172e-04   2.865696e-15   4152
  4.382234e-01   1.222763e-13   2.089759e-04   3.729878e-15   3528
  4.391181e-01   1.014646e-13   2.261844e-04   2.414962e-15   4512
  4.399552e-01   1.196650e-13   2.312162e-04   3.579142e-15   4134
  4.408055e-01   1.271051e-13   2.463227e-04   3.255697e-15   5208
  4.416233e-01   1.195699e-13   2.146072e-04   3.579056e-15   3240
  4.424693e-01   1.212335e-13   2.367020e-04   3.134671e-15   4680
  4.433303e-01   1.108262e-13   2.343542e-04   3.083781e-15   4440
  4.441924e-01   1.053884e-13   2.655613e-04   2.895946e-15   4260
  4.450192e-01   9.919734e-14   2.168051e-04   2.717858e-15   4056
  4.458707e-01   9.605987e-14   2.403664e-04   2.337442e-15   4704
  4.467645e-01   1.065527e-13   2.797073e-04   2.768935e-15   4800
  4.477092e-01   1.054838e-13   2.423449e-04   2.857573e-15   4806
  4.485256e-01   1.405228e-13   2.415792e-04   4.270096e-15   3552
  4.493032e-01   1.048568e-13   2.422270e-04   3.253399e-15   4304
  4.501811e-01   1.109106e-13   2.349055e-04   2.885775e-15   5280
  4.510492e-01   1.025730e-13   2.253520e-04   2.717815e-15   4320
  4.518710e-01   1.041310e-13   2.544815e-04   2.796079e-15   4296
  4.527375e-01   9.541757e-14   2.829200e-04   2.315165e-15   4608
  4.536139e-01   1.005195e-13   2.710526e-04   2.406126e-15   4824
  4.544815e-01   8.854158e-14   2.558929e-04   2.359415e-15   4488
  4.554125e-01   1.046382e-13   2.389035e-04   2.849024e-15   4530
  4.561813e-01   1.049197e-13   2.332695e-04   3.184447e-15   4464
  4.569505e-01   1.043246e-13   2.198393e-04   2.903359e-15   4104
  4.578337e-01   1.004209e-13   2.370326e-04   2.431231e-15   5424
  4.587024e-01   1.049149e-13   2.551511e-04   3.205067e-15   4392
  4.595865e-01   9.882396e-14   2.498032e-04   2.614705e-15   4896
  4.603893e-01   8.987965e-14   2.448582e-04   2.461094e-15   4104
  4.612271e-01   1.011838e-13   2.207975e-04   2.682452e-15   4824
  4.621110e-01   7.975849e-14   2.110308e-04   2.016884e-15   4680
  4.628810e-01   8.754852e-14   2.158383e-04   2.402770e-15   4328
  4.637748e-01   9.796385e-14   2.488057e-04   2.743557e-15   5118
  4.646730e-01   1.019237e-13   2.882572e-04   2.885435e-15   5304
  4.654835e-01   1.161157e-13   2.269892e-04   3.420428e-15   4392
  4.663665e-01   9.343316e-14   2.278262e-04   2.681935e-15   4476
  4.671387e-01   9.117549e-14   2.262585e-04   2.654432e-15   4704
  4.679980e-01   8.851724e-14   2.738589e-04   2.203684e-15   5208
  4.689011e-01   8.668301e-14   2.309089e-04   2.407469e-15   5304
  4.697333e-01   8.161607e-14   2.473356e-04   2.125783e-15   4296
  4.705865e-01   8.477201e-14   2.345380e-04   2.132868e-15   4752
  4.714831e-01   9.273023e-14   2.354379e-04   2.499111e-15   4950
  4.722889e-01   9.465174e-14   2.460959e-04   2.695429e-15   5064
  4.730949e-01   9.891222e-14   2.061964e-04   2.841221e-15   4872
  4.739099e-01   9.303757e-14   2.170683e-04   2.994145e-15   4224
  4.747801e-01   9.085219e-14   2.397792e-04   2.341107e-15   6120
  4.757062e-01   8.150450e-14   2.637876e-04   2.232226e-15   4968
  4.765463e-01   8.847397e-14   2.334291e-04   2.487631e-15   4424
  4.774153e-01   8.360175e-14   2.981561e-04   2.450643e-15   5436
  4.782738e-01   7.757520e-14   2.542043e-04   1.997110e-15   4896
  4.791038e-01   7.859551e-14   2.433728e-04   2.412747e-15   5214
  4.799038e-01   9.819450e-14   2.068797e-04   2.987692e-15   4656
  4.807928e-01   9.536646e-14   2.630307e-04   2.723840e-15   5448
  4.816422e-01   8.796356e-14   2.221488e-04   2.966063e-15   4992
  4.824740e-01   9.380768e-14   2.458572e-04   2.797693e-15   5400
  4.833882e-01   8.505070e-14   2.724858e-04   2.295965e-15   5328
  4.842306e-01   8.381669e-14   2.436523e-04   2.396092e-15   4776
  4.850232e-01   6.959452e-14   2.289517e-04   1.978474e-15   4800
  4.859037e-01   7.728994e-14   2.944201e-04   1.877018e-15   6552
  4.868249e-01   8.893871e-14   2.224303e-04   3.097190e-15   3942
  4.876233e-01   8.522808e-14   2.803482e-04   2.351514e-15   6072
  4.885072e-01   9.896252e-14   2.177287e-04   3.269047e-15   4692
  4.892483e-01   8.003271e-14   2.273053e-04   2.405241e-15   4944
  4.901164e-01   8.080988e-14   2.439686e-04   2.217058e-15   5840
  4.910077e-01   7.790077e-14   2.611583e-04   2.267759e-15   5712
  4.918853e-01   7.956110e-14   2.188675e-04   2.400245e-15   4800
  4.926859e-01   7.261327e-14   2.898577e-04   1.941642e-15   5688
  4.935628e-01   7.064994e-14   2.286917e-04   2.030993e-15   4848
  4.944318e-01   5.670261e-14   2.545475e-04   1.811790e-15   5406
  4.952565e-01   4.268208e-16   2.297703e-04   5.949761e-18   5568
  4.960847e-01   4.201711e-16   2.065481e-04   5.871369e-18   5736
  4.969796e-01   4.262406e-16   2.565195e-04   6.107291e-18   5280
  4.977918e-01   4.093105e-16   2.371710e-04   5.545140e-18   5592
  4.986277e-01   4.060452e-16   2.714980e-04   5.901945e-18   4968
  4.995115e-01   4.215937e-16   2.434342e-04   5.659397e-18   5964
  5.003738e-01   4.091541e-16   2.445654e-04   5.529833e-18   5376
  5.011573e-01   3.962428e-16   2.361430e-04   5.549385e-18   5472
  5.020656e-01   4.002040e-16   2.242680e-04   5.404773e-18   5472
  5.028962e-01   3.887224e-16   2.549854e-04   5.556639e-18   5415
  5.037011e-01   3.763260e-16   2.242905e-04   5.271431e-18   5096
  5.045719e-01   3.598799e-16   2.884319e-04   4.761593e-18   6372
  5.054529e-01   3.840817e-16   2.341360e-04   5.887248e-18   4656
  5.062424e-01   3.813951e-16   2.556015e-04   5.075590e-18   5844
  5.070918e-01   3.743779e-16   2.247331e-04   5.135176e-18   5508
  5.079922e-01   3.766601e-16   2.549406e-04   4.873887e-18   6324
  5.088755e-01   3.502728e-16   2.189942e-04   5.259465e-18   4752
  5.096830e-01   3.677140e-16   2.451822e-04   5.000877e-18   5676
  5.105570e-01   3.614248e-16   2.242947e-04   5.040665e-18   5472
  5.113866e-01   3.511093e-16   2.529981e-04   4.852549e-18   5556
  5.122777e-01   3.466741e-16   2.465418e-04   4.744791e-18   5436
  5.131379e-01   3.470792e-16   2.523527e-04   4.842674e-18   5916
  5.140212e-01   3.427165e-16   2.625579e-04   4.735094e-18   5520
  5.148166e-01   3.281739e-16   2.387841e-04   4.697426e-18   5280
  5.156315e-01   3.472509e-16   2.346268e-04   5.246075e-18   4416
  5.165510e-01   3.289824e-16   2.287038e-04   4.324363e-18   6260
  5.174147e-01   3.267708e-16   2.719567e-04   4.441999e-18   5940
  5.181970e-01   3.259818e-16   2.129865e-04   5.262247e-18   4188
  5.190583e-01   3.152796e-16   2.723213e-04   4.074375e-18   6360
  5.199639e-01   3.161036e-16   2.428992e-04   4.546452e-18   5256
  5.208050e-01   3.195991e-16   2.296198e-04   4.963646e-18   4848
  5.215257e-01   2.968003e-16   2.081623e-04   4.433818e-18   4704
  5.224129e-01   3.026205e-16   2.553609e-04   4.188103e-18   5784
  5.233155e-01   2.936231e-16   2.702014e-04   4.071912e-18   5820
  5.241867e-01   3.012216e-16   2.420426e-04   4.216964e-18   5700
  5.250631e-01   3.000946e-16   2.244610e-04   4.352814e-18   5232
  5.259407e-01   2.964037e-16   2.490588e-04   4.325603e-18   4932
  5.267180e-01   2.896143e-16   2.143745e-04   4.499455e-18   4716
  5.275348e-01   2.983020e-16   2.730669e-04   4.279522e-18   5616
  5.283752e-01   2.749687e-16   2.411581e-04   4.036004e-18   5184
  5.292421e-01   2.692627e-16   2.432694e-04   3.998351e-18   5064
  5.300596e-01   2.716350e-16   2.490961e-04   3.988004e-18   5544
  5.309663e-01   2.696043e-16   2.500505e-04   3.871850e-18   5192
  5.317913e-01   2.691661e-16   2.247093e-04   3.986223e-18   5244
  5.326587e-01   2.588316e-16   2.431380e-04   3.865030e-18   5112
  5.335210e-01   2.669378e-16   2.231268e-04   3.989046e-18   5040
  5.343123e-01   2.630841e-16   2.345768e-04   3.884931e-18   5124
  5.352365e-01   2.570705e-16   2.633440e-04   3.698703e-18   5952
  5.360896e-01   2.581014e-16   2.307429e-04   3.892148e-18   4824
  5.368629e-01   2.493373e-16   2.329060e-04   4.043246e-18   4536
  5.377581e-01   2.478913e-16   2.475578e-04   3.557738e-18   5712
  5.386775e-01   2.572115e-16   2.708958e-04   3.797065e-18   5352
  5.395447e-01   2.453914e-16   2.359603e-04   3.636928e-18   5004
  5.403194e-01   2.381808e-16   2.360245e-04   3.608824e-18   4800
  5.411519e-01   2.405268e-16   2.536404e-04   3.623733e-18   5148
  5.420742e-01   2.400213e-16   2.634385e-04   3.452994e-18   5664
  5.429076e-01   2.255310e-16   2.366059e-04   3.604847e-18   4692
  5.436776e-01   2.322404e-16   2.198098e-04   3.866931e-18   4008
  5.445757e-01   2.261540e-16   2.519496e-04   3.158872e-18   5852
  5.454887e-01   2.225329e-16   2.385727e-04   3.297130e-18   5784
  5.462996e-01   2.250040e-16   2.199226e-04   3.724187e-18   4392
  5.471343e-01   2.241772e-16   2.157230e-04   3.590251e-18   4944
  5.480105e-01   2.144360e-16   2.543338e-04   3.371045e-18   4776
  5.488369e-01   2.075823e-16   2.446830e-04   3.119109e-18   5244
  5.497337e-01   2.093135e-16   2.442514e-04   3.087714e-18   4884
  5.504862e-01   2.033139e-16   2.071441e-04   3.227316e-18   4488
  5.513613e-01   2.080694e-16   2.461419e-04   3.251419e-18   5160
  5.522424e-01   2.147965e-16   2.506068e-04   3.158737e-18   5316
  5.530912e-01   1.960806e-16   2.533810e-04   3.148045e-18   4896
  5.539186e-01   2.111618e-16   2.354353e-04   3.665967e-18   4188
  5.547525e-01   1.881884e-16   2.567961e-04   2.978498e-18   4836
  5.556040e-01   2.009107e-16   2.547440e-04   2.973772e-18   5316
  5.564664e-01   1.922675e-16   2.357965e-04   2.847442e-18   4920
  5.572730e-01   2.059259e-16   2.375472e-04   3.510982e-18   4128
  5.581384e-01   1.882228e-16   2.555456e-04   2.870642e-18   5348
  5.589901e-01   1.920264e-16   2.217367e-04   3.075251e-18   4836
  5.598033e-01   1.872829e-16   2.389285e-04   3.319679e-18   4392
  5.606793e-01   1.847835e-16   2.099182e-04   3.070146e-18   4632
  5.614679e-01   1.829887e-16   2.345502e-04   2.933976e-18   4596
  5.623735e-01   1.820135e-16   2.358727e-04   2.824676e-18   5424
  5.632695e-01   1.690373e-16   2.427884e-04   2.562316e-18   5256
  5.641926e-01   1.757454e-16   2.465806e-04   2.886725e-18   4524
  5.649613e-01   1.774289e-16   2.345468e-04   3.067651e-18   4440
  5.658223e-01   1.731781e-16   2.005677e-04   2.808468e-18   4380
  5.666649e-01   1.692156e-16   2.624772e-04   2.772580e-18   4812
  5.675617e-01   1.711066e-16   2.607020e-04   2.632661e-18   5376
  5.683817e-01   1.593612e-16   2.082312e-04   2.867509e-18   3888
  5.691674e-01   1.707153e-16   2.384488e-04   2.739717e-18   4896
  5.700441e-01   1.637514e-16   2.516025e-04   2.738705e-18   4608
  5.709645e-01   1.705614e-16   2.374972e-04   2.792472e-18   4448
  5.717656e-01   1.481592e-16   2.451620e-04   2.429259e-18   4752
  5.726098e-01   1.619732e-16   2.567919e-04   2.855278e-18   4356
  5.734975e-01   1.579614e-16   2.471144e-04   2.562887e-18   5232
  5.743802e-01   1.483612e-16   2.490294e-04   2.509440e-18   4548
  5.752360e-01   1.512942e-16   2.420880e-04   2.480821e-18   4608
  5.760714e-01   1.513164e-16   2.199174e-04   2.821798e-18   3936
  5.768601e-01   1.506901e-16   2.628653e-04   2.725061e-18   4260
  5.777463e-01   1.460234e-16   2.356625e-04   2.430662e-18   5004
  5.785566e-01   1.506741e-16   2.328745e-04   2.757570e-18   4224
  5.794451e-01   1.454569e-16   2.515970e-04   2.510331e-18   4788
  5.803082e-01   1.487566e-16   2.645973e-04   2.641425e-18   4428
  5.811490e-01   1.379017e-16   2.211067e-04   2.543929e-18   4080
  5.819585e-01   1.455297e-16   2.417600e-04   2.333634e-18   4632
  5.828107e-01   1.360230e-16   2.514119e-04   2.571972e-18   4056
  5.837066e-01   1.356882e-16   2.367087e-04   2.336893e-18   4536
  5.845252e-01   1.427427e-16   2.414273e-04   2.444706e-18   4668
  5.854216e-01   1.264322e-16   2.587670e-04   2.235860e-18   4604
  5.862946e-01   1.340986e-16   2.325046e-04   2.402817e-18   4152
  5.871003e-01   1.334145e-16   2.253339e-04   2.430209e-18   4224
  5.879544e-01   1.263380e-16   2.166417e-04   2.343078e-18   4152
  5.888077e-01   1.380653e-16   2.457430e-04   2.470970e-18   4224
  5.896373e-01   1.299665e-16   2.272627e-04   2.384617e-18   3960
  5.904364e-01   1.256120e-16   2.345207e-04   2.131279e-18   4656
  5.913093e-01   1.217466e-16   2.530431e-04   2.147632e-18   4452
  5.922043e-01   1.187598e-16   2.572601e-04   2.264815e-18   4056
  5.930372e-01   1.216745e-16   2.549134e-04   2.243226e-18   4212
  5.938810e-01   1.290834e-16   2.118438e-04   2.619549e-18   3432
  5.947361e-01   1.192781e-16   2.710099e-04   1.983119e-18   5352
  5.955718e-01   1.213418e-16   1.984824e-04   2.445420e-18   3600
  5.964815e-01   1.160598e-16   2.189297e-04   2.077462e-18   4584
  5.972758e-01   1.203305e-16   2.182850e-04   2.365742e-18   3768
  5.980940e-01   1.142996e-16   2.330224e-04   2.267651e-18   3848
  5.989107e-01   1.150797e-16   2.136550e-04   2.364279e-18   3720
  5.998368e-01   1.075741e-16   2.681687e-04   1.863096e-18   4764
  6.006544e-01   1.143238e-16   2.159502e-04   2.090500e-18   3864
  6.014940e-01   1.160147e-16   2.674804e-04   2.113158e-18   4332
  6.024099e-01   1.103317e-16   2.283640e-04   2.096970e-18   3792
  6.032282e-01   1.029803e-16   2.590324e-04   1.883105e-18   4284
  6.040954e-01   1.040626e-16   2.452751e-04   2.242633e-18   3840
  6.049162e-01   9.668034e-17   2.334698e-04   2.021682e-18   3480
  6.057497e-01   1.014655e-16   2.605074e-04   1.780189e-18   4380
  6.066508e-01   1.045578e-16   2.447011e-04   1.977889e-18   4200
  6.075361e-01   1.072637e-16   2.352025e-04   1.989778e-18   4056
  6.083583e-01   9.876264e-17   2.363879e-04   2.100979e-18   3600
  6.091287e-01   1.007041e-16   2.355235e-04   2.035810e-18   3492
  6.100287e-01   9.535087e-17   2.750382e-04   1.811564e-18   4500
  6.109470e-01   1.039336e-16   2.409706e-04   2.132320e-18   3516
  6.117362e-01   1.045893e-16   2.519124e-04   2.112206e-18   3968
  6.126208e-01   9.612253e-17   2.421097e-04   1.998213e-18   3648
  6.134038e-01   9.534106e-17   2.315237e-04   1.922648e-18   4224
  6.142915e-01   8.809320e-17   2.598645e-04   1.880383e-18   3588
  6.151244e-01   9.399972e-17   2.396946e-04   1.996501e-18   3456
  6.159625e-01   8.628705e-17   2.128784e-04   1.822855e-18   3660
  6.168286e-01   9.048733e-17   2.336590e-04   1.846266e-18   3768
  6.176358e-01   9.251522e-17   2.362982e-04   1.874947e-18   3744
  6.185028e-01   8.743706e-17   2.593761e-04   1.714131e-18   4176
  6.194250e-01   9.528966e-17   2.392460e-04   1.985061e-18   3612
  6.201873e-01   8.807690e-17   2.599944e-04   1.975351e-18   3216
  6.210597e-01   8.535851e-17   2.513703e-04   1.883992e-18   3624
  6.219368e-01   8.457511e-17   2.363707e-04   1.717122e-18   3744
  6.227845e-01   8.801278e-17   2.522057e-04   1.870199e-18   3672
  6.236208e-01   8.566626e-17   2.287068e-04   1.805680e-18   3852
  6.244844e-01   8.745044e-17   2.353920e-04   1.816554e-18   3672
  6.254030e-01   8.512412e-17   2.293505e-04   2.124671e-18   3248
  6.261702e-01   7.461759e-17   2.347565e-04   1.685337e-18   3336
  6.270076e-01   7.465037e-17   2.389611e-04   1.589609e-18   3576
  6.278638e-01   8.071233e-17   2.028565e-04   1.757431e-18   3336
  6.287362e-01   8.058732e-17   2.409579e-04   1.647966e-18   3936
  6.295969e-01   8.155722e-17   2.566269e-04   1.775176e-18   3408
  6.304507e-01   8.132219e-17   2.260925e-04   1.884965e-18   3336
  6.312802e-01   6.344659e-17   2.539536e-04   1.485822e-18   3312
  6.321094e-01   7.479893e-17   2.571308e-04   1.782068e-18   3432
  6.329927e-01   7.787423e-17   2.229221e-04   1.887700e-18   3144
  6.337985e-01   7.335008e-17   2.420042e-04   1.659054e-18   3456
  6.347053e-01   7.229515e-17   2.325937e-04   1.481211e-18   3792
  6.355244e-01   7.618606e-17   2.284723e-04   1.911202e-18   2868
  6.364094e-01   6.706944e-17   2.366964e-04   1.352002e-18   3888
  6.372365e-01   6.359449e-17   2.055262e-04   1.563666e-18   2784
  6.380507e-01   6.828000e-17   2.347167e-04   1.849425e-18   2964
  6.389401e-01   6.980415e-17   2.417122e-04   1.580064e-18   3432
  6.397867e-01   6.753282e-17   2.501965e-04   1.513670e-18   3416
  6.406434e-01   6.875146e-17   2.674381e-04   1.562568e-18   3528
  6.415202e-01   7.244111e-17   2.146381e-04   1.799553e-18   2904
  6.422958e-01   6.239026e-17   2.406723e-04   1.534856e-18   3072
  6.431978e-01   6.145998e-17   2.703026e-04   1.430649e-18   3216
  6.440996e-01   6.139253e-17   2.189164e-04   1.601273e-18   2844
  6.448912e-01   6.158409e-17   2.505096e-04   1.486258e-18   3432
  6.457040e-01   6.940809e-17   2.013505e-04   1.814459e-18   2880
  6.466118e-01   6.268188e-17   2.667176e-04   1.527205e-18   3576
  6.474671e-01   6.688655e-17   2.384081e-04   1.815840e-18   2700
  6.482861e-01   5.850004e-17   2.677915e-04   1.450503e-18   3000
  6.491436e-01   5.510517e-17   2.223467e-04   1.489783e-18   2556
  6.499763e-01   6.125655e-17   2.383114e-04   1.470784e-18   3360
  6.508373e-01   6.076131e-17   2.315574e-04   1.464559e-18   3120
  6.517650e-01   6.099525e-17   2.726165e-04   1.585459e-18   3216
  6.525636e-01   6.447139e-17   1.922690e-04   1.715975e-18   2628
  6.534614e-01   5.521241e-17   2.541519e-04   1.431917e-18   3200
  6.542803e-01   5.179195e-17   2.397679e-04   1.441847e-18   2232
  6.551074e-01   5.114937e-17   2.736875e-04   1.430909e-18   3108
  6.559309e-01   6.494573e-17   2.404187e-04   1.884799e-18   2604
  6.567735e-01   6.017853e-17   2.589990e-04   1.522336e-18   3096
  6.577005e-01   5.581990e-17   2.359820e-04   1.447070e-18   3084
  6.585047e-01   5.188585e-17   2.408160e-04   1.429579e-18   2664
  6.593337e-01   5.433928e-17   2.123619e-04   1.673695e-18   2232
  6.601458e-01   4.414997e-17   2.615978e-04   1.237786e-18   2808
  6.610352e-01   5.481674e-17   2.471197e-04   1.634263e-18   2592
  6.618655e-01   5.998681e-17   2.536980e-04   1.655659e-18   2952
  6.627380e-01   5.008872e-17   2.395220e-04   1.399800e-18   2772
  6.635862e-01   5.009529e-17   2.575909e-04   1.344350e-18   3036
  6.644738e-01   4.814825e-17   2.498645e-04   1.553157e-18   2136
  6.652829e-01   4.273525e-17   1.992675e-04   1.345154e-18   2496
  6.661138e-01   5.300039e-17   2.654094e-04   1.682105e-18   2228
  6.669802e-01   5.576171e-17   2.474467e-04   1.607564e-18   3048
  6.678426e-01   5.022349e-17   2.363683e-04   1.542836e-18   2676
  6.686995e-01   4.432097e-17   2.354750e-04   1.251317e-18   2784
  6.695185e-01   4.596737e-17   2.287645e-04   1.477511e-18   1920
  6.703399e-01   4.085692e-17   2.441470e-04   1.205299e-18   2400
  6.712300e-01   4.032574e-17   2.239332e-04   1.208785e-18   2532
  6.721505e-01   4.840636e-17   2.487362e-04   1.527057e-18   2544
  6.729786e-01   5.331317e-17   2.602118e-04   1.596960e-18   2772
  6.737945e-01   4.186091e-17   2.437306e-04   1.506304e-18   2160
  6.746047e-01   4.520342e-17   2.625210e-04   1.458079e-18   2304
  6.755422e-01   4.052997e-17   2.568904e-04   1.386984e-18   2328
  6.763826e-01   3.425227e-17   2.463036e-04   1.148202e-18   2304
  6.771610e-01   3.586429e-17   2.329142e-04   1.249813e-18   1908
  6.780465e-01   5.163859e-17   2.604996e-04   1.740252e-18   2736
  6.788994e-01   4.596655e-17   2.468231e-04   1.575157e-18   2448
  6.798065e-01   4.477804e-17   2.307663e-04   1.470236e-18   2040
  6.806273e-01   3.153071e-17   2.402748e-04   1.225677e-18   2120
  6.814166e-01   4.027227e-17   1.992121e-04   1.383501e-18   2040
  6.822662e-01   3.254470e-17   2.471585e-04   1.308485e-18   2208
  6.832277e-01   4.621238e-17   2.219109e-04   1.668565e-18   2208
  6.840064e-01   5.334646e-17   2.459196e-04   1.852199e-18   2196
  6.848112e-01   2.991436e-17   2.163266e-04   1.108944e-18   1848
  6.856301e-01   3.846958e-17   2.453429e-04   1.470652e-18   2124
  6.865460e-01   3.407057e-17   2.573595e-04   1.143112e-18   2328
  6.874404e-01   3.375503e-17   2.620143e-04   1.348958e-18   1920
  6.883100e-01   3.117923e-17   2.405262e-04   1.273196e-18   1548
  6.890833e-01   4.462929e-17   2.638497e-04   1.530662e-18   2388
  6.899956e-01   3.231274e-17   2.441618e-04   1.335518e-18   2160
  6.908310e-01   3.302822e-17   2.222335e-04   1.396245e-18   1704
  6.916314e-01   3.084701e-17   2.503658e-04   1.352168e-18   1776
  6.923886e-01   3.008320e-17   2.341856e-04   1.257518e-18   1800
  6.933460e-01   2.662468e-17   2.703456e-04   1.088881e-18   1700
  6.942403e-01   4.053345e-17   2.434138e-04   1.640486e-18   2292
  6.950731e-01   3.341490e-17   2.259603e-04   1.501461e-18   1704
  6.958590e-01   3.289664e-17   2.526614e-04   1.436500e-18   1728
  6.967197e-01   2.672428e-17   2.338439e-04   1.205971e-18   1728
  6.975632e-01   3.370530e-17   2.336239e-04   1.478533e-18   1680
  6.984603e-01   2.117930e-17   2.691417e-04   9.735472e-19   1704
  6.993542e-01   2.320140e-17   2.113568e-04   8.986811e-19   1752
  7.001534e-01   3.520635e-17   2.512631e-04   1.673840e-18   1872
  7.010180e-01   3.045760e-17   2.462655e-04   1.555926e-18   1500
  7.018952e-01   2.643459e-17   2.156415e-04   1.276899e-18   1656
  7.027470e-01   2.778391e-17   2.312087e-04   1.161264e-18   1464
  7.035040e-01   1.863346e-17   2.025156e-04   1.033167e-18   1488
  7.044325e-01   2.231099e-17   2.444213e-04   9.135038e-19   1680
  7.052811e-01   2.718670e-17   2.553590e-04   1.330083e-18   1692
  7.060753e-01   2.481654e-17   2.445192e-04   1.394538e-18   1128
  7.069565e-01   2.433523e-17   2.354508e-04   1.204528e-18   1536
  7.078161e-01   1.907019e-17   2.454338e-04   1.046876e-18   1616
  7.086864e-01   1.878675e-17   2.366751e-04   1.000564e-18   1476
  7.095637e-01   1.847355e-17   2.604667e-04   1.229699e-18   1176
  7.103467e-01   1.926967e-17   2.798437e-04   8.404510e-19   1656
  7.111995e-01   2.244599e-17   2.458168e-04   1.773071e-18   891
  7.120785e-01   1.738973e-17   2.620429e-04   7.773095e-19   1596
  7.129351e-01   1.537523e-17   2.285084e-04   9.052829e-19   1422
  7.137799e-01   1.632105e-17   2.191242e-04   8.189368e-19   1254
  7.145746e-01   1.185819e-17   2.238603e-04   6.104378e-19   918
  7.154260e-01   1.662199e-17   2.450016e-04   6.962544e-19   1614
  7.162836e-01   1.303841e-17   2.116357e-04   8.825764e-19   798
  7.171363e-01   1.206559e-17   2.712918e-04   6.059320e-19   1458
  7.180010e-01   1.327989e-17   2.484128e-04   5.892011e-19   1374
  7.188557e-01   1.041542e-17   2.121611e-04   6.675747e-19   984
  7.197034e-01   1.212865e-17   2.919043e-04   5.934634e-19   1062
  7.205669e-01   1.443823e-17   2.474440e-04   7.110565e-19   1246
  7.214055e-01   8.353461e-18   2.294417e-04   4.719192e-19   1072
  7.223013e-01   9.032390e-18   2.484706e-04   5.582394e-19   1110
  7.231291e-01   1.264199e-17   2.691818e-04   6.266205e-19   1254
  7.239992e-01   9.811466e-18   2.554678e-04   5.751593e-19   1032
  7.249475e-01   1.118361e-17   2.366890e-04   8.313776e-19   786
  7.256685e-01   1.066568e-17   2.426573e-04   4.862824e-19   1152
  7.265129e-01   8.592246e-18   2.644723e-04   4.877156e-19   1086
  7.273926e-01   5.740704e-18   2.386131e-04   2.233840e-19   912
  7.282057e-01   1.360653e-17   2.391874e-04   6.610771e-19   1062
  7.290355e-01   6.901909e-18   2.384121e-04   2.860647e-19   912
  7.299945e-01   5.957485e-18   2.661461e-04   3.659410e-19   750
  7.307419e-01   9.899632e-18   2.564338e-04   4.604326e-19   1200
  7.316069e-01   7.032722e-18   2.322209e-04   4.170124e-19   918
  7.324668e-01   5.689640e-18   2.410375e-04   3.132629e-19   876
  7.333405e-01   9.827051e-18   2.106185e-04   4.736972e-19   870
  7.341057e-01   7.204033e-18   2.456529e-04   3.578740e-19   768
  7.350026e-01   4.524968e-18   2.251539e-04   2.410036e-19   830
  7.358332e-01   7.136265e-18   2.331169e-04   3.541814e-19   1080
  7.366934e-01   6.175782e-18   2.622870e-04   3.102846e-19   840
  7.375605e-01   4.825866e-18   2.525535e-04   2.334222e-19   798
  7.385438e-01   8.820786e-18   2.004556e-04   4.899549e-19   792
  7.393065e-01   5.222763e-18   2.337962e-04   2.846916e-19   726
  7.401066e-01   3.721258e-18   2.619817e-04   1.287404e-19   864
  7.409831e-01   5.766339e-18   2.242503e-04   3.376271e-19   900
  7.418717e-01   4.257225e-18   2.492237e-04   1.805138e-19   726
  7.426340e-01   4.260950e-18   2.156923e-04   1.946005e-19   576
  7.436510e-01   5.538365e-18   2.244662e-04   2.937272e-19   840
  7.443665e-01   4.393598e-18   2.330099e-04   2.447519e-19   750
  7.452141e-01   3.856153e-18   2.337175e-04   1.776712e-19   720
  7.460137e-01   5.074830e-18   2.364407e-04   2.897756e-19   702
  7.469474e-01   4.344847e-18   2.582250e-04   2.064071e-19   696
  7.477159e-01   4.388153e-18   2.309338e-04   2.496555e-19   480
  7.486215e-01   4.354663e-18   2.188193e-04   2.682932e-19   830
  7.494233e-01   4.098590e-18   2.545577e-04   2.059615e-19   756
  7.503217e-01   3.875610e-18   2.444202e-04   1.918869e-19   624
  7.511146e-01   3.424328e-18   2.582642e-04   2.096333e-19   582
  7.520520e-01   4.180015e-18   1.982236e-04   2.409507e-19   576
  7.528627e-01   3.240510e-18   2.654862e-04   1.620802e-19   624
  7.536941e-01   3.644973e-18   2.168225e-04   1.862035e-19   702
  7.545169e-01   3.337286e-18   2.494039e-04   1.767667e-19   624
  7.554942e-01   3.551547e-18   2.412815e-04   1.644518e-19   672
  7.562902e-01   2.457687e-18   1.806218e-04   1.438910e-19   342
  7.571647e-01   3.363235e-18   2.258010e-04   1.931266e-19   660
  7.579685e-01   2.628067e-18   2.321137e-04   1.658000e-19   576
  7.587987e-01   2.793029e-18   2.256613e-04   1.601103e-19   600
  7.596378e-01   2.458909e-18   2.610083e-04   1.607278e-19   510
  7.605817e-01   3.041515e-18   2.445257e-04   1.453834e-19   600
  7.613097e-01   2.152554e-18   1.947554e-04   1.471839e-19   216
  7.621574e-01   2.383384e-18   2.370511e-04   1.164365e-19   758
  7.631457e-01   2.159903e-18   2.595205e-04   1.270259e-19   576
  7.640119e-01   2.648340e-18   2.203259e-04   1.361666e-19   528
  7.647935e-01   2.366178e-18   1.517259e-04   1.848847e-19   318
  7.656331e-01   2.822485e-18   2.621079e-04   1.464676e-19   540
  7.666261e-01   1.133866e-18   1.853063e-04   6.190498e-20   384
  7.672989e-01   2.267756e-18   2.560288e-04   1.298365e-19   576
  7.681747e-01   1.658533e-18   2.092230e-04   1.019476e-19   414
  7.690029e-01   2.491678e-18   2.336337e-04   1.510376e-19   504
  7.698874e-01   2.071299e-18   2.564753e-04   1.119137e-19   312
  7.707371e-01   2.113886e-18   2.323698e-04   1.410763e-19   414
  7.715801e-01   1.461274e-18   2.146724e-04   8.372153e-20   432
  7.723646e-01   1.698319e-18   2.843028e-04   9.094135e-20   504
  7.732727e-01   1.901729e-18   2.738155e-04   1.177683e-19   432
  7.741226e-01   1.759147e-18   2.242960e-04   1.005635e-19   354
  7.749886e-01   2.084958e-18   3.263780e-04   1.822179e-19   200
  7.757313e-01   1.457690e-18   2.315757e-04   7.723327e-20   480
  7.767349e-01   1.475685e-18   2.646260e-04   7.714496e-20   552
  7.776554e-01   1.602983e-18   1.648409e-04   1.223761e-19   366
  7.783648e-01   1.745167e-18   1.754814e-04   1.763535e-19   240
  7.791457e-01   1.793703e-18   2.453301e-04   9.764851e-20   288
  7.802446e-01   1.417558e-18   1.686051e-04   8.909172e-20   366
  7.809550e-01   1.099071e-18   2.733622e-04   6.270440e-20   408
  7.817480e-01   1.293300e-18   2.054978e-04   9.539935e-20   360
  7.825685e-01   1.451473e-18   1.915583e-04   8.646207e-20   324
  7.833643e-01   1.391252e-18   2.262365e-04   1.093067e-19   174
  7.843121e-01   1.332765e-18   2.599139e-04   9.422119e-20   264
  7.852018e-01   1.139533e-18   2.370543e-04   6.837224e-20   456
  7.860890e-01   1.133948e-18   2.383673e-04   6.172630e-20   360
  7.868184e-01   1.026930e-18   2.625845e-04   6.985935e-20   270
  7.877116e-01   1.414140e-18   2.871894e-04   9.862480e-20   240
  7.888307e-01   1.596576e-18   2.092834e-04   1.293961e-19   120
  7.893808e-01   6.061049e-19   2.184848e-04   3.833951e-20   320
  7.902688e-01   1.009566e-18   2.703374e-04   5.126970e-20   462
  7.911989e-01   1.077012e-18   1.572842e-04   7.333993e-20   276
  7.920070e-01   1.072506e-18   1.784365e-04   1.010991e-19   144
  7.927854e-01   1.564200e-18   1.873931e-04   1.597420e-19   120
  7.938201e-01   6.477648e-19   1.419059e-04   3.494171e-20   294
  7.946021e-01   8.890407e-19   2.517486e-04   5.533587e-20   384
  7.953317e-01   8.256813e-19   1.666559e-04   5.748338e-20   216
  7.960300e-01   1.205250e-18   1.547682e-04   9.549676e-20   168
  7.968189e-01   1.008343e-18   1.841494e-04   1.026025e-19   102
  7.979594e-01   9.127902e-19   2.793910e-04   6.788012e-20   168
  7.987590e-01   8.002154e-19   2.445344e-04   4.480744e-20   384
  7.996356e-01   8.392022e-19   2.484531e-04   5.732236e-20   300
  8.004513e-01   8.717126e-19   2.660394e-04   5.386081e-20   144
  8.013710e-01   9.068108e-19   2.724619e-04   8.038951e-20   102
  8.024745e-01   1.127171e-18   6.449779e-05   1.024099e-19   56
  8.030032e-01   5.594142e-19   2.099880e-04   3.699745e-20   288
  8.038324e-01   6.162618e-19   2.732724e-04   2.998313e-20   360
  8.047352e-01   7.441779e-19   1.465920e-04   5.259153e-20   126
  8.054959e-01   7.983110e-19   7.219820e-05   9.727742e-20   72
  8.063251e-01   9.818199e-19   3.825072e-05   1.492698e-19   48
  8.074069e-01   5.148262e-19   1.547423e-04   3.245972e-20   240
  8.081179e-01   6.332921e-19   2.295968e-04   3.244981e-20   306
  8.088457e-01   6.185695e-19   1.276047e-04   4.952969e-20   120
  8.096841e-01   8.116702e-19   3.140524e-04   9.262990e-20   96
  8.102934e-01   8.284147e-19   0.000000e+00   1.523238e-19   24
  8.116625e-01   4.405970e-19   2.719614e-04   3.591630e-20   120
  8.123333e-01   5.333579e-19   2.351967e-04   3.038479e-20   318
  8.131540e-01   6.062004e-19   2.513397e-04   5.171805e-20   168
  8.140529e-01   7.748393e-19   2.697157e-04   9.057507e-20   72
  8.150375e-01   8.119004e-19   0.000000e+00   1.769661e-19   24
  8.160963e-01   7.346387e-19   1.309209e-04   1.060912e-19   14
  8.166001e-01   3.937821e-19   2.064915e-04   2.568446e-20   288
  8.173825e-01   4.665741e-19   2.484205e-04   3.708885e-20   204
  8.182854e-01   5.770382e-19   3.769163e-05   7.983480e-20   48
  8.190012e-01   1.153811e-18   0.000000e+00   2.284184e-19   24
  8.198293e-01   4.405614e-19   0.000000e+00   1.486051e-19   6
  8.210197e-01   4.090847e-19   1.543841e-04   3.044954e-20   216
  8.216331e-01   6.154538e-19   2.055974e-04   4.489557e-20   192
  8.223835e-01   4.449254e-19   3.750381e-05   6.841141e-20   48
  8.231707e-01   5.324876e-19   2.996618e-04   8.168906e-20   30
  8.253970e-01   4.103983e-19   6.196711e-05   3.582881e-20   96
  8.258541e-01   3.751772e-19   2.030500e-04   2.226102e-20   228
  8.267225e-01   5.325742e-19   2.655246e-04   6.575736e-20   72
  8.277664e-01   1.316270e-18   0.000000e+00   6.408518e-19   6
  8.301440e-01   4.191801e-19   2.004855e-04   2.464100e-20   248
  8.309027e-01   4.509852e-19   2.294661e-04   5.569408e-20   72
  8.318179e-01   3.885487e-19   1.271566e-08   1.096091e-19   6
  8.345842e-01   3.725073e-19   1.424677e-04   2.230375e-20   180
  8.351359e-01   4.768990e-19   1.938498e-04   6.154011e-20   72
  8.359234e-01   5.306150e-19   0.000000e+00   7.774794e-20   6
  8.389986e-01   3.341186e-19   6.096248e-05   2.730397e-20   96
  8.393661e-01   4.017199e-19   1.673676e-04   3.745919e-20   96
  8.400824e-01   4.995181e-19   0.000000e+00   1.931303e-19   6
  8.436361e-01   3.729199e-19   1.601837e-04   2.683314e-20   140
  8.442939e-01   4.518286e-19   0.000000e+00   9.568174e-20   6
  8.481027e-01   3.095604e-19   1.075705e-04   2.718286e-20   96
  8.485572e-01   1.366454e-19   0.000000e+00   4.165316e-20   6
  8.525822e-01   4.448091e-19   6.471255e-05   5.148734e-20   60
  8.528715e-01   5.316459e-19   0.000000e+00   1.547428e-19   6
  8.570997e-01   2.179193e-19   6.560518e-05   3.155249e-20   38
  8.616024e-01   2.211748e-19   3.374897e-05   4.596355e-20   18
  8.661129e-01   7.478376e-20   1.271566e-08   2.207573e-20   6
