# power spectrum of pi_v_k
# redshift z=99.597220
# k              Pk             sigma(k)       sigma(Pk)      count
  7.853982e-03   3.513346e-11   0.000000e+00   1.416170e-11   6
  1.110721e-02   1.877518e-11   0.000000e+00   3.747953e-12   12
  1.360350e-02   1.344418e-11   1.490116e-10   2.735841e-12   8
  1.570796e-02   4.262514e-11   0.000000e+00   4.586775e-12   6
  1.756204e-02   2.828068e-11   2.809790e-10   9.015628e-12   24
  1.923825e-02   3.868760e-11   2.809790e-10   6.517922e-12   24
  2.221441e-02   1.593861e-11   0.000000e+00   7.173934e-12   12
  2.356194e-02   1.784095e-11   3.178914e-10   3.286507e-12   30
  2.483647e-02   2.152662e-11   0.000000e+00   4.744064e-12   24
  2.604871e-02   1.898946e-11   4.866699e-10   4.707169e-12   24
  2.720699e-02   2.147639e-11   2.980232e-10   4.353323e-12   8
  2.831793e-02   1.763122e-11   3.973643e-10   2.190412e-12   24
  2.938691e-02   1.611602e-11   0.000000e+00   2.264734e-12   48
  3.141593e-02   1.804769e-11   0.000000e+00   7.935205e-12   6
  3.238280e-02   1.409927e-11   3.973643e-10   1.979780e-12   48
  3.332162e-02   1.276658e-11   3.746387e-10   1.327710e-12   36
  3.423471e-02   1.796403e-11   3.973643e-10   3.756426e-12   24
  3.512407e-02   1.031555e-11   5.619580e-10   1.775865e-12   24
  3.599147e-02   9.054597e-12   0.000000e+00   1.231308e-12   48
  3.683844e-02   1.379728e-11   5.619580e-10   1.963914e-12   24
  3.847649e-02   1.061256e-11   5.619580e-10   1.669350e-12   24
  3.926991e-02   7.139622e-12   0.000000e+00   1.168622e-12   30
  4.004761e-02   7.512652e-12   0.000000e+00   8.297480e-13   72
  4.081049e-02   7.226564e-12   5.960464e-10   1.471249e-12   32
  4.229499e-02   9.430360e-12   0.000000e+00   1.093806e-12   72
  4.301803e-02   5.680445e-12   0.000000e+00   8.304633e-13   48
  4.442883e-02   2.969138e-12   0.000000e+00   8.831958e-13   12
  4.545694e-02   5.467595e-12   3.392498e-04   5.067549e-13   96
  4.646478e-02   6.737150e-12   5.619580e-10   8.498734e-13   48
  4.712389e-02   8.052343e-12   6.357829e-10   1.411534e-12   30
  4.825487e-02   7.228106e-12   2.776864e-04   6.780298e-13   96
  4.967294e-02   4.261737e-12   0.000000e+00   8.089647e-13   24
  5.049322e-02   6.005309e-12   2.873674e-04   4.871290e-13   144
  5.150200e-02   4.165446e-12   9.733398e-10   1.023189e-12   24
  5.253894e-02   6.138571e-12   2.549103e-04   7.002757e-13   96
  5.326830e-02   5.353371e-12   0.000000e+00   8.240975e-13   48
  5.490511e-02   6.513912e-12   1.890362e-04   7.338315e-13   62
  5.573699e-02   4.732909e-12   2.658311e-04   5.725875e-13   132
  5.663587e-02   3.107265e-12   7.947286e-10   5.543017e-13   24
  5.748465e-02   4.857925e-12   2.656931e-04   4.125539e-13   168
  5.903504e-02   5.660703e-12   2.612221e-04   4.728704e-13   96
  6.019922e-02   3.802723e-12   2.223241e-04   3.588836e-13   96
  6.162770e-02   3.978120e-12   2.478098e-04   3.279695e-13   168
  6.283185e-02   5.344389e-12   0.000000e+00   2.348764e-12   6
  6.332082e-02   4.391671e-12   0.000000e+00   4.251861e-13   96
  6.390236e-02   4.192386e-12   1.926248e-04   4.131176e-13   120
  6.508191e-02   3.328735e-12   2.236718e-04   2.635174e-13   144
  6.571112e-02   3.872690e-12   0.000000e+00   5.216833e-13   48
  6.690679e-02   3.392818e-12   2.282370e-04   3.665448e-13   84
  6.756250e-02   3.734405e-12   1.557344e-09   3.352136e-13   120
  6.815306e-02   2.888556e-12   2.071087e-04   3.315353e-13   80
  6.906710e-02   2.724289e-12   2.102834e-04   1.998759e-13   144
  7.024815e-02   3.379359e-12   1.123916e-09   6.268499e-13   24
  7.082503e-02   3.693228e-12   2.029143e-04   3.081781e-13   150
  7.172508e-02   3.298602e-12   2.105350e-04   2.406838e-13   120
  7.271349e-02   2.952480e-12   1.918583e-04   2.491847e-13   168
  7.367688e-02   4.403359e-12   1.123916e-09   7.370763e-13   24
  7.428300e-02   2.555135e-12   2.066893e-04   1.620114e-13   264
  7.492221e-02   1.996283e-12   1.123916e-09   2.797182e-13   48
  7.601180e-02   2.587219e-12   1.914474e-04   2.137663e-13   144
  7.721950e-02   3.126130e-12   1.884480e-04   3.838511e-13   72
  7.790872e-02   2.443143e-12   1.938424e-04   1.561950e-13   180
  7.887219e-02   2.537631e-12   1.404521e-04   1.897968e-13   198
  7.932133e-02   2.645521e-12   0.000000e+00   2.887650e-13   48
  8.031473e-02   2.106060e-12   1.901059e-04   1.585840e-13   168
  8.105195e-02   2.465325e-12   1.902639e-04   2.249828e-13   144
  8.216723e-02   2.266197e-12   2.673312e-04   1.181747e-13   248
  8.367327e-02   1.577568e-12   1.843033e-04   1.108686e-13   192
  8.469881e-02   2.023035e-12   2.846833e-04   1.331374e-13   240
  8.531608e-02   2.172989e-12   0.000000e+00   2.355332e-13   72
  8.625752e-02   2.212448e-12   1.737259e-04   1.927055e-13   126
  8.685144e-02   2.324038e-12   1.602857e-04   1.837621e-13   168
  8.798545e-02   2.123583e-12   1.752705e-04   1.187271e-13   288
  8.917744e-02   1.895736e-12   9.231163e-05   1.611920e-13   156
  8.979471e-02   1.597838e-12   1.552950e-04   1.394489e-13   168
  9.073079e-02   1.665526e-12   2.662258e-04   1.017414e-13   264
  9.159238e-02   1.547506e-12   0.000000e+00   1.910819e-13   48
  9.223262e-02   1.533272e-12   2.649592e-04   1.004497e-13   264
  9.315043e-02   1.532623e-12   1.561767e-04   1.271175e-13   144
  9.384360e-02   1.687001e-12   3.195296e-04   1.926245e-13   78
  9.485335e-02   1.338784e-12   2.077074e-04   7.369919e-14   336
  9.580557e-02   1.223320e-12   1.580315e-04   8.294531e-14   200
  9.643092e-02   1.180486e-12   3.094279e-04   8.995414e-14   192
  9.727517e-02   1.445915e-12   1.552787e-04   1.029448e-13   240
  9.805078e-02   1.510597e-12   3.111877e-04   1.038490e-13   168
  9.884759e-02   1.231062e-12   2.491457e-04   1.057575e-13   120
  9.980457e-02   1.345482e-12   1.947292e-04   7.182290e-14   324
  1.007331e-01   1.192433e-12   1.530902e-04   8.147199e-14   192
  1.013651e-01   1.329940e-12   2.745589e-04   9.641558e-14   168
  1.024401e-01   9.721378e-13   2.261345e-04   5.368405e-14   342
  1.034094e-01   1.318886e-12   1.820838e-04   6.750252e-14   336
  1.043919e-01   1.440225e-12   1.393419e-04   1.604520e-13   72
  1.050544e-01   1.141638e-12   2.228587e-04   7.608110e-14   288
  1.058235e-01   1.126120e-12   1.451409e-04   8.168665e-14   264
  1.068977e-01   9.860668e-13   1.908961e-04   5.325628e-14   384
  1.078598e-01   1.021569e-12   2.291250e-04   7.629827e-14   240
  1.082597e-01   1.079859e-12   0.000000e+00   1.319632e-13   48
  1.094162e-01   1.044989e-12   1.875538e-04   5.269784e-14   392
  1.102985e-01   9.524103e-13   2.058309e-04   5.410528e-14   294
  1.112472e-01   9.360184e-13   1.337793e-04   6.936093e-14   228
  1.118712e-01   1.104334e-12   2.031635e-04   7.219293e-14   216
  1.126476e-01   9.115310e-13   1.237531e-04   4.811548e-14   336
  1.135979e-01   9.637798e-13   1.470390e-04   5.518598e-14   360
  1.143824e-01   1.038654e-12   2.240245e-04   6.411780e-14   240
  1.151999e-01   9.369564e-13   2.650723e-04   6.551073e-14   168
  1.159625e-01   8.703847e-13   2.086441e-04   4.952353e-14   312
  1.168709e-01   8.568405e-13   1.305768e-04   4.365460e-14   336
  1.178523e-01   9.218661e-13   1.781309e-04   5.595848e-14   294
  1.185923e-01   1.031258e-12   2.374121e-04   6.354663e-14   288
  1.191585e-01   7.207344e-13   1.485567e-04   4.715386e-14   264
  1.201682e-01   8.310801e-13   2.551823e-04   4.225077e-14   480
  1.210124e-01   9.188667e-13   1.248343e-04   5.494859e-14   240
  1.220474e-01   8.986985e-13   1.262294e-04   5.267979e-14   276
  1.228640e-01   8.398200e-13   2.770985e-04   3.519121e-14   488
  1.238341e-01   9.529150e-13   1.220401e-04   8.417657e-14   240
  1.243972e-01   8.597101e-13   2.369704e-04   4.257759e-14   360
  1.251868e-01   7.202809e-13   8.431050e-05   5.356183e-14   198
  1.262022e-01   6.958273e-13   2.848886e-04   3.029387e-14   480
  1.269457e-01   6.932071e-13   1.051538e-04   4.204628e-14   288
  1.279739e-01   7.923917e-13   2.222711e-04   3.752209e-14   480
  1.288986e-01   8.045027e-13   1.369471e-04   3.396781e-14   480
  1.298482e-01   6.970173e-13   1.771183e-04   4.677842e-14   288
  1.304406e-01   7.795999e-13   1.889527e-04   4.433207e-14   288
  1.313724e-01   7.416214e-13   3.284945e-04   3.580944e-14   456
  1.323107e-01   8.180254e-13   3.093653e-04   4.028769e-14   360
  1.329156e-01   7.252987e-13   1.854426e-04   4.499153e-14   180
  1.337910e-01   6.092863e-13   2.019696e-04   2.596120e-14   486
  1.346784e-01   6.776030e-13   2.686846e-04   3.042410e-14   504
  1.355806e-01   7.183347e-13   2.087544e-04   3.411149e-14   456
  1.363287e-01   6.877132e-13   1.734380e-04   4.028147e-14   296
  1.373170e-01   6.421290e-13   1.711431e-04   2.828586e-14   528
  1.380603e-01   6.432534e-13   1.688738e-04   3.254612e-14   336
  1.391551e-01   6.386834e-13   1.873127e-04   2.644280e-14   600
  1.399564e-01   5.286377e-13   1.097378e-04   3.131546e-14   264
  1.407594e-01   6.166890e-13   1.186684e-04   3.021995e-14   360
  1.415791e-01   5.834121e-13   2.375857e-04   2.541625e-14   630
  1.424823e-01   6.639874e-13   1.226395e-04   3.158049e-14   432
  1.432835e-01   6.297709e-13   2.362954e-04   2.970337e-14   408
  1.442670e-01   5.698919e-13   1.568384e-04   3.078458e-14   324
  1.449986e-01   5.362489e-13   2.235139e-04   2.017124e-14   744
  1.458811e-01   5.157927e-13   1.786845e-04   2.878869e-14   336
  1.467243e-01   5.802856e-13   2.456455e-04   2.539814e-14   528
  1.476489e-01   4.853559e-13   1.253358e-04   2.578023e-14   408
  1.482619e-01   4.700522e-13   2.133217e-04   2.328379e-14   408
  1.492748e-01   4.767282e-13   1.761040e-04   2.143869e-14   470
  1.500126e-01   5.014987e-13   2.115578e-04   2.273695e-14   528
  1.510428e-01   4.259875e-13   1.762850e-04   1.579545e-14   624
  1.518017e-01   4.820916e-13   1.341363e-04   2.225212e-14   504
  1.525845e-01   4.149324e-13   1.868418e-04   1.796708e-14   552
  1.533610e-01   4.510898e-13   9.082694e-05   2.273445e-14   336
  1.543334e-01   4.755412e-13   1.933348e-04   2.071618e-14   528
  1.550866e-01   4.434437e-13   2.201153e-04   1.756980e-14   564
  1.559689e-01   4.170416e-13   2.025929e-04   2.010090e-14   528
  1.569254e-01   4.518574e-13   3.145317e-04   1.982176e-14   582
  1.577952e-01   4.112064e-13   2.421419e-04   1.632527e-14   624
  1.585560e-01   3.967750e-13   2.768148e-04   1.994852e-14   432
  1.594636e-01   4.083582e-13   3.079082e-04   1.396547e-14   816
  1.603976e-01   4.188488e-13   1.403307e-04   2.311588e-14   312
  1.610085e-01   3.652227e-13   2.274371e-04   1.630072e-14   552
  1.619938e-01   3.766233e-13   1.432453e-04   1.397593e-14   744
  1.627075e-01   4.100885e-13   1.338202e-04   2.230391e-14   408
  1.636288e-01   3.519740e-13   1.917702e-04   1.420718e-14   632
  1.645859e-01   4.046802e-13   3.256744e-04   1.491731e-14   750
  1.653644e-01   3.858780e-13   2.240398e-04   2.046482e-14   312
  1.662320e-01   3.633886e-13   3.307635e-04   1.248176e-14   876
  1.670902e-01   2.934388e-13   2.159690e-04   1.223331e-14   552
  1.680571e-01   3.580523e-13   1.786055e-04   1.409738e-14   696
  1.687158e-01   3.542023e-13   1.971466e-04   1.504895e-14   576
  1.696122e-01   3.136035e-13   2.087308e-04   1.450675e-14   576
  1.703773e-01   3.524956e-13   2.797000e-04   1.390672e-14   648
  1.713020e-01   3.463325e-13   2.799621e-04   1.268287e-14   672
  1.723228e-01   3.332139e-13   1.187495e-04   1.584666e-14   480
  1.729762e-01   3.098589e-13   1.838980e-04   1.108405e-14   726
  1.738175e-01   3.394722e-13   2.083803e-04   1.184695e-14   792
  1.747288e-01   3.102990e-13   2.890786e-04   1.136222e-14   768
  1.756892e-01   3.223698e-13   2.362529e-04   1.206804e-14   672
  1.765698e-01   3.118120e-13   1.584735e-04   1.208163e-14   608
  1.772072e-01   2.964467e-13   1.521394e-04   1.170488e-14   624
  1.781167e-01   2.956042e-13   1.977038e-04   1.071455e-14   684
  1.790012e-01   2.986409e-13   2.920315e-04   1.023207e-14   768
  1.798244e-01   3.081842e-13   2.334772e-04   1.057608e-14   744
  1.808054e-01   2.862964e-13   1.470111e-04   9.873361e-15   750
  1.815203e-01   2.669188e-13   2.185124e-04   1.160445e-14   600
  1.822935e-01   2.806868e-13   2.320208e-04   1.133940e-14   600
  1.832487e-01   2.884406e-13   2.673896e-04   8.816731e-15   1008
  1.840073e-01   2.884293e-13   1.483035e-04   1.088081e-14   696
  1.848478e-01   2.953383e-13   1.959155e-04   1.196282e-14   624
  1.856929e-01   2.848287e-13   3.048693e-04   1.045209e-14   840
  1.866529e-01   2.995950e-13   2.074390e-04   1.028619e-14   816
  1.874316e-01   2.678643e-13   1.377859e-04   9.189534e-15   744
  1.882180e-01   2.743772e-13   2.435827e-04   1.148896e-14   510
  1.891680e-01   2.771875e-13   2.338594e-04   8.886305e-15   1020
  1.900521e-01   2.700496e-13   1.887014e-04   8.539420e-15   912
  1.909236e-01   2.769194e-13   2.795717e-04   9.864518e-15   752
  1.916443e-01   2.696865e-13   2.319791e-04   1.028005e-14   888
  1.926277e-01   2.530668e-13   1.496952e-04   8.914288e-15   768
  1.934322e-01   2.569516e-13   2.720094e-04   9.230754e-15   720
  1.943579e-01   2.515889e-13   2.397841e-04   7.974268e-15   1056
  1.951791e-01   2.523897e-13   1.658928e-04   1.095377e-14   504
  1.958519e-01   2.347204e-13   2.590449e-04   8.853955e-15   774
  1.968141e-01   2.412948e-13   2.491327e-04   7.333124e-15   1272
  1.977179e-01   2.457611e-13   1.632211e-04   9.333211e-15   744
  1.985606e-01   2.235618e-13   2.665297e-04   7.943313e-15   768
  1.993337e-01   2.352157e-13   2.254494e-04   7.724431e-15   840
  2.002020e-01   2.441555e-13   1.528486e-04   7.834782e-15   924
  2.010380e-01   2.323378e-13   2.694718e-04   7.582286e-15   936
  2.018597e-01   2.138233e-13   1.872727e-04   7.008574e-15   840
  2.026874e-01   2.351220e-13   2.226454e-04   7.317369e-15   1008
  2.037393e-01   2.121499e-13   2.513459e-04   7.808661e-15   696
  2.043993e-01   2.013435e-13   2.234032e-04   6.374366e-15   974
  2.053799e-01   2.208020e-13   2.967054e-04   6.283072e-15   1152
  2.062324e-01   2.162617e-13   1.161016e-04   7.185779e-15   816
  2.068954e-01   1.938885e-13   2.554105e-04   6.312382e-15   816
  2.077874e-01   2.053209e-13   2.255389e-04   5.848283e-15   1152
  2.087282e-01   2.040774e-13   2.030624e-04   6.449168e-15   912
  2.095836e-01   2.137925e-13   2.467207e-04   6.361784e-15   1056
  2.103161e-01   2.061563e-13   2.109904e-04   8.112472e-15   624
  2.113011e-01   1.914762e-13   2.635547e-04   5.716093e-15   1260
  2.121511e-01   1.966397e-13   1.589650e-04   6.597588e-15   894
  2.129814e-01   2.041345e-13   2.723637e-04   5.494314e-15   1176
  2.138121e-01   1.735239e-13   2.254364e-04   6.397910e-15   840
  2.147575e-01   1.881146e-13   2.562414e-04   4.768631e-15   1440
  2.157503e-01   1.691044e-13   1.440604e-04   5.455083e-15   864
  2.165030e-01   1.885468e-13   2.472147e-04   6.009734e-15   1056
  2.172522e-01   1.885169e-13   1.457545e-04   7.563086e-15   624
  2.181621e-01   1.797904e-13   2.699122e-04   4.633114e-15   1496
  2.190322e-01   1.765805e-13   1.905676e-04   6.583014e-15   936
  2.198068e-01   1.678535e-13   2.758819e-04   5.380087e-15   966
  2.206402e-01   1.647067e-13   1.955564e-04   5.342486e-15   936
  2.215157e-01   1.671213e-13   2.418927e-04   4.576586e-15   1248
  2.224120e-01   1.550464e-13   1.705236e-04   4.485216e-15   1044
  2.232472e-01   1.591296e-13   2.641465e-04   4.471909e-15   1392
  2.239086e-01   1.466429e-13   2.034461e-04   5.614268e-15   600
  2.248549e-01   1.515269e-13   2.311362e-04   3.899162e-15   1416
  2.257421e-01   1.550783e-13   2.487899e-04   4.451201e-15   1152
  2.266411e-01   1.515856e-13   2.386748e-04   4.763626e-15   936
  2.273653e-01   1.519892e-13   2.559904e-04   5.134380e-15   870
  2.282258e-01   1.580818e-13   2.146378e-04   4.582653e-15   1368
  2.291807e-01   1.505692e-13   2.821927e-04   3.895729e-15   1632
  2.299968e-01   1.520770e-13   1.225122e-04   5.346217e-15   816
  2.308802e-01   1.499837e-13   2.795000e-04   4.285695e-15   1200
  2.316509e-01   1.503151e-13   2.672350e-04   4.305831e-15   1184
  2.324339e-01   1.529415e-13   2.028139e-04   4.929092e-15   984
  2.333945e-01   1.423041e-13   2.476149e-04   3.677785e-15   1572
  2.342654e-01   1.533647e-13   1.363658e-04   5.392162e-15   840
  2.350770e-01   1.372891e-13   3.171241e-04   3.566117e-15   1392
  2.359338e-01   1.333198e-13   2.328323e-04   4.100155e-15   1158
  2.366987e-01   1.402912e-13   2.120118e-04   3.905443e-15   1272
  2.376196e-01   1.411474e-13   2.160591e-04   3.803923e-15   1320
  2.384846e-01   1.348270e-13   2.114113e-04   4.183760e-15   1104
  2.393076e-01   1.308554e-13   2.392880e-04   3.651426e-15   1392
  2.401714e-01   1.270209e-13   2.588141e-04   3.627520e-15   1296
  2.410610e-01   1.308212e-13   2.702447e-04   3.480526e-15   1392
  2.418958e-01   1.302416e-13   1.982461e-04   3.898531e-15   1104
  2.426681e-01   1.244791e-13   2.497099e-04   3.291669e-15   1320
  2.437682e-01   1.259461e-13   1.906998e-04   3.337854e-15   1422
  2.444709e-01   1.218058e-13   2.375058e-04   3.519150e-15   1212
  2.452781e-01   1.202204e-13   2.595297e-04   3.221753e-15   1280
  2.461073e-01   1.299002e-13   2.702412e-04   3.631865e-15   1272
  2.469020e-01   1.307817e-13   2.338669e-04   3.228530e-15   1680
  2.478440e-01   1.141854e-13   2.209608e-04   3.381897e-15   1152
  2.487113e-01   1.189389e-13   2.558804e-04   2.887901e-15   1512
  2.496229e-01   1.168953e-13   1.080317e-04   3.928121e-15   912
  2.503436e-01   1.227027e-13   2.723258e-04   2.816448e-15   1680
  2.513021e-01   1.065836e-13   2.412486e-04   2.669282e-15   1518
  2.520125e-01   1.204652e-13   2.233503e-04   3.547085e-15   1056
  2.527608e-01   1.149955e-13   2.255221e-04   2.942144e-15   1344
  2.537281e-01   1.278848e-13   2.421615e-04   3.068909e-15   1680
  2.546033e-01   1.134792e-13   2.386250e-04   2.858888e-15   1656
  2.555597e-01   1.086572e-13   2.028350e-04   3.423787e-15   1140
  2.562777e-01   1.099696e-13   2.348675e-04   3.098660e-15   1368
  2.571225e-01   1.111275e-13   2.671632e-04   2.776315e-15   1656
  2.579812e-01   1.141253e-13   2.736324e-04   3.175047e-15   1448
  2.589160e-01   1.088183e-13   2.570597e-04   2.765667e-15   1422
  2.597793e-01   1.108299e-13   2.837834e-04   2.822679e-15   1512
  2.605177e-01   1.104885e-13   2.163481e-04   3.153375e-15   1296
  2.613720e-01   1.041719e-13   1.975401e-04   2.493210e-15   1824
  2.622956e-01   1.050313e-13   2.561405e-04   2.674003e-15   1464
  2.632286e-01   9.923969e-14   2.285687e-04   2.188905e-15   1824
  2.640944e-01   1.053742e-13   1.817236e-04   2.745366e-15   1416
  2.648477e-01   1.036431e-13   2.661762e-04   2.768204e-15   1392
  2.656609e-01   1.000613e-13   2.456233e-04   2.546954e-15   1464
  2.666530e-01   9.217703e-14   2.401349e-04   2.463169e-15   1524
  2.674197e-01   9.669795e-14   2.212883e-04   2.434285e-15   1686
  2.683058e-01   9.603867e-14   2.634877e-04   2.394640e-15   1800
  2.690674e-01   1.017792e-13   2.091841e-04   2.946566e-15   1344
  2.699123e-01   1.000674e-13   2.440543e-04   2.673715e-15   1656
  2.707594e-01   9.724289e-14   1.948649e-04   2.398716e-15   1488
  2.714953e-01   9.830568e-14   1.945476e-04   2.498868e-15   1536
  2.725208e-01   9.285206e-14   2.161203e-04   2.267325e-15   1760
  2.733154e-01   9.254780e-14   2.403917e-04   2.124531e-15   1824
  2.742343e-01   9.610713e-14   2.017335e-04   2.384326e-15   1560
  2.751185e-01   9.219431e-14   2.317098e-04   2.125274e-15   1926
  2.759500e-01   9.236178e-14   1.647761e-04   2.558675e-15   1272
  2.767090e-01   8.739248e-14   2.769061e-04   2.025284e-15   1848
  2.777066e-01   9.192887e-14   2.237163e-04   2.019092e-15   1908
  2.784654e-01   8.679332e-14   2.182057e-04   2.225672e-15   1488
  2.792661e-01   8.330946e-14   2.460891e-04   2.050314e-15   1800
  2.801341e-01   8.431728e-14   2.463318e-04   2.026715e-15   1752
  2.809655e-01   8.106967e-14   2.619345e-04   2.143990e-15   1368
  2.817976e-01   8.525973e-14   2.461681e-04   1.791486e-15   2016
  2.827127e-01   8.621577e-14   2.600140e-04   2.144235e-15   1542
  2.835572e-01   7.998687e-14   2.546240e-04   1.796030e-15   2184
  2.844920e-01   8.322704e-14   2.329232e-04   1.911809e-15   1776
  2.852996e-01   7.948826e-14   2.662664e-04   2.278803e-15   1568
  2.860693e-01   8.203846e-14   2.432642e-04   1.819437e-15   2040
  2.869069e-01   8.349838e-14   2.600711e-04   2.012900e-15   1704
  2.877836e-01   7.600237e-14   2.607023e-04   1.960827e-15   1512
  2.886103e-01   7.875284e-14   2.223798e-04   1.752992e-15   2028
  2.895391e-01   7.720260e-14   2.682472e-04   1.674165e-15   1968
  2.903883e-01   7.514709e-14   2.720967e-04   1.665158e-15   1854
  2.912193e-01   7.213833e-14   2.593919e-04   1.680764e-15   1632
  2.920709e-01   7.528394e-14   2.665475e-04   1.454438e-15   2424
  2.929536e-01   7.190785e-14   2.668247e-04   1.769426e-15   1560
  2.936998e-01   7.437330e-14   2.521491e-04   1.681055e-15   1728
  2.946015e-01   7.127703e-14   2.691575e-04   1.619268e-15   2088
  2.955091e-01   6.851439e-14   2.562092e-04   1.562371e-15   1968
  2.963439e-01   7.053207e-14   2.536717e-04   1.557510e-15   2256
  2.971811e-01   7.149185e-14   2.255422e-04   1.632226e-15   1728
  2.980551e-01   6.993523e-14   2.223365e-04   1.931532e-15   1416
  2.988294e-01   7.285661e-14   2.343872e-04   1.529630e-15   2246
  2.997060e-01   6.775399e-14   2.595813e-04   1.552223e-15   2148
  3.005447e-01   7.015156e-14   2.192692e-04   1.744698e-15   1680
  3.013341e-01   6.771103e-14   2.772021e-04   1.301438e-15   2280
  3.022829e-01   6.830537e-14   2.581363e-04   1.349523e-15   2352
  3.031692e-01   6.742261e-14   2.168989e-04   1.670798e-15   1632
  3.038703e-01   6.707607e-14   2.481900e-04   1.546115e-15   1968
  3.048324e-01   6.502751e-14   2.546430e-04   1.430254e-15   2112
  3.057246e-01   6.292592e-14   1.912818e-04   1.404398e-15   2208
  3.065916e-01   6.383664e-14   1.928696e-04   1.383005e-15   1974
  3.072758e-01   6.151625e-14   1.886789e-04   1.394836e-15   1944
  3.082002e-01   6.575817e-14   2.134684e-04   1.412908e-15   2160
  3.090014e-01   6.307964e-14   1.996412e-04   1.429703e-15   2040
  3.098672e-01   6.435351e-14   2.793025e-04   1.376264e-15   2352
  3.107553e-01   6.551132e-14   2.320332e-04   1.506293e-15   1836
  3.115659e-01   6.207682e-14   2.475222e-04   1.225398e-15   2352
  3.124759e-01   6.022010e-14   2.596173e-04   1.335076e-15   2008
  3.133101e-01   6.021039e-14   2.554005e-04   1.270276e-15   2464
  3.142404e-01   6.031085e-14   2.059917e-04   1.267237e-15   2118
  3.150034e-01   5.939114e-14   2.070733e-04   1.383832e-15   1848
  3.157888e-01   6.333605e-14   2.740257e-04   1.408379e-15   2280
  3.167373e-01   6.093796e-14   2.606639e-04   1.243040e-15   2472
  3.176238e-01   5.808042e-14   1.741937e-04   1.253610e-15   2280
  3.183679e-01   6.237072e-14   2.129225e-04   1.465309e-15   1992
  3.191704e-01   6.007555e-14   2.238471e-04   1.183320e-15   2184
  3.200957e-01   5.383279e-14   2.700370e-04   1.132446e-15   2352
  3.209874e-01   5.731320e-14   2.845707e-04   1.140128e-15   2496
  3.218605e-01   5.426925e-14   2.657923e-04   1.312157e-15   1770
  3.226436e-01   5.875214e-14   2.293368e-04   1.180249e-15   2568
  3.235850e-01   5.688981e-14   2.812910e-04   1.102588e-15   2712
  3.244408e-01   5.705952e-14   2.233856e-04   1.182592e-15   2448
  3.252953e-01   5.815042e-14   1.883027e-04   1.249669e-15   2064
  3.260041e-01   5.330182e-14   1.987577e-04   1.264873e-15   1944
  3.269232e-01   5.322310e-14   2.455388e-04   1.108991e-15   2480
  3.278609e-01   5.432458e-14   2.667271e-04   1.029416e-15   2880
  3.286914e-01   5.407965e-14   2.558616e-04   1.105409e-15   2304
  3.295589e-01   5.327416e-14   2.350736e-04   1.176028e-15   1806
  3.303280e-01   5.275798e-14   2.305355e-04   9.700576e-16   2856
  3.312919e-01   5.356232e-14   2.210905e-04   1.079148e-15   2568
  3.320255e-01   4.945698e-14   2.218151e-04   1.098629e-15   2112
  3.328238e-01   5.157816e-14   2.136470e-04   1.192657e-15   2028
  3.336802e-01   5.117825e-14   2.528952e-04   9.489824e-16   2712
  3.345499e-01   5.201829e-14   2.724546e-04   9.602927e-16   2952
  3.354846e-01   5.177075e-14   2.105175e-04   1.109199e-15   2112
  3.362401e-01   5.000313e-14   2.467157e-04   9.764161e-16   2520
  3.371478e-01   4.852757e-14   2.379622e-04   1.001553e-15   2376
  3.379744e-01   4.966490e-14   1.907584e-04   1.000139e-15   2526
  3.388325e-01   5.062324e-14   2.373938e-04   9.964759e-16   2664
  3.396821e-01   4.966198e-14   2.831431e-04   9.979910e-16   2408
  3.404964e-01   4.926571e-14   2.268086e-04   9.936272e-16   2568
  3.413270e-01   5.003077e-14   2.138398e-04   9.162337e-16   2904
  3.422280e-01   4.776341e-14   2.399343e-04   9.319155e-16   2544
  3.430840e-01   4.746241e-14   1.767281e-04   1.015384e-15   2160
  3.438918e-01   5.010265e-14   3.055426e-04   9.802796e-16   2652
  3.447840e-01   4.588083e-14   2.419268e-04   8.733539e-16   2784
  3.456427e-01   4.784692e-14   2.389098e-04   8.730682e-16   2694
  3.465323e-01   4.445332e-14   2.147131e-04   8.194202e-16   2952
  3.473054e-01   4.812330e-14   2.033724e-04   9.975460e-16   2208
  3.480928e-01   4.460026e-14   2.167549e-04   9.223940e-16   2304
  3.489719e-01   4.328812e-14   2.818658e-04   6.897292e-16   3504
  3.499970e-01   4.542343e-14   2.282367e-04   9.462426e-16   2616
  3.507966e-01   4.518158e-14   2.229689e-04   8.873284e-16   2664
  3.515668e-01   4.367185e-14   2.071576e-04   8.664317e-16   2448
  3.523429e-01   4.462854e-14   2.885022e-04   8.839434e-16   2472
  3.532560e-01   4.432184e-14   2.293757e-04   7.822198e-16   3134
  3.541153e-01   4.379838e-14   2.508696e-04   8.635162e-16   2616
  3.549734e-01   4.105214e-14   2.032141e-04   8.068845e-16   2712
  3.558561e-01   4.143962e-14   2.330572e-04   7.361260e-16   3204
  3.566997e-01   4.111394e-14   2.684118e-04   8.208551e-16   2760
  3.575009e-01   4.057061e-14   2.341850e-04   7.754699e-16   2688
  3.583845e-01   4.138151e-14   2.214212e-04   8.236426e-16   2760
  3.591658e-01   3.964530e-14   1.828310e-04   7.958225e-16   2568
  3.600656e-01   3.931281e-14   2.839276e-04   6.707619e-16   3336
  3.609291e-01   4.048650e-14   2.403135e-04   8.066870e-16   2334
  3.618012e-01   3.843415e-14   2.659328e-04   6.803125e-16   3264
  3.626161e-01   4.017239e-14   1.933534e-04   7.732886e-16   2760
  3.634519e-01   3.845731e-14   2.335162e-04   6.773407e-16   3192
  3.643028e-01   3.882431e-14   2.424398e-04   7.461263e-16   2904
  3.652079e-01   3.841573e-14   2.432547e-04   7.408965e-16   2784
  3.659655e-01   4.004479e-14   2.002031e-04   8.151147e-16   2592
  3.668273e-01   3.757188e-14   2.729055e-04   6.353103e-16   3284
  3.677431e-01   3.859972e-14   2.741210e-04   7.072001e-16   3168
  3.685625e-01   3.805887e-14   2.261695e-04   7.387175e-16   2616
  3.694239e-01   3.559755e-14   2.185356e-04   6.459515e-16   3222
  3.702618e-01   3.667617e-14   2.452038e-04   6.052601e-16   3240
  3.710732e-01   3.746756e-14   2.480631e-04   7.637629e-16   2568
  3.719957e-01   3.803216e-14   2.276101e-04   6.797436e-16   3120
  3.727671e-01   3.809482e-14   2.502238e-04   6.940158e-16   3168
  3.735966e-01   3.557042e-14   2.190519e-04   6.429852e-16   3240
  3.745041e-01   3.536058e-14   2.247418e-04   6.180242e-16   3144
  3.753858e-01   3.452847e-14   2.142181e-04   6.320900e-16   2856
  3.762191e-01   3.521581e-14   2.287935e-04   6.031701e-16   3264
  3.771620e-01   3.564245e-14   2.528066e-04   6.215453e-16   3318
  3.779041e-01   3.554973e-14   1.770515e-04   7.561554e-16   2556
  3.787885e-01   3.455128e-14   3.024366e-04   5.342451e-16   4008
  3.796839e-01   3.481778e-14   2.232510e-04   6.621306e-16   2904
  3.804500e-01   3.371793e-14   2.282820e-04   5.822501e-16   3144
  3.813221e-01   3.268835e-14   2.379863e-04   5.951115e-16   3200
  3.822245e-01   3.362236e-14   2.347121e-04   5.873675e-16   3312
  3.830335e-01   3.483009e-14   1.891675e-04   6.664737e-16   2832
  3.839368e-01   3.331242e-14   2.722239e-04   5.307261e-16   3984
  3.847754e-01   3.574103e-14   2.213052e-04   7.780093e-16   2238
  3.855410e-01   3.313106e-14   2.604381e-04   5.349888e-16   3984
  3.864910e-01   3.220106e-14   2.474938e-04   5.709334e-16   3384
  3.872801e-01   3.406034e-14   2.313398e-04   6.248077e-16   3048
  3.881040e-01   3.153132e-14   2.124151e-04   5.717009e-16   3096
  3.889647e-01   3.321931e-14   2.407662e-04   5.272176e-16   3708
  3.898204e-01   3.121692e-14   2.282137e-04   6.089133e-16   2784
  3.906153e-01   3.339793e-14   2.370436e-04   5.600111e-16   3648
  3.915182e-01   3.187752e-14   2.439690e-04   5.291429e-16   3888
  3.924791e-01   3.099732e-14   2.604441e-04   5.506301e-16   2958
  3.931965e-01   3.033021e-14   2.223132e-04   5.206677e-16   3264
  3.940610e-01   3.222702e-14   2.454274e-04   5.712087e-16   3160
  3.948778e-01   2.956687e-14   2.224277e-04   4.953524e-16   3736
  3.956519e-01   3.079079e-14   2.026837e-04   5.581121e-16   3216
  3.965649e-01   3.069105e-14   2.483780e-04   4.854288e-16   4032
  3.975170e-01   3.048727e-14   2.267646e-04   5.103715e-16   3528
  3.983289e-01   3.063737e-14   2.001684e-04   5.349342e-16   3192
  3.991405e-01   2.945078e-14   2.192200e-04   5.089852e-16   3456
  4.000209e-01   2.996128e-14   2.273080e-04   5.578195e-16   3060
  4.009034e-01   2.935604e-14   2.702954e-04   4.498360e-16   4518
  4.017633e-01   2.937164e-14   2.407982e-04   4.804486e-16   3528
  4.025537e-01   2.880925e-14   2.022284e-04   5.301052e-16   3024
  4.033964e-01   2.756243e-14   2.738092e-04   4.541006e-16   3672
  4.042548e-01   2.874789e-14   2.350114e-04   4.881633e-16   3864
  4.052079e-01   2.754425e-14   2.491089e-04   4.363215e-16   3816
  4.059874e-01   2.833164e-14   2.266341e-04   4.860087e-16   3456
  4.067347e-01   2.835233e-14   2.051552e-04   5.530360e-16   2688
  4.076152e-01   2.812039e-14   2.434127e-04   4.349066e-16   4248
  4.084881e-01   2.737810e-14   2.331428e-04   4.337524e-16   3926
  4.093648e-01   2.667676e-14   2.461587e-04   4.342653e-16   3504
  4.102118e-01   2.754228e-14   2.200696e-04   4.299372e-16   3960
  4.111470e-01   2.641954e-14   2.477470e-04   4.316829e-16   3684
  4.119490e-01   2.577215e-14   2.477304e-04   4.138162e-16   4104
  4.127507e-01   2.678284e-14   2.349586e-04   4.756565e-16   3144
  4.136121e-01   2.640314e-14   2.573606e-04   4.071040e-16   4224
  4.145591e-01   2.606655e-14   2.284299e-04   4.106398e-16   4008
  4.153682e-01   2.627680e-14   2.513090e-04   4.476396e-16   3312
  4.162013e-01   2.554207e-14   2.499555e-04   4.236907e-16   3726
  4.170874e-01   2.565058e-14   2.567350e-04   4.115321e-16   3936
  4.178742e-01   2.592089e-14   2.646433e-04   4.178369e-16   3888
  4.186907e-01   2.542677e-14   2.502456e-04   4.001253e-16   3864
  4.195402e-01   2.457033e-14   2.660321e-04   3.944086e-16   3888
  4.204152e-01   2.367028e-14   2.509093e-04   3.724808e-16   4080
  4.212790e-01   2.467931e-14   2.662911e-04   4.242322e-16   3400
  4.221604e-01   2.457597e-14   2.442158e-04   3.589543e-16   4588
  4.230516e-01   2.494556e-14   2.417232e-04   4.103580e-16   3816
  4.238304e-01   2.484237e-14   2.290530e-04   4.010580e-16   3534
  4.246549e-01   2.496931e-14   2.262432e-04   3.837042e-16   4080
  4.255174e-01   2.461054e-14   2.364882e-04   3.761921e-16   4248
  4.263835e-01   2.385732e-14   2.383083e-04   4.077451e-16   3528
  4.271828e-01   2.477949e-14   2.436376e-04   3.860483e-16   4248
  4.279907e-01   2.351996e-14   2.383021e-04   3.927212e-16   3696
  4.288904e-01   2.412823e-14   2.472719e-04   3.642239e-16   4560
  4.297436e-01   2.328440e-14   2.316116e-04   3.751610e-16   3864
  4.306199e-01   2.294105e-14   2.521896e-04   3.472432e-16   4440
  4.314503e-01   2.268316e-14   2.352988e-04   4.045041e-16   3432
  4.323230e-01   2.241557e-14   2.307154e-04   3.339927e-16   4470
  4.331814e-01   2.271467e-14   2.050293e-04   3.520203e-16   4188
  4.340252e-01   2.282775e-14   2.626714e-04   3.426271e-16   4392
  4.348633e-01   2.301131e-14   2.032013e-04   3.817047e-16   3960
  4.357347e-01   2.283011e-14   2.295583e-04   3.502534e-16   4328
  4.365790e-01   2.226917e-14   2.389021e-04   3.490616e-16   4320
  4.374322e-01   2.216067e-14   2.498172e-04   3.277303e-16   4152
  4.382234e-01   2.372334e-14   2.089759e-04   4.010152e-16   3528
  4.391181e-01   2.180288e-14   2.261844e-04   3.189671e-16   4512
  4.399552e-01   2.177961e-14   2.312162e-04   3.380424e-16   4134
  4.408055e-01   2.225350e-14   2.463227e-04   3.015009e-16   5208
  4.416233e-01   2.191078e-14   2.146072e-04   3.775451e-16   3240
  4.424693e-01   2.300714e-14   2.367020e-04   3.426249e-16   4680
  4.433303e-01   2.124774e-14   2.343542e-04   3.251398e-16   4440
  4.441924e-01   2.008425e-14   2.655613e-04   3.041890e-16   4260
  4.450192e-01   2.106679e-14   2.168051e-04   3.340600e-16   4056
  4.458707e-01   2.106041e-14   2.403664e-04   3.094568e-16   4704
  4.467645e-01   2.152581e-14   2.797073e-04   3.059195e-16   4800
  4.477092e-01   2.055408e-14   2.423449e-04   2.882444e-16   4806
  4.485256e-01   2.190227e-14   2.415792e-04   3.840449e-16   3552
  4.493032e-01   2.026046e-14   2.422270e-04   3.229276e-16   4304
  4.501811e-01   2.015132e-14   2.349055e-04   2.762629e-16   5280
  4.510492e-01   2.026013e-14   2.253520e-04   3.053393e-16   4320
  4.518710e-01   1.975547e-14   2.544815e-04   3.018589e-16   4296
  4.527375e-01   2.091022e-14   2.829200e-04   3.013819e-16   4608
  4.536139e-01   2.027782e-14   2.710526e-04   2.948160e-16   4824
  4.544815e-01   2.009620e-14   2.558929e-04   2.968766e-16   4488
  4.554125e-01   2.020879e-14   2.389035e-04   3.052368e-16   4530
  4.561813e-01   1.927455e-14   2.332695e-04   2.810894e-16   4464
  4.569505e-01   1.979008e-14   2.198393e-04   3.078522e-16   4104
  4.578337e-01   1.863730e-14   2.370326e-04   2.536925e-16   5424
  4.587024e-01   1.939339e-14   2.551511e-04   2.735262e-16   4392
  4.595865e-01   1.990817e-14   2.498032e-04   2.883523e-16   4896
  4.603893e-01   1.924792e-14   2.448582e-04   3.009169e-16   4104
  4.612271e-01   1.976565e-14   2.207975e-04   2.875224e-16   4824
  4.621110e-01   1.871410e-14   2.110308e-04   2.824901e-16   4680
  4.628810e-01   1.846664e-14   2.158383e-04   2.763754e-16   4328
  4.637748e-01   1.856910e-14   2.488057e-04   2.586731e-16   5118
  4.646730e-01   1.885854e-14   2.882572e-04   2.582739e-16   5304
  4.654835e-01   1.871979e-14   2.269892e-04   2.719791e-16   4392
  4.663665e-01   1.892085e-14   2.278262e-04   2.790386e-16   4476
  4.671387e-01   1.778427e-14   2.262585e-04   2.540994e-16   4704
  4.679980e-01   1.831192e-14   2.738589e-04   2.510610e-16   5208
  4.689011e-01   1.743768e-14   2.309089e-04   2.461597e-16   5304
  4.697333e-01   1.843336e-14   2.473356e-04   2.875626e-16   4296
  4.705865e-01   1.847198e-14   2.345380e-04   2.685787e-16   4752
  4.714831e-01   1.701603e-14   2.354379e-04   2.407727e-16   4950
  4.722889e-01   1.755727e-14   2.460959e-04   2.469219e-16   5064
  4.730949e-01   1.748532e-14   2.061964e-04   2.515666e-16   4872
  4.739099e-01   1.704688e-14   2.170683e-04   2.736057e-16   4224
  4.747801e-01   1.733608e-14   2.397792e-04   2.215762e-16   6120
  4.757062e-01   1.679074e-14   2.637876e-04   2.349071e-16   4968
  4.765463e-01   1.739698e-14   2.334291e-04   2.534788e-16   4424
  4.774153e-01   1.766731e-14   2.981561e-04   2.401758e-16   5436
  4.782738e-01   1.672583e-14   2.542043e-04   2.467960e-16   4896
  4.791038e-01   1.638938e-14   2.433728e-04   2.272421e-16   5214
  4.799038e-01   1.684712e-14   2.068797e-04   2.461014e-16   4656
  4.807928e-01   1.693905e-14   2.630307e-04   2.389493e-16   5448
  4.816422e-01   1.667151e-14   2.221488e-04   2.334029e-16   4992
  4.824740e-01   1.660228e-14   2.458572e-04   2.262240e-16   5400
  4.833882e-01   1.679195e-14   2.724858e-04   2.245493e-16   5328
  4.842306e-01   1.567935e-14   2.436523e-04   2.156330e-16   4776
  4.850232e-01   1.657252e-14   2.289517e-04   2.332751e-16   4800
  4.859037e-01   1.621823e-14   2.944201e-04   1.985362e-16   6552
  4.868249e-01   1.589346e-14   2.224303e-04   2.485721e-16   3942
  4.876233e-01   1.560179e-14   2.803482e-04   2.045505e-16   6072
  4.885072e-01   1.547024e-14   2.177287e-04   2.312834e-16   4692
  4.892483e-01   1.623561e-14   2.273053e-04   2.258426e-16   4944
  4.901164e-01   1.568095e-14   2.439686e-04   1.979197e-16   5840
  4.910077e-01   1.521354e-14   2.611583e-04   2.070145e-16   5712
  4.918853e-01   1.510566e-14   2.188675e-04   2.149804e-16   4800
  4.926859e-01   1.528230e-14   2.898577e-04   2.058324e-16   5688
  4.935628e-01   1.562929e-14   2.286917e-04   2.319149e-16   4848
  4.944318e-01   1.267137e-14   2.545475e-04   2.024603e-16   5406
  4.952565e-01   1.595940e-28   2.297703e-04   2.195110e-30   5568
  4.960847e-01   1.544652e-28   2.065481e-04   2.144149e-30   5736
  4.969796e-01   1.565870e-28   2.565195e-04   2.236084e-30   5280
  4.977918e-01   1.513852e-28   2.371710e-04   2.047356e-30   5592
  4.986277e-01   1.492301e-28   2.714980e-04   2.163051e-30   4968
  4.995115e-01   1.580940e-28   2.434342e-04   2.138004e-30   5964
  5.003738e-01   1.494249e-28   2.445654e-04   2.067193e-30   5376
  5.011573e-01   1.443250e-28   2.361430e-04   2.060399e-30   5472
  5.020656e-01   1.485667e-28   2.242680e-04   2.076011e-30   5472
  5.028962e-01   1.426908e-28   2.549854e-04   2.015870e-30   5415
  5.037011e-01   1.394226e-28   2.242905e-04   1.970155e-30   5096
  5.045719e-01   1.341909e-28   2.884319e-04   1.794230e-30   6372
  5.054529e-01   1.397148e-28   2.341360e-04   2.189056e-30   4656
  5.062424e-01   1.359065e-28   2.556015e-04   1.808593e-30   5844
  5.070918e-01   1.362376e-28   2.247331e-04   1.883308e-30   5508
  5.079922e-01   1.362425e-28   2.549406e-04   1.792233e-30   6324
  5.088755e-01   1.279413e-28   2.189942e-04   1.938505e-30   4752
  5.096830e-01   1.351052e-28   2.451822e-04   1.846285e-30   5676
  5.105570e-01   1.300910e-28   2.242947e-04   1.860288e-30   5472
  5.113866e-01   1.250506e-28   2.529981e-04   1.726539e-30   5556
  5.122777e-01   1.235978e-28   2.465418e-04   1.712118e-30   5436
  5.131379e-01   1.229066e-28   2.523527e-04   1.724389e-30   5916
  5.140212e-01   1.207045e-28   2.625579e-04   1.663470e-30   5520
  5.148166e-01   1.194566e-28   2.387841e-04   1.735026e-30   5280
  5.156315e-01   1.230360e-28   2.346268e-04   1.914080e-30   4416
  5.165510e-01   1.162821e-28   2.287038e-04   1.560827e-30   6260
  5.174147e-01   1.136496e-28   2.719567e-04   1.573515e-30   5940
  5.181970e-01   1.137798e-28   2.129865e-04   1.875106e-30   4188
  5.190583e-01   1.088842e-28   2.723213e-04   1.442537e-30   6360
  5.199639e-01   1.126777e-28   2.428992e-04   1.675890e-30   5256
  5.208050e-01   1.114561e-28   2.296198e-04   1.757084e-30   4848
  5.215257e-01   1.035446e-28   2.081623e-04   1.575626e-30   4704
  5.224129e-01   1.050533e-28   2.553609e-04   1.481639e-30   5784
  5.233155e-01   1.006022e-28   2.702014e-04   1.407130e-30   5820
  5.241867e-01   1.040810e-28   2.420426e-04   1.491589e-30   5700
  5.250631e-01   1.025716e-28   2.244610e-04   1.495640e-30   5232
  5.259407e-01   1.020025e-28   2.490588e-04   1.508901e-30   4932
  5.267180e-01   1.013762e-28   2.143745e-04   1.610944e-30   4716
  5.275348e-01   1.001001e-28   2.730669e-04   1.429108e-30   5616
  5.283752e-01   9.274413e-29   2.411581e-04   1.381879e-30   5184
  5.292421e-01   9.223197e-29   2.432694e-04   1.421069e-30   5064
  5.300596e-01   8.986721e-29   2.490961e-04   1.335753e-30   5544
  5.309663e-01   9.215769e-29   2.500505e-04   1.336426e-30   5192
  5.317913e-01   9.043516e-29   2.247093e-04   1.345632e-30   5244
  5.326587e-01   8.717767e-29   2.431380e-04   1.319707e-30   5112
  5.335210e-01   8.923717e-29   2.231268e-04   1.339205e-30   5040
  5.343123e-01   8.517930e-29   2.345768e-04   1.276418e-30   5124
  5.352365e-01   8.564396e-29   2.633440e-04   1.245896e-30   5952
  5.360896e-01   8.500623e-29   2.307429e-04   1.283141e-30   4824
  5.368629e-01   8.377763e-29   2.329060e-04   1.390693e-30   4536
  5.377581e-01   8.216692e-29   2.475578e-04   1.180678e-30   5712
  5.386775e-01   8.406566e-29   2.708958e-04   1.250049e-30   5352
  5.395447e-01   7.957476e-29   2.359603e-04   1.179146e-30   5004
  5.403194e-01   7.804180e-29   2.360245e-04   1.191850e-30   4800
  5.411519e-01   7.751696e-29   2.536404e-04   1.177038e-30   5148
  5.420742e-01   7.805113e-29   2.634385e-04   1.118322e-30   5664
  5.429076e-01   7.343467e-29   2.366059e-04   1.187337e-30   4692
  5.436776e-01   7.640338e-29   2.198098e-04   1.263975e-30   4008
  5.445757e-01   7.215032e-29   2.519496e-04   1.012611e-30   5852
  5.454887e-01   7.154141e-29   2.385727e-04   1.056390e-30   5784
  5.462996e-01   7.183436e-29   2.199226e-04   1.186076e-30   4392
  5.471343e-01   7.184870e-29   2.157230e-04   1.134133e-30   4944
  5.480105e-01   6.965532e-29   2.543338e-04   1.106635e-30   4776
  5.488369e-01   6.689915e-29   2.446830e-04   9.974437e-31   5244
  5.497337e-01   6.736818e-29   2.442514e-04   9.868374e-31   4884
  5.504862e-01   6.386211e-29   2.071441e-04   1.017565e-30   4488
  5.513613e-01   6.541991e-29   2.461419e-04   1.004846e-30   5160
  5.522424e-01   6.824666e-29   2.506068e-04   9.943707e-31   5316
  5.530912e-01   6.142659e-29   2.533810e-04   9.492003e-31   4896
  5.539186e-01   6.664918e-29   2.354353e-04   1.135603e-30   4188
  5.547525e-01   6.078226e-29   2.567961e-04   9.398448e-31   4836
  5.556040e-01   6.255404e-29   2.547440e-04   9.108348e-31   5316
  5.564664e-01   5.840272e-29   2.357965e-04   8.413671e-31   4920
  5.572730e-01   6.459856e-29   2.375472e-04   1.078624e-30   4128
  5.581384e-01   5.834899e-29   2.555456e-04   8.571477e-31   5348
  5.589901e-01   6.017760e-29   2.217367e-04   9.545607e-31   4836
  5.598033e-01   5.864429e-29   2.389285e-04   1.024359e-30   4392
  5.606793e-01   5.761533e-29   2.099182e-04   9.337264e-31   4632
  5.614679e-01   5.594677e-29   2.345502e-04   8.741496e-31   4596
  5.623735e-01   5.595122e-29   2.358727e-04   8.424163e-31   5424
  5.632695e-01   5.234216e-29   2.427884e-04   7.592508e-31   5256
  5.641926e-01   5.382283e-29   2.465806e-04   8.612549e-31   4524
  5.649613e-01   5.549941e-29   2.345468e-04   9.303844e-31   4440
  5.658223e-01   5.389162e-29   2.005677e-04   8.408481e-31   4380
  5.666649e-01   5.117393e-29   2.624772e-04   8.015284e-31   4812
  5.675617e-01   5.201161e-29   2.607020e-04   7.587334e-31   5376
  5.683817e-01   4.903191e-29   2.082312e-04   8.436230e-31   3888
  5.691674e-01   5.183885e-29   2.384488e-04   7.979244e-31   4896
  5.700441e-01   5.011548e-29   2.516025e-04   8.101204e-31   4608
  5.709645e-01   5.163514e-29   2.374972e-04   8.085746e-31   4448
  5.717656e-01   4.533425e-29   2.451620e-04   7.073190e-31   4752
  5.726098e-01   4.895100e-29   2.567919e-04   8.256537e-31   4356
  5.734975e-01   4.686217e-29   2.471144e-04   7.219232e-31   5232
  5.743802e-01   4.457542e-29   2.490294e-04   7.081808e-31   4548
  5.752360e-01   4.569092e-29   2.420880e-04   7.066156e-31   4608
  5.760714e-01   4.589685e-29   2.199174e-04   8.120375e-31   3936
  5.768601e-01   4.557011e-29   2.628653e-04   7.841926e-31   4260
  5.777463e-01   4.391416e-29   2.356625e-04   6.653630e-31   5004
  5.785566e-01   4.482670e-29   2.328745e-04   7.658629e-31   4224
  5.794451e-01   4.311051e-29   2.515970e-04   6.987736e-31   4788
  5.803082e-01   4.419728e-29   2.645973e-04   7.303838e-31   4428
  5.811490e-01   4.249129e-29   2.211067e-04   7.297224e-31   4080
  5.819585e-01   4.322715e-29   2.417600e-04   6.498722e-31   4632
  5.828107e-01   4.030254e-29   2.514119e-04   7.090663e-31   4056
  5.837066e-01   4.029728e-29   2.367087e-04   6.376901e-31   4536
  5.845252e-01   4.192350e-29   2.414273e-04   6.621127e-31   4668
  5.854216e-01   3.775148e-29   2.587670e-04   6.073779e-31   4604
  5.862946e-01   3.950275e-29   2.325046e-04   6.462569e-31   4152
  5.871003e-01   4.020336e-29   2.253339e-04   6.785681e-31   4224
  5.879544e-01   3.801262e-29   2.166417e-04   6.411360e-31   4152
  5.888077e-01   4.009514e-29   2.457430e-04   6.664999e-31   4224
  5.896373e-01   3.748373e-29   2.272627e-04   6.287585e-31   3960
  5.904364e-01   3.709187e-29   2.345207e-04   5.812626e-31   4656
  5.913093e-01   3.579618e-29   2.530431e-04   5.681910e-31   4452
  5.922043e-01   3.545561e-29   2.572601e-04   6.414788e-31   4056
  5.930372e-01   3.598483e-29   2.549134e-04   5.997175e-31   4212
  5.938810e-01   3.889879e-29   2.118438e-04   7.182083e-31   3432
  5.947361e-01   3.468784e-29   2.710099e-04   5.202012e-31   5352
  5.955718e-01   3.513312e-29   1.984824e-04   6.461516e-31   3600
  5.964815e-01   3.418246e-29   2.189297e-04   5.527808e-31   4584
  5.972758e-01   3.589890e-29   2.182850e-04   6.469334e-31   3768
  5.980940e-01   3.406946e-29   2.330224e-04   6.113045e-31   3848
  5.989107e-01   3.379022e-29   2.136550e-04   6.199145e-31   3720
  5.998368e-01   3.189670e-29   2.681687e-04   5.032112e-31   4764
  6.006544e-01   3.332230e-29   2.159502e-04   5.533786e-31   3864
  6.014940e-01   3.328675e-29   2.674804e-04   5.428096e-31   4332
  6.024099e-01   3.141902e-29   2.283640e-04   5.457631e-31   3792
  6.032282e-01   3.089824e-29   2.590324e-04   5.050933e-31   4284
  6.040954e-01   3.024921e-29   2.452751e-04   5.751167e-31   3840
  6.049162e-01   2.852919e-29   2.334698e-04   5.257126e-31   3480
  6.057497e-01   2.888539e-29   2.605074e-04   4.519426e-31   4380
  6.066508e-01   3.037366e-29   2.447011e-04   5.100814e-31   4200
  6.075361e-01   3.095208e-29   2.352025e-04   5.186844e-31   4056
  6.083583e-01   2.864775e-29   2.363879e-04   5.354904e-31   3600
  6.091287e-01   3.011257e-29   2.355235e-04   5.535819e-31   3492
  6.100287e-01   2.821508e-29   2.750382e-04   4.561523e-31   4500
  6.109470e-01   3.017687e-29   2.409706e-04   5.343313e-31   3516
  6.117362e-01   2.963967e-29   2.519124e-04   5.263296e-31   3968
  6.126208e-01   2.744066e-29   2.421097e-04   4.871458e-31   3648
  6.134038e-01   2.802050e-29   2.315237e-04   4.913398e-31   4224
  6.142915e-01   2.552090e-29   2.598645e-04   4.664902e-31   3588
  6.151244e-01   2.745811e-29   2.396946e-04   5.160718e-31   3456
  6.159625e-01   2.582776e-29   2.128784e-04   4.625706e-31   3660
  6.168286e-01   2.600948e-29   2.336590e-04   4.660175e-31   3768
  6.176358e-01   2.641485e-29   2.362982e-04   4.566366e-31   3744
  6.185028e-01   2.542699e-29   2.593761e-04   4.238493e-31   4176
  6.194250e-01   2.737665e-29   2.392460e-04   4.972879e-31   3612
  6.201873e-01   2.608877e-29   2.599944e-04   4.917996e-31   3216
  6.210597e-01   2.488111e-29   2.513703e-04   4.718590e-31   3624
  6.219368e-01   2.448206e-29   2.363707e-04   4.259020e-31   3744
  6.227845e-01   2.482071e-29   2.522057e-04   4.476999e-31   3672
  6.236208e-01   2.510403e-29   2.287068e-04   4.461874e-31   3852
  6.244844e-01   2.470828e-29   2.353920e-04   4.370548e-31   3672
  6.254030e-01   2.441716e-29   2.293505e-04   5.043979e-31   3248
  6.261702e-01   2.264038e-29   2.347565e-04   4.319278e-31   3336
  6.270076e-01   2.222485e-29   2.389611e-04   4.014883e-31   3576
  6.278638e-01   2.301688e-29   2.028565e-04   4.341947e-31   3336
  6.287362e-01   2.313729e-29   2.409579e-04   3.966414e-31   3936
  6.295969e-01   2.344138e-29   2.566269e-04   4.297714e-31   3408
  6.304507e-01   2.377761e-29   2.260925e-04   4.636578e-31   3336
  6.312802e-01   1.943438e-29   2.539536e-04   3.677262e-31   3312
  6.321094e-01   2.230793e-29   2.571308e-04   4.333151e-31   3432
  6.329927e-01   2.264587e-29   2.229221e-04   4.590012e-31   3144
  6.337985e-01   2.096119e-29   2.420042e-04   3.942337e-31   3456
  6.347053e-01   2.092443e-29   2.325937e-04   3.581106e-31   3792
  6.355244e-01   2.180897e-29   2.284723e-04   4.517194e-31   2868
  6.364094e-01   2.015319e-29   2.366964e-04   3.410782e-31   3888
  6.372365e-01   1.931806e-29   2.055262e-04   3.944105e-31   2784
  6.380507e-01   2.008865e-29   2.347167e-04   4.431516e-31   2964
  6.389401e-01   1.960901e-29   2.417122e-04   3.669701e-31   3432
  6.397867e-01   1.974949e-29   2.501965e-04   3.612529e-31   3416
  6.406434e-01   2.013791e-29   2.674381e-04   3.798567e-31   3528
  6.415202e-01   2.078628e-29   2.146381e-04   4.288183e-31   2904
  6.422958e-01   1.887500e-29   2.406723e-04   3.933114e-31   3072
  6.431978e-01   1.871695e-29   2.703026e-04   3.615316e-31   3216
  6.440996e-01   1.834953e-29   2.189164e-04   3.897957e-31   2844
  6.448912e-01   1.778180e-29   2.505096e-04   3.450198e-31   3432
  6.457040e-01   1.978604e-29   2.013505e-04   4.277495e-31   2880
  6.466118e-01   1.818875e-29   2.667176e-04   3.493365e-31   3576
  6.474671e-01   1.922483e-29   2.384081e-04   4.336023e-31   2700
  6.482861e-01   1.807247e-29   2.677915e-04   3.521638e-31   3000
  6.491436e-01   1.721147e-29   2.223467e-04   3.718812e-31   2556
  6.499763e-01   1.785213e-29   2.383114e-04   3.386198e-31   3360
  6.508373e-01   1.762948e-29   2.315574e-04   3.379092e-31   3120
  6.517650e-01   1.762571e-29   2.726165e-04   3.608541e-31   3216
  6.525636e-01   1.852830e-29   1.922690e-04   4.104778e-31   2628
  6.534614e-01   1.681675e-29   2.541519e-04   3.376501e-31   3200
  6.542803e-01   1.622623e-29   2.397679e-04   3.786294e-31   2232
  6.551074e-01   1.610910e-29   2.736875e-04   3.444595e-31   3108
  6.559309e-01   1.781919e-29   2.404187e-04   4.000328e-31   2604
  6.567735e-01   1.715479e-29   2.589990e-04   3.494617e-31   3096
  6.577005e-01   1.660117e-29   2.359820e-04   3.340790e-31   3084
  6.585047e-01   1.581371e-29   2.408160e-04   3.355670e-31   2664
  6.593337e-01   1.643588e-29   2.123619e-04   3.986702e-31   2232
  6.601458e-01   1.462229e-29   2.615978e-04   3.074683e-31   2808
  6.610352e-01   1.575603e-29   2.471197e-04   3.582284e-31   2592
  6.618655e-01   1.664789e-29   2.536980e-04   3.653779e-31   2952
  6.627380e-01   1.491575e-29   2.395220e-04   3.204593e-31   2772
  6.635862e-01   1.509133e-29   2.575909e-04   3.142615e-31   3036
  6.644738e-01   1.459294e-29   2.498645e-04   3.645415e-31   2136
  6.652829e-01   1.433437e-29   1.992675e-04   3.357980e-31   2496
  6.661138e-01   1.592231e-29   2.654094e-04   3.948973e-31   2228
  6.669802e-01   1.582050e-29   2.474467e-04   3.441019e-31   3048
  6.678426e-01   1.431250e-29   2.363683e-04   3.306203e-31   2676
  6.686995e-01   1.382311e-29   2.354750e-04   2.944269e-31   2784
  6.695185e-01   1.464139e-29   2.287645e-04   3.610697e-31   1920
  6.703399e-01   1.338763e-29   2.441470e-04   3.007563e-31   2400
  6.712300e-01   1.347066e-29   2.239332e-04   3.059376e-31   2532
  6.721505e-01   1.422590e-29   2.487362e-04   3.337458e-31   2544
  6.729786e-01   1.510539e-29   2.602118e-04   3.337313e-31   2772
  6.737945e-01   1.259518e-29   2.437306e-04   3.337017e-31   2160
  6.746047e-01   1.367731e-29   2.625210e-04   3.330431e-31   2304
  6.755422e-01   1.308536e-29   2.568904e-04   3.327433e-31   2328
  6.763826e-01   1.179345e-29   2.463036e-04   2.811082e-31   2304
  6.771610e-01   1.206514e-29   2.329142e-04   3.077272e-31   1908
  6.780465e-01   1.459532e-29   2.604996e-04   3.595784e-31   2736
  6.788994e-01   1.338177e-29   2.468231e-04   3.338719e-31   2448
  6.798065e-01   1.352370e-29   2.307663e-04   3.359310e-31   2040
  6.806273e-01   1.133688e-29   2.402748e-04   2.974182e-31   2120
  6.814166e-01   1.282499e-29   1.992121e-04   3.253677e-31   2040
  6.822662e-01   1.129567e-29   2.471585e-04   3.065243e-31   2208
  6.832277e-01   1.351759e-29   2.219109e-04   3.630282e-31   2208
  6.840064e-01   1.484930e-29   2.459196e-04   3.845878e-31   2196
  6.848112e-01   1.055975e-29   2.163266e-04   2.797937e-31   1848
  6.856301e-01   1.222919e-29   2.453429e-04   3.367965e-31   2124
  6.865460e-01   1.130399e-29   2.573595e-04   2.850804e-31   2328
  6.874404e-01   1.165180e-29   2.620143e-04   3.336018e-31   1920
  6.883100e-01   1.095334e-29   2.405262e-04   3.212606e-31   1548
  6.890833e-01   1.276862e-29   2.638497e-04   3.169192e-31   2388
  6.899956e-01   1.074248e-29   2.441618e-04   3.039414e-31   2160
  6.908310e-01   1.076220e-29   2.222335e-04   3.258033e-31   1704
  6.916314e-01   1.065083e-29   2.503658e-04   3.272856e-31   1776
  6.923886e-01   1.033333e-29   2.341856e-04   3.085854e-31   1800
  6.933460e-01   9.609829e-30   2.703456e-04   2.808160e-31   1700
  6.942403e-01   1.194211e-29   2.434138e-04   3.451913e-31   2292
  6.950731e-01   1.076912e-29   2.259603e-04   3.329799e-31   1704
  6.958590e-01   1.085184e-29   2.526614e-04   3.359208e-31   1728
  6.967197e-01   9.956469e-30   2.338439e-04   3.028716e-31   1728
  6.975632e-01   1.100362e-29   2.336239e-04   3.418982e-31   1680
  6.984603e-01   8.588408e-30   2.691417e-04   2.482295e-31   1704
  6.993542e-01   9.191803e-30   2.113568e-04   2.488135e-31   1752
  7.001534e-01   1.088142e-29   2.512631e-04   3.501782e-31   1872
  7.010180e-01   1.009161e-29   2.462655e-04   3.342980e-31   1500
  7.018952e-01   9.384595e-30   2.156415e-04   3.080388e-31   1656
  7.027470e-01   1.003325e-29   2.312087e-04   3.073909e-31   1464
  7.035040e-01   7.960273e-30   2.025156e-04   2.704166e-31   1488
  7.044325e-01   8.607714e-30   2.444213e-04   2.361958e-31   1680
  7.052811e-01   9.689258e-30   2.553590e-04   3.086712e-31   1692
  7.060753e-01   8.920333e-30   2.445192e-04   3.092500e-31   1128
  7.069565e-01   9.139202e-30   2.354508e-04   2.916382e-31   1536
  7.078161e-01   8.239653e-30   2.454338e-04   2.619926e-31   1616
  7.086864e-01   7.913482e-30   2.366751e-04   2.668643e-31   1476
  7.095637e-01   7.909819e-30   2.604667e-04   3.249014e-31   1176
  7.103467e-01   7.951385e-30   2.798437e-04   2.272923e-31   1656
  7.111995e-01   8.948710e-30   2.458168e-04   3.937220e-31   891
  7.120785e-01   7.675015e-30   2.620429e-04   2.296770e-31   1596
  7.129351e-01   7.310160e-30   2.285084e-04   2.551157e-31   1422
  7.137799e-01   7.214625e-30   2.191242e-04   2.407328e-31   1254
  7.145746e-01   6.835527e-30   2.238603e-04   2.466392e-31   918
  7.154260e-01   7.731352e-30   2.450016e-04   2.211577e-31   1614
  7.162836e-01   6.337165e-30   2.116357e-04   2.685069e-31   798
  7.171363e-01   6.321623e-30   2.712918e-04   1.930832e-31   1458
  7.180010e-01   6.923986e-30   2.484128e-04   2.054750e-31   1374
  7.188557e-01   6.063858e-30   2.121611e-04   2.291750e-31   984
  7.197034e-01   6.502061e-30   2.919043e-04   2.047206e-31   1062
  7.205669e-01   6.899539e-30   2.474440e-04   2.393757e-31   1246
  7.214055e-01   5.497645e-30   2.294417e-04   2.044625e-31   1072
  7.223013e-01   5.842624e-30   2.484706e-04   2.029495e-31   1110
  7.231291e-01   6.550077e-30   2.691818e-04   2.088028e-31   1254
  7.239992e-01   5.689938e-30   2.554678e-04   2.163259e-31   1032
  7.249475e-01   6.386860e-30   2.366890e-04   2.792794e-31   786
  7.256685e-01   6.121917e-30   2.426573e-04   2.046482e-31   1152
  7.265129e-01   5.387864e-30   2.644723e-04   1.791177e-31   1086
  7.273926e-01   4.857623e-30   2.386131e-04   1.702866e-31   912
  7.282057e-01   7.058137e-30   2.391874e-04   2.523079e-31   1062
  7.290355e-01   5.257787e-30   2.384121e-04   1.865501e-31   912
  7.299945e-01   4.521845e-30   2.661461e-04   1.804069e-31   750
  7.307419e-01   6.124064e-30   2.564338e-04   2.157076e-31   1200
  7.316069e-01   5.263048e-30   2.322209e-04   2.139647e-31   918
  7.324668e-01   4.633580e-30   2.410375e-04   1.636351e-31   876
  7.333405e-01   5.819546e-30   2.106185e-04   2.191506e-31   870
  7.341057e-01   5.519233e-30   2.456529e-04   2.136296e-31   768
  7.350026e-01   4.138497e-30   2.251539e-04   1.485204e-31   830
  7.358332e-01   5.000632e-30   2.331169e-04   1.787023e-31   1080
  7.366934e-01   4.915067e-30   2.622870e-04   1.795267e-31   840
  7.375605e-01   4.139038e-30   2.525535e-04   1.555984e-31   798
  7.385438e-01   5.737849e-30   2.004556e-04   2.418646e-31   792
  7.393065e-01   4.430790e-30   2.337962e-04   1.748192e-31   726
  7.401066e-01   4.004931e-30   2.619817e-04   1.280233e-31   864
  7.409831e-01   4.384269e-30   2.242503e-04   1.799621e-31   900
  7.418717e-01   3.876417e-30   2.492237e-04   1.542162e-31   726
  7.426340e-01   4.047014e-30   2.156923e-04   1.686629e-31   576
  7.436510e-01   4.264267e-30   2.244662e-04   1.632183e-31   840
  7.443665e-01   4.169914e-30   2.330099e-04   1.653554e-31   750
  7.452141e-01   3.756869e-30   2.337175e-04   1.472305e-31   720
  7.460137e-01   4.319938e-30   2.364407e-04   1.716962e-31   702
  7.469474e-01   4.044165e-30   2.582250e-04   1.547036e-31   696
  7.477159e-01   3.955981e-30   2.309338e-04   1.838213e-31   480
  7.486215e-01   4.200122e-30   2.188193e-04   1.500402e-31   830
  7.494233e-01   4.131757e-30   2.545577e-04   1.592189e-31   756
  7.503217e-01   4.085620e-30   2.444202e-04   1.755275e-31   624
  7.511146e-01   3.522148e-30   2.582642e-04   1.467830e-31   582
  7.520520e-01   3.899285e-30   1.982236e-04   1.905035e-31   576
  7.528627e-01   3.698266e-30   2.654862e-04   1.480688e-31   624
  7.536941e-01   3.976425e-30   2.168225e-04   1.656346e-31   702
  7.545169e-01   3.573402e-30   2.494039e-04   1.394280e-31   624
  7.554942e-01   3.764980e-30   2.412815e-04   1.543554e-31   672
  7.562902e-01   3.253053e-30   1.806218e-04   1.974743e-31   342
  7.571647e-01   3.666292e-30   2.258010e-04   1.766223e-31   660
  7.579685e-01   3.093699e-30   2.321137e-04   1.522937e-31   576
  7.587987e-01   3.212095e-30   2.256613e-04   1.510124e-31   600
  7.596378e-01   3.158015e-30   2.610083e-04   1.464213e-31   510
  7.605817e-01   3.560026e-30   2.445257e-04   1.574483e-31   600
  7.613097e-01   3.084065e-30   1.947554e-04   2.040385e-31   216
  7.621574e-01   3.158299e-30   2.370511e-04   1.249580e-31   758
  7.631457e-01   3.001130e-30   2.595205e-04   1.307901e-31   576
  7.640119e-01   3.168271e-30   2.203259e-04   1.339358e-31   528
  7.647935e-01   3.305527e-30   1.517259e-04   2.273825e-31   318
  7.656331e-01   3.347578e-30   2.621079e-04   1.451452e-31   540
  7.666261e-01   2.225177e-30   1.853063e-04   1.147633e-31   384
  7.672989e-01   3.184073e-30   2.560288e-04   1.543265e-31   576
  7.681747e-01   2.549779e-30   2.092230e-04   1.212278e-31   414
  7.690029e-01   3.016950e-30   2.336337e-04   1.295461e-31   504
  7.698874e-01   3.421255e-30   2.564753e-04   1.693404e-31   312
  7.707371e-01   2.777979e-30   2.323698e-04   1.586050e-31   414
  7.715801e-01   2.553592e-30   2.146724e-04   1.251493e-31   432
  7.723646e-01   2.672241e-30   2.843028e-04   1.226690e-31   504
  7.732727e-01   2.924972e-30   2.738155e-04   1.465866e-31   432
  7.741226e-01   2.573500e-30   2.242960e-04   1.300701e-31   354
  7.749886e-01   2.851437e-30   3.263780e-04   1.836363e-31   200
  7.757313e-01   2.442006e-30   2.315757e-04   1.236943e-31   480
  7.767349e-01   2.603487e-30   2.646260e-04   1.163788e-31   552
  7.776554e-01   2.503886e-30   1.648409e-04   1.429596e-31   366
  7.783648e-01   2.506976e-30   1.754814e-04   1.870400e-31   240
  7.791457e-01   2.791045e-30   2.453301e-04   1.511078e-31   288
  7.802446e-01   2.638863e-30   1.686051e-04   1.321448e-31   366
  7.809550e-01   2.065250e-30   2.733622e-04   1.021360e-31   408
  7.817480e-01   2.231185e-30   2.054978e-04   1.266889e-31   360
  7.825685e-01   2.340271e-30   1.915583e-04   1.293787e-31   324
  7.833643e-01   2.548690e-30   2.262365e-04   2.064679e-31   174
  7.843121e-01   2.306180e-30   2.599139e-04   1.448978e-31   264
  7.852018e-01   2.060590e-30   2.370543e-04   8.999170e-32   456
  7.860890e-01   2.249247e-30   2.383673e-04   1.311109e-31   360
  7.868184e-01   2.207954e-30   2.625845e-04   1.541759e-31   270
  7.877116e-01   2.456812e-30   2.871894e-04   1.651079e-31   240
  7.888307e-01   2.867037e-30   2.092834e-04   2.436562e-31   120
  7.893808e-01   1.640998e-30   2.184848e-04   1.021694e-31   320
  7.902688e-01   2.118657e-30   2.703374e-04   1.013022e-31   462
  7.911989e-01   2.151252e-30   1.572842e-04   1.168366e-31   276
  7.920070e-01   2.219869e-30   1.784365e-04   2.110605e-31   144
  7.927854e-01   2.618139e-30   1.873931e-04   2.611780e-31   120
  7.938201e-01   1.765884e-30   1.419059e-04   9.034451e-32   294
  7.946021e-01   2.109924e-30   2.517486e-04   1.135718e-31   384
  7.953317e-01   1.896452e-30   1.666559e-04   1.221618e-31   216
  7.960300e-01   2.789664e-30   1.547682e-04   2.056772e-31   168
  7.968189e-01   1.963998e-30   1.841494e-04   1.685709e-31   102
  7.979594e-01   1.790319e-30   2.793910e-04   1.202993e-31   168
  7.987590e-01   1.862553e-30   2.445344e-04   9.149267e-32   384
  7.996356e-01   1.976725e-30   2.484531e-04   1.208360e-31   300
  8.004513e-01   2.041382e-30   2.660394e-04   1.556629e-31   144
  8.013710e-01   1.928274e-30   2.724619e-04   1.781690e-31   102
  8.024745e-01   2.452920e-30   6.449779e-05   2.549600e-31   56
  8.030032e-01   1.746967e-30   2.099880e-04   1.085456e-31   288
  8.038324e-01   1.550384e-30   2.732724e-04   8.233072e-32   360
  8.047352e-01   1.791420e-30   1.465920e-04   1.346520e-31   126
  8.054959e-01   1.556243e-30   7.219820e-05   1.644411e-31   72
  8.063251e-01   2.089436e-30   3.825072e-05   2.246561e-31   48
  8.074069e-01   1.507936e-30   1.547423e-04   9.795936e-32   240
  8.081179e-01   1.849857e-30   2.295968e-04   9.039870e-32   306
  8.088457e-01   1.684059e-30   1.276047e-04   1.323737e-31   120
  8.096841e-01   2.228643e-30   3.140524e-04   2.465844e-31   96
  8.102934e-01   2.088802e-30   0.000000e+00   3.361354e-31   24
  8.116625e-01   1.456773e-30   2.719614e-04   1.243316e-31   120
  8.123333e-01   1.631503e-30   2.351967e-04   9.209221e-32   318
  8.131540e-01   1.807070e-30   2.513397e-04   1.337958e-31   168
  8.140529e-01   1.822048e-30   2.697157e-04   1.943238e-31   72
  8.150375e-01   1.510145e-30   0.000000e+00   2.837790e-31   24
  8.160963e-01   1.759517e-30   1.309209e-04   3.035394e-31   14
  8.166001e-01   1.626324e-30   2.064915e-04   8.229958e-32   288
  8.173825e-01   1.388925e-30   2.484205e-04   1.058884e-31   204
  8.182854e-01   1.873351e-30   3.769163e-05   2.218775e-31   48
  8.190012e-01   2.852336e-30   0.000000e+00   6.181215e-31   24
  8.198293e-01   1.111161e-30   0.000000e+00   4.039756e-31   6
  8.210197e-01   1.535111e-30   1.543841e-04   1.028916e-31   216
  8.216331e-01   1.761492e-30   2.055974e-04   1.253487e-31   192
  8.223835e-01   1.197400e-30   3.750381e-05   1.568657e-31   48
  8.231707e-01   2.159351e-30   2.996618e-04   2.511432e-31   30
  8.253970e-01   1.694824e-30   6.196711e-05   1.748719e-31   96
  8.258541e-01   1.298183e-30   2.030500e-04   9.293148e-32   228
  8.267225e-01   1.943854e-30   2.655246e-04   2.202795e-31   72
  8.277664e-01   1.039371e-30   0.000000e+00   2.439444e-31   6
  8.301440e-01   1.288998e-30   2.004855e-04   9.504163e-32   248
  8.309027e-01   1.362739e-30   2.294661e-04   1.805785e-31   72
  8.318179e-01   8.392435e-31   1.271566e-08   2.473155e-31   6
  8.345842e-01   1.319571e-30   1.424677e-04   1.015321e-31   180
  8.351359e-01   1.081715e-30   1.938498e-04   1.357301e-31   72
  8.359234e-01   1.033261e-30   0.000000e+00   3.432605e-31   6
  8.389986e-01   1.559341e-30   6.096248e-05   1.655733e-31   96
  8.393661e-01   1.639718e-30   1.673676e-04   1.946392e-31   96
  8.400824e-01   1.723843e-30   0.000000e+00   3.803487e-31   6
  8.436361e-01   1.239375e-30   1.601837e-04   8.811553e-32   140
  8.442939e-01   8.989056e-31   0.000000e+00   3.891487e-31   6
  8.481027e-01   1.215384e-30   1.075705e-04   1.061755e-31   96
  8.485572e-01   1.324188e-30   0.000000e+00   1.818555e-31   6
  8.525822e-01   1.584802e-30   6.471255e-05   1.844841e-31   60
  8.528715e-01   1.025066e-30   0.000000e+00   2.369839e-31   6
  8.570997e-01   1.609915e-30   6.560518e-05   2.624671e-31   38
  8.616024e-01   1.755803e-30   3.374897e-05   2.966282e-31   18
  8.661129e-01   2.986860e-30   1.271566e-08   8.416240e-31   6
