# power spectrum of pi_k
# redshift z=48.125939
# k              Pk             sigma(k)       sigma(Pk)      count
  1.570796e-02   1.180823e-11   0.000000e+00   4.759766e-12   6
  2.221441e-02   5.368286e-12   0.000000e+00   1.071603e-12   12
  2.720699e-02   3.299351e-12   2.980232e-10   6.714671e-13   8
  3.141593e-02   9.275539e-12   0.000000e+00   9.981210e-13   6
  3.512407e-02   5.607955e-12   5.619580e-10   1.787721e-12   24
  3.847649e-02   7.127754e-12   5.619580e-10   1.200935e-12   24
  4.442883e-02   2.657558e-12   0.000000e+00   1.196283e-12   12
  4.712389e-02   2.887164e-12   6.357829e-10   5.318840e-13   30
  4.967294e-02   3.417784e-12   0.000000e+00   7.533584e-13   24
  5.209742e-02   2.981632e-12   9.733398e-10   7.391589e-13   24
  5.441398e-02   3.353836e-12   5.960464e-10   6.797259e-13   8
  5.663587e-02   2.750250e-12   7.947286e-10   3.416761e-13   24
  5.877382e-02   2.516979e-12   0.000000e+00   3.537017e-13   48
  6.283185e-02   2.836890e-12   0.000000e+00   1.247313e-12   6
  6.476559e-02   2.223858e-12   7.947286e-10   3.123409e-13   48
  6.664324e-02   2.019582e-12   7.492773e-10   2.099388e-13   36
  6.846942e-02   2.847242e-12   7.947286e-10   5.953081e-13   24
  7.024815e-02   1.635533e-12   1.123916e-09   2.816018e-13   24
  7.198293e-02   1.433696e-12   0.000000e+00   1.949655e-13   48
  7.367688e-02   2.178696e-12   1.123916e-09   3.101081e-13   24
  7.695299e-02   1.658369e-12   1.123916e-09   2.608835e-13   24
  7.853982e-02   1.107095e-12   0.000000e+00   1.812488e-13   30
  8.009521e-02   1.154540e-12   0.000000e+00   1.274967e-13   72
  8.162097e-02   1.099029e-12   1.192093e-09   2.237198e-13   32
  8.458997e-02   1.400171e-12   0.000000e+00   1.623807e-13   72
  8.603606e-02   8.321078e-13   0.000000e+00   1.216900e-13   48
  8.885766e-02   4.228280e-13   0.000000e+00   1.257706e-13   12
  9.023538e-02   8.173909e-13   0.000000e+00   1.225729e-13   48
  9.159238e-02   7.070116e-13   0.000000e+00   7.037442e-14   48
  9.292956e-02   9.183673e-13   1.123916e-09   1.158480e-13   48
  9.424778e-02   1.082207e-12   1.271566e-09   1.897263e-13   30
  9.554781e-02   9.366580e-13   0.000000e+00   2.106782e-13   24
  9.683039e-02   9.510087e-13   2.369423e-09   9.562241e-14   72
  9.934588e-02   5.429434e-13   0.000000e+00   1.031541e-13   24
  1.005800e-01   8.192622e-13   0.000000e+00   8.117091e-14   96
  1.017992e-01   6.223460e-13   0.000000e+00   8.264017e-14   48
  1.030040e-01   5.132284e-13   1.946680e-09   1.260613e-13   24
  1.041948e-01   3.668674e-13   1.946680e-09   7.531642e-14   24
  1.053722e-01   8.686016e-13   0.000000e+00   1.060503e-13   72
  1.065366e-01   6.419716e-13   0.000000e+00   9.884084e-14   48
  1.088280e-01   5.495518e-13   1.192093e-09   1.640203e-13   8
  1.099557e-01   7.982838e-13   1.412851e-09   9.543837e-14   54
  1.110721e-01   5.343372e-13   0.000000e+00   9.342422e-14   84
  1.121773e-01   5.817579e-13   0.000000e+00   8.342326e-14   48
  1.132717e-01   3.591882e-13   1.589457e-09   6.406619e-14   24
  1.143557e-01   4.743400e-13   2.119276e-09   5.629634e-14   72
  1.154295e-01   6.201149e-13   0.000000e+00   7.058921e-14   96
  1.175476e-01   8.339174e-13   0.000000e+00   9.095865e-14   48
  1.185925e-01   4.529786e-13   0.000000e+00   4.244690e-14   48
  1.196283e-01   3.907208e-13   0.000000e+00   7.603004e-14   24
  1.206552e-01   4.417625e-13   0.000000e+00   4.756796e-14   72
  1.226831e-01   4.534015e-13   0.000000e+00   5.364095e-14   72
  1.236846e-01   4.386287e-13   0.000000e+00   5.000218e-14   96
  1.256637e-01   5.932201e-13   0.000000e+00   2.606581e-13   6
  1.266416e-01   4.859635e-13   0.000000e+00   4.704775e-14   96
  1.276121e-01   4.949717e-13   1.589457e-09   5.292040e-14   96
  1.285752e-01   3.304123e-13   0.000000e+00   7.857969e-14   24
  1.295312e-01   3.640206e-13   1.589457e-09   4.532302e-14   48
  1.304801e-01   3.632105e-13   0.000000e+00   3.674098e-14   96
  1.314222e-01   4.205939e-13   0.000000e+00   5.665282e-14   48
  1.332865e-01   3.651379e-13   1.498555e-09   6.851056e-14   36
  1.342089e-01   3.636535e-13   2.753021e-09   4.590137e-14   48
  1.351250e-01   3.982827e-13   3.114687e-09   3.575250e-14   120
  1.360350e-01   3.533045e-13   0.000000e+00   4.664647e-14   56
  1.369388e-01   1.962903e-13   1.589457e-09   3.435936e-14   24
  1.378368e-01   2.810976e-13   0.000000e+00   2.501083e-14   96
  1.387290e-01   2.944973e-13   0.000000e+00   3.800084e-14   48
  1.404963e-01   3.490679e-13   2.247832e-09   6.474037e-14   24
  1.413717e-01   3.763877e-13   0.000000e+00   3.763260e-14   102
  1.422417e-01   3.834369e-13   1.589457e-09   5.772027e-14   48
  1.431064e-01   3.477975e-13   0.000000e+00   3.465162e-14   72
  1.439659e-01   3.134132e-13   0.000000e+00   3.166417e-14   48
  1.448203e-01   3.319808e-13   0.000000e+00   6.150591e-14   48
  1.456697e-01   2.803560e-13   3.596531e-09   2.463283e-14   120
  1.473538e-01   4.342812e-13   2.247832e-09   7.269443e-14   24
  1.481886e-01   2.482302e-13   2.119276e-09   2.088350e-14   144
  1.490188e-01   2.519956e-13   2.543132e-09   2.422987e-14   120
  1.498444e-01   1.935217e-13   2.247832e-09   2.709370e-14   48
  1.514821e-01   2.843408e-13   2.247832e-09   3.791900e-14   48
  1.522944e-01   2.292912e-13   2.247832e-09   2.392900e-14   96
  1.544390e-01   2.950244e-13   3.768959e-04   3.622433e-14   72
  1.555009e-01   2.141401e-13   1.998073e-09   1.634936e-14   108
  1.562923e-01   2.513021e-13   0.000000e+00   2.692039e-14   72
  1.570796e-01   1.503445e-13   0.000000e+00   2.785036e-14   30
  1.578631e-01   2.511736e-13   0.000000e+00   1.994380e-14   168
  1.586427e-01   2.449436e-13   0.000000e+00   2.672514e-14   48
  1.601904e-01   1.656916e-13   0.000000e+00   1.942187e-14   72
  1.609587e-01   2.150450e-13   0.000000e+00   2.073177e-14   96
  1.617234e-01   2.089963e-13   4.238553e-09   3.210071e-14   72
  1.624844e-01   2.432661e-13   0.000000e+00   2.578958e-14   72
  1.637639e-01   2.144317e-13   3.480039e-04   1.570339e-14   104
  1.647465e-01   2.020588e-13   2.997109e-09   1.473508e-14   144
  1.669779e-01   1.376324e-13   5.026305e-09   1.292673e-14   96
  1.677152e-01   1.508533e-13   0.000000e+00   1.559029e-14   96
  1.688876e-01   2.031701e-13   3.580185e-04   1.889967e-14   120
  1.699076e-01   1.675334e-13   0.000000e+00   1.523891e-14   120
  1.706322e-01   1.995564e-13   0.000000e+00   2.162121e-14   72
  1.720721e-01   1.963789e-13   0.000000e+00   2.601118e-14   48
  1.727876e-01   2.088905e-13   3.912510e-09   2.382379e-14   78
  1.737029e-01   2.152328e-13   3.205713e-04   1.701844e-14   168
  1.756204e-01   1.955540e-13   3.670694e-09   1.689697e-14   144
  1.763215e-01   2.007956e-13   2.997109e-09   1.434149e-14   144
  1.783549e-01   1.787216e-13   1.846233e-04   1.519495e-14   156
  1.790983e-01   1.295908e-13   3.893359e-09   2.415172e-14   48
  1.797859e-01   1.600769e-13   2.543132e-09   1.570812e-14   120
  1.804708e-01   1.144504e-13   0.000000e+00   1.204952e-14   48
  1.816818e-01   1.690958e-13   2.825996e-04   1.147886e-14   216
  1.831848e-01   1.490079e-13   0.000000e+00   1.840226e-14   48
  1.838570e-01   1.366042e-13   2.247832e-09   1.201539e-14   96
  1.848128e-01   1.552363e-13   3.302618e-04   1.362963e-14   168
  1.858591e-01   1.237266e-13   2.247832e-09   1.769441e-14   48
  1.865217e-01   1.624733e-13   0.000000e+00   1.621365e-14   96
  1.871820e-01   1.564228e-13   0.000000e+00   2.847515e-14   48
  1.884956e-01   1.801267e-13   2.543132e-09   1.794544e-14   30
  1.891489e-01   1.137909e-13   0.000000e+00   9.227782e-15   96
  1.899298e-01   1.398017e-13   2.595564e-04   9.472222e-15   240
  1.909339e-01   1.913808e-13   2.800239e-04   2.632792e-14   32
  1.917401e-01   1.082270e-13   0.000000e+00   8.017092e-15   168
  1.923825e-01   1.279868e-13   0.000000e+00   1.254540e-14   120
  1.936608e-01   1.004840e-13   4.738846e-09   1.127913e-14   72
  1.942968e-01   1.633075e-13   2.119276e-09   1.500376e-14   144
  1.949307e-01   1.165152e-13   0.000000e+00   1.191920e-14   96
  1.955626e-01   1.533824e-13   0.000000e+00   1.227907e-14   96
  1.968202e-01   1.486721e-13   0.000000e+00   1.794060e-14   72
  1.974460e-01   1.244559e-13   3.178914e-09   1.206030e-14   96
  1.986918e-01   1.194084e-13   0.000000e+00   2.201315e-14   24
  1.993117e-01   1.381944e-13   0.000000e+00   1.019791e-14   192
  2.000418e-01   1.301563e-13   2.376333e-04   9.596669e-15   132
  2.011601e-01   1.381080e-13   0.000000e+00   1.248497e-14   96
  2.017724e-01   1.005968e-13   0.000000e+00   1.013855e-14   96
  2.023829e-01   1.311513e-13   2.543132e-09   1.118019e-14   120
  2.035985e-01   1.370688e-13   0.000000e+00   1.883001e-14   48
  2.045948e-01   8.787792e-14   2.879924e-04   5.748109e-15   222
  2.054083e-01   1.130593e-13   0.000000e+00   1.070998e-14   120
  2.060080e-01   1.260199e-13   3.893359e-09   2.539334e-14   24
  2.068812e-01   1.306735e-13   2.972500e-04   6.911102e-15   312
  2.087838e-01   1.412189e-13   2.786838e-04   1.573985e-14   72
  2.095704e-01   9.781161e-14   3.893359e-09   1.318486e-14   96
  2.103781e-01   1.182665e-13   2.838009e-04   8.944526e-15   192
  2.113290e-01   1.097127e-13   3.596531e-09   1.113156e-14   120
  2.119120e-01   1.087142e-13   0.000000e+00   1.116848e-14   144
  2.130732e-01   9.592929e-14   0.000000e+00   1.373905e-14   48
  2.138985e-01   9.438594e-14   2.853717e-04   5.496664e-15   336
  2.148032e-01   1.060795e-13   0.000000e+00   1.451663e-14   48
  2.159488e-01   9.476801e-14   0.000000e+00   8.290176e-15   192
  2.165193e-01   1.021280e-13   0.000000e+00   1.248210e-14   48
  2.181411e-01   1.004979e-13   1.980854e-04   1.216584e-14   56
  2.189475e-01   9.709082e-14   2.544090e-04   5.371644e-15   336
  2.199115e-01   9.589762e-14   2.825702e-09   1.366411e-14   54
  2.207512e-01   8.641543e-14   2.794324e-04   5.308130e-15   240
  2.224945e-01   8.568770e-14   2.675587e-04   6.344341e-15   228
  2.232521e-01   1.013889e-13   2.997109e-09   1.294961e-14   72
  2.239875e-01   9.984334e-14   2.595385e-04   7.412441e-15   144
  2.249038e-01   8.045635e-14   0.000000e+00   7.853475e-15   96
  2.254517e-01   8.280249e-14   3.596531e-09   5.192786e-15   240
  2.265435e-01   7.427219e-14   3.178914e-09   1.427230e-14   24
  2.272424e-01   8.681352e-14   2.451321e-04   5.170790e-15   336
  2.281713e-01   8.146246e-14   0.000000e+00   9.585803e-15   72
  2.290193e-01   9.640441e-14   2.666265e-04   6.958108e-15   168
  2.297877e-01   6.300206e-14   0.000000e+00   5.573136e-15   72
  2.308590e-01   9.653491e-14   0.000000e+00   8.846941e-15   96
  2.316886e-01   8.216694e-14   2.646263e-04   5.845875e-15   216
  2.324566e-01   6.172450e-14   0.000000e+00   4.592783e-15   96
  2.335157e-01   7.481984e-14   3.178914e-09   5.034404e-15   192
  2.340434e-01   7.313831e-14   2.997109e-09   5.703567e-15   144
  2.350953e-01   7.724391e-14   0.000000e+00   9.999298e-15   48
  2.358236e-01   7.938412e-14   2.551309e-04   5.391928e-15   246
  2.368131e-01   9.676491e-14   2.352347e-04   7.492274e-15   168
  2.377046e-01   7.558115e-14   6.229375e-09   7.547593e-15   120
  2.382231e-01   6.289868e-14   0.000000e+00   4.300803e-15   240
  2.392566e-01   4.448266e-14   0.000000e+00   9.030212e-15   24
  2.400800e-01   7.141616e-14   2.517980e-04   4.459605e-15   360
  2.411056e-01   6.619625e-14   2.507265e-04   4.930481e-15   120
  2.418210e-01   7.776553e-14   0.000000e+00   6.246994e-15   144
  2.423307e-01   7.617510e-14   0.000000e+00   6.717702e-15   96
  2.438532e-01   7.248373e-14   0.000000e+00   5.821292e-15   144
  2.443586e-01   7.763834e-14   0.000000e+00   6.628752e-15   132
  2.450688e-01   7.040065e-14   2.474633e-04   5.154409e-15   176
  2.460999e-01   6.936707e-14   2.498881e-04   3.527186e-15   312
  2.473693e-01   9.785537e-14   0.000000e+00   1.488842e-14   96
  2.478675e-01   6.599008e-14   0.000000e+00   5.758164e-15   144
  2.486319e-01   6.924718e-14   2.473817e-04   3.846565e-15   312
  2.498505e-01   8.099452e-14   0.000000e+00   8.030481e-15   48
  2.503437e-01   6.033142e-14   3.178914e-09   4.501654e-15   192
  2.513274e-01   2.002549e-14   0.000000e+00   6.137562e-15   6
  2.519810e-01   5.761624e-14   2.307253e-04   3.174751e-15   288
  2.530395e-01   5.564188e-14   2.437763e-04   3.950283e-15   192
  2.537699e-01   5.302329e-14   7.476104e-09   3.394187e-15   216
  2.542556e-01   6.663104e-14   0.000000e+00   9.041040e-15   72
  2.554657e-01   5.432894e-14   2.414611e-04   4.187465e-15   192
  2.562693e-01   7.074259e-14   1.792979e-04   4.179518e-15   288
  2.571504e-01   6.068035e-14   0.000000e+00   1.171758e-14   24
  2.578312e-01   6.512329e-14   2.362101e-04   2.818501e-15   456
  2.590624e-01   4.128472e-14   0.000000e+00   6.074382e-15   48
  2.598231e-01   5.889258e-14   2.326575e-04   4.315824e-15   240
  2.606974e-01   6.599210e-14   2.351266e-04   4.208018e-15   216
  2.614326e-01   5.183206e-14   0.000000e+00   6.356965e-15   72
  2.619041e-01   5.374453e-14   8.123736e-09   4.238888e-15   168
  2.632353e-01   6.229416e-14   1.747662e-04   3.771715e-15   288
  2.639818e-01   6.080196e-14   2.312456e-04   4.172095e-15   168
  2.651809e-01   6.859202e-14   0.000000e+00   4.742291e-15   192
  2.656458e-01   5.491998e-14   2.997109e-09   3.900853e-15   144
  2.665730e-01   6.750717e-14   2.997109e-09   8.383683e-15   36
  2.673593e-01   4.560435e-14   2.111764e-04   2.332188e-15   342
  2.681111e-01   5.385085e-14   2.168525e-04   4.080322e-15   144
  2.690776e-01   5.112732e-14   2.274240e-04   2.625131e-15   384
  2.702500e-01   5.985932e-14   6.229375e-09   5.446712e-15   120
  2.708303e-01   5.996345e-14   2.027960e-04   3.717972e-15   264
  2.716161e-01   5.112549e-14   1.005261e-08   3.725694e-15   192
  2.723561e-01   5.614579e-14   2.185515e-04   4.282112e-15   152
  2.729753e-01   5.107211e-14   5.994218e-09   4.609895e-15   144
  2.742778e-01   4.265329e-14   1.414487e-04   3.120852e-15   216
  2.748807e-01   5.495073e-14   1.890132e-04   2.997458e-15   312
  2.759419e-01   4.713513e-14   2.190625e-04   2.618639e-15   240
  2.765672e-01   5.672438e-14   3.178914e-09   5.871292e-15   96
  2.777541e-01   5.117247e-14   2.094396e-04   4.124057e-15   144
  2.784857e-01   4.879674e-14   2.058607e-04   2.352073e-15   456
  2.796723e-01   3.896116e-14   0.000000e+00   2.543721e-15   120
  2.801131e-01   4.226784e-14   0.000000e+00   3.882096e-15   144
  2.809926e-01   3.154700e-14   4.495664e-09   5.208091e-15   24
  2.815564e-01   4.860941e-14   1.978798e-04   2.452602e-15   336
  2.825316e-01   4.528887e-14   2.182345e-04   3.561246e-15   198
  2.834454e-01   4.459747e-14   2.122205e-04   2.331825e-15   432
  2.844833e-01   4.625572e-14   6.357829e-09   4.699070e-15   48
  2.850248e-01   5.154665e-14   1.873540e-04   2.661340e-15   384
  2.859970e-01   4.927910e-14   2.156842e-04   4.050821e-15   144
  2.868780e-01   4.781812e-14   2.141460e-04   2.741532e-15   264
  2.879317e-01   3.824310e-14   0.000000e+00   3.674933e-15   48
  2.886387e-01   4.467959e-14   2.036179e-04   2.694716e-15   276
  2.893208e-01   3.963603e-14   1.845741e-04   3.262947e-15   192
  2.902325e-01   4.168609e-14   2.074207e-04   1.750343e-15   552
  2.913393e-01   2.915202e-14   5.086263e-09   2.553426e-15   120
  2.919972e-01   4.544216e-14   2.099609e-04   3.063103e-15   216
  2.926069e-01   3.999540e-14   5.086263e-09   3.134403e-15   120
  2.936961e-01   4.601373e-14   2.067600e-04   2.350225e-15   408
  2.947075e-01   4.247951e-14   4.495664e-09   5.686903e-15   24
  2.953347e-01   3.709397e-14   2.088648e-04   2.080588e-15   384
  2.962106e-01   3.668253e-14   2.040684e-04   2.538000e-15   240
  2.969712e-01   3.572798e-14   2.055628e-04   2.429155e-15   168
  2.980376e-01   3.197321e-14   0.000000e+00   3.092572e-15   120
  2.987251e-01   3.865374e-14   2.142884e-04   1.952871e-15   350
  2.998430e-01   3.814051e-14   3.527601e-04   1.991574e-15   384
  3.005110e-01   4.111647e-14   0.000000e+00   3.690389e-15   144
  3.017401e-01   3.256886e-14   4.238553e-09   1.889168e-15   288
  3.023819e-01   3.373595e-14   2.019242e-04   1.614618e-15   336
  3.032549e-01   4.095306e-14   1.838353e-04   3.001304e-15   168
  3.037776e-01   3.604984e-14   1.204945e-08   2.128096e-15   336
  3.048586e-01   3.225995e-14   1.908100e-04   1.978642e-15   288
  3.055078e-01   3.284668e-14   1.797918e-04   2.003838e-15   264
  3.066072e-01   3.567875e-14   0.000000e+00   2.215580e-15   240
  3.070093e-01   3.501244e-14   0.000000e+00   2.914689e-15   96
  3.084525e-01   3.789042e-14   2.445048e-04   1.918963e-15   360
  3.091260e-01   3.685592e-14   1.802420e-04   3.088257e-15   168
  3.099770e-01   3.572211e-14   1.964825e-04   1.573476e-15   456
  3.110018e-01   3.264280e-14   5.651403e-09   2.939919e-15   108
  3.115782e-01   3.423826e-14   1.971449e-04   2.464809e-15   264
  3.122973e-01   3.206975e-14   1.758853e-04   2.031848e-15   264
  3.132820e-01   3.644594e-14   1.659735e-04   2.202902e-15   312
  3.145081e-01   3.558549e-14   1.233364e-04   2.270341e-15   270
  3.150220e-01   3.256940e-14   1.565911e-04   2.232537e-15   240
  3.159458e-01   3.318205e-14   1.937229e-04   1.609803e-15   384
  3.165067e-01   2.850218e-14   6.357829e-09   1.900697e-15   192
  3.175962e-01   3.450582e-14   1.554368e-04   2.433478e-15   240
  3.182281e-01   3.217700e-14   1.918342e-04   1.716609e-15   336
  3.194167e-01   3.329902e-14   1.931178e-04   1.483002e-15   480
  3.203808e-01   3.327716e-14   4.238553e-09   3.892856e-15   72
  3.209194e-01   3.386664e-14   1.883074e-04   2.119311e-15   240
  3.216520e-01   3.008354e-14   1.769831e-04   1.753446e-15   312
  3.224917e-01   2.862497e-14   1.912763e-04   1.984443e-15   240
  3.237607e-01   3.125828e-14   1.453205e-04   1.516992e-15   408
  3.242630e-01   2.936060e-14   1.330785e-04   1.685642e-15   336
  3.252448e-01   3.085303e-14   1.689770e-04   2.199728e-15   264
  3.257273e-01   3.725847e-14   0.000000e+00   3.097608e-15   144
  3.270696e-01   3.025530e-14   2.342121e-04   1.431422e-15   464
  3.277768e-01   2.333502e-14   1.862466e-04   1.667005e-15   168
  3.284751e-01   3.724505e-14   1.696301e-04   1.969061e-15   336
  3.297371e-01   2.888517e-14   1.782296e-04   1.455424e-15   414
  3.304484e-01   3.215973e-14   1.855264e-04   2.015901e-15   216
  3.313598e-01   2.873377e-14   4.495664e-09   2.845603e-15   96
  3.317320e-01   2.833126e-14   1.101208e-08   1.277173e-15   384
  3.330355e-01   2.993566e-14   1.851680e-04   1.482628e-15   492
  3.337341e-01   2.340133e-14   1.810784e-04   1.420349e-15   240
  3.345237e-01   2.368446e-14   1.838580e-04   1.350244e-15   312
  3.356141e-01   2.901510e-14   1.837975e-04   2.290229e-15   192
  3.363048e-01   2.850236e-14   1.781220e-04   1.289920e-15   504
  3.372212e-01   2.710982e-14   1.179198e-04   1.364743e-15   408
  3.379427e-01   3.108644e-14   3.612619e-04   2.431306e-15   168
  3.388456e-01   2.456320e-14   1.716026e-04   1.569498e-15   288
  3.396033e-01   2.530906e-14   1.790820e-04   1.690222e-15   288
  3.403794e-01   2.750683e-14   1.801128e-04   1.342872e-15   432
  3.415052e-01   2.875389e-14   1.703267e-04   1.923359e-15   216
  3.421068e-01   2.653676e-14   1.699674e-04   1.258588e-15   360
  3.431777e-01   2.819399e-14   1.658865e-04   1.588276e-15   312
  3.441442e-01   2.975881e-14   0.000000e+00   4.702565e-15   48
  3.447014e-01   2.573215e-14   1.778543e-04   1.276711e-15   432
  3.456992e-01   2.405857e-14   2.966627e-04   1.121394e-15   414
  3.462885e-01   2.439871e-14   6.776666e-09   1.358230e-15   312
  3.473878e-01   2.643027e-14   2.603051e-04   1.112566e-15   528
  3.481296e-01   2.630299e-14   1.366381e-04   1.638553e-15   264
  3.490209e-01   2.377444e-14   1.620153e-04   1.174094e-15   480
  3.501854e-01   2.433205e-14   0.000000e+00   1.287987e-15   288
  3.506883e-01   2.537691e-14   1.740804e-04   2.073094e-15   168
  3.516084e-01   2.458447e-14   2.755688e-04   1.025751e-15   504
  3.526429e-01   2.649774e-14   4.238553e-09   1.887450e-15   144
  3.532937e-01   2.300752e-14   1.769812e-04   1.056088e-15   464
  3.542716e-01   2.063756e-14   2.597299e-04   9.670740e-16   432
  3.547358e-01   2.690108e-14   4.495664e-09   1.872009e-15   192
  3.559351e-01   2.181299e-14   1.925466e-04   9.722993e-16   396
  3.566434e-01   2.313305e-14   1.729600e-04   1.384246e-15   288
  3.573592e-01   2.348406e-14   1.708549e-04   1.278863e-15   336
  3.585027e-01   2.169076e-14   1.081887e-04   9.392607e-16   432
  3.592283e-01   2.322667e-14   2.804101e-04   1.139999e-15   360
  3.600431e-01   2.292691e-14   1.658667e-04   1.100600e-15   384
  3.612003e-01   1.909234e-14   1.464092e-04   1.468735e-15   198
  3.617579e-01   2.210555e-14   1.664197e-04   8.465236e-16   552
  3.627976e-01   1.822208e-14   2.329761e-04   9.587238e-16   432
  3.636656e-01   2.381515e-14   8.899106e-09   1.791078e-15   168
  3.643942e-01   2.181066e-14   2.888052e-04   9.717666e-16   480
  3.653579e-01   1.628298e-14   0.000000e+00   1.478159e-15   120
  3.657917e-01   2.001926e-14   2.358836e-04   1.203878e-15   336
  3.668502e-01   2.173884e-14   1.664122e-04   7.605349e-16   672
  3.678969e-01   2.136263e-14   2.420693e-04   9.647870e-16   528
  3.683844e-01   2.017200e-14   7.266090e-09   1.283616e-15   168
  3.695106e-01   2.087601e-14   2.700266e-04   9.144850e-16   456
  3.701979e-01   2.313255e-14   1.649075e-04   2.064109e-15   168
  3.709113e-01   2.113209e-14   1.646115e-04   1.025287e-15   504
  3.720973e-01   1.987475e-14   2.118297e-04   1.102476e-15   336
  3.728144e-01   2.242844e-14   1.527042e-04   1.236069e-15   312
  3.736099e-01   2.108180e-14   1.492023e-04   9.243268e-16   504
  3.746568e-01   1.999116e-14   1.035207e-04   8.463794e-16   432
  3.751490e-01   1.819476e-14   1.599738e-04   1.047178e-15   312
  3.761721e-01   1.900500e-14   1.639809e-04   8.715389e-16   384
  3.772403e-01   2.148732e-14   1.393208e-04   1.989186e-15   126
  3.778999e-01   1.960197e-14   2.446141e-04   9.771614e-16   492
  3.787423e-01   1.991123e-14   1.566756e-04   8.170948e-16   528
  3.797950e-01   1.870207e-14   1.591488e-04   8.083520e-16   480
  3.804477e-01   1.972332e-14   2.198632e-04   9.128134e-16   432
  3.813922e-01   2.063726e-14   1.728933e-04   9.322682e-16   440
  3.824891e-01   1.813850e-14   8.597912e-05   1.045653e-15   312
  3.829007e-01   1.986858e-14   1.288469e-04   1.083158e-15   480
  3.837450e-01   1.807153e-14   2.522797e-04   9.327869e-16   408
  3.849786e-01   1.805026e-14   1.510870e-04   8.964129e-16   360
  3.854998e-01   1.759404e-14   1.457935e-04   8.763836e-16   408
  3.864656e-01   1.765771e-14   1.483633e-04   7.988389e-16   456
  3.875531e-01   1.868401e-14   1.417988e-04   1.102092e-15   264
  3.881567e-01   1.704148e-14   1.538873e-04   9.125990e-16   384
  3.890354e-01   1.793898e-14   2.590801e-04   7.053490e-16   672
  3.900512e-01   1.720224e-14   1.549634e-04   1.123812e-15   240
  3.906373e-01   1.801913e-14   1.572490e-04   1.043460e-15   264
  3.914646e-01   1.567067e-14   1.939407e-04   6.747709e-16   624
  3.926991e-01   1.917488e-14   0.000000e+00   1.481278e-15   150
  3.931386e-01   1.818064e-14   2.173259e-04   7.977561e-16   600
  3.940655e-01   1.555149e-14   1.499928e-04   6.492914e-16   672
  3.951151e-01   1.698755e-14   1.410788e-04   9.876203e-16   336
  3.956998e-01   1.713753e-14   1.534526e-04   8.574620e-16   408
  3.966340e-01   1.589791e-14   1.530911e-04   7.829385e-16   408
  3.976732e-01   1.505228e-14   7.741108e-05   7.697106e-16   360
  3.983137e-01   1.691093e-14   2.842286e-04   7.869404e-16   456
  3.990874e-01   1.554400e-14   1.545652e-04   7.025331e-16   384
  4.000722e-01   1.859221e-14   1.426833e-04   9.300879e-16   348
  4.006044e-01   1.585748e-14   1.759003e-04   6.595235e-16   576
  4.016040e-01   1.629846e-14   1.448308e-04   7.507384e-16   504
  4.026266e-01   1.577156e-14   2.042754e-04   7.219544e-16   432
  4.035193e-01   1.444176e-14   2.779157e-04   5.737639e-16   576
  4.041559e-01   1.546152e-14   0.000000e+00   8.943306e-16   264
  4.051657e-01   1.556727e-14   2.211515e-04   5.380080e-16   768
  4.060439e-01   1.832233e-14   2.977401e-04   1.228022e-15   240
  4.067421e-01   1.467509e-14   2.625786e-04   1.120816e-15   192
  4.077592e-01   1.461424e-14   1.932899e-04   6.089061e-16   504
  4.085134e-01   1.370817e-14   2.604655e-04   5.614150e-16   590
  4.092368e-01   1.415330e-14   2.918373e-04   7.001653e-16   384
  4.101438e-01   1.482037e-14   2.438900e-04   6.649000e-16   504
  4.112389e-01   1.553741e-14   2.347064e-04   5.702202e-16   648
  4.123011e-01   1.473677e-14   6.374317e-05   6.410622e-16   504
  4.127294e-01   1.519179e-14   1.454101e-04   7.790828e-16   312
  4.134855e-01   1.315736e-14   2.095003e-04   4.986825e-16   576
  4.145236e-01   1.389320e-14   1.457924e-04   8.713501e-16   240
  4.151287e-01   1.354493e-14   1.473162e-04   5.502484e-16   552
  4.159853e-01   1.474307e-14   1.383265e-04   5.860297e-16   600
  4.172054e-01   1.364059e-14   1.689549e-04   4.968219e-16   600
  4.179389e-01   1.496408e-14   2.705679e-04   8.824488e-16   312
  4.186695e-01   1.458268e-14   2.356379e-04   6.396321e-16   480
  4.195820e-01   1.493433e-14   1.470154e-04   6.046600e-16   576
  4.203854e-01   1.422367e-14   2.367268e-04   7.194306e-16   408
  4.210983e-01   1.431851e-14   2.761527e-04   8.840811e-16   216
  4.220194e-01   1.187652e-14   2.115019e-04   5.320387e-16   516
  4.230063e-01   1.421972e-14   2.017943e-04   5.571432e-16   744
  4.240243e-01   1.316750e-14   1.347808e-04   6.065940e-16   462
  4.245995e-01   1.410548e-14   1.369852e-04   6.873210e-16   432
  4.254918e-01   1.412268e-14   1.270838e-04   5.001976e-16   648
  4.265409e-01   1.422230e-14   1.859472e-04   5.869997e-16   528
  4.273836e-01   1.206817e-14   2.239269e-04   5.038614e-16   600
  4.282256e-01   1.204283e-14   2.823132e-04   9.146720e-16   240
  4.290411e-01   1.228919e-14   2.162492e-04   4.454550e-16   720
  4.299890e-01   1.389104e-14   1.710922e-04   4.901736e-16   720
  4.310398e-01   1.131814e-14   0.000000e+00   8.329333e-16   144
  4.315927e-01   1.187758e-14   2.205891e-04   4.245152e-16   720
  4.323793e-01   1.446227e-14   1.322696e-04   7.879160e-16   384
  4.333641e-01   1.240815e-14   1.466278e-04   4.785410e-16   672
  4.342984e-01   1.248425e-14   2.567292e-04   6.535700e-16   336
  4.347447e-01   1.397248e-14   0.000000e+00   8.518369e-16   288
  4.358374e-01   1.201680e-14   2.031840e-04   4.180514e-16   776
  4.368489e-01   1.317337e-14   1.738547e-04   4.991414e-16   720
  4.376985e-01   1.260201e-14   1.400528e-04   6.513074e-16   432
  4.383780e-01   1.216482e-14   1.996629e-04   6.492424e-16   504
  4.391339e-01   1.147581e-14   1.398922e-04   5.085362e-16   528
  4.401917e-01   1.212497e-14   1.905949e-04   5.611633e-16   438
  4.410618e-01   1.095559e-14   2.218350e-04   4.410731e-16   624
  4.417176e-01   1.277694e-14   2.717180e-04   6.936350e-16   312
  4.426191e-01   1.194476e-14   1.463948e-04   4.275646e-16   696
  4.435512e-01   1.148561e-14   1.324608e-04   4.875050e-16   552
  4.445207e-01   1.066200e-14   1.024805e-04   4.360320e-16   516
  4.451205e-01   1.113564e-14   2.046970e-04   4.549652e-16   528
  4.458506e-01   1.116035e-14   1.331200e-04   5.179426e-16   528
  4.468878e-01   1.121253e-14   1.755583e-04   3.958113e-16   864
  4.475918e-01   1.001334e-14   2.404788e-04   4.664082e-16   408
  4.482965e-01   1.098182e-14   2.382549e-04   7.345854e-16   192
  4.492953e-01   1.135520e-14   1.971674e-04   4.167843e-16   720
  4.501385e-01   9.957185e-15   1.817980e-04   3.530246e-16   696
  4.511404e-01   1.117746e-14   1.963435e-04   4.015394e-16   720
  4.520570e-01   1.049359e-14   2.661201e-04   5.001570e-16   432
  4.525916e-01   9.844650e-15   1.566487e-04   5.998191e-16   264
  4.535534e-01   1.099982e-14   2.163249e-04   4.028007e-16   672
  4.544137e-01   1.077051e-14   2.214835e-04   4.276153e-16   600
  4.554346e-01   1.054376e-14   1.296784e-04   6.730899e-16   270
  4.559493e-01   1.049788e-14   1.952021e-04   4.659480e-16   528
  4.567673e-01   1.152183e-14   1.336675e-04   4.354070e-16   840
  4.578890e-01   1.074087e-14   2.555961e-04   3.719104e-16   888
  4.589254e-01   1.040818e-14   1.904380e-04   4.048361e-16   744
  4.598014e-01   1.138302e-14   9.785730e-05   5.612124e-16   456
  4.602370e-01   9.820131e-15   1.337280e-04   4.654997e-16   360
  4.609825e-01   1.012576e-14   1.158678e-04   4.748027e-16   384
  4.621264e-01   1.071340e-14   1.858509e-04   3.814072e-16   816
  4.629847e-01   1.063698e-14   2.696437e-04   3.573292e-16   824
  4.640279e-01   1.030672e-14   1.253432e-04   5.618991e-16   360
  4.645865e-01   1.166527e-14   1.849595e-04   4.766028e-16   624
  4.653553e-01   9.054817e-15   1.249856e-04   4.424065e-16   360
  4.663795e-01   1.023888e-14   1.700172e-04   3.381208e-16   876
  4.673045e-01   9.571889e-15   2.019296e-04   3.942691e-16   696
  4.682373e-01   1.075153e-14   1.303928e-04   5.765812e-16   336
  4.687264e-01   1.065915e-14   1.302463e-04   4.950989e-16   504
  4.695341e-01   9.904616e-15   1.313750e-04   3.604066e-16   672
  4.707324e-01   9.227717e-15   2.615370e-04   3.418107e-16   720
  4.715635e-01   9.017033e-15   1.975633e-04   3.576687e-16   774
  4.724808e-01   9.763574e-15   1.130801e-04   4.670130e-16   384
  4.729612e-01   9.641057e-15   2.176147e-04   4.256872e-16   528
  4.737068e-01   9.780816e-15   2.073989e-04   3.506237e-16   744
  4.749062e-01   9.883022e-15   1.710601e-04   3.506729e-16   768
  4.757025e-01   9.575344e-15   1.920278e-04   3.966636e-16   552
  4.766960e-01   8.926845e-15   2.092886e-04   3.398540e-16   696
  4.774351e-01   9.912520e-15   2.543221e-04   5.200122e-16   408
  4.780218e-01   9.172007e-15   1.098692e-04   4.130037e-16   504
  4.789519e-01   8.894928e-15   1.973758e-04   3.160144e-16   888
  4.798671e-01   8.595811e-15   2.051305e-04   3.373709e-16   648
  4.808184e-01   8.811013e-15   2.033722e-04   3.650390e-16   648
  4.817134e-01   9.081252e-15   2.192851e-04   3.194829e-16   792
  4.826614e-01   8.738507e-15   3.208291e-04   3.550500e-16   600
  4.833600e-01   8.471122e-15   2.174285e-04   4.025100e-16   456
  4.840953e-01   9.147014e-15   1.059654e-04   3.521409e-16   648
  4.850397e-01   8.422967e-15   2.066479e-04   2.677788e-16   936
  4.860593e-01   8.529695e-15   1.269084e-04   4.054015e-16   384
  4.869469e-01   5.738247e-19   0.000000e+00   3.932755e-19   198
  4.876318e-01   7.918980e-20   3.219776e-04   1.305468e-20   1224
  4.883707e-01   7.861982e-20   2.344988e-04   1.505525e-20   420
  4.892446e-01   2.268303e-20   2.269458e-04   3.432267e-21   792
  4.900991e-01   1.676316e-20   1.876648e-04   3.195236e-21   680
  4.910742e-01   1.221037e-20   1.723226e-04   2.057068e-21   600
  4.918588e-01   9.980724e-21   2.499151e-04   1.439916e-21   840
  4.929064e-01   2.765669e-21   1.179983e-04   1.825483e-22   432
  4.933067e-01   1.416753e-20   1.105800e-04   2.019006e-21   720
  4.941771e-01   5.270028e-21   2.214723e-04   5.183071e-22   960
  4.952596e-01   8.507709e-21   1.974263e-04   1.085366e-21   528
  4.960507e-01   6.059570e-21   2.018074e-04   8.108842e-22   624
  4.969923e-01   5.110126e-21   1.586192e-04   4.107207e-22   816
  4.979269e-01   5.188789e-21   2.608527e-04   5.930952e-22   696
  4.989597e-01   2.538407e-21   1.438612e-08   2.294695e-22   240
  4.993481e-01   4.374638e-21   1.538310e-04   4.796251e-22   672
  5.002149e-01   4.516335e-21   2.749181e-04   4.478683e-22   864
  5.011872e-01   2.839442e-21   2.109550e-04   3.312258e-22   816
  5.020636e-01   2.646960e-21   1.207434e-04   2.090377e-22   648
  5.030076e-01   1.659438e-20   1.234217e-04   4.555621e-21   843
  5.038089e-01   1.520114e-20   2.220660e-04   4.216790e-21   780
  5.047639e-01   2.322446e-20   1.191565e-04   6.305049e-21   216
  5.053529e-01   9.555891e-21   2.873328e-04   1.536523e-21   1056
  5.062588e-01   5.403204e-21   2.350705e-04   1.299900e-21   228
  5.070976e-01   8.282651e-21   2.926687e-04   8.616204e-22   924
  5.079587e-01   3.805023e-21   1.085637e-04   3.305530e-22   696
  5.088706e-01   6.501796e-21   1.932122e-04   8.337706e-22   996
  5.098035e-01   3.178798e-21   1.140687e-04   4.806526e-22   576
  5.107740e-01   4.425173e-21   1.760574e-04   6.079439e-22   552
  5.114815e-01   5.300327e-21   2.102064e-04   5.457467e-22   516
  5.121995e-01   4.050640e-21   3.056837e-04   4.385621e-22   744
  5.130199e-01   2.071148e-21   1.499561e-04   2.104564e-22   576
  5.137336e-01   2.757402e-21   1.543428e-04   2.335138e-22   792
  5.147477e-01   2.913906e-21   1.764424e-04   3.062731e-22   792
  5.154909e-01   3.904589e-21   1.902913e-04   3.955997e-22   720
  5.164960e-01   2.048241e-21   2.168883e-04   1.618346e-22   656
  5.174379e-01   2.548835e-21   2.368308e-04   2.344060e-22   816
  5.184034e-01   2.921143e-21   1.276952e-04   3.576214e-22   492
  5.189522e-01   2.615629e-21   1.836985e-04   1.862482e-22   552
  5.199822e-01   2.212485e-21   3.194294e-04   2.588137e-22   780
  5.206511e-01   2.598296e-21   1.962217e-04   2.584214e-22   528
  5.213718e-01   1.804523e-21   2.290504e-04   1.837963e-22   600
  5.224340e-01   2.343865e-21   1.903590e-04   1.430127e-22   900
  5.231662e-01   1.987483e-21   1.053860e-04   1.391008e-22   696
  5.241734e-01   2.092208e-21   2.664725e-04   1.562073e-22   696
  5.251479e-01   1.400085e-21   1.081054e-04   9.073067e-23   552
  5.259673e-01   1.874035e-21   1.257166e-04   1.379065e-22   708
  5.268258e-01   1.569902e-21   2.075652e-04   9.621378e-23   876
  5.277190e-01   1.950688e-21   1.102130e-04   2.497504e-22   216
  5.283184e-01   1.954354e-21   3.014475e-04   1.116530e-22   1032
  5.292161e-01   1.976618e-21   3.356286e-04   3.101863e-22   600
  5.301478e-01   1.210627e-21   1.601495e-04   6.932916e-23   600
  5.308585e-01   1.958304e-21   2.828090e-04   1.867089e-22   528
  5.316987e-01   1.646846e-21   1.552497e-04   1.160058e-22   732
  5.325837e-01   1.912091e-21   1.146378e-04   1.858417e-22   336
  5.336024e-01   1.601741e-21   1.633817e-04   7.990393e-23   912
  5.343638e-01   1.126439e-21   1.639857e-04   8.321900e-23   624
  5.351957e-01   1.438461e-21   1.381873e-04   1.075318e-22   768
  5.361666e-01   1.250729e-21   2.493171e-04   6.411160e-23   792
  5.371196e-01   1.619163e-21   1.236011e-04   1.365341e-22   660
  5.377977e-01   1.318874e-21   1.821461e-04   9.987524e-23   504
  5.384990e-01   1.188043e-21   2.975919e-04   6.840340e-23   480
  5.395501e-01   1.138653e-21   2.752337e-04   6.760074e-23   912
  5.403731e-01   1.294921e-21   3.065154e-04   1.538110e-22   432
  5.411504e-01   1.426441e-21   1.820016e-04   1.246747e-22   564
  5.418405e-01   1.102994e-21   1.742006e-04   4.907409e-23   600
  5.428119e-01   1.205413e-21   2.428192e-04   5.725480e-23   876
  5.435417e-01   1.615652e-21   1.091788e-04   1.744883e-22   264
  5.445477e-01   9.613459e-22   2.118499e-04   6.963365e-23   560
  5.453563e-01   1.094276e-21   1.439565e-04   5.937523e-23   840
  5.463378e-01   9.712055e-22   2.219395e-04   4.605385e-23   1008
  5.472454e-01   9.944397e-22   9.928084e-05   6.323089e-23   456
  5.480744e-01   1.121505e-21   1.286043e-04   7.267336e-23   576
  5.488407e-01   1.084237e-21   1.976142e-04   6.377445e-23   612
  5.498512e-01   1.067045e-21   1.765015e-04   5.276348e-23   780
  5.506755e-01   1.074375e-21   2.022627e-04   5.912494e-23   648
  5.515194e-01   8.720464e-22   9.425702e-05   6.262253e-23   312
  5.520587e-01   9.321142e-22   2.394916e-04   6.647543e-23   528
  5.529931e-01   6.947485e-22   3.127641e-04   3.106528e-23   720
  5.538866e-01   9.427432e-22   3.137436e-04   6.307333e-23   576
  5.549699e-01   9.443934e-22   2.706443e-04   5.746209e-23   444
  5.556439e-01   9.232915e-22   2.654148e-04   4.726531e-23   996
  5.564699e-01   7.645055e-22   2.217012e-04   6.164524e-23   432
  5.572506e-01   9.209828e-22   2.427192e-04   8.235422e-23   504
  5.579250e-01   6.670151e-22   1.094306e-04   3.434292e-23   504
  5.588852e-01   9.544608e-22   2.153608e-04   4.699062e-23   876
  5.597541e-01   7.394425e-22   2.478597e-04   4.242469e-23   504
  5.606589e-01   7.260425e-22   1.580720e-04   4.689231e-23   696
  5.614066e-01   7.723820e-22   1.351349e-04   4.140142e-23   492
  5.624240e-01   6.826370e-22   1.934522e-04   4.069600e-23   432
  5.631776e-01   7.952306e-22   1.811468e-04   4.935793e-23   768
  5.640708e-01   6.583522e-22   2.256427e-04   4.349937e-23   648
  5.649237e-01   7.085529e-22   1.472076e-04   5.463347e-23   456
  5.659038e-01   9.125503e-22   2.024344e-04   6.021635e-23   552
  5.665845e-01   6.669496e-22   1.387487e-04   3.286917e-23   648
  5.675213e-01   6.437615e-22   2.261525e-04   2.701518e-23   840
  5.684363e-01   6.837254e-22   1.078474e-04   4.362935e-23   432
  5.693524e-01   6.775090e-22   1.320946e-04   4.516968e-23   600
  5.699896e-01   6.599090e-22   1.407382e-04   4.363410e-23   432
  5.710598e-01   7.030126e-22   1.401185e-04   4.391209e-23   560
  5.717846e-01   6.535659e-22   2.217929e-04   3.078506e-23   840
  5.726922e-01   6.906681e-22   1.313712e-04   4.830874e-23   504
  5.734129e-01   6.828675e-22   2.681208e-04   3.883381e-23   696
  5.744289e-01   8.248803e-22   1.464380e-04   6.267912e-23   384
  5.752203e-01   4.581942e-22   2.145144e-04   2.114189e-23   576
  5.761776e-01   6.088124e-22   1.323876e-04   3.987429e-23   360
  5.769491e-01   6.804174e-22   1.971572e-04   3.614788e-23   828
  5.777814e-01   4.410602e-22   1.756051e-04   3.022989e-23   372
  5.785440e-01   6.241132e-22   2.681827e-04   3.690485e-23   576
  5.795542e-01   6.377906e-22   1.123146e-04   3.863383e-23   636
  5.802740e-01   6.193666e-22   2.165136e-04   4.390346e-23   648
  5.812477e-01   4.651655e-22   1.760019e-04   3.050971e-23   576
  5.819467e-01   5.957957e-22   2.839096e-04   5.057745e-23   528
  5.828762e-01   5.257177e-22   1.213831e-04   4.669970e-23   360
  5.836457e-01   5.341852e-22   2.792266e-04   2.852359e-23   672
  5.846504e-01   5.272875e-22   1.430245e-04   3.145629e-23   804
  5.854866e-01   5.489579e-22   1.577731e-04   3.729442e-23   408
  5.864116e-01   6.737132e-22   9.752092e-05   5.129133e-23   384
  5.870345e-01   3.427666e-22   2.231653e-04   1.996021e-23   480
  5.879130e-01   4.652935e-22   1.441975e-04   2.967677e-23   432
  5.887557e-01   4.650873e-22   2.657252e-04   2.185563e-23   648
  5.897530e-01   4.140283e-22   1.648813e-04   2.076160e-23   624
  5.904826e-01   4.216465e-22   1.499734e-04   3.140036e-23   456
  5.914788e-01   3.994990e-22   2.048770e-04   1.950666e-23   588
  5.921465e-01   4.272515e-22   1.307107e-04   2.120355e-23   600
  5.931212e-01   3.900808e-22   2.038766e-04   2.143899e-23   708
  5.938912e-01   4.880645e-22   1.284383e-04   3.364997e-23   360
  5.947420e-01   4.064906e-22   1.476433e-04   2.212800e-23   552
  5.955576e-01   3.686778e-22   1.035752e-04   2.902918e-23   288
  5.963856e-01   3.927608e-22   1.947498e-04   2.664114e-23   528
  5.971636e-01   4.424449e-22   1.313872e-04   3.100942e-23   456
  5.980328e-01   3.691505e-22   2.329780e-04   2.367895e-23   608
  5.989070e-01   3.120101e-22   1.127174e-04   2.063060e-23   504
  5.998623e-01   3.232917e-22   2.419978e-04   2.075126e-23   540
  6.006113e-01   3.665684e-22   2.597778e-04   2.567641e-23   360
  6.014188e-01   4.128136e-22   1.176407e-04   2.546496e-23   540
  6.021329e-01   3.220531e-22   1.010085e-04   1.731951e-23   576
  6.031714e-01   2.968988e-22   2.342044e-04   1.565439e-23   588
  6.041588e-01   3.018812e-22   3.231314e-04   1.737151e-23   672
  6.050070e-01   3.827325e-22   2.469721e-04   2.510702e-23   552
  6.056908e-01   4.392857e-22   2.470970e-04   4.784069e-23   144
  6.065633e-01   3.094322e-22   2.099342e-04   1.626324e-23   600
  6.073906e-01   2.988190e-22   2.630934e-04   2.938301e-23   504
  6.083088e-01   3.225175e-22   2.702501e-04   2.739406e-23   336
  6.092745e-01   3.279768e-22   3.037623e-04   1.911152e-23   600
  6.101395e-01   2.353975e-22   1.960382e-04   1.260432e-23   636
  6.110731e-01   2.927501e-22   1.576165e-04   2.128943e-23   384
  6.117276e-01   2.915665e-22   2.198564e-04   1.993512e-23   504
  6.126710e-01   2.180354e-22   9.227064e-05   1.805523e-23   240
  6.134155e-01   3.069269e-22   2.167569e-04   1.542439e-23   744
  6.143088e-01   3.185193e-22   1.480120e-04   2.088473e-23   648
  6.151027e-01   3.337927e-22   9.825476e-05   2.996287e-23   120
  6.160331e-01   2.675889e-22   1.543455e-04   1.566021e-23   564
  6.167362e-01   2.692594e-22   2.424089e-04   1.895058e-23   432
  6.176746e-01   2.962612e-22   1.881572e-04   2.184014e-23   480
  6.183811e-01   1.962342e-22   1.384885e-04   1.306836e-23   456
  6.192152e-01   2.493007e-22   2.291780e-04   1.970944e-23   444
  6.201616e-01   2.296907e-22   3.506544e-04   1.577422e-23   528
  6.209930e-01   2.838280e-22   2.604238e-04   3.805447e-23   264
  6.217998e-01   2.437981e-22   2.668956e-04   1.519261e-23   444
  6.228852e-01   2.387537e-22   2.923449e-04   1.285228e-23   696
  6.237861e-01   2.019676e-22   1.563558e-04   1.464152e-23   384
  6.244450e-01   1.553252e-22   1.975687e-04   9.493586e-24   432
  6.254698e-01   2.046315e-22   1.365107e-04   1.161888e-23   488
  6.261352e-01   2.191501e-22   2.057386e-04   1.504821e-23   480
  6.270999e-01   1.748789e-22   2.294412e-04   1.180809e-23   480
  6.278471e-01   1.865588e-22   9.626648e-05   1.220995e-23   240
  6.286954e-01   1.861239e-22   2.248709e-04   1.141526e-23   600
  6.294955e-01   1.192633e-22   1.959519e-04   9.445118e-24   288
  6.303474e-01   2.177512e-22   1.884914e-04   1.585963e-23   480
  6.312103e-01   1.555368e-22   3.352926e-04   1.145141e-23   504
  6.320598e-01   1.723190e-22   1.438614e-04   1.687214e-23   216
  6.331433e-01   1.458704e-22   2.355240e-04   9.397839e-24   504
  6.339871e-01   1.608445e-22   1.894329e-04   1.091309e-23   456
  6.349107e-01   1.629592e-22   1.086430e-04   1.347968e-23   384
  6.355225e-01   1.469692e-22   2.205061e-04   1.171443e-23   480
  6.363918e-01   1.392059e-22   1.936290e-04   9.013542e-24   504
  6.371972e-01   1.447227e-22   1.228262e-04   1.143993e-23   312
  6.380652e-01   1.902684e-22   1.979302e-04   1.046118e-23   492
  6.388334e-01   1.607528e-22   1.855135e-04   1.289854e-23   312
  6.398223e-01   1.219431e-22   3.013519e-04   7.289493e-24   576
  6.406929e-01   1.285019e-22   2.781722e-04   1.226317e-23   336
  6.414159e-01   7.458231e-23   2.141797e-04   1.264049e-23   240
  6.424183e-01   1.522993e-22   2.839481e-04   1.129945e-23   468
  6.432837e-01   7.841109e-23   1.777925e-04   9.241844e-24   192
  6.441896e-01   9.678508e-23   1.783224e-04   8.471440e-24   324
  6.448535e-01   1.006099e-22   1.294235e-04   6.882547e-24   600
  6.457583e-01   8.850656e-23   2.099764e-04   6.300013e-24   456
  6.464302e-01   8.118066e-23   9.444737e-05   7.127264e-24   336
  6.475438e-01   1.100948e-22   2.828021e-04   7.337642e-24   612
  6.483539e-01   1.282332e-22   2.373399e-04   2.502178e-23   144
  6.491201e-01   9.694800e-23   2.770366e-04   6.291331e-24   552
  6.501620e-01   4.982610e-23   1.091004e-04   5.036043e-24   264
  6.507507e-01   9.389177e-23   2.525953e-04   8.057011e-24   336
  6.516793e-01   7.816965e-23   1.669063e-04   8.957581e-24   384
  6.524847e-01   8.887080e-23   9.395175e-05   8.174169e-24   216
  6.533762e-01   5.238428e-23   1.991971e-04   5.281356e-24   344
  6.541891e-01   8.264503e-23   2.972114e-04   7.335200e-24   408
  6.551797e-01   5.570207e-23   2.283876e-04   6.294976e-24   264
  6.560575e-01   6.833759e-23   3.183837e-04   4.933437e-24   612
  6.569345e-01   7.809721e-23   1.638646e-04   6.361009e-24   408
  6.578364e-01   6.324151e-23   1.641001e-04   5.954254e-24   444
  6.584991e-01   8.052443e-23   9.177996e-05   8.321744e-24   120
  6.593870e-01   7.011140e-23   2.535712e-04   5.128177e-24   336
  6.600460e-01   2.232745e-23   8.811499e-05   1.806311e-24   288
  6.609366e-01   5.924465e-23   2.742154e-04   4.477307e-24   552
  6.621610e-01   2.149911e-23   0.000000e+00   3.724207e-24   72
  6.627906e-01   5.548312e-23   2.723657e-04   5.961445e-24   504
  6.635259e-01   3.179807e-23   8.764464e-05   5.176045e-24   216
  6.644787e-01   4.310763e-23   1.564835e-04   5.245019e-24   312
  6.653340e-01   4.493306e-23   1.781811e-04   6.861507e-24   336
  6.661492e-01   3.853350e-23   2.469789e-04   5.030626e-24   204
  6.669611e-01   3.187647e-23   2.870270e-04   2.826432e-24   504
  6.678221e-01   4.958724e-23   2.733322e-04   5.218260e-24   396
  6.686501e-01   4.343136e-23   2.506599e-04   4.827071e-24   312
  6.696540e-01   4.808450e-23   1.531800e-04   4.700974e-24   216
  6.703613e-01   1.809723e-23   8.313373e-05   3.267377e-24   168
  6.712208e-01   3.569018e-23   2.099173e-04   3.778534e-24   588
  6.722017e-01   3.025463e-23   2.849381e-04   3.968096e-24   240
  6.729637e-01   2.186906e-23   2.516481e-04   3.465248e-24   264
  6.738575e-01   2.164745e-23   3.112147e-04   4.472862e-24   288
  6.746505e-01   2.937473e-23   1.554077e-04   3.348243e-24   288
  6.756555e-01   8.220751e-24   1.459525e-04   1.484868e-24   288
  6.763322e-01   1.524785e-23   1.690738e-04   2.390958e-24   192
  6.771836e-01   8.211265e-24   1.799115e-04   1.289911e-24   264
  6.779946e-01   1.719576e-23   2.959295e-04   1.428783e-24   372
  6.788675e-01   2.354662e-23   3.196167e-04   2.127660e-24   360
  6.799329e-01   2.935534e-23   1.352648e-04   3.695465e-24   144
  6.804835e-01   5.878744e-24   1.878769e-04   8.665094e-25   296
  6.813527e-01   7.817935e-24   2.024276e-04   1.685341e-24   288
  6.823478e-01   8.993011e-24   3.025230e-04   1.094318e-24   480
  6.832061e-01   1.098148e-23   2.513677e-04   2.604692e-24   192
  6.840407e-01   1.218443e-23   2.696262e-04   2.110103e-24   192
  6.847993e-01   4.662508e-24   1.718359e-04   1.482240e-24   288
  6.858544e-01   1.506415e-23   1.495808e-04   4.391900e-24   108
  6.863859e-01   4.602692e-24   1.438036e-04   8.106911e-25   240
  6.873243e-01   3.627977e-24   2.682690e-04   6.841731e-25   384
  6.882884e-01   1.218613e-24   3.272578e-04   3.034222e-25   108
  6.891409e-01   3.380162e-24   1.918773e-04   5.965612e-25   348
  6.900373e-01   3.102346e-24   2.002507e-04   4.942084e-25   312
  6.908379e-01   3.217887e-24   1.945855e-04   7.182380e-25   96
  6.915741e-01   1.483096e-24   2.590555e-04   3.101422e-25   384
  6.923987e-01   8.990327e-30   1.781778e-04   1.627029e-30   144
  6.932053e-01   1.730330e-24   2.737780e-04   2.355376e-25   408
  6.942079e-01   2.422544e-24   1.221243e-04   5.373168e-25   144
  6.951550e-01   1.862227e-24   2.347853e-04   3.844327e-25   192
  6.957167e-01   1.912008e-24   2.642552e-04   4.249774e-25   144
  6.966323e-01   6.740812e-30   2.148492e-04   8.260088e-31   144
  6.974962e-01   1.013235e-25   2.625805e-04   2.377274e-26   336
  6.985541e-01   1.002366e-25   1.942763e-04   2.644800e-26   240
  6.992249e-01   1.138819e-29   8.821915e-05   1.751151e-30   96
  7.001605e-01   2.031026e-29   2.587043e-04   2.401300e-30   372
  7.011070e-01   1.091504e-29   3.077232e-04   1.701357e-30   132
  7.019384e-01   5.084504e-30   1.904154e-04   3.476539e-31   264
  7.026821e-01   1.969158e-29   1.462304e-04   4.375636e-30   168
  7.034759e-01   1.129372e-29   2.337943e-04   1.135944e-30   216
  7.041771e-01   8.259658e-30   1.430383e-04   9.710566e-31   216
  7.051983e-01   5.306784e-30   2.624157e-04   5.485908e-31   96
  7.061249e-01   1.030940e-29   1.712023e-04   1.121496e-30   120
  7.069747e-01   5.976281e-30   2.176463e-04   4.495061e-31   216
  7.076747e-01   5.346863e-30   9.511215e-05   4.382406e-31   200
  7.086015e-01   1.192044e-29   2.462045e-04   1.707278e-30   288
  7.097902e-01   4.598250e-30   6.478119e-05   4.665374e-31   144
  7.102908e-01   9.233489e-30   2.015951e-04   1.426677e-30   168
  7.113130e-01   1.195655e-29   2.268765e-04   1.815921e-30   159
  7.121109e-01   4.330609e-30   2.380480e-04   4.033215e-31   174
  7.128831e-01   6.006028e-30   2.158536e-04   6.714692e-31   144
  7.138943e-01   8.648363e-30   1.246398e-04   1.010468e-30   222
  7.145705e-01   5.839929e-30   1.257726e-04   7.560094e-31   168
  7.157386e-01   1.107784e-29   2.758677e-04   3.399676e-30   30
  7.162211e-01   2.668262e-30   2.435709e-04   3.488903e-31   72
  7.171298e-01   6.831047e-30   2.173841e-04   1.139303e-30   258
  7.181290e-01   5.822122e-30   1.361533e-04   4.880470e-31   264
  7.186286e-01   4.208469e-30   1.468278e-08   5.820624e-31   72
  7.196697e-01   5.033100e-30   2.698616e-04   7.932581e-31   174
  7.206123e-01   5.307905e-30   2.873527e-04   6.186152e-31   168
  7.213701e-01   3.522025e-30   8.991328e-09   9.174826e-31   48
  7.221837e-01   4.748344e-30   1.622748e-04   7.288800e-31   150
  7.231270e-01   5.714158e-30   2.985162e-04   5.174550e-31   168
  7.240729e-01   3.661032e-30   1.818422e-04   3.529082e-31   144
  7.249427e-01   9.270880e-30   1.698820e-04   1.598750e-30   102
  7.255906e-01   4.120605e-30   2.514545e-04   5.981694e-31   96
  7.266185e-01   2.373276e-30   2.495518e-04   2.847008e-31   120
  7.273797e-01   2.762332e-30   2.676508e-04   2.065443e-31   168
  7.282031e-01   6.032426e-30   1.976389e-04   6.933558e-31   126
  7.289046e-01   4.997914e-30   1.490593e-04   6.098949e-31   168
  7.298711e-01   2.240893e-30   2.390167e-04   2.588966e-31   72
  7.307158e-01   3.361632e-30   2.993022e-04   3.019874e-31   168
  7.314557e-01   3.718873e-30   8.205344e-05   6.189748e-31   78
  7.324696e-01   2.984281e-30   1.347256e-04   4.431368e-31   60
  7.332860e-01   5.571921e-30   2.185468e-04   8.132858e-31   96
  7.341327e-01   3.244670e-30   2.651884e-04   3.447462e-31   168
  7.349284e-01   2.591267e-30   1.678009e-04   4.661104e-31   86
  7.357634e-01   1.316043e-30   1.499742e-04   1.580579e-31   120
  7.369601e-01   2.154075e-30   1.069515e-04   1.978289e-31   168
  7.376055e-01   2.710118e-30   0.000000e+00   2.893404e-31   48
  7.384747e-01   5.964045e-30   1.948541e-04   1.041859e-30   120
  7.389742e-01   2.885665e-30   1.421539e-04   4.045457e-31   126
  7.401935e-01   3.077974e-30   2.500091e-04   2.797826e-31   96
  7.409848e-01   3.236127e-30   7.209028e-05   3.901682e-31   96
  7.416089e-01   2.991725e-30   8.477105e-09   6.004777e-31   72
  7.429385e-01   2.395708e-30   8.991328e-09   5.860792e-31   24
  7.437683e-01   1.900831e-30   1.483601e-04   2.696699e-31   120
  7.444157e-01   4.076824e-30   2.164118e-04   5.343274e-31   126
  7.451355e-01   9.874227e-31   1.804085e-04   1.316109e-31   96
  7.459766e-01   1.685896e-30   3.117986e-04   2.821688e-31   72
  7.469132e-01   2.080616e-30   1.348634e-04   1.863067e-31   144
  7.476836e-01   3.108248e-30   7.778603e-05   3.319872e-31   72
  7.484533e-01   3.319670e-30   1.553665e-04   1.033640e-30   54
  7.491306e-01   3.081260e-30   1.369149e-04   3.872424e-31   108
  7.505382e-01   2.738619e-30   1.342120e-04   3.220896e-31   72
  7.509765e-01   3.607341e-30   7.744493e-05   4.997371e-31   72
  7.520162e-01   1.404976e-30   1.557344e-08   3.653869e-31   24
  7.529998e-01   6.091362e-31   1.638381e-04   6.088866e-32   48
  7.535971e-01   1.480772e-30   1.248023e-04   2.228955e-31   102
  7.544963e-01   1.684574e-30   2.822510e-04   2.486274e-31   168
  7.556711e-01   1.205638e-30   1.539331e-04   1.543375e-31   72
  7.561064e-01   1.576732e-30   0.000000e+00   2.086876e-31   48
  7.570195e-01   1.788646e-30   2.647743e-04   1.828548e-31   120
  7.582245e-01   1.771634e-30   1.627091e-04   2.114137e-31   96
  7.593627e-01   2.767505e-30   1.438612e-08   7.606986e-31   30
  7.607153e-01   3.020169e-30   7.644796e-05   4.569650e-31   72
  7.613097e-01   3.006176e-30   8.991328e-09   1.058716e-30   24
  7.620733e-01   6.580772e-31   1.133148e-04   5.615031e-32   56
  7.629285e-01   5.799709e-31   1.617059e-04   6.375189e-32   96
  7.639519e-01   9.507876e-31   1.785629e-04   9.655620e-32   144
  7.647411e-01   1.469817e-30   1.013810e-04   5.229013e-31   54
  7.658874e-01   1.692799e-30   1.518795e-04   1.962972e-31   108
  7.670409e-01   3.279642e-30   8.041947e-05   3.947432e-31   48
  7.681392e-01   1.317745e-30   3.028050e-04   1.767705e-31   72
  7.707744e-01   1.714363e-30   2.000642e-04   2.822649e-31   78
  7.715046e-01   3.547962e-31   1.507735e-04   5.222500e-32   72
  7.723570e-01   5.298512e-31   1.505863e-04   6.839339e-32   72
  7.732482e-01   8.886454e-31   3.633813e-04   1.359257e-31   96
  7.739527e-01   8.223818e-31   1.502759e-04   1.220596e-31   72
  7.748024e-01   2.970100e-31   0.000000e+00   5.460029e-32   24
  7.756510e-01   1.399379e-30   2.998733e-04   1.524024e-31   72
  7.775680e-01   1.343658e-30   1.904287e-04   3.236093e-31   30
  7.779804e-01   8.906327e-31   0.000000e+00   2.015784e-31   24
  7.801973e-01   3.059306e-31   1.581267e-04   3.318643e-32   48
  7.808927e-01   7.844127e-31   3.402886e-04   2.085800e-31   120
  7.818296e-01   5.673918e-31   1.487821e-04   7.807281e-32   72
  7.827758e-01   8.562103e-31   1.486022e-04   1.488607e-31   36
  7.834261e-01   7.122855e-31   2.937071e-04   8.942000e-32   78
  7.852411e-01   1.807772e-30   1.571111e-04   2.129653e-31   48
  7.875942e-01   1.218770e-30   1.271566e-08   2.250652e-31   24
  7.892707e-01   1.623256e-31   1.094089e-04   2.225988e-32   56
  7.901149e-01   2.621608e-31   1.683597e-04   3.255338e-32   102
  7.911888e-01   4.918832e-31   1.198844e-08   7.013436e-32   72
  7.918122e-01   2.616359e-31   8.991328e-09   4.943919e-32   24
  7.929021e-01   7.740860e-31   1.555930e-04   1.491799e-31   48
  7.949223e-01   1.788138e-30   0.000000e+00   2.424677e-31   24
  7.974016e-01   1.043048e-30   0.000000e+00   2.965252e-31   6
  7.981748e-01   1.001538e-31   0.000000e+00   2.132217e-32   24
  7.986898e-01   1.513502e-31   1.456409e-04   1.366695e-32   72
  7.996307e-01   1.956729e-31   2.717068e-04   2.350201e-32   84
  8.006440e-01   6.002607e-31   0.000000e+00   1.170841e-31   24
  8.009521e-01   5.102071e-31   1.271566e-08   1.615604e-31   24
  8.024909e-01   4.529418e-31   1.557344e-08   1.156794e-31   24
  8.046403e-01   2.156511e-30   0.000000e+00   4.157456e-31   6
  8.073954e-01   6.217773e-32   1.528000e-04   1.069804e-32   48
  8.080572e-01   1.035343e-31   2.878503e-04   1.014345e-32   72
  8.089220e-01   1.366841e-31   1.525117e-04   2.145234e-32   48
  8.102934e-01   3.472157e-31   0.000000e+00   9.417472e-32   24
  8.121184e-01   2.761990e-31   0.000000e+00   7.732033e-32   6
  8.162097e-01   3.381796e-32   0.000000e+00   8.739809e-33   8
  8.165120e-01   3.407181e-32   8.991328e-09   5.358015e-33   48
  8.172369e-01   9.612993e-32   1.479045e-04   1.093336e-32   60
  8.183231e-01   1.757265e-31   0.000000e+00   5.383644e-32   24
  8.198293e-01   7.963722e-31   0.000000e+00   4.234115e-31   6
  8.253784e-01   1.156776e-32   0.000000e+00   1.504246e-33   24
  8.258266e-01   2.318765e-32   1.493898e-04   3.572656e-33   48
  8.265733e-01   7.438397e-32   0.000000e+00   1.038734e-32   24
  8.277664e-01   1.499521e-31   0.000000e+00   6.859289e-32   6
  8.345448e-01   1.017683e-32   1.393664e-04   2.387352e-33   36
  8.350375e-01   3.033811e-32   0.000000e+00   7.796913e-33   24
  8.359234e-01   3.410969e-32   0.000000e+00   5.472161e-33   6
  8.436361e-01   2.844814e-33   1.266552e-04   6.011939e-34   32
  8.442939e-01   2.697788e-32   0.000000e+00   1.253965e-32   6
  8.525822e-01   8.395459e-38   0.000000e+00   1.912647e-38   12
  8.528715e-01   7.108537e-33   0.000000e+00   2.690063e-33   6
  8.616502e-01   7.301018e-38   0.000000e+00   2.995596e-38   6
