# power spectrum of phi
# redshift z=98.010180
# k              Pk             sigma(k)       sigma(Pk)      count
  1.570796e-02   2.207875e-10   0.000000e+00   8.899564e-11   6
  2.221441e-02   1.000274e-10   0.000000e+00   1.996790e-11   12
  2.720699e-02   6.124503e-11   2.980232e-10   1.246939e-11   8
  3.141593e-02   1.725348e-10   0.000000e+00   1.856589e-11   6
  3.512407e-02   1.039945e-10   5.619580e-10   3.315363e-11   24
  3.847649e-02   1.319447e-10   5.619580e-10   2.223689e-11   24
  4.442883e-02   4.921419e-11   0.000000e+00   2.215067e-11   12
  4.712389e-02   5.352750e-11   6.357829e-10   9.840296e-12   30
  4.967294e-02   6.385444e-11   0.000000e+00   1.406929e-11   24
  5.209742e-02   5.568086e-11   9.733398e-10   1.380476e-11   24
  5.441398e-02   6.231651e-11   5.960464e-10   1.262350e-11   8
  5.663587e-02   5.143650e-11   7.947286e-10   6.394797e-12   24
  5.877382e-02   4.706835e-11   0.000000e+00   6.616942e-12   48
  6.283185e-02   5.390835e-11   0.000000e+00   2.370254e-11   6
  6.476559e-02   4.190230e-11   7.947286e-10   5.877716e-12   48
  6.664324e-02   3.817389e-11   7.492773e-10   3.978749e-12   36
  6.846942e-02   5.341707e-11   7.947286e-10   1.117396e-11   24
  7.024815e-02   3.092356e-11   1.123916e-09   5.318431e-12   24
  7.198293e-02   2.705962e-11   0.000000e+00   3.676964e-12   48
  7.367688e-02   4.069508e-11   1.123916e-09   5.793231e-12   24
  7.695299e-02   3.116005e-11   1.123916e-09   4.896996e-12   24
  7.853982e-02   2.079445e-11   0.000000e+00   3.403397e-12   30
  8.009521e-02   2.175158e-11   0.000000e+00   2.394992e-12   72
  8.162097e-02   2.088451e-11   1.192093e-09   4.264205e-12   32
  8.458997e-02   2.619163e-11   0.000000e+00   3.029500e-12   72
  8.603606e-02   1.572456e-11   0.000000e+00   2.299299e-12   48
  8.885766e-02   7.888101e-12   0.000000e+00   2.346173e-12   12
  9.023538e-02   1.528086e-11   0.000000e+00   2.289149e-12   48
  9.159238e-02   1.316896e-11   0.000000e+00   1.305404e-12   48
  9.292956e-02   1.716447e-11   1.123916e-09   2.168192e-12   48
  9.424778e-02   2.017957e-11   1.271566e-09   3.534668e-12   30
  9.554781e-02   1.794452e-11   0.000000e+00   4.035918e-12   24
  9.683039e-02   1.791004e-11   2.369423e-09   1.816376e-12   72
  9.934588e-02   1.030031e-11   0.000000e+00   1.956258e-12   24
  1.005800e-01   1.528417e-11   0.000000e+00   1.504650e-12   96
  1.017992e-01   1.157333e-11   0.000000e+00   1.541153e-12   48
  1.030040e-01   9.495271e-12   1.946680e-09   2.328963e-12   24
  1.041948e-01   6.897528e-12   1.946680e-09   1.418736e-12   24
  1.053722e-01   1.618594e-11   0.000000e+00   1.974020e-12   72
  1.065366e-01   1.209283e-11   0.000000e+00   1.860182e-12   48
  1.088280e-01   1.009172e-11   1.192093e-09   3.006240e-12   8
  1.099557e-01   1.505212e-11   1.412851e-09   1.810764e-12   54
  1.110721e-01   9.953235e-12   0.000000e+00   1.725864e-12   84
  1.121773e-01   1.104593e-11   0.000000e+00   1.588165e-12   48
  1.132717e-01   6.758729e-12   1.589457e-09   1.203213e-12   24
  1.143557e-01   8.983837e-12   2.119276e-09   1.061685e-12   72
  1.154295e-01   1.171637e-11   0.000000e+00   1.330748e-12   96
  1.175476e-01   1.559194e-11   0.000000e+00   1.700427e-12   48
  1.185925e-01   8.539716e-12   0.000000e+00   8.016450e-13   48
  1.196283e-01   7.492484e-12   0.000000e+00   1.457992e-12   24
  1.206552e-01   8.366378e-12   0.000000e+00   9.041070e-13   72
  1.226831e-01   8.477891e-12   0.000000e+00   1.002502e-12   72
  1.236846e-01   8.296809e-12   0.000000e+00   9.461846e-13   96
  1.256637e-01   1.176834e-11   0.000000e+00   5.171611e-12   6
  1.266416e-01   9.250378e-12   0.000000e+00   9.035952e-13   96
  1.276121e-01   9.438937e-12   1.589457e-09   1.008373e-12   96
  1.285752e-01   6.226365e-12   0.000000e+00   1.481963e-12   24
  1.295312e-01   6.927084e-12   1.589457e-09   8.441120e-13   48
  1.304801e-01   6.986333e-12   0.000000e+00   7.045785e-13   96
  1.314222e-01   7.819990e-12   0.000000e+00   1.056131e-12   48
  1.332865e-01   6.962653e-12   1.498555e-09   1.287411e-12   36
  1.342089e-01   6.939970e-12   2.753021e-09   8.703295e-13   48
  1.351250e-01   7.579348e-12   3.114687e-09   6.784762e-13   120
  1.360350e-01   6.656992e-12   0.000000e+00   8.779201e-13   56
  1.369388e-01   3.668908e-12   1.589457e-09   6.441537e-13   24
  1.378368e-01   5.307989e-12   0.000000e+00   4.723421e-13   96
  1.387290e-01   5.543530e-12   0.000000e+00   7.142354e-13   48
  1.404963e-01   6.735577e-12   2.247832e-09   1.248116e-12   24
  1.413717e-01   7.132887e-12   0.000000e+00   7.133179e-13   102
  1.422417e-01   7.501745e-12   1.589457e-09   1.132235e-12   48
  1.431064e-01   6.650745e-12   0.000000e+00   6.646494e-13   72
  1.439659e-01   5.988771e-12   0.000000e+00   6.044990e-13   48
  1.448203e-01   6.484796e-12   0.000000e+00   1.194853e-12   48
  1.456697e-01   5.383035e-12   3.596531e-09   4.801290e-13   120
  1.473538e-01   7.985129e-12   2.247832e-09   1.331168e-12   24
  1.481886e-01   4.709316e-12   2.119276e-09   3.960106e-13   144
  1.490188e-01   4.755770e-12   2.543132e-09   4.602177e-13   120
  1.498444e-01   3.803431e-12   2.247832e-09   5.339227e-13   48
  1.514821e-01   5.372566e-12   2.247832e-09   7.176877e-13   48
  1.522944e-01   4.343268e-12   2.247832e-09   4.467685e-13   96
  1.544390e-01   5.489219e-12   3.768959e-04   6.638042e-13   72
  1.555009e-01   4.066521e-12   1.998073e-09   3.090855e-13   108
  1.562923e-01   4.707784e-12   0.000000e+00   5.027975e-13   72
  1.570796e-01   2.910090e-12   0.000000e+00   5.596163e-13   30
  1.578631e-01   4.742208e-12   0.000000e+00   3.720094e-13   168
  1.586427e-01   4.800353e-12   0.000000e+00   5.365920e-13   48
  1.601904e-01   3.167750e-12   0.000000e+00   3.723396e-13   72
  1.609587e-01   4.164468e-12   0.000000e+00   3.998151e-13   96
  1.617234e-01   3.990426e-12   4.238553e-09   6.128295e-13   72
  1.624844e-01   4.603612e-12   0.000000e+00   4.896210e-13   72
  1.637639e-01   4.122617e-12   3.480039e-04   3.080750e-13   104
  1.647465e-01   3.844351e-12   2.997109e-09   2.819876e-13   144
  1.669779e-01   2.644104e-12   5.026305e-09   2.497437e-13   96
  1.677152e-01   2.796878e-12   0.000000e+00   2.896786e-13   96
  1.688876e-01   3.827856e-12   3.580185e-04   3.554494e-13   120
  1.699076e-01   3.185316e-12   0.000000e+00   2.877413e-13   120
  1.706322e-01   3.820220e-12   0.000000e+00   4.144027e-13   72
  1.720721e-01   3.834328e-12   0.000000e+00   5.080141e-13   48
  1.727876e-01   3.949958e-12   3.912510e-09   4.566440e-13   78
  1.737029e-01   4.098074e-12   3.205713e-04   3.222431e-13   168
  1.756204e-01   3.729161e-12   3.670694e-09   3.202420e-13   144
  1.763215e-01   3.931198e-12   2.997109e-09   2.806405e-13   144
  1.783549e-01   3.426724e-12   1.846233e-04   2.958491e-13   156
  1.790983e-01   2.565262e-12   3.893359e-09   4.863122e-13   48
  1.797859e-01   3.084468e-12   2.543132e-09   2.973064e-13   120
  1.804708e-01   2.166732e-12   0.000000e+00   2.270504e-13   48
  1.816818e-01   3.245634e-12   2.825996e-04   2.233338e-13   216
  1.831848e-01   2.750529e-12   0.000000e+00   3.343306e-13   48
  1.838570e-01   2.611581e-12   2.247832e-09   2.274503e-13   96
  1.848128e-01   2.961320e-12   3.302618e-04   2.596458e-13   168
  1.858591e-01   2.364106e-12   2.247832e-09   3.382669e-13   48
  1.865217e-01   3.169378e-12   0.000000e+00   3.165751e-13   96
  1.871820e-01   2.895976e-12   0.000000e+00   5.274898e-13   48
  1.884956e-01   3.429415e-12   2.543132e-09   3.421191e-13   30
  1.891489e-01   2.216609e-12   0.000000e+00   1.802705e-13   96
  1.899298e-01   2.725069e-12   2.595564e-04   1.863376e-13   240
  1.909339e-01   3.894770e-12   2.800239e-04   5.449388e-13   32
  1.917401e-01   2.073811e-12   0.000000e+00   1.517690e-13   168
  1.923825e-01   2.457596e-12   0.000000e+00   2.400624e-13   120
  1.936608e-01   1.979275e-12   4.738846e-09   2.270580e-13   72
  1.942968e-01   3.115380e-12   2.119276e-09   2.859420e-13   144
  1.949307e-01   2.259139e-12   0.000000e+00   2.259348e-13   96
  1.955626e-01   2.905344e-12   0.000000e+00   2.329454e-13   96
  1.968202e-01   3.043527e-12   0.000000e+00   3.707224e-13   72
  1.974460e-01   2.392154e-12   3.178914e-09   2.334341e-13   96
  1.986918e-01   2.455590e-12   0.000000e+00   4.519038e-13   24
  1.993117e-01   2.656608e-12   0.000000e+00   1.923014e-13   192
  2.000418e-01   2.495530e-12   2.376333e-04   1.856144e-13   132
  2.011601e-01   2.680580e-12   0.000000e+00   2.370221e-13   96
  2.017724e-01   1.889931e-12   0.000000e+00   1.909720e-13   96
  2.023829e-01   2.444545e-12   2.543132e-09   2.051969e-13   120
  2.035985e-01   2.583718e-12   0.000000e+00   3.536397e-13   48
  2.045948e-01   1.736082e-12   2.879924e-04   1.108920e-13   222
  2.054083e-01   2.211943e-12   0.000000e+00   2.071288e-13   120
  2.060080e-01   2.316133e-12   3.893359e-09   4.691867e-13   24
  2.068812e-01   2.567369e-12   2.972500e-04   1.380172e-13   312
  2.087838e-01   2.757711e-12   2.786838e-04   2.977393e-13   72
  2.095704e-01   1.904790e-12   3.893359e-09   2.474945e-13   96
  2.103781e-01   2.318759e-12   2.838009e-04   1.778806e-13   192
  2.113290e-01   2.098496e-12   3.596531e-09   2.165822e-13   120
  2.119120e-01   2.102190e-12   0.000000e+00   2.115107e-13   144
  2.130732e-01   1.894497e-12   0.000000e+00   2.710340e-13   48
  2.138985e-01   1.828887e-12   2.853717e-04   1.076746e-13   336
  2.148032e-01   2.033194e-12   0.000000e+00   2.685087e-13   48
  2.159488e-01   1.852891e-12   0.000000e+00   1.655599e-13   192
  2.165193e-01   1.893662e-12   0.000000e+00   2.306430e-13   48
  2.181411e-01   1.897413e-12   1.980854e-04   2.298344e-13   56
  2.189475e-01   1.870075e-12   2.544090e-04   1.029572e-13   336
  2.199115e-01   1.865217e-12   2.825702e-09   2.687746e-13   54
  2.207512e-01   1.683058e-12   2.794324e-04   1.033614e-13   240
  2.224945e-01   1.682077e-12   2.675587e-04   1.272350e-13   228
  2.232521e-01   1.943278e-12   2.997109e-09   2.491225e-13   72
  2.239875e-01   1.953132e-12   2.595385e-04   1.440117e-13   144
  2.249038e-01   1.605373e-12   0.000000e+00   1.550630e-13   96
  2.254517e-01   1.613398e-12   3.596531e-09   1.028050e-13   240
  2.265435e-01   1.423834e-12   3.178914e-09   2.710326e-13   24
  2.272424e-01   1.685424e-12   2.451321e-04   9.882641e-14   336
  2.281713e-01   1.496812e-12   0.000000e+00   1.759116e-13   72
  2.290193e-01   1.889117e-12   2.666265e-04   1.360295e-13   168
  2.297877e-01   1.289528e-12   0.000000e+00   1.174261e-13   72
  2.308590e-01   1.950187e-12   0.000000e+00   1.828150e-13   96
  2.316886e-01   1.539276e-12   2.646263e-04   1.094154e-13   216
  2.324566e-01   1.202275e-12   0.000000e+00   9.035824e-14   96
  2.335157e-01   1.458463e-12   3.178914e-09   9.622690e-14   192
  2.340434e-01   1.448533e-12   2.997109e-09   1.130578e-13   144
  2.350953e-01   1.446308e-12   0.000000e+00   1.868564e-13   48
  2.358236e-01   1.549817e-12   2.551309e-04   1.060016e-13   246
  2.368131e-01   1.877661e-12   2.352347e-04   1.429751e-13   168
  2.377046e-01   1.487647e-12   6.229375e-09   1.540563e-13   120
  2.382231e-01   1.233551e-12   0.000000e+00   8.373473e-14   240
  2.392566e-01   9.214246e-13   0.000000e+00   1.872887e-13   24
  2.400800e-01   1.392044e-12   2.517980e-04   8.504598e-14   360
  2.411056e-01   1.376172e-12   2.507265e-04   1.037200e-13   120
  2.418210e-01   1.513581e-12   0.000000e+00   1.228789e-13   144
  2.423307e-01   1.542636e-12   0.000000e+00   1.323963e-13   96
  2.438532e-01   1.436337e-12   0.000000e+00   1.124313e-13   144
  2.443586e-01   1.555835e-12   0.000000e+00   1.328344e-13   132
  2.450688e-01   1.358200e-12   2.474633e-04   9.939667e-14   176
  2.460999e-01   1.357313e-12   2.498881e-04   6.978230e-14   312
  2.473693e-01   1.877822e-12   0.000000e+00   2.809487e-13   96
  2.478675e-01   1.254830e-12   0.000000e+00   1.103676e-13   144
  2.486319e-01   1.368218e-12   2.473817e-04   7.734653e-14   312
  2.498505e-01   1.520865e-12   0.000000e+00   1.514800e-13   48
  2.503437e-01   1.190386e-12   3.178914e-09   8.743526e-14   192
  2.513274e-01   4.713774e-13   0.000000e+00   1.452710e-13   6
  2.519810e-01   1.125642e-12   2.307253e-04   6.085979e-14   288
  2.530395e-01   1.123353e-12   2.437763e-04   8.044589e-14   192
  2.537699e-01   1.064678e-12   7.476104e-09   6.785006e-14   216
  2.542556e-01   1.309490e-12   0.000000e+00   1.748881e-13   72
  2.554657e-01   1.113504e-12   2.414611e-04   8.879666e-14   192
  2.562693e-01   1.396450e-12   1.792979e-04   8.315081e-14   288
  2.571504e-01   1.180543e-12   0.000000e+00   2.289501e-13   24
  2.578312e-01   1.281203e-12   2.362101e-04   5.758123e-14   456
  2.590624e-01   8.331741e-13   0.000000e+00   1.217493e-13   48
  2.598231e-01   1.173732e-12   2.326575e-04   8.426732e-14   240
  2.606974e-01   1.343677e-12   2.351266e-04   8.677647e-14   216
  2.614326e-01   1.046046e-12   0.000000e+00   1.275745e-13   72
  2.619041e-01   1.048415e-12   8.123736e-09   8.398465e-14   168
  2.632353e-01   1.219570e-12   1.747662e-04   7.484463e-14   288
  2.639818e-01   1.212757e-12   2.312456e-04   8.391722e-14   168
  2.651809e-01   1.338798e-12   0.000000e+00   9.557611e-14   192
  2.656458e-01   1.064824e-12   2.997109e-09   7.589257e-14   144
  2.665730e-01   1.410435e-12   2.997109e-09   1.762330e-13   36
  2.673593e-01   9.066684e-13   2.111764e-04   4.627665e-14   342
  2.681111e-01   1.067202e-12   2.168525e-04   8.271436e-14   144
  2.690776e-01   1.030126e-12   2.274240e-04   5.315419e-14   384
  2.702500e-01   1.217855e-12   6.229375e-09   1.127588e-13   120
  2.708303e-01   1.208070e-12   2.027960e-04   7.353003e-14   264
  2.716161e-01   1.012448e-12   1.005261e-08   7.273332e-14   192
  2.723561e-01   1.087609e-12   2.185515e-04   8.257591e-14   152
  2.729753e-01   9.942435e-13   5.994218e-09   8.880459e-14   144
  2.742778e-01   8.340270e-13   1.414487e-04   6.055647e-14   216
  2.748807e-01   1.110362e-12   1.890132e-04   5.947962e-14   312
  2.759419e-01   9.476177e-13   2.190625e-04   5.239717e-14   240
  2.765672e-01   1.115273e-12   3.178914e-09   1.146664e-13   96
  2.777541e-01   9.572841e-13   2.094396e-04   7.727369e-14   144
  2.784857e-01   9.724376e-13   2.058607e-04   4.704733e-14   456
  2.796723e-01   7.596762e-13   0.000000e+00   4.948762e-14   120
  2.801131e-01   8.414212e-13   0.000000e+00   7.703959e-14   144
  2.809926e-01   6.560107e-13   4.495664e-09   1.077518e-13   24
  2.815564e-01   9.501887e-13   1.978798e-04   4.802416e-14   336
  2.825316e-01   8.888492e-13   2.182345e-04   6.783045e-14   198
  2.834454e-01   9.055146e-13   2.122205e-04   4.857541e-14   432
  2.844833e-01   1.022855e-12   6.357829e-09   1.022446e-13   48
  2.850248e-01   1.055872e-12   1.873540e-04   5.439428e-14   384
  2.859970e-01   9.593418e-13   2.156842e-04   7.858308e-14   144
  2.868780e-01   1.012057e-12   2.141460e-04   6.264664e-14   264
  2.879317e-01   7.741365e-13   0.000000e+00   7.428227e-14   48
  2.886387e-01   8.957003e-13   2.036179e-04   5.400802e-14   276
  2.893208e-01   8.120376e-13   1.845741e-04   6.798759e-14   192
  2.902325e-01   8.384616e-13   2.074207e-04   3.501731e-14   552
  2.913393e-01   5.902432e-13   5.086263e-09   5.255217e-14   120
  2.919972e-01   8.581331e-13   2.099609e-04   5.814018e-14   216
  2.926069e-01   7.993904e-13   5.086263e-09   6.263284e-14   120
  2.936961e-01   9.298101e-13   2.067600e-04   4.642968e-14   408
  2.947075e-01   7.333421e-13   4.495664e-09   9.778351e-14   24
  2.953347e-01   7.552234e-13   2.088648e-04   4.436884e-14   384
  2.962106e-01   7.082119e-13   2.040684e-04   4.813638e-14   240
  2.969712e-01   7.413160e-13   2.055628e-04   5.070236e-14   168
  2.980376e-01   6.251908e-13   0.000000e+00   6.135674e-14   120
  2.987251e-01   7.873434e-13   2.142884e-04   4.097629e-14   350
  2.998430e-01   7.920556e-13   3.527601e-04   4.233733e-14   384
  3.005110e-01   8.523297e-13   0.000000e+00   7.841842e-14   144
  3.017401e-01   6.656161e-13   4.238553e-09   3.964978e-14   288
  3.023819e-01   6.893973e-13   2.019242e-04   3.401956e-14   336
  3.032549e-01   8.059904e-13   1.838353e-04   5.998042e-14   168
  3.037776e-01   7.576445e-13   1.204945e-08   4.631868e-14   336
  3.048586e-01   6.374742e-13   1.908100e-04   3.771975e-14   288
  3.055078e-01   6.842714e-13   1.797918e-04   4.098871e-14   264
  3.066072e-01   7.121825e-13   0.000000e+00   4.426307e-14   240
  3.070093e-01   7.032376e-13   0.000000e+00   5.871091e-14   96
  3.084525e-01   7.800681e-13   2.445048e-04   4.125651e-14   360
  3.091260e-01   7.393811e-13   1.802420e-04   6.513042e-14   168
  3.099770e-01   7.192380e-13   1.964825e-04   3.223134e-14   456
  3.110018e-01   6.589730e-13   5.651403e-09   5.864498e-14   108
  3.115782e-01   6.475933e-13   1.971449e-04   4.511812e-14   264
  3.122973e-01   6.442126e-13   1.758853e-04   4.242429e-14   264
  3.132820e-01   7.420102e-13   1.659735e-04   4.278140e-14   312
  3.145081e-01   7.275068e-13   1.233364e-04   4.719320e-14   270
  3.150220e-01   6.741991e-13   1.565911e-04   4.735278e-14   240
  3.159458e-01   6.894008e-13   1.937229e-04   3.475578e-14   384
  3.165067e-01   5.768820e-13   6.357829e-09   3.815444e-14   192
  3.175962e-01   7.212191e-13   1.554368e-04   5.189691e-14   240
  3.182281e-01   6.779850e-13   1.918342e-04   3.670812e-14   336
  3.194167e-01   6.813930e-13   1.931178e-04   2.966970e-14   480
  3.203808e-01   6.907401e-13   4.238553e-09   7.698600e-14   72
  3.209194e-01   6.880362e-13   1.883074e-04   4.607384e-14   240
  3.216520e-01   6.025508e-13   1.769831e-04   3.390142e-14   312
  3.224917e-01   5.690180e-13   1.912763e-04   3.855080e-14   240
  3.237607e-01   6.443270e-13   1.453205e-04   3.174837e-14   408
  3.242630e-01   6.013933e-13   1.330785e-04   3.443734e-14   336
  3.252448e-01   6.318264e-13   1.689770e-04   4.572489e-14   264
  3.257273e-01   7.060637e-13   0.000000e+00   5.857067e-14   144
  3.270696e-01   6.177184e-13   2.342121e-04   3.052155e-14   464
  3.277768e-01   4.772820e-13   1.862466e-04   3.378027e-14   168
  3.284751e-01   7.265785e-13   1.696301e-04   3.941985e-14   336
  3.297371e-01   5.988965e-13   1.782296e-04   3.188686e-14   414
  3.304484e-01   7.040650e-13   1.855264e-04   4.563966e-14   216
  3.313598e-01   6.977299e-13   4.495664e-09   7.081830e-14   96
  3.317320e-01   5.792934e-13   1.101208e-08   2.758799e-14   384
  3.330355e-01   6.225064e-13   1.851680e-04   3.049276e-14   492
  3.337341e-01   5.144688e-13   1.810784e-04   3.100528e-14   240
  3.345237e-01   4.975476e-13   1.838580e-04   2.751143e-14   312
  3.356141e-01   5.367208e-13   1.837975e-04   4.050411e-14   192
  3.363048e-01   5.881440e-13   1.781220e-04   2.705492e-14   504
  3.372212e-01   5.685638e-13   1.179198e-04   3.091183e-14   408
  3.379427e-01   6.252474e-13   3.612619e-04   4.985704e-14   168
  3.388456e-01   5.426579e-13   1.716026e-04   3.505493e-14   288
  3.396033e-01   5.238363e-13   1.790820e-04   3.517033e-14   288
  3.403794e-01   5.413320e-13   1.801128e-04   2.688534e-14   432
  3.415052e-01   5.964553e-13   1.703267e-04   3.942215e-14   216
  3.421068e-01   5.361102e-13   1.699674e-04   2.637487e-14   360
  3.431777e-01   5.847200e-13   1.658865e-04   3.342525e-14   312
  3.441442e-01   6.699323e-13   0.000000e+00   1.063229e-13   48
  3.447014e-01   5.265084e-13   1.778543e-04   2.618955e-14   432
  3.456992e-01   4.892997e-13   2.966627e-04   2.311485e-14   414
  3.462885e-01   5.070702e-13   6.776666e-09   2.903869e-14   312
  3.473878e-01   5.452985e-13   2.603051e-04   2.440794e-14   528
  3.481296e-01   5.577281e-13   1.366381e-04   3.724913e-14   264
  3.490209e-01   5.044043e-13   1.620153e-04   2.540878e-14   480
  3.501854e-01   5.095168e-13   0.000000e+00   2.730049e-14   288
  3.506883e-01   5.336512e-13   1.740804e-04   4.474775e-14   168
  3.516084e-01   5.232996e-13   2.755688e-04   2.218738e-14   504
  3.526429e-01   6.119385e-13   4.238553e-09   4.603940e-14   144
  3.532937e-01   4.680814e-13   1.769812e-04   2.166395e-14   464
  3.542716e-01   4.229534e-13   2.597299e-04   2.005994e-14   432
  3.547358e-01   5.534219e-13   4.495664e-09   3.791368e-14   192
  3.559351e-01   4.459284e-13   1.925466e-04   1.991309e-14   396
  3.566434e-01   4.701325e-13   1.729600e-04   2.851462e-14   288
  3.573592e-01   4.751654e-13   1.708549e-04   2.641683e-14   336
  3.585027e-01   4.457088e-13   1.081887e-04   2.025059e-14   432
  3.592283e-01   4.886265e-13   2.804101e-04   2.496192e-14   360
  3.600431e-01   4.721942e-13   1.658667e-04   2.202161e-14   384
  3.612003e-01   3.987337e-13   1.464092e-04   2.960169e-14   198
  3.617579e-01   4.612544e-13   1.664197e-04   1.834156e-14   552
  3.627976e-01   4.005277e-13   2.329761e-04   2.312146e-14   432
  3.636656e-01   4.974660e-13   8.899106e-09   3.750885e-14   168
  3.643942e-01   4.742101e-13   2.888052e-04   2.203144e-14   480
  3.653579e-01   3.450720e-13   0.000000e+00   3.203998e-14   120
  3.657917e-01   4.297159e-13   2.358836e-04   2.701096e-14   336
  3.668502e-01   4.512126e-13   1.664122e-04   1.655424e-14   672
  3.678969e-01   4.650845e-13   2.420693e-04   2.107755e-14   528
  3.683844e-01   3.969651e-13   7.266090e-09   2.549464e-14   168
  3.695106e-01   4.425467e-13   2.700266e-04   1.966065e-14   456
  3.701979e-01   5.116531e-13   1.649075e-04   5.124294e-14   168
  3.709113e-01   4.511071e-13   1.646115e-04   2.286424e-14   504
  3.720973e-01   3.975376e-13   2.118297e-04   2.328434e-14   336
  3.728144e-01   4.794233e-13   1.527042e-04   2.661290e-14   312
  3.736099e-01   4.450731e-13   1.492023e-04   2.091353e-14   504
  3.746568e-01   4.138500e-13   1.035207e-04   1.777225e-14   432
  3.751490e-01   3.727620e-13   1.599738e-04   2.080722e-14   312
  3.761721e-01   3.924243e-13   1.639809e-04   1.851416e-14   384
  3.772403e-01   4.559515e-13   1.393208e-04   4.398045e-14   126
  3.778999e-01   4.112983e-13   2.446141e-04   1.967302e-14   492
  3.787423e-01   4.313086e-13   1.566756e-04   1.903840e-14   528
  3.797950e-01   3.959314e-13   1.591488e-04   1.798071e-14   480
  3.804477e-01   4.416995e-13   2.198632e-04   2.180591e-14   432
  3.813922e-01   4.404523e-13   1.728933e-04   2.096759e-14   440
  3.824891e-01   4.024020e-13   8.597912e-05   2.270554e-14   312
  3.829007e-01   4.107833e-13   1.288469e-04   2.441158e-14   480
  3.837450e-01   3.925461e-13   2.522797e-04   2.148605e-14   408
  3.849786e-01   4.107178e-13   1.510870e-04   2.122653e-14   360
  3.854998e-01   3.724789e-13   1.457935e-04   1.872207e-14   408
  3.864656e-01   3.567795e-13   1.483633e-04   1.647317e-14   456
  3.875531e-01   4.072099e-13   1.417988e-04   2.377524e-14   264
  3.881567e-01   3.782498e-13   1.538873e-04   2.153926e-14   384
  3.890354e-01   3.807021e-13   2.590801e-04   1.583641e-14   672
  3.900512e-01   3.875187e-13   1.549634e-04   2.797520e-14   240
  3.906373e-01   3.780525e-13   1.572490e-04   2.148788e-14   264
  3.914646e-01   3.112776e-13   1.939407e-04   1.365010e-14   624
  3.926991e-01   3.714023e-13   0.000000e+00   2.961908e-14   150
  3.931386e-01   4.076495e-13   2.173259e-04   1.845492e-14   600
  3.940655e-01   3.418054e-13   1.499928e-04   1.476371e-14   672
  3.951151e-01   3.600734e-13   1.410788e-04   2.181917e-14   336
  3.956998e-01   3.926183e-13   1.534526e-04   2.102993e-14   408
  3.966340e-01   3.546239e-13   1.530911e-04   1.930795e-14   408
  3.976732e-01   3.357165e-13   7.741108e-05   1.770376e-14   360
  3.983137e-01   3.738680e-13   2.842286e-04   1.860752e-14   456
  3.990874e-01   3.384598e-13   1.545652e-04   1.662403e-14   384
  4.000722e-01   3.660668e-13   1.426833e-04   1.750414e-14   348
  4.006044e-01   3.563331e-13   1.759003e-04   1.583224e-14   576
  4.016040e-01   3.465011e-13   1.448308e-04   1.594258e-14   504
  4.026266e-01   3.403632e-13   2.042754e-04   1.654203e-14   432
  4.035193e-01   3.113308e-13   2.779157e-04   1.231746e-14   576
  4.041559e-01   3.233527e-13   0.000000e+00   1.957741e-14   264
  4.051657e-01   3.343075e-13   2.211515e-04   1.203245e-14   768
  4.060439e-01   3.544144e-13   2.977401e-04   2.405614e-14   240
  4.067421e-01   3.103329e-13   2.625786e-04   2.498098e-14   192
  4.077592e-01   3.095418e-13   1.932899e-04   1.324767e-14   504
  4.085134e-01   3.117182e-13   2.604655e-04   1.466945e-14   590
  4.092368e-01   3.163830e-13   2.918373e-04   1.670280e-14   384
  4.101438e-01   3.176818e-13   2.438900e-04   1.523077e-14   504
  4.112389e-01   3.499929e-13   2.347064e-04   1.358574e-14   648
  4.123011e-01   3.110323e-13   6.374317e-05   1.460989e-14   504
  4.127294e-01   3.236563e-13   1.454101e-04   1.679628e-14   312
  4.134855e-01   3.012408e-13   2.095003e-04   1.222605e-14   576
  4.145236e-01   3.200066e-13   1.457924e-04   2.253402e-14   240
  4.151287e-01   2.932867e-13   1.473162e-04   1.274382e-14   552
  4.159853e-01   3.324515e-13   1.383265e-04   1.493826e-14   600
  4.172054e-01   3.018724e-13   1.689549e-04   1.222114e-14   600
  4.179389e-01   3.183736e-13   2.705679e-04   1.895136e-14   312
  4.186695e-01   3.270332e-13   2.356379e-04   1.516331e-14   480
  4.195820e-01   3.160413e-13   1.470154e-04   1.434713e-14   576
  4.203854e-01   3.288831e-13   2.367268e-04   1.939856e-14   408
  4.210983e-01   2.618561e-13   2.761527e-04   1.588606e-14   216
  4.220194e-01   2.663761e-13   2.115019e-04   1.269106e-14   516
  4.230063e-01   3.094280e-13   2.017943e-04   1.232362e-14   744
  4.240243e-01   2.979971e-13   1.347808e-04   1.412177e-14   462
  4.245995e-01   2.974450e-13   1.369852e-04   1.489405e-14   432
  4.254918e-01   3.197874e-13   1.270838e-04   1.203927e-14   648
  4.265409e-01   3.096217e-13   1.859472e-04   1.409833e-14   528
  4.273836e-01   2.690329e-13   2.239269e-04   1.114502e-14   600
  4.282256e-01   3.181662e-13   2.823132e-04   2.842349e-14   240
  4.290411e-01   2.690621e-13   2.162492e-04   1.024569e-14   720
  4.299890e-01   3.028721e-13   1.710922e-04   1.111988e-14   720
  4.310398e-01   2.095981e-13   0.000000e+00   1.526412e-14   144
  4.315927e-01   2.726096e-13   2.205891e-04   1.011169e-14   720
  4.323793e-01   3.190007e-13   1.322696e-04   1.693567e-14   384
  4.333641e-01   2.727986e-13   1.466278e-04   1.109754e-14   672
  4.342984e-01   2.955334e-13   2.567292e-04   1.745489e-14   336
  4.347447e-01   3.116045e-13   0.000000e+00   2.081428e-14   288
  4.358374e-01   2.571073e-13   2.031840e-04   9.278362e-15   776
  4.368489e-01   2.790893e-13   1.738547e-04   1.057661e-14   720
  4.376985e-01   2.618980e-13   1.400528e-04   1.346987e-14   432
  4.383780e-01   2.819651e-13   1.996629e-04   1.743361e-14   504
  4.391339e-01   2.508620e-13   1.398922e-04   1.182181e-14   528
  4.401917e-01   2.652355e-13   1.905949e-04   1.282461e-14   438
  4.410618e-01   2.531952e-13   2.218350e-04   1.113352e-14   624
  4.417176e-01   2.849561e-13   2.717180e-04   1.582498e-14   312
  4.426191e-01   2.859472e-13   1.463948e-04   1.059232e-14   696
  4.435512e-01   2.634060e-13   1.324608e-04   1.209147e-14   552
  4.445207e-01   2.392490e-13   1.024805e-04   1.036374e-14   516
  4.451205e-01   2.695717e-13   2.046970e-04   1.267310e-14   528
  4.458506e-01   2.233507e-13   1.331200e-04   1.056530e-14   528
  4.468878e-01   2.548246e-13   1.755583e-04   9.759045e-15   864
  4.475918e-01   2.340203e-13   2.404788e-04   1.210370e-14   408
  4.482965e-01   2.768259e-13   2.382549e-04   1.764005e-14   192
  4.492953e-01   2.450276e-13   1.971674e-04   9.492369e-15   720
  4.501385e-01   2.216494e-13   1.817980e-04   8.479282e-15   696
  4.511404e-01   2.481006e-13   1.963435e-04   9.252071e-15   720
  4.520570e-01   2.371623e-13   2.661201e-04   1.174721e-14   432
  4.525916e-01   2.135624e-13   1.566487e-04   1.374176e-14   264
  4.535534e-01   2.421000e-13   2.163249e-04   9.334076e-15   672
  4.544137e-01   2.464250e-13   2.214835e-04   1.038006e-14   600
  4.554346e-01   2.111730e-13   1.296784e-04   1.331278e-14   270
  4.559493e-01   2.308615e-13   1.952021e-04   1.069394e-14   528
  4.567673e-01   2.655491e-13   1.336675e-04   1.010239e-14   840
  4.578890e-01   2.561867e-13   2.555961e-04   9.343357e-15   888
  4.589254e-01   2.250825e-13   1.904380e-04   8.444094e-15   744
  4.598014e-01   2.661998e-13   9.785730e-05   1.361126e-14   456
  4.602370e-01   2.610361e-13   1.337280e-04   1.274090e-14   360
  4.609825e-01   2.165380e-13   1.158678e-04   1.108029e-14   384
  4.621264e-01   2.377384e-13   1.858509e-04   8.476176e-15   816
  4.629847e-01   2.389964e-13   2.696437e-04   8.171894e-15   824
  4.640279e-01   2.251245e-13   1.253432e-04   1.305217e-14   360
  4.645865e-01   2.696942e-13   1.849595e-04   1.116958e-14   624
  4.653553e-01   2.193581e-13   1.249856e-04   1.156925e-14   360
  4.663795e-01   2.275606e-13   1.700172e-04   8.069021e-15   876
  4.673045e-01   2.151729e-13   2.019296e-04   9.364838e-15   696
  4.682373e-01   2.328304e-13   1.303928e-04   1.327669e-14   336
  4.687264e-01   2.519192e-13   1.302463e-04   1.339642e-14   504
  4.695341e-01   2.180868e-13   1.313750e-04   9.454807e-15   672
  4.707324e-01   2.034383e-13   2.615370e-04   7.716802e-15   720
  4.715635e-01   2.093487e-13   1.975633e-04   8.507228e-15   774
  4.724808e-01   2.435484e-13   1.130801e-04   1.421171e-14   384
  4.729612e-01   2.406499e-13   2.176147e-04   1.209642e-14   528
  4.737068e-01   2.268367e-13   2.073989e-04   8.658201e-15   744
  4.749062e-01   2.453536e-13   1.710601e-04   9.833264e-15   768
  4.757025e-01   2.190633e-13   1.920278e-04   1.016142e-14   552
  4.766960e-01   1.996962e-13   2.092886e-04   7.726221e-15   696
  4.774351e-01   2.433447e-13   2.543221e-04   1.343776e-14   408
  4.780218e-01   2.255457e-13   1.098692e-04   1.078977e-14   504
  4.789519e-01   2.087959e-13   1.973758e-04   8.183121e-15   888
  4.798671e-01   1.972221e-13   2.051305e-04   8.689990e-15   648
  4.808184e-01   1.994232e-13   2.033722e-04   8.191283e-15   648
  4.817134e-01   2.047571e-13   2.192851e-04   7.757721e-15   792
  4.826614e-01   1.904933e-13   3.208291e-04   8.202983e-15   600
  4.833600e-01   1.826305e-13   2.174285e-04   9.039867e-15   456
  4.840953e-01   2.094598e-13   1.059654e-04   8.652412e-15   648
  4.850397e-01   1.887920e-13   2.066479e-04   6.356616e-15   936
  4.860593e-01   2.183324e-13   1.269084e-04   1.078843e-14   384
  4.869469e-01   6.176359e-17   0.000000e+00   5.526777e-18   198
  4.876318e-01   5.951832e-17   3.219776e-04   2.171415e-18   1224
  4.883707e-01   4.654849e-17   2.344988e-04   2.939670e-18   420
  4.892446e-01   5.618714e-17   2.269458e-04   2.625833e-18   792
  4.900991e-01   5.910638e-17   1.876648e-04   2.662191e-18   680
  4.910742e-01   5.926886e-17   1.723226e-04   3.053800e-18   600
  4.918588e-01   5.811171e-17   2.499151e-04   2.382172e-18   840
  4.929064e-01   6.384801e-17   1.179983e-04   3.688735e-18   432
  4.933067e-01   5.593015e-17   1.105800e-04   2.460132e-18   720
  4.941771e-01   5.378057e-17   2.214723e-04   2.023733e-18   960
  4.952596e-01   6.285556e-17   1.974263e-04   3.562541e-18   528
  4.960507e-01   5.262300e-17   2.018074e-04   2.486326e-18   624
  4.969923e-01   5.353697e-17   1.586192e-04   2.335114e-18   816
  4.979269e-01   4.774265e-17   2.608527e-04   2.143392e-18   696
  4.989597e-01   5.363556e-17   1.438612e-08   4.162633e-18   240
  4.993481e-01   5.849117e-17   1.538310e-04   2.561388e-18   672
  5.002149e-01   4.862761e-17   2.749181e-04   1.836031e-18   864
  5.011872e-01   5.792269e-17   2.109550e-04   2.292410e-18   816
  5.020636e-01   5.307309e-17   1.207434e-04   2.406809e-18   648
  5.030076e-01   5.148988e-17   1.234217e-04   2.090701e-18   843
  5.038089e-01   5.307683e-17   2.220660e-04   2.453611e-18   780
  5.047639e-01   6.165418e-17   1.191565e-04   4.443642e-18   216
  5.053529e-01   4.742417e-17   2.873328e-04   1.687489e-18   1056
  5.062588e-01   6.383490e-17   2.350705e-04   4.460467e-18   228
  5.070976e-01   4.734685e-17   2.926687e-04   1.765412e-18   924
  5.079587e-01   4.352998e-17   1.085637e-04   1.775336e-18   696
  5.088706e-01   4.834709e-17   1.932122e-04   1.792705e-18   996
  5.098035e-01   5.050034e-17   1.140687e-04   2.271403e-18   576
  5.107740e-01   5.170064e-17   1.760574e-04   2.605122e-18   552
  5.114815e-01   4.865490e-17   2.102064e-04   2.649821e-18   516
  5.121995e-01   4.829836e-17   3.056837e-04   1.967764e-18   744
  5.130199e-01   5.969214e-17   1.499561e-04   3.333672e-18   576
  5.137336e-01   4.484763e-17   1.543428e-04   1.638705e-18   792
  5.147477e-01   4.393106e-17   1.764424e-04   1.711879e-18   792
  5.154909e-01   4.830776e-17   1.902913e-04   2.024513e-18   720
  5.164960e-01   4.286323e-17   2.168883e-04   1.785065e-18   656
  5.174379e-01   4.379666e-17   2.368308e-04   1.802819e-18   816
  5.184034e-01   4.487510e-17   1.276952e-04   2.236323e-18   492
  5.189522e-01   4.658236e-17   1.836985e-04   2.093537e-18   552
  5.199822e-01   4.656818e-17   3.194294e-04   2.175538e-18   780
  5.206511e-01   4.326562e-17   1.962217e-04   2.123365e-18   528
  5.213718e-01   4.359196e-17   2.290504e-04   1.795930e-18   600
  5.224340e-01   4.257818e-17   1.903590e-04   1.458091e-18   900
  5.231662e-01   4.602142e-17   1.053860e-04   1.878791e-18   696
  5.241734e-01   4.854514e-17   2.664725e-04   1.915039e-18   696
  5.251479e-01   4.952792e-17   1.081054e-04   2.209430e-18   552
  5.259673e-01   3.661994e-17   1.257166e-04   1.514735e-18   708
  5.268258e-01   4.608092e-17   2.075652e-04   1.871644e-18   876
  5.277190e-01   3.590280e-17   1.102130e-04   2.576892e-18   216
  5.283184e-01   3.841862e-17   3.014475e-04   1.290039e-18   1032
  5.292161e-01   4.424035e-17   3.356286e-04   1.990866e-18   600
  5.301478e-01   4.639610e-17   1.601495e-04   1.872688e-18   600
  5.308585e-01   3.979105e-17   2.828090e-04   2.161921e-18   528
  5.316987e-01   4.123009e-17   1.552497e-04   1.469227e-18   732
  5.325837e-01   3.267142e-17   1.146378e-04   1.579504e-18   336
  5.336024e-01   4.169053e-17   1.633817e-04   1.418150e-18   912
  5.343638e-01   3.972629e-17   1.639857e-04   1.573283e-18   624
  5.351957e-01   3.905053e-17   1.381873e-04   1.554368e-18   768
  5.361666e-01   4.374659e-17   2.493171e-04   1.768426e-18   792
  5.371196e-01   3.899633e-17   1.236011e-04   1.723443e-18   660
  5.377977e-01   3.732253e-17   1.821461e-04   1.749007e-18   504
  5.384990e-01   4.262626e-17   2.975919e-04   2.167590e-18   480
  5.395501e-01   3.353628e-17   2.752337e-04   1.221986e-18   912
  5.403731e-01   4.311865e-17   3.065154e-04   2.401359e-18   432
  5.411504e-01   3.470132e-17   1.820016e-04   1.645764e-18   564
  5.418405e-01   3.814560e-17   1.742006e-04   1.535111e-18   600
  5.428119e-01   3.605299e-17   2.428192e-04   1.224545e-18   876
  5.435417e-01   4.033248e-17   1.091788e-04   2.466771e-18   264
  5.445477e-01   4.277448e-17   2.118499e-04   1.968341e-18   560
  5.453563e-01   3.623873e-17   1.439565e-04   1.253201e-18   840
  5.463378e-01   3.866260e-17   2.219395e-04   1.406944e-18   1008
  5.472454e-01   4.494019e-17   9.928084e-05   2.028335e-18   456
  5.480744e-01   4.138072e-17   1.286043e-04   1.777201e-18   576
  5.488407e-01   3.926365e-17   1.976142e-04   1.725278e-18   612
  5.498512e-01   3.610091e-17   1.765015e-04   1.428079e-18   780
  5.506755e-01   3.695210e-17   2.022627e-04   1.505802e-18   648
  5.515194e-01   4.055195e-17   9.425702e-05   2.494164e-18   312
  5.520587e-01   3.849575e-17   2.394916e-04   1.865393e-18   528
  5.529931e-01   3.501982e-17   3.127641e-04   1.405484e-18   720
  5.538866e-01   3.355501e-17   3.137436e-04   1.389155e-18   576
  5.549699e-01   3.522105e-17   2.706443e-04   1.541492e-18   444
  5.556439e-01   3.694489e-17   2.654148e-04   1.195359e-18   996
  5.564699e-01   3.315664e-17   2.217012e-04   1.684168e-18   432
  5.572506e-01   3.596994e-17   2.427192e-04   1.683630e-18   504
  5.579250e-01   4.258706e-17   1.094306e-04   1.822579e-18   504
  5.588852e-01   3.799798e-17   2.153608e-04   1.469710e-18   876
  5.597541e-01   3.504205e-17   2.478597e-04   1.655009e-18   504
  5.606589e-01   3.158779e-17   1.580720e-04   1.176360e-18   696
  5.614066e-01   3.889591e-17   1.351349e-04   1.838486e-18   492
  5.624240e-01   3.346662e-17   1.934522e-04   1.659965e-18   432
  5.631776e-01   3.459196e-17   1.811468e-04   1.239728e-18   768
  5.640708e-01   3.252522e-17   2.256427e-04   1.496896e-18   648
  5.649237e-01   3.146705e-17   1.472076e-04   1.471140e-18   456
  5.659038e-01   3.150210e-17   2.024344e-04   1.354421e-18   552
  5.665845e-01   3.367459e-17   1.387487e-04   1.547854e-18   648
  5.675213e-01   3.211055e-17   2.261525e-04   1.126584e-18   840
  5.684363e-01   3.748407e-17   1.078474e-04   1.926549e-18   432
  5.693524e-01   3.058387e-17   1.320946e-04   1.226380e-18   600
  5.699896e-01   3.575885e-17   1.407382e-04   2.018192e-18   432
  5.710598e-01   3.209888e-17   1.401185e-04   1.518316e-18   560
  5.717846e-01   3.341926e-17   2.217929e-04   1.248406e-18   840
  5.726922e-01   3.583695e-17   1.313712e-04   1.597244e-18   504
  5.734129e-01   3.044117e-17   2.681208e-04   1.266143e-18   696
  5.744289e-01   3.461369e-17   1.464380e-04   1.784496e-18   384
  5.752203e-01   2.943866e-17   2.145144e-04   1.239689e-18   576
  5.761776e-01   2.943066e-17   1.323876e-04   1.810648e-18   360
  5.769491e-01   3.042689e-17   1.971572e-04   1.251877e-18   828
  5.777814e-01   3.081939e-17   1.756051e-04   1.558078e-18   372
  5.785440e-01   3.328136e-17   2.681827e-04   1.499788e-18   576
  5.795542e-01   3.285636e-17   1.123146e-04   1.371556e-18   636
  5.802740e-01   2.980516e-17   2.165136e-04   1.231036e-18   648
  5.812477e-01   3.414911e-17   1.760019e-04   1.561119e-18   576
  5.819467e-01   3.020764e-17   2.839096e-04   1.445636e-18   528
  5.828762e-01   2.862553e-17   1.213831e-04   1.570597e-18   360
  5.836457e-01   2.783539e-17   2.792266e-04   1.089101e-18   672
  5.846504e-01   2.851956e-17   1.430245e-04   1.044200e-18   804
  5.854866e-01   3.365450e-17   1.577731e-04   1.800463e-18   408
  5.864116e-01   2.593027e-17   9.752092e-05   1.205932e-18   384
  5.870345e-01   2.776419e-17   2.231653e-04   1.462287e-18   480
  5.879130e-01   2.960307e-17   1.441975e-04   1.369834e-18   432
  5.887557e-01   3.339221e-17   2.657252e-04   1.337831e-18   648
  5.897530e-01   3.047761e-17   1.648813e-04   1.388920e-18   624
  5.904826e-01   3.019935e-17   1.499734e-04   1.651032e-18   456
  5.914788e-01   2.730303e-17   2.048770e-04   1.399729e-18   588
  5.921465e-01   2.578878e-17   1.307107e-04   1.136551e-18   600
  5.931212e-01   2.682030e-17   2.038766e-04   1.045215e-18   708
  5.938912e-01   2.520200e-17   1.284383e-04   1.465749e-18   360
  5.947420e-01   2.927451e-17   1.476433e-04   1.402695e-18   552
  5.955576e-01   2.639299e-17   1.035752e-04   1.836574e-18   288
  5.963856e-01   2.416587e-17   1.947498e-04   1.042226e-18   528
  5.971636e-01   2.536415e-17   1.313872e-04   1.172870e-18   456
  5.980328e-01   2.692051e-17   2.329780e-04   1.138333e-18   608
  5.989070e-01   2.437388e-17   1.127174e-04   1.190533e-18   504
  5.998623e-01   2.480861e-17   2.419978e-04   1.333388e-18   540
  6.006113e-01   2.941204e-17   2.597778e-04   1.762220e-18   360
  6.014188e-01   3.013405e-17   1.176407e-04   1.337910e-18   540
  6.021329e-01   2.718950e-17   1.010085e-04   1.311255e-18   576
  6.031714e-01   2.535600e-17   2.342044e-04   1.060308e-18   588
  6.041588e-01   2.651270e-17   3.231314e-04   1.141611e-18   672
  6.050070e-01   2.824247e-17   2.469721e-04   1.387989e-18   552
  6.056908e-01   1.930537e-17   2.470970e-04   1.697916e-18   144
  6.065633e-01   2.622574e-17   2.099342e-04   1.169577e-18   600
  6.073906e-01   2.307659e-17   2.630934e-04   1.186095e-18   504
  6.083088e-01   2.596311e-17   2.702501e-04   1.730483e-18   336
  6.092745e-01   2.360899e-17   3.037623e-04   9.855380e-19   600
  6.101395e-01   2.354453e-17   1.960382e-04   1.065221e-18   636
  6.110731e-01   2.568714e-17   1.576165e-04   1.790741e-18   384
  6.117276e-01   2.584668e-17   2.198564e-04   1.492485e-18   504
  6.126710e-01   2.662059e-17   9.227064e-05   1.838690e-18   240
  6.134155e-01   2.580193e-17   2.167569e-04   9.814705e-19   744
  6.143088e-01   2.227333e-17   1.480120e-04   1.036862e-18   648
  6.151027e-01   3.661770e-17   9.825476e-05   3.047236e-18   120
  6.160331e-01   2.217375e-17   1.543455e-04   9.572464e-19   564
  6.167362e-01   2.737690e-17   2.424089e-04   1.460143e-18   432
  6.176746e-01   2.079322e-17   1.881572e-04   1.293642e-18   480
  6.183811e-01   1.902896e-17   1.384885e-04   1.097954e-18   456
  6.192152e-01   2.273797e-17   2.291780e-04   1.252546e-18   444
  6.201616e-01   2.197448e-17   3.506544e-04   1.035587e-18   528
  6.209930e-01   2.341183e-17   2.604238e-04   1.867179e-18   264
  6.217998e-01   2.171974e-17   2.668956e-04   1.174134e-18   444
  6.228852e-01   2.336581e-17   2.923449e-04   1.000602e-18   696
  6.237861e-01   2.353989e-17   1.563558e-04   1.281264e-18   384
  6.244450e-01   2.441807e-17   1.975687e-04   1.314401e-18   432
  6.254698e-01   2.925587e-17   1.365107e-04   1.938415e-18   488
  6.261352e-01   2.579827e-17   2.057386e-04   1.202300e-18   480
  6.270999e-01   2.163622e-17   2.294412e-04   1.216023e-18   480
  6.278471e-01   1.970297e-17   9.626648e-05   1.195429e-18   240
  6.286954e-01   2.276984e-17   2.248709e-04   1.113858e-18   600
  6.294955e-01   2.090905e-17   1.959519e-04   1.414815e-18   288
  6.303474e-01   2.240042e-17   1.884914e-04   1.295011e-18   480
  6.312103e-01   1.780693e-17   3.352926e-04   9.570975e-19   504
  6.320598e-01   2.588850e-17   1.438614e-04   1.748632e-18   216
  6.331433e-01   2.368290e-17   2.355240e-04   1.396994e-18   504
  6.339871e-01   2.072003e-17   1.894329e-04   1.216267e-18   456
  6.349107e-01   2.873228e-17   1.086430e-04   1.794109e-18   384
  6.355225e-01   2.665322e-17   2.205061e-04   1.481939e-18   480
  6.363918e-01   1.908140e-17   1.936290e-04   1.122235e-18   504
  6.371972e-01   2.306637e-17   1.228262e-04   1.661985e-18   312
  6.380652e-01   2.204336e-17   1.979302e-04   1.297844e-18   492
  6.388334e-01   2.255382e-17   1.855135e-04   1.286106e-18   312
  6.398223e-01   1.835105e-17   3.013519e-04   7.853262e-19   576
  6.406929e-01   2.450034e-17   2.781722e-04   1.835446e-18   336
  6.414159e-01   1.534541e-17   2.141797e-04   1.080835e-18   240
  6.424183e-01   1.960150e-17   2.839481e-04   1.055512e-18   468
  6.432837e-01   1.901331e-17   1.777925e-04   1.988969e-18   192
  6.441896e-01   1.592394e-17   1.783224e-04   1.101086e-18   324
  6.448535e-01   1.909203e-17   1.294235e-04   1.000296e-18   600
  6.457583e-01   1.982269e-17   2.099764e-04   1.075198e-18   456
  6.464302e-01   2.202267e-17   9.444737e-05   1.448563e-18   336
  6.475438e-01   1.958315e-17   2.828021e-04   9.674572e-19   612
  6.483539e-01   1.272749e-17   2.373399e-04   1.665608e-18   144
  6.491201e-01   2.117446e-17   2.770366e-04   1.140623e-18   552
  6.501620e-01   1.381318e-17   1.091004e-04   7.882204e-19   264
  6.507507e-01   1.799865e-17   2.525953e-04   1.216322e-18   336
  6.516793e-01   1.636869e-17   1.669063e-04   9.507079e-19   384
  6.524847e-01   1.665639e-17   9.395175e-05   1.493645e-18   216
  6.533762e-01   1.472395e-17   1.991971e-04   1.012452e-18   344
  6.541891e-01   1.386828e-17   2.972114e-04   8.584234e-19   408
  6.551797e-01   1.734411e-17   2.283876e-04   1.559540e-18   264
  6.560575e-01   1.711735e-17   3.183837e-04   8.652810e-19   612
  6.569345e-01   2.030261e-17   1.638646e-04   1.285994e-18   408
  6.578364e-01   1.611876e-17   1.641001e-04   1.194420e-18   444
  6.584991e-01   2.888195e-17   9.177996e-05   2.693062e-18   120
  6.593870e-01   1.884199e-17   2.535712e-04   1.316622e-18   336
  6.600460e-01   1.570408e-17   8.811499e-05   1.161251e-18   288
  6.609366e-01   1.577919e-17   2.742154e-04   8.123090e-19   552
  6.621610e-01   1.784439e-17   0.000000e+00   2.409048e-18   72
  6.627906e-01   1.564537e-17   2.723657e-04   8.847322e-19   504
  6.635259e-01   1.024943e-17   8.764464e-05   9.652704e-19   216
  6.644787e-01   1.445257e-17   1.564835e-04   1.046080e-18   312
  6.653340e-01   1.135278e-17   1.781811e-04   7.290851e-19   336
  6.661492e-01   1.427383e-17   2.469789e-04   1.265289e-18   204
  6.669611e-01   2.269350e-17   2.870270e-04   1.447652e-18   504
  6.678221e-01   2.082176e-17   2.733322e-04   1.334742e-18   396
  6.686501e-01   1.637471e-17   2.506599e-04   1.164182e-18   312
  6.696540e-01   2.246400e-17   1.531800e-04   1.954336e-18   216
  6.703613e-01   1.498884e-17   8.313373e-05   1.493432e-18   168
  6.712208e-01   1.563117e-17   2.099173e-04   8.071018e-19   588
  6.722017e-01   1.128165e-17   2.849381e-04   9.456157e-19   240
  6.729637e-01   1.179330e-17   2.516481e-04   1.083249e-18   264
  6.738575e-01   1.520389e-17   3.112147e-04   1.355997e-18   288
  6.746505e-01   1.604844e-17   1.554077e-04   1.419288e-18   288
  6.756555e-01   1.132001e-17   1.459525e-04   8.738226e-19   288
  6.763322e-01   1.335429e-17   1.690738e-04   1.019070e-18   192
  6.771836e-01   1.022883e-17   1.799115e-04   7.490139e-19   264
  6.779946e-01   2.367571e-17   2.959295e-04   1.641332e-18   372
  6.788675e-01   2.171918e-17   3.196167e-04   2.112009e-18   360
  6.799329e-01   1.939011e-17   1.352648e-04   2.788974e-18   144
  6.804835e-01   1.094811e-17   1.878769e-04   1.163942e-18   296
  6.813527e-01   1.319719e-17   2.024276e-04   1.232211e-18   288
  6.823478e-01   1.358809e-17   3.025230e-04   8.474177e-19   480
  6.832061e-01   1.299250e-17   2.513677e-04   2.245656e-18   192
  6.840407e-01   1.593397e-17   2.696262e-04   1.365333e-18   192
  6.847993e-01   1.085402e-17   1.718359e-04   8.485273e-19   288
  6.858544e-01   6.094251e-18   1.495808e-04   7.231418e-19   108
  6.863859e-01   1.206370e-17   1.438036e-04   1.072021e-18   240
  6.873243e-01   9.812807e-18   2.682690e-04   7.586237e-19   384
  6.882884e-01   1.464317e-17   3.272578e-04   1.633662e-18   108
  6.891409e-01   1.767595e-17   1.918773e-04   1.396148e-18   348
  6.900373e-01   1.073446e-17   2.002507e-04   1.140593e-18   312
  6.908379e-01   1.168809e-17   1.945855e-04   2.431669e-18   96
  6.915741e-01   1.296346e-17   2.590555e-04   1.027790e-18   384
  6.923987e-01   1.276736e-17   1.781778e-04   1.143102e-18   144
  6.932053e-01   1.313987e-17   2.737780e-04   9.677116e-19   408
  6.942079e-01   7.705936e-18   1.221243e-04   1.059238e-18   144
  6.951550e-01   1.316690e-17   2.347853e-04   1.571220e-18   192
  6.957167e-01   1.544776e-17   2.642552e-04   1.621451e-18   144
  6.966323e-01   8.720704e-18   2.148492e-04   8.089534e-19   144
  6.974962e-01   1.312359e-17   2.625805e-04   1.213224e-18   336
  6.985541e-01   6.468436e-18   1.942763e-04   4.608239e-19   240
  6.992249e-01   1.027641e-17   8.821915e-05   1.461112e-18   96
  7.001605e-01   1.344289e-17   2.587043e-04   1.103350e-18   372
  7.011070e-01   1.088821e-17   3.077232e-04   1.802754e-18   132
  7.019384e-01   7.183371e-18   1.904154e-04   5.275701e-19   264
  7.026821e-01   1.753658e-17   1.462304e-04   2.152135e-18   168
  7.034759e-01   1.183966e-17   2.337943e-04   9.742850e-19   216
  7.041771e-01   8.346035e-18   1.430383e-04   1.176751e-18   216
  7.051983e-01   5.065457e-18   2.624157e-04   5.573155e-19   96
  7.061249e-01   1.320353e-17   1.712023e-04   1.581213e-18   120
  7.069747e-01   8.771418e-18   2.176463e-04   9.011764e-19   216
  7.076747e-01   7.260459e-18   9.511215e-05   7.205112e-19   200
  7.086015e-01   1.021988e-17   2.462045e-04   1.411152e-18   288
  7.097902e-01   3.440320e-18   6.478119e-05   2.697557e-19   144
  7.102908e-01   1.037916e-17   2.015951e-04   1.808407e-18   168
  7.113130e-01   9.046926e-18   2.268765e-04   1.325797e-18   159
  7.121109e-01   6.775794e-18   2.380480e-04   5.085081e-19   174
  7.128831e-01   5.804472e-18   2.158536e-04   5.477335e-19   144
  7.138943e-01   9.513874e-18   1.246398e-04   8.731481e-19   222
  7.145705e-01   7.434311e-18   1.257726e-04   8.726622e-19   168
  7.157386e-01   1.080706e-17   2.758677e-04   2.310720e-18   30
  7.162211e-01   3.072879e-18   2.435709e-04   4.077400e-19   72
  7.171298e-01   7.599604e-18   2.173841e-04   8.004043e-19   258
  7.181290e-01   5.966664e-18   1.361533e-04   4.547352e-19   264
  7.186286e-01   7.281403e-18   1.468278e-08   1.159744e-18   72
  7.196697e-01   4.250961e-18   2.698616e-04   5.308857e-19   174
  7.206123e-01   8.091497e-18   2.873527e-04   1.189525e-18   168
  7.213701e-01   2.165356e-18   8.991328e-09   3.067478e-19   48
  7.221837e-01   4.162989e-18   1.622748e-04   5.203384e-19   150
  7.231270e-01   9.966029e-18   2.985162e-04   8.892874e-19   168
  7.240729e-01   4.483299e-18   1.818422e-04   4.678354e-19   144
  7.249427e-01   6.386730e-18   1.698820e-04   1.222551e-18   102
  7.255906e-01   2.548235e-18   2.514545e-04   2.098089e-19   96
  7.266185e-01   1.933563e-18   2.495518e-04   1.474224e-19   120
  7.273797e-01   1.943253e-18   2.676508e-04   1.445391e-19   168
  7.282031e-01   7.784197e-18   1.976389e-04   7.954852e-19   126
  7.289046e-01   4.684086e-18   1.490593e-04   6.410681e-19   168
  7.298711e-01   2.400795e-18   2.390167e-04   3.245745e-19   72
  7.307158e-01   2.778977e-18   2.993022e-04   2.369930e-19   168
  7.314557e-01   5.654600e-18   8.205344e-05   1.076138e-18   78
  7.324696e-01   2.628546e-18   1.347256e-04   3.269924e-19   60
  7.332860e-01   9.139437e-18   2.185468e-04   1.664275e-18   96
  7.341327e-01   3.212285e-18   2.651884e-04   2.570514e-19   168
  7.349284e-01   2.865254e-18   1.678009e-04   5.461850e-19   86
  7.357634e-01   2.195281e-18   1.499742e-04   3.045455e-19   120
  7.369601e-01   2.524432e-18   1.069515e-04   2.286914e-19   168
  7.376055e-01   1.582465e-18   0.000000e+00   1.788628e-19   48
  7.384747e-01   5.600385e-18   1.948541e-04   6.437963e-19   120
  7.389742e-01   3.559396e-18   1.421539e-04   4.833863e-19   126
  7.401935e-01   3.171810e-18   2.500091e-04   3.690439e-19   96
  7.409848e-01   2.995118e-18   7.209028e-05   2.965034e-19   96
  7.416089e-01   2.059165e-18   8.477105e-09   2.536979e-19   72
  7.429385e-01   2.484281e-18   8.991328e-09   4.349007e-19   24
  7.437683e-01   3.464793e-18   1.483601e-04   3.127607e-19   120
  7.444157e-01   2.596270e-18   2.164118e-04   3.371534e-19   126
  7.451355e-01   1.961534e-18   1.804085e-04   2.319560e-19   96
  7.459766e-01   1.225293e-18   3.117986e-04   1.361468e-19   72
  7.469132e-01   2.076830e-18   1.348634e-04   1.728000e-19   144
  7.476836e-01   2.298075e-18   7.778603e-05   2.994510e-19   72
  7.484533e-01   3.293103e-18   1.553665e-04   6.204907e-19   54
  7.491306e-01   2.936883e-18   1.369149e-04   3.246197e-19   108
  7.505382e-01   3.352698e-18   1.342120e-04   3.723825e-19   72
  7.509765e-01   2.564407e-18   7.744493e-05   2.879810e-19   72
  7.520162e-01   1.582733e-18   1.557344e-08   1.944680e-19   24
  7.529998e-01   9.217557e-19   1.638381e-04   1.339807e-19   48
  7.535971e-01   2.382946e-18   1.248023e-04   3.195725e-19   102
  7.544963e-01   1.654294e-18   2.822510e-04   1.260715e-19   168
  7.556711e-01   1.272111e-18   1.539331e-04   1.702080e-19   72
  7.561064e-01   1.451044e-18   0.000000e+00   2.352805e-19   48
  7.570195e-01   1.959571e-18   2.647743e-04   2.025688e-19   120
  7.582245e-01   1.903330e-18   1.627091e-04   1.553175e-19   96
  7.593627e-01   3.710707e-18   1.438612e-08   1.196612e-18   30
  7.607153e-01   2.594558e-18   7.644796e-05   3.637324e-19   72
  7.613097e-01   1.297642e-18   8.991328e-09   2.822779e-19   24
  7.620733e-01   6.509760e-19   1.133148e-04   1.106968e-19   56
  7.629285e-01   6.337223e-19   1.617059e-04   5.510604e-20   96
  7.639519e-01   1.412142e-18   1.785629e-04   1.253121e-19   144
  7.647411e-01   2.001053e-18   1.013810e-04   4.058535e-19   54
  7.658874e-01   1.354507e-18   1.518795e-04   1.340247e-19   108
  7.670409e-01   3.338790e-18   8.041947e-05   5.859744e-19   48
  7.681392e-01   1.481935e-18   3.028050e-04   1.383781e-19   72
  7.707744e-01   2.674041e-18   2.000642e-04   3.507692e-19   78
  7.715046e-01   6.496155e-19   1.507735e-04   7.607156e-20   72
  7.723570e-01   7.170207e-19   1.505863e-04   7.730612e-20   72
  7.732482e-01   1.379499e-18   3.633813e-04   1.263782e-19   96
  7.739527e-01   7.376749e-19   1.502759e-04   4.851348e-20   72
  7.748024e-01   9.912033e-19   0.000000e+00   1.579122e-19   24
  7.756510e-01   1.264278e-18   2.998733e-04   1.432026e-19   72
  7.775680e-01   1.567146e-18   1.904287e-04   3.373524e-19   30
  7.779804e-01   2.112769e-18   0.000000e+00   4.468314e-19   24
  7.801973e-01   5.486437e-19   1.581267e-04   7.703675e-20   48
  7.808927e-01   8.713118e-19   3.402886e-04   1.281023e-19   120
  7.818296e-01   5.205602e-19   1.487821e-04   7.085608e-20   72
  7.827758e-01   8.014862e-19   1.486022e-04   1.343612e-19   36
  7.834261e-01   8.808499e-19   2.937071e-04   1.008330e-19   78
  7.852411e-01   1.086178e-18   1.571111e-04   1.251256e-19   48
  7.875942e-01   1.403363e-18   1.271566e-08   1.873606e-19   24
  7.892707e-01   2.862870e-19   1.094089e-04   4.522333e-20   56
  7.901149e-01   3.608088e-19   1.683597e-04   3.673515e-20   102
  7.911888e-01   5.901881e-19   1.198844e-08   6.637594e-20   72
  7.918122e-01   7.018752e-19   8.991328e-09   1.190415e-19   24
  7.929021e-01   5.770284e-19   1.555930e-04   6.562250e-20   48
  7.949223e-01   6.669494e-19   0.000000e+00   1.526073e-19   24
  7.974016e-01   6.927231e-19   0.000000e+00   3.396624e-19   6
  7.981748e-01   1.788286e-19   0.000000e+00   3.662422e-20   24
  7.986898e-01   3.248769e-19   1.456409e-04   3.365471e-20   72
  7.996307e-01   2.798541e-19   2.717068e-04   2.541323e-20   84
  8.006440e-01   5.328835e-19   0.000000e+00   1.008415e-19   24
  8.009521e-01   5.325630e-19   1.271566e-08   6.890506e-20   24
  8.024909e-01   5.126996e-19   1.557344e-08   1.070330e-19   24
  8.046403e-01   5.070376e-19   0.000000e+00   1.322754e-19   6
  8.073954e-01   1.522176e-19   1.528000e-04   1.855070e-20   48
  8.080572e-01   2.390470e-19   2.878503e-04   2.486048e-20   72
  8.089220e-01   3.217635e-19   1.525117e-04   4.743451e-20   48
  8.102934e-01   6.601435e-19   0.000000e+00   9.711871e-20   24
  8.121184e-01   1.240924e-18   0.000000e+00   1.745525e-19   6
  8.162097e-01   7.510780e-20   0.000000e+00   1.785657e-20   8
  8.165120e-01   1.733001e-19   8.991328e-09   4.396759e-20   48
  8.172369e-01   2.219196e-19   1.479045e-04   3.389595e-20   60
  8.183231e-01   3.053802e-19   0.000000e+00   7.145771e-20   24
  8.198293e-01   3.562020e-19   0.000000e+00   1.081058e-19   6
  8.253784e-01   1.232676e-19   0.000000e+00   2.311393e-20   24
  8.258266e-01   1.275894e-19   1.493898e-04   1.360187e-20   48
  8.265733e-01   2.016103e-19   0.000000e+00   5.200448e-20   24
  8.277664e-01   4.320253e-20   0.000000e+00   1.361939e-20   6
  8.345448e-01   6.100886e-20   1.393664e-04   7.397784e-21   36
  8.350375e-01   1.230433e-19   0.000000e+00   2.844684e-20   24
  8.359234e-01   1.176381e-19   0.000000e+00   6.391643e-20   6
  8.436361e-01   7.209123e-20   1.266552e-04   1.186161e-20   32
  8.442939e-01   3.899646e-20   0.000000e+00   1.010140e-20   6
  8.525822e-01   2.271160e-20   0.000000e+00   5.520587e-21   12
  8.528715e-01   7.786869e-20   0.000000e+00   1.685361e-20   6
  8.616502e-01   1.440319e-20   0.000000e+00   1.852618e-21   6
