# power spectrum of zeta
# redshift z=9.951253
# k              Pk             sigma(k)       sigma(Pk)      count
  1.570796e-02   4.262458e-20   0.000000e+00   1.718123e-20   6
  2.221441e-02   7.031395e-20   0.000000e+00   1.403626e-20   12
  2.720699e-02   9.411826e-20   2.980232e-10   1.915268e-20   8
  3.141593e-02   4.629167e-19   0.000000e+00   4.981319e-20   6
  3.512407e-02   4.330438e-19   5.619580e-10   1.380505e-19   24
  3.847649e-02   7.873319e-19   5.619580e-10   1.326462e-19   24
  4.442883e-02   5.169715e-19   0.000000e+00   2.326877e-19   12
  4.712389e-02   7.082454e-19   6.357829e-10   1.304677e-19   30
  4.967294e-02   1.031641e-18   0.000000e+00   2.273544e-19   24
  5.209742e-02   1.085796e-18   9.733398e-10   2.691507e-19   24
  5.441398e-02   1.449922e-18   5.960464e-10   2.939034e-19   8
  5.663587e-02   1.391918e-18   7.947286e-10   1.729248e-19   24
  5.877382e-02   1.474358e-18   0.000000e+00   2.071869e-19   48
  6.283185e-02   2.163505e-18   0.000000e+00   9.512494e-19   6
  6.476559e-02   1.912360e-18   7.947286e-10   2.685301e-19   48
  6.664324e-02   1.944665e-18   7.492773e-10   2.022414e-19   36
  6.846942e-02   3.051971e-18   7.947286e-10   6.381922e-19   24
  7.024815e-02   1.941470e-18   1.123916e-09   3.342323e-19   24
  7.198293e-02   1.875767e-18   0.000000e+00   2.550802e-19   48
  7.367688e-02   3.127103e-18   1.123916e-09   4.451140e-19   24
  7.695299e-02   2.831786e-18   1.123916e-09   4.454385e-19   24
  7.853982e-02   2.051572e-18   0.000000e+00   3.358045e-19   30
  8.009521e-02   2.314064e-18   0.000000e+00   2.555843e-19   72
  8.162097e-02   2.375916e-18   1.192093e-09   4.837057e-19   32
  8.458997e-02   3.493965e-18   0.000000e+00   4.052626e-19   72
  8.603606e-02   2.223193e-18   0.000000e+00   3.250238e-19   48
  8.885766e-02   1.286228e-18   0.000000e+00   3.825996e-19   12
  9.023538e-02   2.645058e-18   0.000000e+00   3.967149e-19   48
  9.159238e-02   2.428723e-18   0.000000e+00   2.417639e-19   48
  9.292956e-02   3.344190e-18   1.123916e-09   4.218605e-19   48
  9.424778e-02   4.169238e-18   1.271566e-09   7.308491e-19   30
  9.554781e-02   3.818015e-18   0.000000e+00   8.587561e-19   24
  9.683039e-02   4.084738e-18   2.369423e-09   4.106850e-19   72
  9.934588e-02   2.583583e-18   0.000000e+00   4.904165e-19   24
  1.005800e-01   4.097047e-18   0.000000e+00   4.059406e-19   96
  1.017992e-01   3.265479e-18   0.000000e+00   4.336265e-19   48
  1.030040e-01   2.822473e-18   1.946680e-09   6.933052e-19   24
  1.041948e-01   2.112367e-18   1.946680e-09   4.337728e-19   24
  1.053722e-01   5.229674e-18   0.000000e+00   6.384649e-19   72
  1.065366e-01   4.038491e-18   0.000000e+00   6.216850e-19   48
  1.088280e-01   3.762851e-18   1.192093e-09   1.123245e-18   8
  1.099557e-01   5.687274e-18   1.412851e-09   6.787151e-19   54
  1.110721e-01   3.965750e-18   0.000000e+00   6.935846e-19   84
  1.121773e-01   4.492298e-18   0.000000e+00   6.444579e-19   48
  1.132717e-01   2.882045e-18   1.589457e-09   5.141251e-19   24
  1.143557e-01   3.952296e-18   2.119276e-09   4.689913e-19   72
  1.154295e-01   5.362272e-18   0.000000e+00   6.104107e-19   96
  1.175476e-01   7.748585e-18   0.000000e+00   8.451244e-19   48
  1.185925e-01   4.360437e-18   0.000000e+00   4.086047e-19   48
  1.196283e-01   3.890900e-18   0.000000e+00   7.570274e-19   24
  1.206552e-01   4.552021e-18   0.000000e+00   4.901118e-19   72
  1.226831e-01   4.991997e-18   0.000000e+00   5.907957e-19   72
  1.236846e-01   4.987805e-18   0.000000e+00   5.685372e-19   96
  1.256637e-01   7.183953e-18   0.000000e+00   3.157220e-18   6
  1.266416e-01   6.069261e-18   0.000000e+00   5.875865e-19   96
  1.276121e-01   6.372906e-18   1.589457e-09   6.811105e-19   96
  1.285752e-01   4.383786e-18   0.000000e+00   1.042317e-18   24
  1.295312e-01   4.969977e-18   1.589457e-09   6.192145e-19   48
  1.304801e-01   5.110897e-18   0.000000e+00   5.165915e-19   96
  1.314222e-01   6.089604e-18   0.000000e+00   8.203196e-19   48
  1.332865e-01   5.593508e-18   1.498555e-09   1.049667e-18   36
  1.342089e-01   5.725246e-18   2.753021e-09   7.228653e-19   48
  1.351250e-01   6.443865e-18   3.114687e-09   5.784305e-19   120
  1.360350e-01   5.873388e-18   0.000000e+00   7.755044e-19   56
  1.369388e-01   3.350075e-18   1.589457e-09   5.861883e-19   24
  1.378368e-01   4.925825e-18   0.000000e+00   4.382949e-19   96
  1.387290e-01   5.296047e-18   0.000000e+00   6.834123e-19   48
  1.404963e-01   6.604751e-18   2.247832e-09   1.225140e-18   24
  1.413717e-01   7.301391e-18   0.000000e+00   7.305493e-19   102
  1.422417e-01   7.624840e-18   1.589457e-09   1.149425e-18   48
  1.431064e-01   7.090457e-18   0.000000e+00   7.064448e-19   72
  1.439659e-01   6.544531e-18   0.000000e+00   6.610788e-19   48
  1.448203e-01   7.097497e-18   0.000000e+00   1.314979e-18   48
  1.456697e-01   6.137589e-18   3.596531e-09   5.394136e-19   120
  1.473538e-01   9.961155e-18   2.247832e-09   1.667394e-18   24
  1.481886e-01   5.824526e-18   2.119276e-09   4.900464e-19   144
  1.490188e-01   6.048501e-18   2.543132e-09   5.815396e-19   120
  1.498444e-01   4.751989e-18   2.247832e-09   6.658463e-19   48
  1.514821e-01   7.292636e-18   2.247832e-09   9.725705e-19   48
  1.522944e-01   6.008471e-18   2.247832e-09   6.270058e-19   96
  1.544390e-01   8.191069e-18   3.768959e-04   1.006337e-18   72
  1.555009e-01   6.103942e-18   1.998073e-09   4.660782e-19   108
  1.562923e-01   7.311771e-18   0.000000e+00   7.834393e-19   72
  1.570796e-01   4.476300e-18   0.000000e+00   8.325846e-19   30
  1.578631e-01   7.604067e-18   0.000000e+00   6.042253e-19   168
  1.586427e-01   7.571094e-18   0.000000e+00   8.263184e-19   48
  1.601904e-01   5.321419e-18   0.000000e+00   6.236005e-19   72
  1.609587e-01   7.042253e-18   0.000000e+00   6.787418e-19   96
  1.617234e-01   6.977337e-18   4.238553e-09   1.071770e-18   72
  1.624844e-01   8.277391e-18   0.000000e+00   8.776369e-19   72
  1.637639e-01   7.524288e-18   3.480039e-04   5.520241e-19   104
  1.647465e-01   7.266873e-18   2.997109e-09   5.299912e-19   144
  1.669779e-01   5.222827e-18   5.026305e-09   4.906283e-19   96
  1.677152e-01   5.826279e-18   0.000000e+00   6.020785e-19   96
  1.688876e-01   8.056805e-18   3.580185e-04   7.472741e-19   120
  1.699076e-01   6.814198e-18   0.000000e+00   6.198600e-19   120
  1.706322e-01   8.257275e-18   0.000000e+00   8.950217e-19   72
  1.720721e-01   8.403100e-18   0.000000e+00   1.112998e-18   48
  1.727876e-01   9.087559e-18   3.912510e-09   1.036900e-18   78
  1.737029e-01   9.562724e-18   3.205713e-04   7.571329e-19   168
  1.756204e-01   9.080676e-18   3.670694e-09   7.845632e-19   144
  1.763215e-01   9.465629e-18   2.997109e-09   6.753244e-19   144
  1.783549e-01   8.824454e-18   1.846233e-04   7.508703e-19   156
  1.790983e-01   6.504556e-18   3.893359e-09   1.211868e-18   48
  1.797859e-01   8.156517e-18   2.543132e-09   8.001226e-19   120
  1.804708e-01   5.920128e-18   0.000000e+00   6.233584e-19   48
  1.816818e-01   8.986665e-18   2.825996e-04   6.104997e-19   216
  1.831848e-01   8.178654e-18   0.000000e+00   1.009957e-18   48
  1.838570e-01   7.607560e-18   2.247832e-09   6.692119e-19   96
  1.848128e-01   8.827604e-18   3.302618e-04   7.733748e-19   168
  1.858591e-01   7.195108e-18   2.247832e-09   1.029165e-18   48
  1.865217e-01   9.582015e-18   0.000000e+00   9.562153e-19   96
  1.871820e-01   9.357634e-18   0.000000e+00   1.703352e-18   48
  1.884956e-01   1.107801e-17   2.543132e-09   1.103817e-18   30
  1.891489e-01   7.090780e-18   0.000000e+00   5.757951e-19   96
  1.899298e-01   8.861013e-18   2.595564e-04   6.021663e-19   240
  1.909339e-01   1.239774e-17   2.800239e-04   1.710148e-18   32
  1.917401e-01   7.125044e-18   0.000000e+00   5.280212e-19   168
  1.923825e-01   8.538403e-18   0.000000e+00   8.369847e-19   120
  1.936608e-01   6.882990e-18   4.738846e-09   7.735327e-19   72
  1.942968e-01   1.133651e-17   2.119276e-09   1.041410e-18   144
  1.949307e-01   8.195705e-18   0.000000e+00   8.386496e-19   96
  1.955626e-01   1.092833e-17   0.000000e+00   8.748521e-19   96
  1.968202e-01   1.086546e-17   0.000000e+00   1.310283e-18   72
  1.974460e-01   9.217206e-18   3.178914e-09   8.931662e-19   96
  1.986918e-01   9.064947e-18   0.000000e+00   1.669336e-18   24
  1.993117e-01   1.062556e-17   0.000000e+00   7.843544e-19   192
  2.000418e-01   1.015989e-17   2.376333e-04   7.494845e-19   132
  2.011601e-01   1.102351e-17   0.000000e+00   9.966126e-19   96
  2.017724e-01   8.127687e-18   0.000000e+00   8.192701e-19   96
  2.023829e-01   1.072726e-17   2.543132e-09   9.143486e-19   120
  2.035985e-01   1.148483e-17   0.000000e+00   1.577653e-18   48
  2.045948e-01   7.492940e-18   2.879924e-04   4.911182e-19   222
  2.054083e-01   9.815563e-18   0.000000e+00   9.293655e-19   120
  2.060080e-01   1.107381e-17   3.893359e-09   2.231424e-18   24
  2.068812e-01   1.167518e-17   2.972500e-04   6.168434e-19   312
  2.087838e-01   1.311534e-17   2.786838e-04   1.463449e-18   72
  2.095704e-01   9.208283e-18   3.893359e-09   1.241648e-18   96
  2.103781e-01   1.129673e-17   2.838009e-04   8.537383e-19   192
  2.113290e-01   1.068605e-17   3.596531e-09   1.083921e-18   120
  2.119120e-01   1.070541e-17   0.000000e+00   1.099732e-18   144
  2.130732e-01   9.658047e-18   0.000000e+00   1.383296e-18   48
  2.138985e-01   9.658623e-18   2.853717e-04   5.628870e-19   336
  2.148032e-01   1.103218e-17   0.000000e+00   1.509471e-18   48
  2.159488e-01   1.007574e-17   0.000000e+00   8.812617e-19   192
  2.165193e-01   1.097465e-17   0.000000e+00   1.341148e-18   48
  2.181411e-01   1.113743e-17   1.980854e-04   1.349587e-18   56
  2.189475e-01   1.091508e-17   2.544090e-04   6.033996e-19   336
  2.199115e-01   1.095386e-17   2.825702e-09   1.559662e-18   54
  2.207512e-01   1.003247e-17   2.794324e-04   6.161331e-19   240
  2.224945e-01   1.027310e-17   2.675587e-04   7.621801e-19   228
  2.232521e-01   1.232917e-17   2.997109e-09   1.574740e-18   72
  2.239875e-01   1.230402e-17   2.595385e-04   9.143971e-19   144
  2.249038e-01   1.008079e-17   0.000000e+00   9.837642e-19   96
  2.254517e-01   1.047204e-17   3.596531e-09   6.567195e-19   240
  2.265435e-01   9.583056e-18   3.178914e-09   1.841507e-18   24
  2.272424e-01   1.133384e-17   2.451321e-04   6.753382e-19   336
  2.281713e-01   1.081472e-17   0.000000e+00   1.272952e-18   72
  2.290193e-01   1.298079e-17   2.666265e-04   9.366498e-19   168
  2.297877e-01   8.609657e-18   0.000000e+00   7.619522e-19   72
  2.308590e-01   1.343636e-17   0.000000e+00   1.231694e-18   96
  2.316886e-01   1.160599e-17   2.646263e-04   8.260778e-19   216
  2.324566e-01   8.830019e-18   0.000000e+00   6.571691e-19   96
  2.335157e-01   1.089795e-17   3.178914e-09   7.333019e-19   192
  2.340434e-01   1.075108e-17   2.997109e-09   8.384990e-19   144
  2.350953e-01   1.156377e-17   0.000000e+00   1.497512e-18   48
  2.358236e-01   1.203984e-17   2.551309e-04   8.174782e-19   246
  2.368131e-01   1.492572e-17   2.352347e-04   1.155698e-18   168
  2.377046e-01   1.181802e-17   6.229375e-09   1.179966e-18   120
  2.382231e-01   9.926269e-18   0.000000e+00   6.783642e-19   240
  2.392566e-01   7.140129e-18   0.000000e+00   1.450245e-18   24
  2.400800e-01   1.162892e-17   2.517980e-04   7.266499e-19   360
  2.411056e-01   1.095536e-17   2.507265e-04   8.151898e-19   120
  2.418210e-01   1.303069e-17   0.000000e+00   1.046515e-18   144
  2.423307e-01   1.286003e-17   0.000000e+00   1.135008e-18   96
  2.438532e-01   1.256146e-17   0.000000e+00   1.008853e-18   144
  2.443586e-01   1.356048e-17   0.000000e+00   1.157941e-18   132
  2.450688e-01   1.243819e-17   2.474633e-04   9.112833e-19   176
  2.460999e-01   1.246535e-17   2.498881e-04   6.333203e-19   312
  2.473693e-01   1.795321e-17   0.000000e+00   2.731626e-18   96
  2.478675e-01   1.220665e-17   0.000000e+00   1.065081e-18   144
  2.486319e-01   1.296394e-17   2.473817e-04   7.193460e-19   312
  2.498505e-01   1.546861e-17   0.000000e+00   1.533507e-18   48
  2.503437e-01   1.161127e-17   3.178914e-09   8.662425e-19   192
  2.513274e-01   3.911462e-18   0.000000e+00   1.205501e-18   6
  2.519810e-01   1.139079e-17   2.307253e-04   6.279513e-19   288
  2.530395e-01   1.116869e-17   2.437763e-04   7.924082e-19   192
  2.537699e-01   1.077245e-17   7.476104e-09   6.895153e-19   216
  2.542556e-01   1.364302e-17   0.000000e+00   1.851415e-18   72
  2.554657e-01   1.133193e-17   2.414611e-04   8.748931e-19   192
  2.562693e-01   1.495906e-17   1.792979e-04   8.838134e-19   288
  2.571504e-01   1.300113e-17   0.000000e+00   2.509866e-18   24
  2.578312e-01   1.409885e-17   2.362101e-04   6.093944e-19   456
  2.590624e-01   9.116277e-18   0.000000e+00   1.340374e-18   48
  2.598231e-01   1.315951e-17   2.326575e-04   9.635637e-19   240
  2.606974e-01   1.493003e-17   2.351266e-04   9.504949e-19   216
  2.614326e-01   1.186949e-17   0.000000e+00   1.455769e-18   72
  2.619041e-01   1.239701e-17   8.123736e-09   9.776363e-19   168
  2.632353e-01   1.466451e-17   1.747662e-04   8.883931e-19   288
  2.639818e-01   1.447174e-17   2.312456e-04   9.921774e-19   168
  2.651809e-01   1.663545e-17   0.000000e+00   1.150048e-18   192
  2.656458e-01   1.341405e-17   2.997109e-09   9.527849e-19   144
  2.665730e-01   1.671600e-17   2.997109e-09   2.076137e-18   36
  2.673593e-01   1.142473e-17   2.111764e-04   5.845972e-19   342
  2.681111e-01   1.366273e-17   2.168525e-04   1.033952e-18   144
  2.690776e-01   1.316443e-17   2.274240e-04   6.761151e-19   384
  2.702500e-01   1.566988e-17   6.229375e-09   1.425769e-18   120
  2.708303e-01   1.582802e-17   2.027960e-04   9.810802e-19   264
  2.716161e-01   1.365795e-17   1.005261e-08   9.951559e-19   192
  2.723561e-01   1.516971e-17   2.185515e-04   1.156929e-18   152
  2.729753e-01   1.392616e-17   5.994218e-09   1.256972e-18   144
  2.742778e-01   1.185108e-17   1.414487e-04   8.657488e-19   216
  2.748807e-01   1.541007e-17   1.890132e-04   8.406174e-19   312
  2.759419e-01   1.342749e-17   2.190625e-04   7.460761e-19   240
  2.765672e-01   1.630558e-17   3.178914e-09   1.687374e-18   96
  2.777541e-01   1.496058e-17   2.094396e-04   1.204690e-18   144
  2.784857e-01   1.441921e-17   2.058607e-04   6.952917e-19   456
  2.796723e-01   1.171470e-17   0.000000e+00   7.649148e-19   120
  2.801131e-01   1.279341e-17   0.000000e+00   1.174812e-18   144
  2.809926e-01   9.666128e-18   4.495664e-09   1.596841e-18   24
  2.815564e-01   1.501929e-17   1.978798e-04   7.578682e-19   336
  2.825316e-01   1.419534e-17   2.182345e-04   1.115626e-18   198
  2.834454e-01   1.417052e-17   2.122205e-04   7.414137e-19   432
  2.844833e-01   1.488854e-17   6.357829e-09   1.513391e-18   48
  2.850248e-01   1.674186e-17   1.873540e-04   8.645034e-19   384
  2.859970e-01   1.621685e-17   2.156842e-04   1.333353e-18   144
  2.868780e-01   1.593585e-17   2.141460e-04   9.144070e-19   264
  2.879317e-01   1.293941e-17   0.000000e+00   1.243213e-18   48
  2.886387e-01   1.526921e-17   2.036179e-04   9.215672e-19   276
  2.893208e-01   1.366153e-17   1.845741e-04   1.123751e-18   192
  2.902325e-01   1.456032e-17   2.074207e-04   6.110724e-19   552
  2.913393e-01   1.034010e-17   5.086263e-09   9.067674e-19   120
  2.919972e-01   1.626935e-17   2.099609e-04   1.096307e-18   216
  2.926069e-01   1.443894e-17   5.086263e-09   1.131683e-18   120
  2.936961e-01   1.685960e-17   2.067600e-04   8.609970e-19   408
  2.947075e-01   1.579211e-17   4.495664e-09   2.113734e-18   24
  2.953347e-01   1.389903e-17   2.088648e-04   7.788553e-19   384
  2.962106e-01   1.391088e-17   2.040684e-04   9.615620e-19   240
  2.969712e-01   1.368387e-17   2.055628e-04   9.301964e-19   168
  2.980376e-01   1.242946e-17   0.000000e+00   1.202262e-18   120
  2.987251e-01   1.515090e-17   2.142884e-04   7.656439e-19   350
  2.998430e-01   1.519523e-17   3.527601e-04   7.940940e-19   384
  3.005110e-01   1.649732e-17   0.000000e+00   1.481522e-18   144
  3.017401e-01   1.329531e-17   4.238553e-09   7.705420e-19   288
  3.023819e-01   1.391176e-17   2.019242e-04   6.655210e-19   336
  3.032549e-01   1.707581e-17   1.838353e-04   1.251005e-18   168
  3.037776e-01   1.512814e-17   1.204945e-08   8.932806e-19   336
  3.048586e-01   1.372957e-17   1.908100e-04   8.420352e-19   288
  3.055078e-01   1.410058e-17   1.797918e-04   8.595037e-19   264
  3.066072e-01   1.554769e-17   0.000000e+00   9.654928e-19   240
  3.070093e-01   1.533401e-17   0.000000e+00   1.276933e-18   96
  3.084525e-01   1.690497e-17   2.445048e-04   8.558974e-19   360
  3.091260e-01   1.658966e-17   1.802420e-04   1.388107e-18   168
  3.099770e-01   1.626298e-17   1.964825e-04   7.159838e-19   456
  3.110018e-01   1.506180e-17   5.651403e-09   1.356793e-18   108
  3.115782e-01   1.592886e-17   1.971449e-04   1.147758e-18   264
  3.122973e-01   1.505218e-17   1.758853e-04   9.536612e-19   264
  3.132820e-01   1.731736e-17   1.659735e-04   1.047666e-18   312
  3.145081e-01   1.718510e-17   1.233364e-04   1.094908e-18   270
  3.150220e-01   1.580246e-17   1.565911e-04   1.080611e-18   240
  3.159458e-01   1.629897e-17   1.937229e-04   7.891904e-19   384
  3.165067e-01   1.410858e-17   6.357829e-09   9.408450e-19   192
  3.175962e-01   1.730986e-17   1.554368e-04   1.220530e-18   240
  3.182281e-01   1.627397e-17   1.918342e-04   8.684029e-19   336
  3.194167e-01   1.710889e-17   1.931178e-04   7.623615e-19   480
  3.203808e-01   1.729981e-17   4.238553e-09   2.025001e-18   72
  3.209194e-01   1.773648e-17   1.883074e-04   1.109529e-18   240
  3.216520e-01   1.589920e-17   1.769831e-04   9.275191e-19   312
  3.224917e-01   1.528041e-17   1.912763e-04   1.059669e-18   240
  3.237607e-01   1.695463e-17   1.453205e-04   8.225640e-19   408
  3.242630e-01   1.602357e-17   1.330785e-04   9.196152e-19   336
  3.252448e-01   1.704827e-17   1.689770e-04   1.215664e-18   264
  3.257273e-01   2.071877e-17   0.000000e+00   1.722529e-18   144
  3.270696e-01   1.710092e-17   2.342121e-04   8.088454e-19   464
  3.277768e-01   1.330323e-17   1.862466e-04   9.512262e-19   168
  3.284751e-01   2.142151e-17   1.696301e-04   1.132718e-18   336
  3.297371e-01   1.688380e-17   1.782296e-04   8.507076e-19   414
  3.304484e-01   1.894955e-17   1.855264e-04   1.186897e-18   216
  3.313598e-01   1.707176e-17   4.495664e-09   1.694666e-18   96
  3.317320e-01   1.694444e-17   1.101208e-08   7.642705e-19   384
  3.330355e-01   1.820058e-17   1.851680e-04   9.009105e-19   492
  3.337341e-01   1.433425e-17   1.810784e-04   8.700524e-19   240
  3.345237e-01   1.465283e-17   1.838580e-04   8.356931e-19   312
  3.356141e-01   1.820122e-17   1.837975e-04   1.435600e-18   192
  3.363048e-01   1.802896e-17   1.781220e-04   8.161005e-19   504
  3.372212e-01   1.733119e-17   1.179198e-04   8.721059e-19   408
  3.379427e-01   2.004517e-17   3.612619e-04   1.565730e-18   168
  3.388456e-01   1.600718e-17   1.716026e-04   1.022698e-18   288
  3.396033e-01   1.665505e-17   1.790820e-04   1.112467e-18   288
  3.403794e-01   1.827182e-17   1.801128e-04   8.921767e-19   432
  3.415052e-01   1.935634e-17   1.703267e-04   1.295219e-18   216
  3.421068e-01   1.799687e-17   1.699674e-04   8.538617e-19   360
  3.431777e-01   1.935781e-17   1.658865e-04   1.090600e-18   312
  3.441442e-01   2.064778e-17   0.000000e+00   3.262344e-18   48
  3.447014e-01   1.798392e-17   1.778543e-04   8.926125e-19   432
  3.456992e-01   1.700459e-17   2.966627e-04   7.927504e-19   414
  3.462885e-01   1.739215e-17   6.776666e-09   9.680276e-19   312
  3.473878e-01   1.906800e-17   2.603051e-04   8.024223e-19   528
  3.481296e-01   1.913663e-17   1.366381e-04   1.192087e-18   264
  3.490209e-01   1.748168e-17   1.620153e-04   8.636063e-19   480
  3.501854e-01   1.813647e-17   0.000000e+00   9.595769e-19   288
  3.506883e-01   1.901112e-17   1.740804e-04   1.552821e-18   168
  3.516084e-01   1.861948e-17   2.755688e-04   7.778528e-19   504
  3.526429e-01   2.029635e-17   4.238553e-09   1.445277e-18   144
  3.532937e-01   1.776656e-17   1.769812e-04   8.153298e-19   464
  3.542716e-01   1.611730e-17   2.597299e-04   7.553770e-19   432
  3.547358e-01   2.112323e-17   4.495664e-09   1.469880e-18   192
  3.559351e-01   1.736351e-17   1.925466e-04   7.738284e-19   396
  3.566434e-01   1.856266e-17   1.729600e-04   1.110404e-18   288
  3.573592e-01   1.900198e-17   1.708549e-04   1.035323e-18   336
  3.585027e-01   1.777384e-17   1.081887e-04   7.695587e-19   432
  3.592283e-01   1.919293e-17   2.804101e-04   9.426148e-19   360
  3.600431e-01   1.911697e-17   1.658667e-04   9.173506e-19   384
  3.612003e-01   1.612384e-17   1.464092e-04   1.240979e-18   198
  3.617579e-01   1.877892e-17   1.664197e-04   7.180055e-19   552
  3.627976e-01   1.565097e-17   2.329761e-04   8.243394e-19   432
  3.636656e-01   2.067560e-17   8.899106e-09   1.555239e-18   168
  3.643942e-01   1.909059e-17   2.888052e-04   8.501770e-19   480
  3.653579e-01   1.439850e-17   0.000000e+00   1.306994e-18   120
  3.657917e-01   1.778335e-17   2.358836e-04   1.069080e-18   336
  3.668502e-01   1.954955e-17   1.664122e-04   6.838569e-19   672
  3.678969e-01   1.942581e-17   2.420693e-04   8.773049e-19   528
  3.683844e-01   1.845593e-17   7.266090e-09   1.174367e-18   168
  3.695106e-01   1.932667e-17   2.700266e-04   8.462765e-19   456
  3.701979e-01   2.157320e-17   1.649075e-04   1.922598e-18   168
  3.709113e-01   1.986038e-17   1.646115e-04   9.634543e-19   504
  3.720973e-01   1.893432e-17   2.118297e-04   1.049488e-18   336
  3.728144e-01   2.151892e-17   1.527042e-04   1.186065e-18   312
  3.736099e-01   2.041006e-17   1.492023e-04   8.947752e-19   504
  3.746568e-01   1.957685e-17   1.035207e-04   8.291742e-19   432
  3.751490e-01   1.790998e-17   1.599738e-04   1.031324e-18   312
  3.761721e-01   1.890925e-17   1.639809e-04   8.668394e-19   384
  3.772403e-01   2.170726e-17   1.393208e-04   2.008139e-18   126
  3.778999e-01   1.986262e-17   2.446141e-04   9.910657e-19   492
  3.787423e-01   2.036560e-17   1.566756e-04   8.358082e-19   528
  3.797950e-01   1.934692e-17   1.591488e-04   8.359826e-19   480
  3.804477e-01   2.052876e-17   2.198632e-04   9.500940e-19   432
  3.813922e-01   2.171324e-17   1.728933e-04   9.805056e-19   440
  3.824891e-01   1.931035e-17   8.597912e-05   1.113206e-18   312
  3.829007e-01   2.124325e-17   1.288469e-04   1.157655e-18   480
  3.837450e-01   1.948426e-17   2.522797e-04   1.005420e-18   408
  3.849786e-01   1.971231e-17   1.510870e-04   9.786044e-19   360
  3.854998e-01   1.933239e-17   1.457935e-04   9.629687e-19   408
  3.864656e-01   1.960596e-17   1.483633e-04   8.872436e-19   456
  3.875531e-01   2.096481e-17   1.417988e-04   1.235926e-18   264
  3.881567e-01   1.924173e-17   1.538873e-04   1.030186e-18   384
  3.890354e-01   2.045266e-17   2.590801e-04   8.039110e-19   672
  3.900512e-01   1.980343e-17   1.549634e-04   1.292525e-18   240
  3.906373e-01   2.088985e-17   1.572490e-04   1.210730e-18   264
  3.914646e-01   1.833066e-17   1.939407e-04   7.891149e-19   624
  3.926991e-01   2.278966e-17   0.000000e+00   1.755609e-18   150
  3.931386e-01   2.160755e-17   2.173259e-04   9.477456e-19   600
  3.940655e-01   1.867561e-17   1.499928e-04   7.796760e-19   672
  3.951151e-01   2.061707e-17   1.410788e-04   1.199232e-18   336
  3.956998e-01   2.091599e-17   1.534526e-04   1.046300e-18   408
  3.966340e-01   1.959507e-17   1.530911e-04   9.647070e-19   408
  3.976732e-01   1.875232e-17   7.741108e-05   9.588841e-19   360
  3.983137e-01   2.121432e-17   2.842286e-04   9.871415e-19   456
  3.990874e-01   1.965594e-17   1.545652e-04   8.880957e-19   384
  4.000722e-01   2.375130e-17   1.426833e-04   1.188909e-18   348
  4.006044e-01   2.034995e-17   1.759003e-04   8.459912e-19   576
  4.016040e-01   2.113429e-17   1.448308e-04   9.741085e-19   504
  4.026266e-01   2.066133e-17   2.042754e-04   9.451739e-19   432
  4.035193e-01   1.909084e-17   2.779157e-04   7.583915e-19   576
  4.041559e-01   2.057457e-17   0.000000e+00   1.190338e-18   264
  4.051657e-01   2.092029e-17   2.211515e-04   7.228905e-19   768
  4.060439e-01   2.485631e-17   2.977401e-04   1.665466e-18   240
  4.067421e-01   2.004081e-17   2.625786e-04   1.531907e-18   192
  4.077592e-01   2.016012e-17   1.932899e-04   8.400686e-19   504
  4.085134e-01   1.904873e-17   2.604655e-04   7.841012e-19   590
  4.092368e-01   1.979802e-17   2.918373e-04   9.792427e-19   384
  4.101438e-01   2.094442e-17   2.438900e-04   9.398607e-19   504
  4.112389e-01   2.217619e-17   2.347064e-04   8.142674e-19   648
  4.123011e-01   2.126706e-17   6.374317e-05   9.246105e-19   504
  4.127294e-01   2.200920e-17   1.454101e-04   1.129161e-18   312
  4.134855e-01   1.920097e-17   2.095003e-04   7.277402e-19   576
  4.145236e-01   2.047798e-17   1.457924e-04   1.283436e-18   240
  4.151287e-01   2.009285e-17   1.473162e-04   8.161158e-19   552
  4.159853e-01   2.204527e-17   1.383265e-04   8.758613e-19   600
  4.172054e-01   2.064558e-17   1.689549e-04   7.517342e-19   600
  4.179389e-01   2.281042e-17   2.705679e-04   1.344921e-18   312
  4.186695e-01   2.237895e-17   2.356379e-04   9.812548e-19   480
  4.195820e-01   2.313775e-17   1.470154e-04   9.363087e-19   576
  4.203854e-01   2.218840e-17   2.367268e-04   1.120278e-18   408
  4.210983e-01   2.253223e-17   2.761527e-04   1.391562e-18   216
  4.220194e-01   1.882962e-17   2.115019e-04   8.434934e-19   516
  4.230063e-01   2.276234e-17   2.017943e-04   8.917620e-19   744
  4.240243e-01   2.129116e-17   1.347808e-04   9.804073e-19   462
  4.245995e-01   2.296238e-17   1.369852e-04   1.119704e-18   432
  4.254918e-01   2.314819e-17   1.270838e-04   8.200611e-19   648
  4.265409e-01   2.355212e-17   1.859472e-04   9.716993e-19   528
  4.273836e-01   2.014322e-17   2.239269e-04   8.414198e-19   600
  4.282256e-01   2.021014e-17   2.823132e-04   1.531265e-18   240
  4.290411e-01   2.084138e-17   2.162492e-04   7.556510e-19   720
  4.299890e-01   2.376541e-17   1.710922e-04   8.389059e-19   720
  4.310398e-01   1.958153e-17   0.000000e+00   1.441475e-18   144
  4.315927e-01   2.062277e-17   2.205891e-04   7.376304e-19   720
  4.323793e-01   2.530391e-17   1.322696e-04   1.379947e-18   384
  4.333641e-01   2.190537e-17   1.466278e-04   8.446078e-19   672
  4.342984e-01   2.222267e-17   2.567292e-04   1.161896e-18   336
  4.347447e-01   2.498759e-17   0.000000e+00   1.523242e-18   288
  4.358374e-01   2.172223e-17   2.031840e-04   7.555726e-19   776
  4.368489e-01   2.403155e-17   1.738547e-04   9.109544e-19   720
  4.376985e-01   2.318318e-17   1.400528e-04   1.198402e-18   432
  4.383780e-01   2.249315e-17   1.996629e-04   1.199437e-18   504
  4.391339e-01   2.138248e-17   1.398922e-04   9.474203e-19   528
  4.401917e-01   2.280145e-17   1.905949e-04   1.057732e-18   438
  4.410618e-01   2.075829e-17   2.218350e-04   8.355785e-19   624
  4.417176e-01   2.439566e-17   2.717180e-04   1.325102e-18   312
  4.426191e-01   2.296701e-17   1.463948e-04   8.224352e-19   696
  4.435512e-01   2.227882e-17   1.324608e-04   9.454217e-19   552
  4.445207e-01   2.087271e-17   1.024805e-04   8.536899e-19   516
  4.451205e-01   2.189983e-17   2.046970e-04   8.944759e-19   528
  4.458506e-01   2.213099e-17   1.331200e-04   1.027008e-18   528
  4.468878e-01   2.242175e-17   1.755583e-04   7.916130e-19   864
  4.475918e-01   2.015070e-17   2.404788e-04   9.381600e-19   408
  4.482965e-01   2.221646e-17   2.382549e-04   1.487163e-18   192
  4.492953e-01   2.321264e-17   1.971674e-04   8.515416e-19   720
  4.501385e-01   2.050655e-17   1.817980e-04   7.267713e-19   696
  4.511404e-01   2.322899e-17   1.963435e-04   8.346156e-19   720
  4.520570e-01   2.198790e-17   2.661201e-04   1.048586e-18   432
  4.525916e-01   2.072501e-17   1.566487e-04   1.262159e-18   264
  4.535534e-01   2.336763e-17   2.163249e-04   8.555104e-19   672
  4.544137e-01   2.304740e-17   2.214835e-04   9.149064e-19   600
  4.554346e-01   2.279041e-17   1.296784e-04   1.454876e-18   270
  4.559493e-01   2.278541e-17   1.952021e-04   1.011834e-18   528
  4.567673e-01   2.517813e-17   1.336675e-04   9.519701e-19   840
  4.578890e-01   2.370370e-17   2.555961e-04   8.207894e-19   888
  4.589254e-01   2.319561e-17   1.904380e-04   9.030817e-19   744
  4.598014e-01   2.553502e-17   9.785730e-05   1.258978e-18   456
  4.602370e-01   2.209476e-17   1.337280e-04   1.047731e-18   360
  4.609825e-01   2.298456e-17   1.158678e-04   1.077641e-18   384
  4.621264e-01   2.455097e-17   1.858509e-04   8.741757e-19   816
  4.629847e-01   2.455958e-17   2.696437e-04   8.254136e-19   824
  4.640279e-01   2.402539e-17   1.253432e-04   1.310027e-18   360
  4.645865e-01   2.730537e-17   1.849595e-04   1.115473e-18   624
  4.653553e-01   2.132771e-17   1.249856e-04   1.042004e-18   360
  4.663795e-01   2.435646e-17   1.700172e-04   8.044010e-19   876
  4.673045e-01   2.294934e-17   2.019296e-04   9.453333e-19   696
  4.682373e-01   2.599494e-17   1.303928e-04   1.393876e-18   336
  4.687264e-01   2.586727e-17   1.302463e-04   1.201491e-18   504
  4.695341e-01   2.421694e-17   1.313750e-04   8.803207e-19   672
  4.707324e-01   2.279378e-17   2.615370e-04   8.447623e-19   720
  4.715635e-01   2.241024e-17   1.975633e-04   8.892707e-19   774
  4.724808e-01   2.446125e-17   1.130801e-04   1.168230e-18   384
  4.729612e-01   2.425929e-17   2.176147e-04   1.070624e-18   528
  4.737068e-01   2.477996e-17   2.073989e-04   8.882280e-19   744
  4.749062e-01   2.528089e-17   1.710601e-04   8.963359e-19   768
  4.757025e-01   2.469147e-17   1.920278e-04   1.022844e-18   552
  4.766960e-01   2.321246e-17   2.092886e-04   8.847265e-19   696
  4.774351e-01   2.590911e-17   2.543221e-04   1.359561e-18   408
  4.780218e-01   2.409334e-17   1.098692e-04   1.084652e-18   504
  4.789519e-01   2.356409e-17   1.973758e-04   8.372245e-19   888
  4.798671e-01   2.295244e-17   2.051305e-04   8.999027e-19   648
  4.808184e-01   2.371561e-17   2.033722e-04   9.826118e-19   648
  4.817134e-01   2.463696e-17   2.192851e-04   8.668085e-19   792
  4.826614e-01   2.391072e-17   3.208291e-04   9.719103e-19   600
  4.833600e-01   2.330877e-17   2.174285e-04   1.107560e-18   456
  4.840953e-01   2.531383e-17   1.059654e-04   9.743727e-19   648
  4.850397e-01   2.350005e-17   2.066479e-04   7.473554e-19   936
  4.860593e-01   2.396736e-17   1.269084e-04   1.139336e-18   384
  4.869469e-01   3.776701e-47   0.000000e+00   2.634321e-48   198
  4.876318e-01   4.100083e-47   3.219776e-04   1.221909e-48   1224
  4.883707e-01   4.380582e-47   2.344988e-04   2.134669e-48   420
  4.892446e-01   3.960466e-47   2.269458e-04   1.342221e-48   792
  4.900991e-01   3.912244e-47   1.876648e-04   1.605616e-48   680
  4.910742e-01   4.248996e-47   1.723226e-04   1.821103e-48   600
  4.918588e-01   3.822540e-47   2.499151e-04   1.367804e-48   840
  4.929064e-01   3.807319e-47   1.179983e-04   1.746344e-48   432
  4.933067e-01   4.031694e-47   1.105800e-04   1.579750e-48   720
  4.941771e-01   4.149978e-47   2.214723e-04   1.318488e-48   960
  4.952596e-01   4.468334e-47   1.974263e-04   2.056565e-48   528
  4.960507e-01   3.968929e-47   2.018074e-04   1.635566e-48   624
  4.969923e-01   4.225404e-47   1.586192e-04   1.398127e-48   816
  4.979269e-01   4.263782e-47   2.608527e-04   1.447008e-48   696
  4.989597e-01   5.124730e-47   1.438612e-08   2.689559e-48   240
  4.993481e-01   4.426418e-47   1.538310e-04   1.531771e-48   672
  5.002149e-01   4.204997e-47   2.749181e-04   1.508350e-48   864
  5.011872e-01   4.158813e-47   2.109550e-04   1.475941e-48   816
  5.020636e-01   4.628696e-47   1.207434e-04   1.863146e-48   648
  5.030076e-01   4.503203e-47   1.234217e-04   1.514330e-48   843
  5.038089e-01   4.599692e-47   2.220660e-04   1.679878e-48   780
  5.047639e-01   4.532669e-47   1.191565e-04   2.753298e-48   216
  5.053529e-01   4.675301e-47   2.873328e-04   1.376766e-48   1056
  5.062588e-01   5.079803e-47   2.350705e-04   3.554462e-48   228
  5.070976e-01   4.786812e-47   2.926687e-04   1.476968e-48   924
  5.079587e-01   4.721273e-47   1.085637e-04   1.865117e-48   696
  5.088706e-01   4.559085e-47   1.932122e-04   1.510700e-48   996
  5.098035e-01   4.194048e-47   1.140687e-04   1.726808e-48   576
  5.107740e-01   4.318211e-47   1.760574e-04   1.724050e-48   552
  5.114815e-01   4.845424e-47   2.102064e-04   2.074983e-48   516
  5.121995e-01   4.797488e-47   3.056837e-04   1.692376e-48   744
  5.130199e-01   4.755804e-47   1.499561e-04   1.914420e-48   576
  5.137336e-01   4.605470e-47   1.543428e-04   1.616547e-48   792
  5.147477e-01   4.988593e-47   1.764424e-04   1.831872e-48   792
  5.154909e-01   4.936762e-47   1.902913e-04   1.905967e-48   720
  5.164960e-01   5.001463e-47   2.168883e-04   1.980079e-48   656
  5.174379e-01   4.662874e-47   2.368308e-04   1.539586e-48   816
  5.184034e-01   5.150805e-47   1.276952e-04   2.249293e-48   492
  5.189522e-01   5.032673e-47   1.836985e-04   2.123015e-48   552
  5.199822e-01   5.129974e-47   3.194294e-04   1.777528e-48   780
  5.206511e-01   4.970178e-47   1.962217e-04   2.166429e-48   528
  5.213718e-01   4.877820e-47   2.290504e-04   1.903916e-48   600
  5.224340e-01   5.241639e-47   1.903590e-04   1.832968e-48   900
  5.231662e-01   5.091996e-47   1.053860e-04   2.107931e-48   696
  5.241734e-01   5.131110e-47   2.664725e-04   1.858298e-48   696
  5.251479e-01   4.668869e-47   1.081054e-04   1.965349e-48   552
  5.259673e-01   5.123021e-47   1.257166e-04   1.945488e-48   708
  5.268258e-01   5.312951e-47   2.075652e-04   1.818935e-48   876
  5.277190e-01   6.382559e-47   1.102130e-04   3.977511e-48   216
  5.283184e-01   5.449295e-47   3.014475e-04   1.820297e-48   1032
  5.292161e-01   4.821884e-47   3.356286e-04   2.079962e-48   600
  5.301478e-01   5.213519e-47   1.601495e-04   1.916021e-48   600
  5.308585e-01   4.988324e-47   2.828090e-04   2.360063e-48   528
  5.316987e-01   5.275007e-47   1.552497e-04   1.929056e-48   732
  5.325837e-01   5.513791e-47   1.146378e-04   3.389737e-48   336
  5.336024e-01   5.441819e-47   1.633817e-04   1.933538e-48   912
  5.343638e-01   5.740970e-47   1.639857e-04   2.214743e-48   624
  5.351957e-01   5.327860e-47   1.381873e-04   1.833391e-48   768
  5.361666e-01   5.531582e-47   2.493171e-04   1.977593e-48   792
  5.371196e-01   5.482510e-47   1.236011e-04   2.108974e-48   660
  5.377977e-01   5.008411e-47   1.821461e-04   2.213510e-48   504
  5.384990e-01   5.269156e-47   2.975919e-04   2.310089e-48   480
  5.395501e-01   5.637476e-47   2.752337e-04   1.930869e-48   912
  5.403731e-01   4.812370e-47   3.065154e-04   2.432489e-48   432
  5.411504e-01   5.634385e-47   1.820016e-04   2.088650e-48   564
  5.418405e-01   5.860257e-47   1.742006e-04   2.140425e-48   600
  5.428119e-01   5.549168e-47   2.428192e-04   1.835444e-48   876
  5.435417e-01   5.719778e-47   1.091788e-04   3.939971e-48   264
  5.445477e-01   5.604231e-47   2.118499e-04   2.188767e-48   560
  5.453563e-01   5.865333e-47   1.439565e-04   2.089586e-48   840
  5.463378e-01   5.959948e-47   2.219395e-04   1.974037e-48   1008
  5.472454e-01   6.578297e-47   9.928084e-05   3.117180e-48   456
  5.480744e-01   5.109830e-47   1.286043e-04   2.202269e-48   576
  5.488407e-01   6.271946e-47   1.976142e-04   2.404006e-48   612
  5.498512e-01   6.257865e-47   1.765015e-04   2.169093e-48   780
  5.506755e-01   6.294669e-47   2.022627e-04   2.679394e-48   648
  5.515194e-01   5.324322e-47   9.425702e-05   3.135637e-48   312
  5.520587e-01   5.553058e-47   2.394916e-04   2.207964e-48   528
  5.529931e-01   5.485031e-47   3.127641e-04   2.075346e-48   720
  5.538866e-01   5.955410e-47   3.137436e-04   2.399479e-48   576
  5.549699e-01   6.215439e-47   2.706443e-04   2.942295e-48   444
  5.556439e-01   5.507363e-47   2.654148e-04   1.636121e-48   996
  5.564699e-01   5.903525e-47   2.217012e-04   2.809366e-48   432
  5.572506e-01   5.992820e-47   2.427192e-04   2.453594e-48   504
  5.579250e-01   6.125414e-47   1.094306e-04   2.878162e-48   504
  5.588852e-01   6.484754e-47   2.153608e-04   2.171159e-48   876
  5.597541e-01   6.188477e-47   2.478597e-04   2.444847e-48   504
  5.606589e-01   5.952087e-47   1.580720e-04   2.216317e-48   696
  5.614066e-01   6.266808e-47   1.351349e-04   2.585636e-48   492
  5.624240e-01   5.628359e-47   1.934522e-04   2.947550e-48   432
  5.631776e-01   5.835994e-47   1.811468e-04   2.115395e-48   768
  5.640708e-01   6.065198e-47   2.256427e-04   2.434715e-48   648
  5.649237e-01   6.082462e-47   1.472076e-04   2.946226e-48   456
  5.659038e-01   6.140813e-47   2.024344e-04   2.408265e-48   552
  5.665845e-01   6.176191e-47   1.387487e-04   2.523650e-48   648
  5.675213e-01   6.085990e-47   2.261525e-04   2.209271e-48   840
  5.684363e-01   6.758948e-47   1.078474e-04   3.401633e-48   432
  5.693524e-01   7.635841e-47   1.320946e-04   2.913291e-48   600
  5.699896e-01   5.926661e-47   1.407382e-04   2.768546e-48   432
  5.710598e-01   6.009262e-47   1.401185e-04   2.424083e-48   560
  5.717846e-01   6.400110e-47   2.217929e-04   2.141398e-48   840
  5.726922e-01   6.708969e-47   1.313712e-04   3.045838e-48   504
  5.734129e-01   6.867155e-47   2.681208e-04   2.445642e-48   696
  5.744289e-01   5.688811e-47   1.464380e-04   3.132420e-48   384
  5.752203e-01   6.777244e-47   2.145144e-04   2.614241e-48   576
  5.761776e-01   7.064172e-47   1.323876e-04   3.518747e-48   360
  5.769491e-01   6.604585e-47   1.971572e-04   2.285713e-48   828
  5.777814e-01   7.070849e-47   1.756051e-04   3.839883e-48   372
  5.785440e-01   7.588416e-47   2.681827e-04   3.069325e-48   576
  5.795542e-01   7.205007e-47   1.123146e-04   2.901733e-48   636
  5.802740e-01   6.883910e-47   2.165136e-04   2.904640e-48   648
  5.812477e-01   6.558606e-47   1.760019e-04   2.830018e-48   576
  5.819467e-01   6.425492e-47   2.839096e-04   2.872280e-48   528
  5.828762e-01   7.826866e-47   1.213831e-04   4.207629e-48   360
  5.836457e-01   6.910655e-47   2.792266e-04   2.627572e-48   672
  5.846504e-01   7.156390e-47   1.430245e-04   2.361128e-48   804
  5.854866e-01   6.598917e-47   1.577731e-04   2.822712e-48   408
  5.864116e-01   7.200148e-47   9.752092e-05   3.667906e-48   384
  5.870345e-01   6.191411e-47   2.231653e-04   2.932815e-48   480
  5.879130e-01   7.794237e-47   1.441975e-04   3.996864e-48   432
  5.887557e-01   7.045101e-47   2.657252e-04   2.767510e-48   648
  5.897530e-01   6.425212e-47   1.648813e-04   2.473658e-48   624
  5.904826e-01   7.204146e-47   1.499734e-04   3.784689e-48   456
  5.914788e-01   6.296054e-47   2.048770e-04   2.501294e-48   588
  5.921465e-01   7.430280e-47   1.307107e-04   3.107236e-48   600
  5.931212e-01   7.505782e-47   2.038766e-04   2.879254e-48   708
  5.938912e-01   6.960888e-47   1.284383e-04   3.770064e-48   360
  5.947420e-01   6.451598e-47   1.476433e-04   3.039162e-48   552
  5.955576e-01   6.857050e-47   1.035752e-04   3.875259e-48   288
  5.963856e-01   6.799149e-47   1.947498e-04   2.865618e-48   528
  5.971636e-01   6.536958e-47   1.313872e-04   3.089038e-48   456
  5.980328e-01   8.143992e-47   2.329780e-04   3.185959e-48   608
  5.989070e-01   7.656854e-47   1.127174e-04   3.687556e-48   504
  5.998623e-01   7.537751e-47   2.419978e-04   3.406613e-48   540
  6.006113e-01   7.940349e-47   2.597778e-04   4.206155e-48   360
  6.014188e-01   7.011086e-47   1.176407e-04   2.897857e-48   540
  6.021329e-01   6.963071e-47   1.010085e-04   2.926216e-48   576
  6.031714e-01   7.377827e-47   2.342044e-04   3.148821e-48   588
  6.041588e-01   8.024502e-47   3.231314e-04   3.410590e-48   672
  6.050070e-01   8.127846e-47   2.469721e-04   3.468761e-48   552
  6.056908e-01   6.361571e-47   2.470970e-04   6.874812e-48   144
  6.065633e-01   7.974130e-47   2.099342e-04   3.037553e-48   600
  6.073906e-01   8.392276e-47   2.630934e-04   3.786656e-48   504
  6.083088e-01   7.656054e-47   2.702501e-04   3.954952e-48   336
  6.092745e-01   7.249475e-47   3.037623e-04   2.976541e-48   600
  6.101395e-01   8.644099e-47   1.960382e-04   3.561378e-48   636
  6.110731e-01   7.381407e-47   1.576165e-04   3.687517e-48   384
  6.117276e-01   7.620585e-47   2.198564e-04   3.287763e-48   504
  6.126710e-01   6.223716e-47   9.227064e-05   4.003086e-48   240
  6.134155e-01   8.433177e-47   2.167569e-04   3.281186e-48   744
  6.143088e-01   7.749828e-47   1.480120e-04   2.830595e-48   648
  6.151027e-01   9.621653e-47   9.825476e-05   8.877813e-48   120
  6.160331e-01   7.616616e-47   1.543455e-04   2.892473e-48   564
  6.167362e-01   8.556336e-47   2.424089e-04   4.694248e-48   432
  6.176746e-01   8.731124e-47   1.881572e-04   3.729869e-48   480
  6.183811e-01   8.365655e-47   1.384885e-04   3.837577e-48   456
  6.192152e-01   8.527017e-47   2.291780e-04   4.083445e-48   444
  6.201616e-01   8.219063e-47   3.506544e-04   3.069764e-48   528
  6.209930e-01   9.064383e-47   2.604238e-04   5.020868e-48   264
  6.217998e-01   7.871206e-47   2.668956e-04   3.866786e-48   444
  6.228852e-01   8.231531e-47   2.923449e-04   3.117963e-48   696
  6.237861e-01   8.692409e-47   1.563558e-04   4.216471e-48   384
  6.244450e-01   7.922775e-47   1.975687e-04   3.727512e-48   432
  6.254698e-01   8.956844e-47   1.365107e-04   3.820779e-48   488
  6.261352e-01   7.994255e-47   2.057386e-04   3.693695e-48   480
  6.270999e-01   8.027505e-47   2.294412e-04   3.924194e-48   480
  6.278471e-01   9.164779e-47   9.626648e-05   6.057733e-48   240
  6.286954e-01   9.214283e-47   2.248709e-04   3.442065e-48   600
  6.294955e-01   9.630408e-47   1.959519e-04   5.766890e-48   288
  6.303474e-01   8.545144e-47   1.884914e-04   4.285966e-48   480
  6.312103e-01   8.957775e-47   3.352926e-04   3.647569e-48   504
  6.320598e-01   9.490077e-47   1.438614e-04   5.736190e-48   216
  6.331433e-01   8.944375e-47   2.355240e-04   4.077285e-48   504
  6.339871e-01   8.357860e-47   1.894329e-04   3.470399e-48   456
  6.349107e-01   9.679930e-47   1.086430e-04   6.203098e-48   384
  6.355225e-01   8.540840e-47   2.205061e-04   3.736754e-48   480
  6.363918e-01   8.991965e-47   1.936290e-04   3.801974e-48   504
  6.371972e-01   7.608522e-47   1.228262e-04   3.898235e-48   312
  6.380652e-01   8.093893e-47   1.979302e-04   3.601518e-48   492
  6.388334e-01   8.240078e-47   1.855135e-04   4.314390e-48   312
  6.398223e-01   9.029975e-47   3.013519e-04   3.852130e-48   576
  6.406929e-01   9.174001e-47   2.781722e-04   5.248089e-48   336
  6.414159e-01   9.727904e-47   2.141797e-04   7.064391e-48   240
  6.424183e-01   9.100288e-47   2.839481e-04   4.351672e-48   468
  6.432837e-01   9.148803e-47   1.777925e-04   5.685085e-48   192
  6.441896e-01   9.396340e-47   1.783224e-04   5.656370e-48   324
  6.448535e-01   8.601189e-47   1.294235e-04   3.371052e-48   600
  6.457583e-01   9.326554e-47   2.099764e-04   4.464015e-48   456
  6.464302e-01   8.499318e-47   9.444737e-05   4.579288e-48   336
  6.475438e-01   9.868500e-47   2.828021e-04   4.231752e-48   612
  6.483539e-01   1.029430e-46   2.373399e-04   7.133186e-48   144
  6.491201e-01   9.635987e-47   2.770366e-04   4.165309e-48   552
  6.501620e-01   9.175582e-47   1.091004e-04   6.293997e-48   264
  6.507507e-01   8.692770e-47   2.525953e-04   4.740583e-48   336
  6.516793e-01   8.766438e-47   1.669063e-04   3.882733e-48   384
  6.524847e-01   1.064638e-46   9.395175e-05   6.323402e-48   216
  6.533762e-01   1.062337e-46   1.991971e-04   5.289482e-48   344
  6.541891e-01   9.175876e-47   2.972114e-04   4.311921e-48   408
  6.551797e-01   9.654252e-47   2.283876e-04   5.087610e-48   264
  6.560575e-01   9.176022e-47   3.183837e-04   3.644684e-48   612
  6.569345e-01   8.821973e-47   1.638646e-04   4.445766e-48   408
  6.578364e-01   1.014813e-46   1.641001e-04   4.872147e-48   444
  6.584991e-01   1.052678e-46   9.177996e-05   9.917163e-48   120
  6.593870e-01   1.126571e-46   2.535712e-04   7.013691e-48   336
  6.600460e-01   9.390055e-47   8.811499e-05   5.435704e-48   288
  6.609366e-01   9.865561e-47   2.742154e-04   4.334298e-48   552
  6.621610e-01   1.002840e-46   0.000000e+00   1.086484e-47   72
  6.627906e-01   1.032939e-46   2.723657e-04   4.830632e-48   504
  6.635259e-01   1.119847e-46   8.764464e-05   6.851715e-48   216
  6.644787e-01   1.039951e-46   1.564835e-04   6.083001e-48   312
  6.653340e-01   1.021089e-46   1.781811e-04   5.403935e-48   336
  6.661492e-01   1.112425e-46   2.469789e-04   7.875439e-48   204
  6.669611e-01   9.953384e-47   2.870270e-04   4.198735e-48   504
  6.678221e-01   1.062023e-46   2.733322e-04   5.206759e-48   396
  6.686501e-01   1.045690e-46   2.506599e-04   5.965300e-48   312
  6.696540e-01   1.303916e-46   1.531800e-04   9.008032e-48   216
  6.703613e-01   1.249292e-46   8.313373e-05   1.124048e-47   168
  6.712208e-01   9.876129e-47   2.099173e-04   4.259897e-48   588
  6.722017e-01   1.043477e-46   2.849381e-04   6.637030e-48   240
  6.729637e-01   9.352933e-47   2.516481e-04   6.096527e-48   264
  6.738575e-01   1.028516e-46   3.112147e-04   6.557257e-48   288
  6.746505e-01   1.082929e-46   1.554077e-04   6.785046e-48   288
  6.756555e-01   9.556704e-47   1.459525e-04   5.371232e-48   288
  6.763322e-01   1.096088e-46   1.690738e-04   8.133441e-48   192
  6.771836e-01   7.909712e-47   1.799115e-04   4.880427e-48   264
  6.779946e-01   1.126111e-46   2.959295e-04   5.631352e-48   372
  6.788675e-01   8.695177e-47   3.196167e-04   4.621392e-48   360
  6.799329e-01   1.105170e-46   1.352648e-04   9.300893e-48   144
  6.804835e-01   9.587816e-47   1.878769e-04   5.848679e-48   296
  6.813527e-01   1.175442e-46   2.024276e-04   7.305106e-48   288
  6.823478e-01   9.359427e-47   3.025230e-04   4.893886e-48   480
  6.832061e-01   1.128347e-46   2.513677e-04   7.627808e-48   192
  6.840407e-01   1.129547e-46   2.696262e-04   7.081385e-48   192
  6.847993e-01   1.282229e-46   1.718359e-04   5.772480e-48   288
  6.858544e-01   1.042083e-46   1.495808e-04   9.378856e-48   108
  6.863859e-01   1.065624e-46   1.438036e-04   6.367885e-48   240
  6.873243e-01   1.059496e-46   2.682690e-04   5.397374e-48   384
  6.882884e-01   1.432909e-46   3.272578e-04   1.096066e-47   108
  6.891409e-01   1.218504e-46   1.918773e-04   6.790609e-48   348
  6.900373e-01   1.174013e-46   2.002507e-04   7.786925e-48   312
  6.908379e-01   1.108092e-46   1.945855e-04   1.066461e-47   96
  6.915741e-01   1.192054e-46   2.590555e-04   6.085676e-48   384
  6.923987e-01   9.910072e-47   1.781778e-04   7.860888e-48   144
  6.932053e-01   1.267627e-46   2.737780e-04   6.208811e-48   408
  6.942079e-01   1.215534e-46   1.221243e-04   8.915405e-48   144
  6.951550e-01   1.238908e-46   2.347853e-04   8.629388e-48   192
  6.957167e-01   1.148467e-46   2.642552e-04   1.155640e-47   144
  6.966323e-01   1.320783e-46   2.148492e-04   1.006178e-47   144
  6.974962e-01   1.228034e-46   2.625805e-04   7.503940e-48   336
  6.985541e-01   1.129163e-46   1.942763e-04   7.283512e-48   240
  6.992249e-01   9.662619e-47   8.821915e-05   1.062620e-47   96
  7.001605e-01   1.080811e-46   2.587043e-04   5.174900e-48   372
  7.011070e-01   9.349266e-47   3.077232e-04   6.944033e-48   132
  7.019384e-01   8.918172e-47   1.904154e-04   5.444648e-48   264
  7.026821e-01   1.361223e-46   1.462304e-04   9.602412e-48   168
  7.034759e-01   1.227385e-46   2.337943e-04   9.277757e-48   216
  7.041771e-01   1.308671e-46   1.430383e-04   1.067805e-47   216
  7.051983e-01   9.609193e-47   2.624157e-04   1.010683e-47   96
  7.061249e-01   1.443131e-46   1.712023e-04   1.083085e-47   120
  7.069747e-01   1.193552e-46   2.176463e-04   7.901231e-48   216
  7.076747e-01   1.207960e-46   9.511215e-05   8.161584e-48   200
  7.086015e-01   1.129526e-46   2.462045e-04   6.248054e-48   288
  7.097902e-01   1.399244e-46   6.478119e-05   1.545401e-47   144
  7.102908e-01   1.200258e-46   2.015951e-04   8.609040e-48   168
  7.113130e-01   1.118578e-46   2.268765e-04   8.571799e-48   159
  7.121109e-01   1.139176e-46   2.380480e-04   7.663608e-48   174
  7.128831e-01   1.115514e-46   2.158536e-04   9.268725e-48   144
  7.138943e-01   1.255135e-46   1.246398e-04   8.497928e-48   222
  7.145705e-01   1.073053e-46   1.257726e-04   7.276748e-48   168
  7.157386e-01   1.482755e-46   2.758677e-04   3.060824e-47   30
  7.162211e-01   1.441126e-46   2.435709e-04   1.727733e-47   72
  7.171298e-01   1.362572e-46   2.173841e-04   9.088924e-48   258
  7.181290e-01   1.453925e-46   1.361533e-04   8.983740e-48   264
  7.186286e-01   1.471554e-46   1.468278e-08   1.848872e-47   72
  7.196697e-01   1.104690e-46   2.698616e-04   8.552814e-48   174
  7.206123e-01   1.399717e-46   2.873527e-04   9.742746e-48   168
  7.213701e-01   1.568145e-46   8.991328e-09   2.335787e-47   48
  7.221837e-01   1.595846e-46   1.622748e-04   1.185354e-47   150
  7.231270e-01   1.220250e-46   2.985162e-04   1.009020e-47   168
  7.240729e-01   1.174064e-46   1.818422e-04   7.537094e-48   144
  7.249427e-01   1.386804e-46   1.698820e-04   1.426488e-47   102
  7.255906e-01   1.266463e-46   2.514545e-04   1.030872e-47   96
  7.266185e-01   1.654851e-46   2.495518e-04   1.394662e-47   120
  7.273797e-01   1.463122e-46   2.676508e-04   1.141806e-47   168
  7.282031e-01   1.047084e-46   1.976389e-04   9.438398e-48   126
  7.289046e-01   1.244267e-46   1.490593e-04   9.819845e-48   168
  7.298711e-01   1.067276e-46   2.390167e-04   1.229938e-47   72
  7.307158e-01   1.167140e-46   2.993022e-04   9.465594e-48   168
  7.314557e-01   1.563134e-46   8.205344e-05   1.529901e-47   78
  7.324696e-01   1.399768e-46   1.347256e-04   1.460186e-47   60
  7.332860e-01   1.055377e-46   2.185468e-04   9.744206e-48   96
  7.341327e-01   1.184781e-46   2.651884e-04   7.491592e-48   168
  7.349284e-01   1.006686e-46   1.678009e-04   1.555338e-47   86
  7.357634e-01   1.148237e-46   1.499742e-04   1.256628e-47   120
  7.369601e-01   1.361377e-46   1.069515e-04   1.011236e-47   168
  7.376055e-01   1.610495e-46   0.000000e+00   2.007798e-47   48
  7.384747e-01   1.220716e-46   1.948541e-04   1.242930e-47   120
  7.389742e-01   1.063635e-46   1.421539e-04   9.539661e-48   126
  7.401935e-01   1.215069e-46   2.500091e-04   1.122182e-47   96
  7.409848e-01   1.481720e-46   7.209028e-05   1.562082e-47   96
  7.416089e-01   1.292635e-46   8.477105e-09   1.949576e-47   72
  7.429385e-01   1.365096e-46   8.991328e-09   2.063856e-47   24
  7.437683e-01   1.357283e-46   1.483601e-04   1.282507e-47   120
  7.444157e-01   1.517124e-46   2.164118e-04   1.394932e-47   126
  7.451355e-01   1.139368e-46   1.804085e-04   1.100433e-47   96
  7.459766e-01   1.646888e-46   3.117986e-04   1.830100e-47   72
  7.469132e-01   1.083130e-46   1.348634e-04   9.403283e-48   144
  7.476836e-01   1.452478e-46   7.778603e-05   1.637907e-47   72
  7.484533e-01   1.215240e-46   1.553665e-04   1.611575e-47   54
  7.491306e-01   1.271684e-46   1.369149e-04   1.077551e-47   108
  7.505382e-01   1.419691e-46   1.342120e-04   1.755791e-47   72
  7.509765e-01   1.291171e-46   7.744493e-05   1.424966e-47   72
  7.520162e-01   8.854563e-47   1.557344e-08   9.827992e-48   24
  7.529998e-01   1.555529e-46   1.638381e-04   1.931994e-47   48
  7.535971e-01   1.483024e-46   1.248023e-04   1.733681e-47   102
  7.544963e-01   1.514022e-46   2.822510e-04   1.178430e-47   168
  7.556711e-01   1.309886e-46   1.539331e-04   1.506802e-47   72
  7.561064e-01   1.711068e-46   0.000000e+00   1.974597e-47   48
  7.570195e-01   1.467406e-46   2.647743e-04   1.385792e-47   120
  7.582245e-01   1.355512e-46   1.627091e-04   1.408173e-47   96
  7.593627e-01   8.668774e-47   1.438612e-08   8.194044e-48   30
  7.607153e-01   1.475733e-46   7.644796e-05   1.663905e-47   72
  7.613097e-01   1.820340e-46   8.991328e-09   2.675476e-47   24
  7.620733e-01   1.855188e-46   1.133148e-04   3.040384e-47   56
  7.629285e-01   1.802940e-46   1.617059e-04   1.817877e-47   96
  7.639519e-01   1.174560e-46   1.785629e-04   1.006035e-47   144
  7.647411e-01   1.142924e-46   1.013810e-04   1.478021e-47   54
  7.658874e-01   2.144325e-46   1.518795e-04   1.795122e-47   108
  7.670409e-01   1.942705e-46   8.041947e-05   2.850588e-47   48
  7.681392e-01   1.833039e-46   3.028050e-04   1.701299e-47   72
  7.707744e-01   1.720024e-46   2.000642e-04   2.171134e-47   78
  7.715046e-01   1.663172e-46   1.507735e-04   2.097214e-47   72
  7.723570e-01   1.744322e-46   1.505863e-04   1.938312e-47   72
  7.732482e-01   1.656035e-46   3.633813e-04   1.304849e-47   96
  7.739527e-01   1.749971e-46   1.502759e-04   2.374213e-47   72
  7.748024e-01   2.783895e-46   0.000000e+00   4.755678e-47   24
  7.756510e-01   1.338186e-46   2.998733e-04   1.578620e-47   72
  7.775680e-01   1.605676e-46   1.904287e-04   2.689660e-47   30
  7.779804e-01   1.999554e-46   0.000000e+00   4.464757e-47   24
  7.801973e-01   1.811309e-46   1.581267e-04   2.307227e-47   48
  7.808927e-01   1.480438e-46   3.402886e-04   1.360769e-47   120
  7.818296e-01   1.320841e-46   1.487821e-04   1.655098e-47   72
  7.827758e-01   1.794353e-46   1.486022e-04   2.221719e-47   36
  7.834261e-01   1.481902e-46   2.937071e-04   1.858110e-47   78
  7.852411e-01   1.627795e-46   1.571111e-04   2.114587e-47   48
  7.875942e-01   1.199312e-46   1.271566e-08   2.248717e-47   24
  7.892707e-01   1.192123e-46   1.094089e-04   1.648592e-47   56
  7.901149e-01   1.462526e-46   1.683597e-04   1.640690e-47   102
  7.911888e-01   2.028059e-46   1.198844e-08   2.239844e-47   72
  7.918122e-01   1.180533e-46   8.991328e-09   1.893920e-47   24
  7.929021e-01   2.539011e-46   1.555930e-04   4.208959e-47   48
  7.949223e-01   1.564766e-46   0.000000e+00   2.940805e-47   24
  7.974016e-01   3.956756e-46   0.000000e+00   2.410253e-47   6
  7.981748e-01   1.147303e-46   0.000000e+00   1.808260e-47   24
  7.986898e-01   1.486739e-46   1.456409e-04   1.627039e-47   72
  7.996307e-01   1.760361e-46   2.717068e-04   1.411095e-47   84
  8.006440e-01   1.700902e-46   0.000000e+00   2.975101e-47   24
  8.009521e-01   2.244306e-46   1.271566e-08   3.143942e-47   24
  8.024909e-01   2.962746e-46   1.557344e-08   4.480968e-47   24
  8.046403e-01   4.032614e-47   0.000000e+00   1.327462e-47   6
  8.073954e-01   1.658112e-46   1.528000e-04   1.743238e-47   48
  8.080572e-01   1.672209e-46   2.878503e-04   1.538914e-47   72
  8.089220e-01   1.584942e-46   1.525117e-04   1.796694e-47   48
  8.102934e-01   1.959491e-46   0.000000e+00   4.268705e-47   24
  8.121184e-01   4.770140e-47   0.000000e+00   8.496157e-48   6
  8.162097e-01   2.571701e-46   0.000000e+00   7.909013e-47   8
  8.165120e-01   1.594222e-46   8.991328e-09   1.975540e-47   48
  8.172369e-01   2.258742e-46   1.479045e-04   2.721785e-47   60
  8.183231e-01   1.668439e-46   0.000000e+00   3.331862e-47   24
  8.198293e-01   8.462490e-47   0.000000e+00   1.576607e-47   6
  8.253784e-01   2.380312e-46   0.000000e+00   3.293219e-47   24
  8.258266e-01   2.031144e-46   1.493898e-04   2.082431e-47   48
  8.265733e-01   2.417793e-46   0.000000e+00   4.696458e-47   24
  8.277664e-01   3.218376e-46   0.000000e+00   1.078857e-46   6
  8.345448e-01   1.519153e-46   1.393664e-04   3.083289e-47   36
  8.350375e-01   1.820519e-46   0.000000e+00   2.782658e-47   24
  8.359234e-01   1.053378e-46   0.000000e+00   6.405210e-48   6
  8.436361e-01   1.837927e-46   1.266552e-04   3.426675e-47   32
  8.442939e-01   1.308435e-46   0.000000e+00   4.138876e-47   6
  8.525822e-01   1.192848e-46   0.000000e+00   2.357935e-47   12
  8.528715e-01   6.257486e-47   0.000000e+00   1.402958e-47   6
  8.616502e-01   1.268046e-46   0.000000e+00   1.552675e-47   6
