# power spectrum of phi
# redshift z=9.951253
# k              Pk             sigma(k)       sigma(Pk)      count
  1.570796e-02   2.132181e-10   0.000000e+00   8.595918e-11   6
  2.221441e-02   9.583826e-11   0.000000e+00   1.913410e-11   12
  2.720699e-02   5.820012e-11   2.980232e-10   1.191647e-11   8
  3.141593e-02   1.668253e-10   0.000000e+00   1.795608e-11   6
  3.512407e-02   9.942252e-11   5.619580e-10   3.169241e-11   24
  3.847649e-02   1.250178e-10   5.619580e-10   2.120245e-11   24
  4.442883e-02   4.611902e-11   0.000000e+00   2.069186e-11   12
  4.712389e-02   4.995751e-11   6.357829e-10   9.048371e-12   30
  4.967294e-02   6.114988e-11   0.000000e+00   1.343284e-11   24
  5.209742e-02   5.246654e-11   9.733398e-10   1.305278e-11   24
  5.441398e-02   5.711032e-11   5.960464e-10   1.148606e-11   8
  5.663587e-02   4.784559e-11   7.947286e-10   6.026093e-12   24
  5.877382e-02   4.347688e-11   0.000000e+00   6.146532e-12   48
  6.283185e-02   5.188134e-11   0.000000e+00   2.282771e-11   6
  6.476559e-02   3.895729e-11   7.947286e-10   5.468305e-12   48
  6.664324e-02   3.581384e-11   7.492773e-10   3.784580e-12   36
  6.846942e-02   4.853530e-11   7.947286e-10   1.022587e-11   24
  7.024815e-02   2.878344e-11   1.123916e-09   4.858901e-12   24
  7.198293e-02   2.490943e-11   0.000000e+00   3.350795e-12   48
  7.367688e-02   3.555743e-11   1.123916e-09   5.054080e-12   24
  7.695299e-02   2.832548e-11   1.123916e-09   4.407773e-12   24
  7.853982e-02   1.853705e-11   0.000000e+00   3.056718e-12   30
  8.009521e-02   1.981244e-11   0.000000e+00   2.149065e-12   72
  8.162097e-02   1.967298e-11   1.192093e-09   4.070872e-12   32
  8.458997e-02   2.318564e-11   0.000000e+00   2.661801e-12   72
  8.603606e-02   1.446573e-11   0.000000e+00   2.120256e-12   48
  8.885766e-02   6.870048e-12   0.000000e+00   2.027272e-12   12
  9.023538e-02   1.345105e-11   0.000000e+00   1.999689e-12   48
  9.159238e-02   1.144177e-11   0.000000e+00   1.103921e-12   48
  9.292956e-02   1.493373e-11   1.123916e-09   1.906160e-12   48
  9.424778e-02   1.759226e-11   1.271566e-09   3.083593e-12   30
  9.554781e-02   1.731517e-11   0.000000e+00   3.870068e-12   24
  9.683039e-02   1.629917e-11   2.369423e-09   1.709811e-12   72
  9.934588e-02   9.384657e-12   0.000000e+00   1.802559e-12   24
  1.005800e-01   1.312797e-11   0.000000e+00   1.264401e-12   96
  1.017992e-01   9.803613e-12   0.000000e+00   1.340324e-12   48
  1.030040e-01   7.892764e-12   1.946680e-09   1.909035e-12   24
  1.041948e-01   6.017715e-12   1.946680e-09   1.254043e-12   24
  1.053722e-01   1.364037e-11   0.000000e+00   1.646315e-12   72
  1.065366e-01   1.064174e-11   0.000000e+00   1.630806e-12   48
  1.088280e-01   7.964349e-12   1.192093e-09   2.297230e-12   8
  1.099557e-01   1.313103e-11   1.412851e-09   1.643187e-12   54
  1.110721e-01   8.182790e-12   0.000000e+00   1.356114e-12   84
  1.121773e-01   9.886491e-12   0.000000e+00   1.439540e-12   48
  1.132717e-01   5.761636e-12   1.589457e-09   1.007053e-12   24
  1.143557e-01   7.772835e-12   2.119276e-09   8.993397e-13   72
  1.154295e-01   1.002356e-11   0.000000e+00   1.143825e-12   96
  1.175476e-01   1.255937e-11   0.000000e+00   1.374292e-12   48
  1.185925e-01   7.125848e-12   0.000000e+00   6.926034e-13   48
  1.196283e-01   6.584896e-12   0.000000e+00   1.290148e-12   24
  1.206552e-01   7.013701e-12   0.000000e+00   7.748579e-13   72
  1.226831e-01   6.717592e-12   0.000000e+00   7.937300e-13   72
  1.236846e-01   6.802735e-12   0.000000e+00   7.742744e-13   96
  1.256637e-01   1.162980e-11   0.000000e+00   5.060590e-12   6
  1.266416e-01   7.715755e-12   0.000000e+00   7.985919e-13   96
  1.276121e-01   7.915395e-12   1.589457e-09   8.475748e-13   96
  1.285752e-01   4.779131e-12   0.000000e+00   1.147772e-12   24
  1.295312e-01   5.727936e-12   1.589457e-09   6.482097e-13   48
  1.304801e-01   5.924608e-12   0.000000e+00   5.960599e-13   96
  1.314222e-01   5.771844e-12   0.000000e+00   8.033808e-13   48
  1.332865e-01   5.655170e-12   1.498555e-09   9.648816e-13   36
  1.342089e-01   5.643140e-12   2.753021e-09   7.019666e-13   48
  1.351250e-01   6.084798e-12   3.114687e-09   5.407578e-13   120
  1.360350e-01   5.176061e-12   0.000000e+00   6.859724e-13   56
  1.369388e-01   2.750006e-12   1.589457e-09   4.924236e-13   24
  1.378368e-01   4.114648e-12   0.000000e+00   3.704519e-13   96
  1.387290e-01   4.225664e-12   0.000000e+00   5.359948e-13   48
  1.404963e-01   5.708710e-12   2.247832e-09   1.054599e-12   24
  1.413717e-01   5.587751e-12   0.000000e+00   5.687184e-13   102
  1.422417e-01   6.628434e-12   1.589457e-09   1.023412e-12   48
  1.431064e-01   5.387103e-12   0.000000e+00   5.584475e-13   72
  1.439659e-01   4.772025e-12   0.000000e+00   4.758924e-13   48
  1.448203e-01   5.657832e-12   0.000000e+00   1.031239e-12   48
  1.456697e-01   4.448235e-12   3.596531e-09   4.267685e-13   120
  1.473538e-01   5.384873e-12   2.247832e-09   8.661991e-13   24
  1.481886e-01   3.618955e-12   2.119276e-09   3.069522e-13   144
  1.490188e-01   3.576580e-12   2.543132e-09   3.646405e-13   120
  1.498444e-01   3.352708e-12   2.247832e-09   4.763966e-13   48
  1.514821e-01   4.046223e-12   2.247832e-09   5.472380e-13   48
  1.522944e-01   3.277977e-12   2.247832e-09   3.200122e-13   96
  1.544390e-01   3.827430e-12   3.768959e-04   4.412474e-13   72
  1.555009e-01   3.109718e-12   1.998073e-09   2.356105e-13   108
  1.562923e-01   3.382935e-12   0.000000e+00   3.571099e-13   72
  1.570796e-01   2.332675e-12   0.000000e+00   5.181314e-13   30
  1.578631e-01   3.537610e-12   0.000000e+00   2.679626e-13   168
  1.586427e-01   4.155999e-12   0.000000e+00   5.100204e-13   48
  1.601904e-01   2.459715e-12   0.000000e+00   3.034777e-13   72
  1.609587e-01   3.393762e-12   0.000000e+00   3.355610e-13   96
  1.617234e-01   3.009700e-12   4.238553e-09   4.654316e-13   72
  1.624844e-01   3.332779e-12   0.000000e+00   3.603607e-13   72
  1.637639e-01   3.243394e-12   3.480039e-04   2.619826e-13   104
  1.647465e-01   2.868005e-12   2.997109e-09   2.170838e-13   144
  1.669779e-01   2.009538e-12   5.026305e-09   1.965607e-13   96
  1.677152e-01   1.837461e-12   0.000000e+00   1.932231e-13   96
  1.688876e-01   2.681938e-12   3.580185e-04   2.473494e-13   120
  1.699076e-01   2.284774e-12   0.000000e+00   2.003480e-13   120
  1.706322e-01   2.822436e-12   0.000000e+00   3.108709e-13   72
  1.720721e-01   3.036142e-12   0.000000e+00   4.032436e-13   48
  1.727876e-01   2.792958e-12   3.912510e-09   3.510883e-13   78
  1.737029e-01   2.961721e-12   3.205713e-04   2.395323e-13   168
  1.756204e-01   2.650992e-12   3.670694e-09   2.260490e-13   144
  1.763215e-01   3.119055e-12   2.997109e-09   2.291454e-13   144
  1.783549e-01   2.455466e-12   1.846233e-04   2.292521e-13   156
  1.790983e-01   2.087609e-12   3.893359e-09   4.307486e-13   48
  1.797859e-01   2.237262e-12   2.543132e-09   2.039821e-13   120
  1.804708e-01   1.472518e-12   0.000000e+00   1.554667e-13   48
  1.816818e-01   2.311701e-12   2.825996e-04   1.708699e-13   216
  1.831848e-01   1.595784e-12   0.000000e+00   1.858524e-13   48
  1.838570e-01   1.758405e-12   2.247832e-09   1.480756e-13   96
  1.848128e-01   2.006908e-12   3.302618e-04   1.823926e-13   168
  1.858591e-01   1.557876e-12   2.247832e-09   2.254115e-13   48
  1.865217e-01   2.304711e-12   0.000000e+00   2.344675e-13   96
  1.871820e-01   1.756452e-12   0.000000e+00   3.179673e-13   48
  1.884956e-01   2.346104e-12   2.543132e-09   2.761657e-13   30
  1.891489e-01   1.628544e-12   0.000000e+00   1.382837e-13   96
  1.899298e-01   1.947387e-12   2.595564e-04   1.414719e-13   240
  1.909339e-01   3.369195e-12   2.800239e-04   5.129701e-13   32
  1.917401e-01   1.414300e-12   0.000000e+00   1.059742e-13   168
  1.923825e-01   1.595593e-12   0.000000e+00   1.546277e-13   120
  1.936608e-01   1.472810e-12   4.738846e-09   1.893201e-13   72
  1.942968e-01   2.026754e-12   2.119276e-09   1.937506e-13   144
  1.949307e-01   1.563078e-12   0.000000e+00   1.501696e-13   96
  1.955626e-01   1.830431e-12   0.000000e+00   1.485582e-13   96
  1.968202e-01   2.521925e-12   0.000000e+00   3.177564e-13   72
  1.974460e-01   1.530424e-12   3.178914e-09   1.554334e-13   96
  1.986918e-01   2.088299e-12   0.000000e+00   3.788435e-13   24
  1.993117e-01   1.728872e-12   0.000000e+00   1.190746e-13   192
  2.000418e-01   1.598846e-12   2.376333e-04   1.271235e-13   132
  2.011601e-01   1.778128e-12   0.000000e+00   1.489583e-13   96
  2.017724e-01   1.075848e-12   0.000000e+00   1.091448e-13   96
  2.023829e-01   1.396718e-12   2.543132e-09   1.097823e-13   120
  2.035985e-01   1.493650e-12   0.000000e+00   1.961378e-13   48
  2.045948e-01   1.243160e-12   2.879924e-04   7.610565e-14   222
  2.054083e-01   1.519309e-12   0.000000e+00   1.391777e-13   120
  2.060080e-01   1.172066e-12   3.893359e-09   2.447455e-13   24
  2.068812e-01   1.780816e-12   2.972500e-04   1.093690e-13   312
  2.087838e-01   1.880699e-12   2.786838e-04   2.032550e-13   72
  2.095704e-01   1.256779e-12   3.893359e-09   1.401716e-13   96
  2.103781e-01   1.582347e-12   2.838009e-04   1.361649e-13   192
  2.113290e-01   1.284046e-12   3.596531e-09   1.436021e-13   120
  2.119120e-01   1.320049e-12   0.000000e+00   1.242418e-13   144
  2.130732e-01   1.266167e-12   0.000000e+00   1.772663e-13   48
  2.138985e-01   1.151332e-12   2.853717e-04   7.459558e-14   336
  2.148032e-01   1.253658e-12   0.000000e+00   1.501828e-13   48
  2.159488e-01   1.195918e-12   0.000000e+00   1.187750e-13   192
  2.165193e-01   9.629698e-13   0.000000e+00   1.138983e-13   48
  2.181411e-01   1.021396e-12   1.980854e-04   1.243815e-13   56
  2.189475e-01   1.125279e-12   2.544090e-04   6.365005e-14   336
  2.199115e-01   1.140026e-12   2.825702e-09   1.889594e-13   54
  2.207512e-01   1.084283e-12   2.794324e-04   7.298422e-14   240
  2.224945e-01   1.112553e-12   2.675587e-04   9.622706e-14   228
  2.232521e-01   1.090336e-12   2.997109e-09   1.409734e-13   72
  2.239875e-01   1.196499e-12   2.595385e-04   9.156010e-14   144
  2.249038e-01   1.079202e-12   0.000000e+00   1.034855e-13   96
  2.254517e-01   1.004890e-12   3.596531e-09   7.329566e-14   240
  2.265435e-01   7.500445e-13   3.178914e-09   1.273504e-13   24
  2.272424e-01   1.015534e-12   2.451321e-04   5.757278e-14   336
  2.281713e-01   6.964187e-13   0.000000e+00   8.007597e-14   72
  2.290193e-01   1.179777e-12   2.666265e-04   9.268432e-14   168
  2.297877e-01   9.085631e-13   0.000000e+00   9.568969e-14   72
  2.308590e-01   1.336421e-12   0.000000e+00   1.405140e-13   96
  2.316886e-01   7.761729e-13   2.646263e-04   5.549781e-14   216
  2.324566e-01   6.852680e-13   0.000000e+00   5.354888e-14   96
  2.335157e-01   8.599300e-13   3.178914e-09   5.602322e-14   192
  2.340434e-01   8.786665e-13   2.997109e-09   6.859030e-14   144
  2.350953e-01   6.808995e-13   0.000000e+00   8.482417e-14   48
  2.358236e-01   9.176743e-13   2.551309e-04   7.010714e-14   246
  2.368131e-01   1.097832e-12   2.352347e-04   9.149803e-14   168
  2.377046e-01   9.121365e-13   6.229375e-09   1.254517e-13   120
  2.382231e-01   7.479849e-13   0.000000e+00   5.850760e-14   240
  2.392566e-01   6.566719e-13   0.000000e+00   1.360145e-13   24
  2.400800e-01   7.943694e-13   2.517980e-04   4.732582e-14   360
  2.411056e-01   1.011545e-12   2.507265e-04   8.778193e-14   120
  2.418210e-01   8.228905e-13   0.000000e+00   7.084241e-14   144
  2.423307e-01   1.057319e-12   0.000000e+00   9.769881e-14   96
  2.438532e-01   8.316344e-13   0.000000e+00   6.292873e-14   144
  2.443586e-01   9.789302e-13   0.000000e+00   9.222691e-14   132
  2.450688e-01   7.114449e-13   2.474633e-04   5.627944e-14   176
  2.460999e-01   7.568855e-13   2.498881e-04   4.520227e-14   312
  2.473693e-01   9.106033e-13   0.000000e+00   1.261093e-13   96
  2.478675e-01   6.046407e-13   0.000000e+00   5.648133e-14   144
  2.486319e-01   7.791331e-13   2.473817e-04   5.138010e-14   312
  2.498505e-01   6.872871e-13   0.000000e+00   7.104225e-14   48
  2.503437e-01   6.511653e-13   3.178914e-09   4.698539e-14   192
  2.513274e-01   4.749516e-13   0.000000e+00   1.436096e-13   6
  2.519810e-01   6.290054e-13   2.307253e-04   3.764271e-14   288
  2.530395e-01   6.881165e-13   2.437763e-04   5.635724e-14   192
  2.537699e-01   6.293211e-13   7.476104e-09   4.369341e-14   216
  2.542556e-01   7.298128e-13   0.000000e+00   1.053079e-13   72
  2.554657e-01   7.177142e-13   2.414611e-04   6.981500e-14   192
  2.562693e-01   7.813068e-13   1.792979e-04   5.561164e-14   288
  2.571504e-01   5.790113e-13   0.000000e+00   1.176269e-13   24
  2.578312e-01   6.793271e-13   2.362101e-04   4.048852e-14   456
  2.590624e-01   5.203340e-13   0.000000e+00   9.243992e-14   48
  2.598231e-01   6.637788e-13   2.326575e-04   4.959635e-14   240
  2.606974e-01   7.854304e-13   2.351266e-04   5.561097e-14   216
  2.614326e-01   5.685125e-13   0.000000e+00   6.781394e-14   72
  2.619041e-01   5.033074e-13   8.123736e-09   4.407522e-14   168
  2.632353e-01   6.198225e-13   1.747662e-04   4.388012e-14   288
  2.639818e-01   6.677101e-13   2.312456e-04   5.300507e-14   168
  2.651809e-01   6.651039e-13   0.000000e+00   5.953459e-14   192
  2.656458e-01   4.903881e-13   2.997109e-09   3.563127e-14   144
  2.665730e-01   8.704214e-13   2.997109e-09   1.174777e-13   36
  2.673593e-01   4.828065e-13   2.111764e-04   2.908799e-14   342
  2.681111e-01   5.669644e-13   2.168525e-04   6.274032e-14   144
  2.690776e-01   5.912825e-13   2.274240e-04   3.949061e-14   384
  2.702500e-01   6.630441e-13   6.229375e-09   6.889238e-14   120
  2.708303e-01   6.480785e-13   2.027960e-04   3.933077e-14   264
  2.716161e-01   5.292553e-13   1.005261e-08   4.305760e-14   192
  2.723561e-01   4.982468e-13   2.185515e-04   4.070194e-14   152
  2.729753e-01   5.117967e-13   5.994218e-09   5.458816e-14   144
  2.742778e-01   3.858539e-13   1.414487e-04   3.088525e-14   216
  2.748807e-01   6.043488e-13   1.890132e-04   3.691907e-14   312
  2.759419e-01   5.012798e-13   2.190625e-04   3.347006e-14   240
  2.765672e-01   5.022697e-13   3.178914e-09   4.949871e-14   96
  2.777541e-01   3.543639e-13   2.094396e-04   2.935486e-14   144
  2.784857e-01   4.906741e-13   2.058607e-04   2.725727e-14   456
  2.796723e-01   3.204491e-13   0.000000e+00   2.254138e-14   120
  2.801131e-01   4.192008e-13   0.000000e+00   4.144608e-14   144
  2.809926e-01   3.532919e-13   4.495664e-09   5.554461e-14   24
  2.815564e-01   4.149609e-13   1.978798e-04   2.238362e-14   336
  2.825316e-01   4.188186e-13   2.182345e-04   3.296736e-14   198
  2.834454e-01   5.036580e-13   2.122205e-04   3.626160e-14   432
  2.844833e-01   7.433963e-13   6.357829e-09   9.043899e-14   48
  2.850248e-01   5.742520e-13   1.873540e-04   3.495942e-14   384
  2.859970e-01   4.434648e-13   2.156842e-04   4.634447e-14   144
  2.868780e-01   6.390301e-13   2.141460e-04   5.622308e-14   264
  2.879317e-01   3.673887e-13   0.000000e+00   3.591957e-14   48
  2.886387e-01   4.306665e-13   2.036179e-04   2.976765e-14   276
  2.893208e-01   4.245359e-13   1.845741e-04   4.030012e-14   192
  2.902325e-01   4.034922e-13   2.074207e-04   1.933617e-14   552
  2.913393e-01   3.006569e-13   5.086263e-09   3.559664e-14   120
  2.919972e-01   3.112772e-13   2.099609e-04   2.319081e-14   216
  2.926069e-01   3.455526e-13   5.086263e-09   2.867752e-14   120
  2.936961e-01   4.600765e-13   2.067600e-04   2.549790e-14   408
  2.947075e-01   1.715503e-13   4.495664e-09   2.157985e-14   24
  2.953347e-01   3.713321e-13   2.088648e-04   2.778681e-14   384
  2.962106e-01   2.735205e-13   2.040684e-04   1.765134e-14   240
  2.969712e-01   3.719762e-13   2.055628e-04   2.759581e-14   168
  2.980376e-01   2.514171e-13   0.000000e+00   2.663979e-14   120
  2.987251e-01   3.948589e-13   2.142884e-04   2.683797e-14   350
  2.998430e-01   4.297916e-13   3.527601e-04   3.084467e-14   384
  3.005110e-01   5.047413e-13   0.000000e+00   6.588457e-14   144
  3.017401e-01   3.340277e-13   4.238553e-09   2.761136e-14   288
  3.023819e-01   3.585492e-13   2.019242e-04   2.644050e-14   336
  3.032549e-01   3.070217e-13   1.838353e-04   2.694183e-14   168
  3.037776e-01   4.085023e-13   1.204945e-08   3.357015e-14   336
  3.048586e-01   2.780516e-13   1.908100e-04   1.779669e-14   288
  3.055078e-01   3.384247e-13   1.797918e-04   2.251298e-14   264
  3.066072e-01   3.142913e-13   0.000000e+00   2.474109e-14   240
  3.070093e-01   2.960747e-13   0.000000e+00   2.858880e-14   96
  3.084525e-01   3.694376e-13   2.445048e-04   2.645786e-14   360
  3.091260e-01   3.255811e-13   1.802420e-04   4.004507e-14   168
  3.099770e-01   3.120353e-13   1.964825e-04   1.748271e-14   456
  3.110018e-01   2.689950e-13   5.651403e-09   2.517024e-14   108
  3.115782e-01   2.081658e-13   1.971449e-04   1.349326e-14   264
  3.122973e-01   2.726393e-13   1.758853e-04   2.422668e-14   264
  3.132820e-01   3.189851e-13   1.659735e-04   1.766990e-14   312
  3.145081e-01   3.429594e-13   1.233364e-04   3.343124e-14   270
  3.150220e-01   3.450505e-13   1.565911e-04   3.535827e-14   240
  3.159458e-01   3.569455e-13   1.937229e-04   2.828924e-14   384
  3.165067e-01   2.457363e-13   6.357829e-09   1.881441e-14   192
  3.175962e-01   3.552437e-13   1.554368e-04   3.446519e-14   240
  3.182281e-01   3.508407e-13   1.918342e-04   2.558549e-14   336
  3.194167e-01   3.030452e-13   1.931178e-04   1.632641e-14   480
  3.203808e-01   3.285010e-13   4.238553e-09   4.309917e-14   72
  3.209194e-01   3.304941e-13   1.883074e-04   3.509482e-14   240
  3.216520e-01   2.452761e-13   1.769831e-04   1.528917e-14   312
  3.224917e-01   2.105207e-13   1.912763e-04   1.446023e-14   240
  3.237607e-01   2.767347e-13   1.453205e-04   1.792111e-14   408
  3.242630e-01   2.496450e-13   1.330785e-04   1.653678e-14   336
  3.252448e-01   2.643418e-13   1.689770e-04   2.294628e-14   264
  3.257273e-01   1.987690e-13   0.000000e+00   1.744233e-14   144
  3.270696e-01   2.544762e-13   2.342121e-04   1.727004e-14   464
  3.277768e-01   1.917859e-13   1.862466e-04   1.559419e-14   168
  3.284751e-01   2.496551e-13   1.696301e-04   1.963819e-14   336
  3.297371e-01   2.554650e-13   1.782296e-04   1.904016e-14   414
  3.304484e-01   4.084233e-13   1.855264e-04   4.200455e-14   216
  3.313598e-01   4.924731e-13   4.495664e-09   5.821664e-14   96
  3.317320e-01   2.519145e-13   1.101208e-08   2.159353e-14   384
  3.330355e-01   2.661270e-13   1.851680e-04   1.583908e-14   492
  3.337341e-01   2.687511e-13   1.810784e-04   1.992110e-14   240
  3.345237e-01   2.250070e-13   1.838580e-04   1.537513e-14   312
  3.356141e-01   1.514395e-13   1.837975e-04   1.333297e-14   192
  3.363048e-01   2.489159e-13   1.781220e-04   1.622213e-14   504
  3.372212e-01   2.484262e-13   1.179198e-04   2.118466e-14   408
  3.379427e-01   2.076123e-13   3.612619e-04   1.823688e-14   168
  3.388456e-01   2.815517e-13   1.716026e-04   2.085946e-14   288
  3.396033e-01   1.997583e-13   1.790820e-04   1.549398e-14   288
  3.403794e-01   1.751096e-13   1.801128e-04   1.120242e-14   432
  3.415052e-01   2.298121e-13   1.703267e-04   1.783522e-14   216
  3.421068e-01   1.998170e-13   1.699674e-04   1.464169e-14   360
  3.431777e-01   2.305387e-13   1.658865e-04   1.710714e-14   312
  3.441442e-01   3.080402e-13   0.000000e+00   5.047998e-14   48
  3.447014e-01   1.965228e-13   1.778543e-04   1.258285e-14   432
  3.456992e-01   1.818824e-13   2.966627e-04   1.327667e-14   414
  3.462885e-01   2.141020e-13   6.776666e-09   1.872986e-14   312
  3.473878e-01   2.341407e-13   2.603051e-04   1.862531e-14   528
  3.481296e-01   2.501548e-13   1.366381e-04   2.901585e-14   264
  3.490209e-01   2.284315e-13   1.620153e-04   1.845567e-14   480
  3.501854e-01   2.109259e-13   0.000000e+00   1.711606e-14   288
  3.506883e-01   2.009847e-13   1.740804e-04   2.112770e-14   168
  3.516084e-01   2.369841e-13   2.755688e-04   1.479288e-14   504
  3.526429e-01   3.380784e-13   4.238553e-09   3.627428e-14   144
  3.532937e-01   1.512880e-13   1.769812e-04   8.767303e-15   464
  3.542716e-01   1.573703e-13   2.597299e-04   1.063207e-14   432
  3.547358e-01   2.187726e-13   4.495664e-09   2.120661e-14   192
  3.559351e-01   1.551081e-13   1.925466e-04   9.951212e-15   396
  3.566434e-01   1.567500e-13   1.729600e-04   1.143836e-14   288
  3.573592e-01   1.543431e-13   1.708549e-04   1.221335e-14   336
  3.585027e-01   1.601652e-13   1.081887e-04   1.098367e-14   432
  3.592283e-01   1.795296e-13   2.804101e-04   1.369602e-14   360
  3.600431e-01   1.587831e-13   1.658667e-04   9.114532e-15   384
  3.612003e-01   1.482680e-13   1.464092e-04   1.403398e-14   198
  3.617579e-01   1.783332e-13   1.664197e-04   1.334316e-14   552
  3.627976e-01   2.229330e-13   2.329761e-04   2.244269e-14   432
  3.636656e-01   1.778538e-13   8.899106e-09   1.766123e-14   168
  3.643942e-01   2.249759e-13   2.888052e-04   1.749191e-14   480
  3.653579e-01   1.139075e-13   0.000000e+00   1.196237e-14   120
  3.657917e-01   1.835158e-13   2.358836e-04   1.600337e-14   336
  3.668502e-01   1.640513e-13   1.664122e-04   1.059105e-14   672
  3.678969e-01   1.914207e-13   2.420693e-04   1.111115e-14   528
  3.683844e-01   1.019291e-13   7.266090e-09   8.121479e-15   168
  3.695106e-01   1.775665e-13   2.700266e-04   1.242930e-14   456
  3.701979e-01   2.363127e-13   1.649075e-04   3.931607e-14   168
  3.709113e-01   1.622317e-13   1.646115e-04   1.128243e-14   504
  3.720973e-01   1.181419e-13   2.118297e-04   1.167462e-14   336
  3.728144e-01   1.785125e-13   1.527042e-04   1.417448e-14   312
  3.736099e-01   1.604815e-13   1.492023e-04   1.213841e-14   504
  3.746568e-01   1.314914e-13   1.035207e-04   7.506322e-15   432
  3.751490e-01   1.095958e-13   1.599738e-04   6.690966e-15   312
  3.761721e-01   1.224369e-13   1.639809e-04   7.909432e-15   384
  3.772403e-01   2.134121e-13   1.393208e-04   3.842806e-14   126
  3.778999e-01   1.598514e-13   2.446141e-04   1.209252e-14   492
  3.787423e-01   1.782077e-13   1.566756e-04   1.351563e-14   528
  3.797950e-01   1.432426e-13   1.591488e-04   1.174150e-14   480
  3.804477e-01   1.865169e-13   2.198632e-04   1.554520e-14   432
  3.813922e-01   1.664771e-13   1.728933e-04   1.394944e-14   440
  3.824891e-01   1.804889e-13   8.597912e-05   1.512275e-14   312
  3.829007e-01   1.417614e-13   1.288469e-04   1.527511e-14   480
  3.837450e-01   1.494156e-13   2.522797e-04   1.367989e-14   408
  3.849786e-01   1.810980e-13   1.510870e-04   1.442900e-14   360
  3.854998e-01   1.393543e-13   1.457935e-04   1.161497e-14   408
  3.864656e-01   1.022557e-13   1.483633e-04   8.524795e-15   456
  3.875531e-01   1.393294e-13   1.417988e-04   1.032376e-14   264
  3.881567e-01   1.366224e-13   1.538873e-04   1.163789e-14   384
  3.890354e-01   1.247918e-13   2.590801e-04   8.034105e-15   672
  3.900512e-01   1.727736e-13   1.549634e-04   1.929042e-14   240
  3.906373e-01   1.031075e-13   1.572490e-04   6.801405e-15   264
  3.914646e-01   7.511556e-14   1.939407e-04   4.768924e-15   624
  3.926991e-01   9.845683e-14   0.000000e+00   1.567147e-14   150
  3.931386e-01   1.761716e-13   2.173259e-04   1.288092e-14   600
  3.940655e-01   1.324835e-13   1.499928e-04   8.811117e-15   672
  3.951151e-01   1.183250e-13   1.410788e-04   1.509383e-14   336
  3.956998e-01   1.875445e-13   1.534526e-04   1.605475e-14   408
  3.966340e-01   1.455386e-13   1.530911e-04   1.532143e-14   408
  3.976732e-01   1.209627e-13   7.741108e-05   9.168210e-15   360
  3.983137e-01   1.504953e-13   2.842286e-04   1.329167e-14   456
  3.990874e-01   1.241709e-13   1.545652e-04   1.148948e-14   384
  4.000722e-01   8.498425e-14   1.426833e-04   6.001304e-15   348
  4.006044e-01   1.528412e-13   1.759003e-04   1.111797e-14   576
  4.016040e-01   1.008188e-13   1.448308e-04   7.012732e-15   504
  4.026266e-01   1.096526e-13   2.042754e-04   8.910191e-15   432
  4.035193e-01   9.813231e-14   2.779157e-04   5.776059e-15   576
  4.041559e-01   1.013771e-13   0.000000e+00   1.213165e-14   264
  4.051657e-01   1.034305e-13   2.211515e-04   5.824780e-15   768
  4.060439e-01   5.858380e-14   2.977401e-04   4.284935e-15   240
  4.067421e-01   9.852112e-14   2.625786e-04   1.427909e-14   192
  4.077592e-01   7.961822e-14   1.932899e-04   4.546624e-15   504
  4.085134e-01   1.250791e-13   2.604655e-04   1.330135e-14   590
  4.092368e-01   1.353473e-13   2.918373e-04   1.397925e-14   384
  4.101438e-01   1.075377e-13   2.438900e-04   9.114458e-15   504
  4.112389e-01   1.489140e-13   2.347064e-04   1.136635e-14   648
  4.123011e-01   9.688909e-14   6.374317e-05   8.887330e-15   504
  4.127294e-01   9.262120e-14   1.454101e-04   7.588489e-15   312
  4.134855e-01   1.248362e-13   2.095003e-04   9.196496e-15   576
  4.145236e-01   1.395293e-13   1.457924e-04   1.707675e-14   240
  4.151287e-01   7.933061e-14   1.473162e-04   5.171517e-15   552
  4.159853e-01   1.331635e-13   1.383265e-04   1.183159e-14   600
  4.172054e-01   9.964418e-14   1.689549e-04   7.619262e-15   600
  4.179389e-01   8.657802e-14   2.705679e-04   7.388838e-15   312
  4.186695e-01   1.156103e-13   2.356379e-04   8.721136e-15   480
  4.195820e-01   8.834526e-14   1.470154e-04   7.846883e-15   576
  4.203854e-01   1.336292e-13   2.367268e-04   1.235452e-14   408
  4.210983e-01   3.448351e-14   2.761527e-04   2.547193e-15   216
  4.220194e-01   7.845109e-14   2.115019e-04   5.804637e-15   516
  4.230063e-01   8.736076e-14   2.017943e-04   5.322963e-15   744
  4.240243e-01   9.701352e-14   1.347808e-04   7.496742e-15   462
  4.245995e-01   1.061214e-13   1.369852e-04   1.267210e-14   432
  4.254918e-01   1.229001e-13   1.270838e-04   9.058345e-15   648
  4.265409e-01   1.109476e-13   1.859472e-04   1.132798e-14   528
  4.273836e-01   9.524267e-14   2.239269e-04   7.081133e-15   600
  4.282256e-01   1.812997e-13   2.823132e-04   2.869736e-14   240
  4.290411e-01   9.149254e-14   2.162492e-04   7.255022e-15   720
  4.299890e-01   9.024360e-14   1.710922e-04   6.329838e-15   720
  4.310398e-01   2.875663e-14   0.000000e+00   2.665406e-15   144
  4.315927e-01   9.831118e-14   2.205891e-04   6.653610e-15   720
  4.323793e-01   1.034465e-13   1.322696e-04   8.276606e-15   384
  4.333641e-01   7.258228e-14   1.466278e-04   4.522833e-15   672
  4.342984e-01   1.201339e-13   2.567292e-04   1.255129e-14   336
  4.347447e-01   1.076253e-13   0.000000e+00   1.214855e-14   288
  4.358374e-01   7.019005e-14   2.031840e-04   4.677386e-15   776
  4.368489e-01   6.450188e-14   1.738547e-04   3.814265e-15   720
  4.376985e-01   5.613150e-14   1.400528e-04   4.238249e-15   432
  4.383780e-01   9.845363e-14   1.996629e-04   1.056179e-14   504
  4.391339e-01   6.787005e-14   1.398922e-04   5.334054e-15   528
  4.401917e-01   9.162728e-14   1.905949e-04   1.026775e-14   438
  4.410618e-01   1.078646e-13   2.218350e-04   1.056584e-14   624
  4.417176e-01   1.039436e-13   2.717180e-04   1.183542e-14   312
  4.426191e-01   1.158366e-13   1.463948e-04   7.624412e-15   696
  4.435512e-01   9.134919e-14   1.324608e-04   8.855544e-15   552
  4.445207e-01   8.467803e-14   1.024805e-04   7.629492e-15   516
  4.451205e-01   1.099307e-13   2.046970e-04   1.011610e-14   528
  4.458506e-01   3.646856e-14   1.331200e-04   2.207042e-15   528
  4.468878e-01   9.042152e-14   1.755583e-04   7.000962e-15   864
  4.475918e-01   8.479673e-14   2.404788e-04   8.250720e-15   408
  4.482965e-01   1.151457e-13   2.382549e-04   9.754894e-15   192
  4.492953e-01   6.236254e-14   1.971674e-04   4.924787e-15   720
  4.501385e-01   6.076886e-14   1.817980e-04   4.522024e-15   696
  4.511404e-01   6.959561e-14   1.963435e-04   4.613055e-15   720
  4.520570e-01   6.720669e-14   2.661201e-04   5.374833e-15   432
  4.525916e-01   4.474736e-14   1.566487e-04   4.289868e-15   264
  4.535534e-01   6.326066e-14   2.163249e-04   4.102800e-15   672
  4.544137e-01   7.237854e-14   2.214835e-04   5.288719e-15   600
  4.554346e-01   3.790712e-14   1.296784e-04   6.057125e-15   270
  4.559493e-01   8.720750e-14   1.952021e-04   9.510564e-15   528
  4.567673e-01   8.800842e-14   1.336675e-04   6.172398e-15   840
  4.578890e-01   1.022346e-13   2.555961e-04   7.346001e-15   888
  4.589254e-01   6.419201e-14   1.904380e-04   5.158605e-15   744
  4.598014e-01   7.653311e-14   9.785730e-05   6.102546e-15   456
  4.602370e-01   1.241544e-13   1.337280e-04   9.676717e-15   360
  4.609825e-01   6.998065e-14   1.158678e-04   9.559640e-15   384
  4.621264e-01   6.801861e-14   1.858509e-04   4.301443e-15   816
  4.629847e-01   7.257318e-14   2.696437e-04   4.883117e-15   824
  4.640279e-01   6.164382e-14   1.253432e-04   7.601168e-15   360
  4.645865e-01   7.478945e-14   1.849595e-04   4.990830e-15   624
  4.653553e-01   7.850457e-14   1.249856e-04   7.777677e-15   360
  4.663795e-01   6.110567e-14   1.700172e-04   4.503347e-15   876
  4.673045e-01   5.412595e-14   2.019296e-04   4.105398e-15   696
  4.682373e-01   4.141536e-14   1.303928e-04   3.880782e-15   336
  4.687264e-01   7.986663e-14   1.302463e-04   8.386547e-15   504
  4.695341e-01   5.889506e-14   1.313750e-04   5.583079e-15   672
  4.707324e-01   4.213668e-14   2.615370e-04   3.004913e-15   720
  4.715635e-01   7.183685e-14   1.975633e-04   6.499986e-15   774
  4.724808e-01   1.367874e-13   1.130801e-04   1.657346e-14   384
  4.729612e-01   9.554062e-14   2.176147e-04   9.211991e-15   528
  4.737068e-01   7.543918e-14   2.073989e-04   5.868384e-15   744
  4.749062e-01   8.528016e-14   1.710601e-04   6.365888e-15   768
  4.757025e-01   8.520320e-14   1.920278e-04   9.320313e-15   552
  4.766960e-01   5.668430e-14   2.092886e-04   4.501633e-15   696
  4.774351e-01   9.361024e-14   2.543221e-04   9.207802e-15   408
  4.780218e-01   7.674489e-14   1.098692e-04   6.604520e-15   504
  4.789519e-01   5.688112e-14   1.973758e-04   4.178351e-15   888
  4.798671e-01   5.390409e-14   2.051305e-04   5.253717e-15   648
  4.808184e-01   5.307847e-14   2.033722e-04   4.438055e-15   648
  4.817134e-01   5.488715e-14   2.192851e-04   4.319090e-15   792
  4.826614e-01   4.593517e-14   3.208291e-04   3.806765e-15   600
  4.833600e-01   3.048967e-14   2.174285e-04   2.168330e-15   456
  4.840953e-01   5.539056e-14   1.059654e-04   4.398272e-15   648
  4.850397e-01   4.390244e-14   2.066479e-04   2.920412e-15   936
  4.860593e-01   6.526681e-14   1.269084e-04   5.129086e-15   384
  4.869469e-01   9.152306e-16   0.000000e+00   6.436236e-17   198
  4.876318e-01   9.397093e-16   3.219776e-04   2.997598e-17   1224
  4.883707e-01   9.901973e-16   2.344988e-04   5.142974e-17   420
  4.892446e-01   8.504336e-16   2.269458e-04   3.418629e-17   792
  4.900991e-01   8.853911e-16   1.876648e-04   3.365032e-17   680
  4.910742e-01   8.970023e-16   1.723226e-04   4.271777e-17   600
  4.918588e-01   8.855203e-16   2.499151e-04   3.011759e-17   840
  4.929064e-01   1.046518e-15   1.179983e-04   5.619387e-17   432
  4.933067e-01   8.879627e-16   1.105800e-04   3.559790e-17   720
  4.941771e-01   9.554005e-16   2.214723e-04   3.260777e-17   960
  4.952596e-01   9.147155e-16   1.974263e-04   4.282618e-17   528
  4.960507e-01   8.372834e-16   2.018074e-04   3.595684e-17   624
  4.969923e-01   9.404906e-16   1.586192e-04   3.485014e-17   816
  4.979269e-01   7.724972e-16   2.608527e-04   3.020102e-17   696
  4.989597e-01   9.517983e-16   1.438612e-08   6.350412e-17   240
  4.993481e-01   9.460935e-16   1.538310e-04   4.008251e-17   672
  5.002149e-01   8.131095e-16   2.749181e-04   3.055721e-17   864
  5.011872e-01   7.991124e-16   2.109550e-04   3.029616e-17   816
  5.020636e-01   7.919236e-16   1.207434e-04   3.449768e-17   648
  5.030076e-01   8.565014e-16   1.234217e-04   2.856078e-17   843
  5.038089e-01   7.179074e-16   2.220660e-04   2.868574e-17   780
  5.047639e-01   6.850137e-16   1.191565e-04   4.437184e-17   216
  5.053529e-01   7.571994e-16   2.873328e-04   2.349196e-17   1056
  5.062588e-01   8.883522e-16   2.350705e-04   5.342293e-17   228
  5.070976e-01   8.098661e-16   2.926687e-04   2.845358e-17   924
  5.079587e-01   8.384987e-16   1.085637e-04   3.156556e-17   696
  5.088706e-01   6.804463e-16   1.932122e-04   2.339004e-17   996
  5.098035e-01   7.200825e-16   1.140687e-04   3.095535e-17   576
  5.107740e-01   7.401791e-16   1.760574e-04   3.713671e-17   552
  5.114815e-01   8.380656e-16   2.102064e-04   4.025856e-17   516
  5.121995e-01   7.464779e-16   3.056837e-04   2.621385e-17   744
  5.130199e-01   7.289996e-16   1.499561e-04   3.491313e-17   576
  5.137336e-01   6.543443e-16   1.543428e-04   2.460081e-17   792
  5.147477e-01   7.183084e-16   1.764424e-04   2.621618e-17   792
  5.154909e-01   6.991012e-16   1.902913e-04   2.716357e-17   720
  5.164960e-01   6.351676e-16   2.168883e-04   2.314725e-17   656
  5.174379e-01   6.784806e-16   2.368308e-04   2.568694e-17   816
  5.184034e-01   6.398631e-16   1.276952e-04   2.909597e-17   492
  5.189522e-01   6.962084e-16   1.836985e-04   2.920297e-17   552
  5.199822e-01   6.014732e-16   3.194294e-04   2.758987e-17   780
  5.206511e-01   6.627906e-16   1.962217e-04   3.402031e-17   528
  5.213718e-01   6.128835e-16   2.290504e-04   2.585683e-17   600
  5.224340e-01   7.014591e-16   1.903590e-04   2.330364e-17   900
  5.231662e-01   6.366045e-16   1.053860e-04   2.942124e-17   696
  5.241734e-01   6.032883e-16   2.664725e-04   2.357710e-17   696
  5.251479e-01   6.146522e-16   1.081054e-04   2.534243e-17   552
  5.259673e-01   5.004144e-16   1.257166e-04   2.143771e-17   708
  5.268258e-01   6.059725e-16   2.075652e-04   2.324403e-17   876
  5.277190e-01   6.827516e-16   1.102130e-04   6.476716e-17   216
  5.283184e-01   5.912966e-16   3.014475e-04   1.958618e-17   1032
  5.292161e-01   5.450818e-16   3.356286e-04   2.444434e-17   600
  5.301478e-01   5.003502e-16   1.601495e-04   2.026491e-17   600
  5.308585e-01   5.687158e-16   2.828090e-04   2.950210e-17   528
  5.316987e-01   5.537105e-16   1.552497e-04   2.216064e-17   732
  5.325837e-01   5.341769e-16   1.146378e-04   3.040695e-17   336
  5.336024e-01   5.310597e-16   1.633817e-04   1.870812e-17   912
  5.343638e-01   4.663539e-16   1.639857e-04   1.955607e-17   624
  5.351957e-01   5.273957e-16   1.381873e-04   2.174347e-17   768
  5.361666e-01   5.900620e-16   2.493171e-04   2.329921e-17   792
  5.371196e-01   4.979796e-16   1.236011e-04   2.278697e-17   660
  5.377977e-01   4.752303e-16   1.821461e-04   2.668181e-17   504
  5.384990e-01   4.921038e-16   2.975919e-04   2.505219e-17   480
  5.395501e-01   3.725045e-16   2.752337e-04   1.360307e-17   912
  5.403731e-01   5.625375e-16   3.065154e-04   3.348965e-17   432
  5.411504e-01   4.761379e-16   1.820016e-04   2.359312e-17   564
  5.418405e-01   4.854929e-16   1.742006e-04   2.258144e-17   600
  5.428119e-01   5.290683e-16   2.428192e-04   2.029065e-17   876
  5.435417e-01   4.965443e-16   1.091788e-04   3.135442e-17   264
  5.445477e-01   4.841184e-16   2.118499e-04   2.182651e-17   560
  5.453563e-01   4.293880e-16   1.439565e-04   1.532864e-17   840
  5.463378e-01   4.041226e-16   2.219395e-04   1.580266e-17   1008
  5.472454e-01   4.319069e-16   9.928084e-05   2.148075e-17   456
  5.480744e-01   5.079933e-16   1.286043e-04   2.423761e-17   576
  5.488407e-01   4.617079e-16   1.976142e-04   2.115293e-17   612
  5.498512e-01   4.332597e-16   1.765015e-04   1.852404e-17   780
  5.506755e-01   4.476448e-16   2.022627e-04   1.948383e-17   648
  5.515194e-01   5.075318e-16   9.425702e-05   3.830741e-17   312
  5.520587e-01   3.759192e-16   2.394916e-04   1.648031e-17   528
  5.529931e-01   3.675673e-16   3.127641e-04   1.612528e-17   720
  5.538866e-01   4.126130e-16   3.137436e-04   2.405480e-17   576
  5.549699e-01   3.826727e-16   2.706443e-04   1.986673e-17   444
  5.556439e-01   4.188003e-16   2.654148e-04   1.480751e-17   996
  5.564699e-01   3.483507e-16   2.217012e-04   2.090060e-17   432
  5.572506e-01   4.196476e-16   2.427192e-04   2.201357e-17   504
  5.579250e-01   3.638723e-16   1.094306e-04   1.919093e-17   504
  5.588852e-01   4.408100e-16   2.153608e-04   1.949649e-17   876
  5.597541e-01   3.595628e-16   2.478597e-04   1.826884e-17   504
  5.606589e-01   3.267092e-16   1.580720e-04   1.576701e-17   696
  5.614066e-01   4.190534e-16   1.351349e-04   2.125711e-17   492
  5.624240e-01   3.234778e-16   1.934522e-04   1.795964e-17   432
  5.631776e-01   3.897272e-16   1.811468e-04   1.608140e-17   768
  5.640708e-01   3.324399e-16   2.256427e-04   1.753434e-17   648
  5.649237e-01   2.973954e-16   1.472076e-04   1.584566e-17   456
  5.659038e-01   3.135747e-16   2.024344e-04   1.567271e-17   552
  5.665845e-01   3.191623e-16   1.387487e-04   1.692971e-17   648
  5.675213e-01   3.011776e-16   2.261525e-04   1.098800e-17   840
  5.684363e-01   3.652824e-16   1.078474e-04   1.981339e-17   432
  5.693524e-01   3.069237e-16   1.320946e-04   1.594996e-17   600
  5.699896e-01   3.548133e-16   1.407382e-04   2.110505e-17   432
  5.710598e-01   3.319253e-16   1.401185e-04   1.592887e-17   560
  5.717846e-01   2.879078e-16   2.217929e-04   1.231976e-17   840
  5.726922e-01   3.504687e-16   1.313712e-04   1.935875e-17   504
  5.734129e-01   2.762293e-16   2.681208e-04   1.300798e-17   696
  5.744289e-01   3.450251e-16   1.464380e-04   2.038145e-17   384
  5.752203e-01   2.538891e-16   2.145144e-04   1.299451e-17   576
  5.761776e-01   2.745173e-16   1.323876e-04   1.857160e-17   360
  5.769491e-01   2.751867e-16   1.971572e-04   1.287908e-17   828
  5.777814e-01   2.636088e-16   1.756051e-04   1.445235e-17   372
  5.785440e-01   2.762765e-16   2.681827e-04   1.295108e-17   576
  5.795542e-01   2.906523e-16   1.123146e-04   1.328252e-17   636
  5.802740e-01   2.663944e-16   2.165136e-04   1.235832e-17   648
  5.812477e-01   2.591150e-16   1.760019e-04   1.272975e-17   576
  5.819467e-01   2.599093e-16   2.839096e-04   1.392185e-17   528
  5.828762e-01   2.585584e-16   1.213831e-04   1.634024e-17   360
  5.836457e-01   2.190579e-16   2.792266e-04   9.439553e-18   672
  5.846504e-01   2.602946e-16   1.430245e-04   1.185855e-17   804
  5.854866e-01   2.696808e-16   1.577731e-04   1.457902e-17   408
  5.864116e-01   2.417810e-16   9.752092e-05   1.346850e-17   384
  5.870345e-01   1.980063e-16   2.231653e-04   1.248330e-17   480
  5.879130e-01   2.273252e-16   1.441975e-04   1.287673e-17   432
  5.887557e-01   2.813266e-16   2.657252e-04   1.280097e-17   648
  5.897530e-01   2.456968e-16   1.648813e-04   1.208452e-17   624
  5.904826e-01   2.423956e-16   1.499734e-04   1.463322e-17   456
  5.914788e-01   2.113365e-16   2.048770e-04   1.321063e-17   588
  5.921465e-01   2.003882e-16   1.307107e-04   1.002675e-17   600
  5.931212e-01   2.067435e-16   2.038766e-04   8.494513e-18   708
  5.938912e-01   1.992014e-16   1.284383e-04   1.117370e-17   360
  5.947420e-01   2.332899e-16   1.476433e-04   1.260304e-17   552
  5.955576e-01   2.094711e-16   1.035752e-04   1.802412e-17   288
  5.963856e-01   1.809651e-16   1.947498e-04   9.026494e-18   528
  5.971636e-01   2.016308e-16   1.313872e-04   9.725570e-18   456
  5.980328e-01   2.162973e-16   2.329780e-04   1.118996e-17   608
  5.989070e-01   1.710815e-16   1.127174e-04   8.073566e-18   504
  5.998623e-01   1.456205e-16   2.419978e-04   7.795199e-18   540
  6.006113e-01   2.320489e-16   2.597778e-04   1.476361e-17   360
  6.014188e-01   2.347680e-16   1.176407e-04   1.141123e-17   540
  6.021329e-01   1.911733e-16   1.010085e-04   9.948968e-18   576
  6.031714e-01   1.893656e-16   2.342044e-04   9.081043e-18   588
  6.041588e-01   1.937326e-16   3.231314e-04   9.654625e-18   672
  6.050070e-01   2.129827e-16   2.469721e-04   1.025310e-17   552
  6.056908e-01   1.336080e-16   2.470970e-04   1.067297e-17   144
  6.065633e-01   1.977202e-16   2.099342e-04   9.791785e-18   600
  6.073906e-01   1.539869e-16   2.630934e-04   8.643689e-18   504
  6.083088e-01   1.743489e-16   2.702501e-04   1.336949e-17   336
  6.092745e-01   1.703523e-16   3.037623e-04   8.114274e-18   600
  6.101395e-01   1.545558e-16   1.960382e-04   8.603514e-18   636
  6.110731e-01   1.867770e-16   1.576165e-04   1.531089e-17   384
  6.117276e-01   1.820072e-16   2.198564e-04   1.183372e-17   504
  6.126710e-01   1.511018e-16   9.227064e-05   1.079362e-17   240
  6.134155e-01   1.677916e-16   2.167569e-04   6.879991e-18   744
  6.143088e-01   1.460254e-16   1.480120e-04   7.394355e-18   648
  6.151027e-01   2.665561e-16   9.825476e-05   2.277294e-17   120
  6.160331e-01   1.358704e-16   1.543455e-04   6.157645e-18   564
  6.167362e-01   1.879388e-16   2.424089e-04   1.082372e-17   432
  6.176746e-01   1.381830e-16   1.881572e-04   9.358678e-18   480
  6.183811e-01   1.088578e-16   1.384885e-04   6.528145e-18   456
  6.192152e-01   1.498899e-16   2.291780e-04   9.329350e-18   444
  6.201616e-01   1.354917e-16   3.506544e-04   8.433294e-18   528
  6.209930e-01   1.646785e-16   2.604238e-04   1.466445e-17   264
  6.217998e-01   1.316627e-16   2.668956e-04   7.561349e-18   444
  6.228852e-01   1.431325e-16   2.923449e-04   6.489704e-18   696
  6.237861e-01   1.543674e-16   1.563558e-04   1.032240e-17   384
  6.244450e-01   1.272487e-16   1.975687e-04   6.959374e-18   432
  6.254698e-01   1.695676e-16   1.365107e-04   1.007916e-17   488
  6.261352e-01   1.555856e-16   2.057386e-04   7.939934e-18   480
  6.270999e-01   1.292814e-16   2.294412e-04   8.309091e-18   480
  6.278471e-01   1.097548e-16   9.626648e-05   7.314433e-18   240
  6.286954e-01   1.390044e-16   2.248709e-04   7.390823e-18   600
  6.294955e-01   1.055641e-16   1.959519e-04   7.338205e-18   288
  6.303474e-01   1.280907e-16   1.884914e-04   7.830700e-18   480
  6.312103e-01   1.042747e-16   3.352926e-04   6.426159e-18   504
  6.320598e-01   1.403888e-16   1.438614e-04   1.000159e-17   216
  6.331433e-01   1.293216e-16   2.355240e-04   8.172492e-18   504
  6.339871e-01   1.029046e-16   1.894329e-04   6.327527e-18   456
  6.349107e-01   1.595192e-16   1.086430e-04   1.004270e-17   384
  6.355225e-01   1.613155e-16   2.205061e-04   1.007782e-17   480
  6.363918e-01   9.795685e-17   1.936290e-04   6.377703e-18   504
  6.371972e-01   1.210005e-16   1.228262e-04   7.758621e-18   312
  6.380652e-01   1.222122e-16   1.979302e-04   7.802430e-18   492
  6.388334e-01   1.420171e-16   1.855135e-04   9.782355e-18   312
  6.398223e-01   1.040146e-16   3.013519e-04   5.250755e-18   576
  6.406929e-01   1.372342e-16   2.781722e-04   1.121294e-17   336
  6.414159e-01   7.226546e-17   2.141797e-04   5.727494e-18   240
  6.424183e-01   1.111851e-16   2.839481e-04   6.625885e-18   468
  6.432837e-01   1.028707e-16   1.777925e-04   9.611289e-18   192
  6.441896e-01   8.720925e-17   1.783224e-04   6.737236e-18   324
  6.448535e-01   1.035708e-16   1.294235e-04   5.664265e-18   600
  6.457583e-01   1.051546e-16   2.099764e-04   6.229713e-18   456
  6.464302e-01   1.121681e-16   9.444737e-05   8.452263e-18   336
  6.475438e-01   1.164813e-16   2.828021e-04   6.904498e-18   612
  6.483539e-01   8.594416e-17   2.373399e-04   1.512666e-17   144
  6.491201e-01   1.143623e-16   2.770366e-04   6.566932e-18   552
  6.501620e-01   5.996836e-17   1.091004e-04   3.804114e-18   264
  6.507507e-01   9.118568e-17   2.525953e-04   7.631705e-18   336
  6.516793e-01   7.762099e-17   1.669063e-04   4.622597e-18   384
  6.524847e-01   8.832928e-17   9.395175e-05   8.040486e-18   216
  6.533762e-01   6.615068e-17   1.991971e-04   4.581344e-18   344
  6.541891e-01   6.920290e-17   2.972114e-04   4.463322e-18   408
  6.551797e-01   8.392244e-17   2.283876e-04   8.127913e-18   264
  6.560575e-01   8.563253e-17   3.183837e-04   5.220359e-18   612
  6.569345e-01   1.145893e-16   1.638646e-04   7.994356e-18   408
  6.578364e-01   8.115455e-17   1.641001e-04   6.775974e-18   444
  6.584991e-01   1.536398e-16   9.177996e-05   1.360231e-17   120
  6.593870e-01   9.410596e-17   2.535712e-04   8.163899e-18   336
  6.600460e-01   7.259623e-17   8.811499e-05   5.513241e-18   288
  6.609366e-01   7.885072e-17   2.742154e-04   4.535983e-18   552
  6.621610e-01   1.051998e-16   0.000000e+00   1.483982e-17   72
  6.627906e-01   7.607531e-17   2.723657e-04   4.658585e-18   504
  6.635259e-01   3.989551e-17   8.764464e-05   3.620273e-18   216
  6.644787e-01   6.053152e-17   1.564835e-04   4.710319e-18   312
  6.653340e-01   5.039222e-17   1.781811e-04   3.780254e-18   336
  6.661492e-01   5.029061e-17   2.469789e-04   4.555833e-18   204
  6.669611e-01   1.136747e-16   2.870270e-04   8.820125e-18   504
  6.678221e-01   9.775798e-17   2.733322e-04   6.590715e-18   396
  6.686501e-01   7.133585e-17   2.506599e-04   6.127569e-18   312
  6.696540e-01   1.148824e-16   1.531800e-04   1.124865e-17   216
  6.703613e-01   6.704066e-17   8.313373e-05   6.935735e-18   168
  6.712208e-01   6.850728e-17   2.099173e-04   4.367630e-18   588
  6.722017e-01   4.844997e-17   2.849381e-04   5.761953e-18   240
  6.729637e-01   4.723878e-17   2.516481e-04   4.388809e-18   264
  6.738575e-01   5.955154e-17   3.112147e-04   5.212611e-18   288
  6.746505e-01   6.397626e-17   1.554077e-04   5.798138e-18   288
  6.756555e-01   4.886172e-17   1.459525e-04   4.117802e-18   288
  6.763322e-01   5.224142e-17   1.690738e-04   4.702294e-18   192
  6.771836e-01   3.580160e-17   1.799115e-04   3.257886e-18   264
  6.779946e-01   1.005803e-16   2.959295e-04   7.305902e-18   372
  6.788675e-01   1.060735e-16   3.196167e-04   9.576233e-18   360
  6.799329e-01   9.340399e-17   1.352648e-04   1.311260e-17   144
  6.804835e-01   5.246329e-17   1.878769e-04   5.307813e-18   296
  6.813527e-01   5.473172e-17   2.024276e-04   5.212358e-18   288
  6.823478e-01   5.829013e-17   3.025230e-04   4.180813e-18   480
  6.832061e-01   5.109194e-17   2.513677e-04   8.745123e-18   192
  6.840407e-01   7.010374e-17   2.696262e-04   7.009652e-18   192
  6.847993e-01   4.800334e-17   1.718359e-04   4.441398e-18   288
  6.858544e-01   2.175193e-17   1.495808e-04   2.701063e-18   108
  6.863859e-01   4.913577e-17   1.438036e-04   4.995090e-18   240
  6.873243e-01   3.671237e-17   2.682690e-04   3.819906e-18   384
  6.882884e-01   5.428566e-17   3.272578e-04   6.072153e-18   108
  6.891409e-01   7.318220e-17   1.918773e-04   5.342997e-18   348
  6.900373e-01   4.706611e-17   2.002507e-04   6.179074e-18   312
  6.908379e-01   5.051242e-17   1.945855e-04   1.126196e-17   96
  6.915741e-01   4.503165e-17   2.590555e-04   3.787859e-18   384
  6.923987e-01   4.953346e-17   1.781778e-04   4.759093e-18   144
  6.932053e-01   5.081047e-17   2.737780e-04   4.158879e-18   408
  6.942079e-01   2.295093e-17   1.221243e-04   3.813996e-18   144
  6.951550e-01   4.675172e-17   2.347853e-04   5.644330e-18   192
  6.957167e-01   5.564498e-17   2.642552e-04   5.697687e-18   144
  6.966323e-01   2.763003e-17   2.148492e-04   2.987906e-18   144
  6.974962e-01   4.746379e-17   2.625805e-04   4.670417e-18   336
  6.985541e-01   2.178656e-17   1.942763e-04   1.718147e-18   240
  6.992249e-01   3.081564e-17   8.821915e-05   4.363368e-18   96
  7.001605e-01   5.522725e-17   2.587043e-04   5.213960e-18   372
  7.011070e-01   3.931036e-17   3.077232e-04   6.548694e-18   132
  7.019384e-01   2.407763e-17   1.904154e-04   1.897312e-18   264
  7.026821e-01   6.340453e-17   1.462304e-04   8.377126e-18   168
  7.034759e-01   4.228534e-17   2.337943e-04   3.750593e-18   216
  7.041771e-01   3.458726e-17   1.430383e-04   4.651189e-18   216
  7.051983e-01   1.277701e-17   2.624157e-04   1.249536e-18   96
  7.061249e-01   5.087406e-17   1.712023e-04   7.522861e-18   120
  7.069747e-01   2.944740e-17   2.176463e-04   3.361253e-18   216
  7.076747e-01   2.272847e-17   9.511215e-05   2.337234e-18   200
  7.086015e-01   3.505691e-17   2.462045e-04   4.913315e-18   288
  7.097902e-01   1.031097e-17   6.478119e-05   7.936888e-19   144
  7.102908e-01   3.690839e-17   2.015951e-04   5.944335e-18   168
  7.113130e-01   3.950477e-17   2.268765e-04   7.038341e-18   159
  7.121109e-01   2.087720e-17   2.380480e-04   1.891237e-18   174
  7.128831e-01   1.895847e-17   2.158536e-04   1.778276e-18   144
  7.138943e-01   3.442964e-17   1.246398e-04   3.512559e-18   222
  7.145705e-01   2.141763e-17   1.257726e-04   2.455132e-18   168
  7.157386e-01   3.623191e-17   2.758677e-04   8.409079e-18   30
  7.162211e-01   7.312598e-18   2.435709e-04   9.631394e-19   72
  7.171298e-01   2.025015e-17   2.173841e-04   2.356521e-18   258
  7.181290e-01   1.796327e-17   1.361533e-04   1.714208e-18   264
  7.186286e-01   2.321581e-17   1.468278e-08   3.884020e-18   72
  7.196697e-01   1.115318e-17   2.698616e-04   1.208383e-18   174
  7.206123e-01   2.384957e-17   2.873527e-04   3.476025e-18   168
  7.213701e-01   6.131588e-18   8.991328e-09   8.454581e-19   48
  7.221837e-01   1.271849e-17   1.622748e-04   1.709580e-18   150
  7.231270e-01   2.619430e-17   2.985162e-04   2.381488e-18   168
  7.240729e-01   1.290232e-17   1.818422e-04   1.374212e-18   144
  7.249427e-01   2.775045e-17   1.698820e-04   4.792073e-18   102
  7.255906e-01   6.263618e-18   2.514545e-04   6.051699e-19   96
  7.266185e-01   4.812456e-18   2.495518e-04   4.177221e-19   120
  7.273797e-01   5.014430e-18   2.676508e-04   3.829605e-19   168
  7.282031e-01   2.434641e-17   1.976389e-04   2.232412e-18   126
  7.289046e-01   1.513564e-17   1.490593e-04   2.161115e-18   168
  7.298711e-01   8.722206e-18   2.390167e-04   1.125462e-18   72
  7.307158e-01   6.795792e-18   2.993022e-04   5.750629e-19   168
  7.314557e-01   2.200362e-17   8.205344e-05   5.341397e-18   78
  7.324696e-01   6.711540e-18   1.347256e-04   9.733396e-19   60
  7.332860e-01   2.423136e-17   2.185468e-04   4.348413e-18   96
  7.341327e-01   9.066452e-18   2.651884e-04   7.175501e-19   168
  7.349284e-01   7.696098e-18   1.678009e-04   1.321889e-18   86
  7.357634e-01   5.614003e-18   1.499742e-04   5.929929e-19   120
  7.369601e-01   5.217623e-18   1.069515e-04   4.781428e-19   168
  7.376055e-01   3.285850e-18   0.000000e+00   4.508473e-19   48
  7.384747e-01   1.362545e-17   1.948541e-04   1.475955e-18   120
  7.389742e-01   9.414559e-18   1.421539e-04   1.405095e-18   126
  7.401935e-01   7.283423e-18   2.500091e-04   9.306103e-19   96
  7.409848e-01   7.345021e-18   7.209028e-05   7.112800e-19   96
  7.416089e-01   5.096139e-18   8.477105e-09   4.769123e-19   72
  7.429385e-01   6.218223e-18   8.991328e-09   1.081472e-18   24
  7.437683e-01   8.275274e-18   1.483601e-04   8.309327e-19   120
  7.444157e-01   8.041775e-18   2.164118e-04   1.147417e-18   126
  7.451355e-01   5.425013e-18   1.804085e-04   5.970184e-19   96
  7.459766e-01   3.429632e-18   3.117986e-04   3.882380e-19   72
  7.469132e-01   4.949581e-18   1.348634e-04   4.341665e-19   144
  7.476836e-01   3.836105e-18   7.778603e-05   5.037780e-19   72
  7.484533e-01   7.729527e-18   1.553665e-04   1.512900e-18   54
  7.491306e-01   7.376013e-18   1.369149e-04   7.497260e-19   108
  7.505382e-01   8.211561e-18   1.342120e-04   8.649592e-19   72
  7.509765e-01   4.922592e-18   7.744493e-05   4.711527e-19   72
  7.520162e-01   2.763519e-18   1.557344e-08   5.460883e-19   24
  7.529998e-01   1.874465e-18   1.638381e-04   3.575081e-19   48
  7.535971e-01   6.060494e-18   1.248023e-04   7.873922e-19   102
  7.544963e-01   3.901750e-18   2.822510e-04   3.668674e-19   168
  7.556711e-01   3.201001e-18   1.539331e-04   3.804501e-19   72
  7.561064e-01   3.610371e-18   0.000000e+00   4.321756e-19   48
  7.570195e-01   4.419127e-18   2.647743e-04   5.696736e-19   120
  7.582245e-01   3.953796e-18   1.627091e-04   4.319547e-19   96
  7.593627e-01   1.179163e-17   1.438612e-08   3.822803e-18   30
  7.607153e-01   5.319784e-18   7.644796e-05   7.629896e-19   72
  7.613097e-01   3.665882e-18   8.991328e-09   6.015335e-19   24
  7.620733e-01   2.299171e-18   1.133148e-04   2.679463e-19   56
  7.629285e-01   2.341796e-18   1.617059e-04   2.199442e-19   96
  7.639519e-01   3.365421e-18   1.785629e-04   3.161932e-19   144
  7.647411e-01   4.945440e-18   1.013810e-04   8.737533e-19   54
  7.658874e-01   3.042713e-18   1.518795e-04   3.155293e-19   108
  7.670409e-01   7.808786e-18   8.041947e-05   1.397350e-18   48
  7.681392e-01   3.024984e-18   3.028050e-04   3.596862e-19   72
  7.707744e-01   6.219837e-18   2.000642e-04   6.650974e-19   78
  7.715046e-01   1.950290e-18   1.507735e-04   1.860336e-19   72
  7.723570e-01   2.472889e-18   1.505863e-04   3.215738e-19   72
  7.732482e-01   2.836563e-18   3.633813e-04   3.038627e-19   96
  7.739527e-01   2.858147e-18   1.502759e-04   2.468563e-19   72
  7.748024e-01   4.421598e-18   0.000000e+00   8.321262e-19   24
  7.756510e-01   2.645293e-18   2.998733e-04   2.824959e-19   72
  7.775680e-01   3.372530e-18   1.904287e-04   4.318549e-19   30
  7.779804e-01   4.078488e-18   0.000000e+00   8.800205e-19   24
  7.801973e-01   1.741172e-18   1.581267e-04   2.652621e-19   48
  7.808927e-01   2.249529e-18   3.402886e-04   1.846697e-19   120
  7.818296e-01   2.376173e-18   1.487821e-04   2.226554e-19   72
  7.827758e-01   2.253450e-18   1.486022e-04   3.725737e-19   36
  7.834261e-01   2.236726e-18   2.937071e-04   2.448363e-19   78
  7.852411e-01   2.791640e-18   1.571111e-04   3.684659e-19   48
  7.875942e-01   3.678214e-18   1.271566e-08   5.970353e-19   24
  7.892707e-01   1.240727e-18   1.094089e-04   1.501907e-19   56
  7.901149e-01   1.352164e-18   1.683597e-04   1.071930e-19   102
  7.911888e-01   2.060677e-18   1.198844e-08   2.493584e-19   72
  7.918122e-01   1.917382e-18   8.991328e-09   3.101408e-19   24
  7.929021e-01   1.618923e-18   1.555930e-04   2.393071e-19   48
  7.949223e-01   2.783420e-18   0.000000e+00   4.301618e-19   24
  7.974016e-01   9.869331e-19   0.000000e+00   9.805097e-20   6
  7.981748e-01   9.245571e-19   0.000000e+00   1.235052e-19   24
  7.986898e-01   1.279012e-18   1.456409e-04   1.696518e-19   72
  7.996307e-01   1.735737e-18   2.717068e-04   1.680963e-19   84
  8.006440e-01   1.333477e-18   0.000000e+00   2.168056e-19   24
  8.009521e-01   1.650844e-18   1.271566e-08   2.088074e-19   24
  8.024909e-01   1.531049e-18   1.557344e-08   2.563073e-19   24
  8.046403e-01   1.403331e-18   0.000000e+00   5.854357e-19   6
  8.073954e-01   1.177820e-18   1.528000e-04   1.892563e-19   48
  8.080572e-01   1.210964e-18   2.878503e-04   1.566698e-19   72
  8.089220e-01   1.293905e-18   1.525117e-04   1.764597e-19   48
  8.102934e-01   1.607678e-18   0.000000e+00   5.588938e-19   24
  8.121184e-01   5.784973e-19   0.000000e+00   1.048431e-19   6
  8.162097e-01   1.688996e-18   0.000000e+00   5.509483e-19   8
  8.165120e-01   1.298902e-18   8.991328e-09   1.714738e-19   48
  8.172369e-01   1.375123e-18   1.479045e-04   1.497438e-19   60
  8.183231e-01   1.897430e-18   0.000000e+00   3.377822e-19   24
  8.198293e-01   7.133986e-19   0.000000e+00   1.319689e-19   6
  8.253784e-01   1.451902e-18   0.000000e+00   3.252543e-19   24
  8.258266e-01   1.170246e-18   1.493898e-04   1.746655e-19   48
  8.265733e-01   8.228547e-19   0.000000e+00   2.139706e-19   24
  8.277664e-01   7.682543e-19   0.000000e+00   2.076043e-20   6
  8.345448e-01   1.108516e-18   1.393664e-04   1.662016e-19   36
  8.350375e-01   1.126226e-18   0.000000e+00   2.676344e-19   24
  8.359234e-01   1.141289e-18   0.000000e+00   3.842661e-19   6
  8.436361e-01   1.213145e-18   1.266552e-04   1.931712e-19   32
  8.442939e-01   1.482369e-18   0.000000e+00   6.477491e-19   6
  8.525822e-01   1.867691e-18   0.000000e+00   5.019096e-19   12
  8.528715e-01   1.349873e-18   0.000000e+00   2.251505e-19   6
  8.616502e-01   7.815584e-19   0.000000e+00   1.477322e-19   6
