# power spectrum of phi
# redshift z=96.079122
# k              Pk             sigma(k)       sigma(Pk)      count
  1.570796e-02   2.201992e-10   0.000000e+00   8.875852e-11   6
  2.221441e-02   9.984046e-11   0.000000e+00   1.993067e-11   12
  2.720699e-02   6.118116e-11   2.980232e-10   1.245803e-11   8
  3.141593e-02   1.716938e-10   0.000000e+00   1.847538e-11   6
  3.512407e-02   1.036589e-10   5.619580e-10   3.304682e-11   24
  3.847649e-02   1.317035e-10   5.619580e-10   2.219772e-11   24
  4.635387e-02   5.221401e-11   1.217504e-03   9.453014e-12   42
  4.967294e-02   6.342092e-11   0.000000e+00   1.397340e-11   24
  5.209742e-02   5.540144e-11   9.733398e-10   1.373577e-11   24
  5.608040e-02   5.404940e-11   9.621049e-04   5.793548e-12   32
  5.877382e-02   4.698489e-11   0.000000e+00   6.605481e-12   48
  6.283185e-02   5.313993e-11   0.000000e+00   2.336478e-11   6
  6.557030e-02   4.004203e-11   9.291969e-04   3.752722e-12   84
  6.935879e-02   4.205259e-11   8.893614e-04   6.391990e-12   48
  7.254758e-02   3.154400e-11   7.985346e-04   3.207626e-12   72
  7.695299e-02   3.111353e-11   1.123916e-09   4.889439e-12   24
  7.963774e-02   2.136578e-11   7.087081e-04   1.959959e-12   102
  8.367643e-02   2.444634e-11   1.370308e-03   2.479019e-12   104
  8.603606e-02   1.554406e-11   0.000000e+00   2.272930e-12   48
  9.068541e-02   1.349776e-11   9.092824e-04   1.216599e-12   108
  9.343657e-02   1.824622e-11   6.413175e-04   1.905669e-12   78
  9.650974e-02   1.764118e-11   5.553727e-04   1.657017e-12   96
  1.007521e-01   1.343745e-11   7.827476e-04   1.017849e-12   168
  1.046631e-01   1.294946e-11   9.466177e-04   1.350577e-12   120
  1.065366e-01   1.194816e-11   0.000000e+00   1.837924e-12   48
  1.109423e-01   1.155435e-11   9.164765e-04   9.986463e-13   194
  1.147571e-01   9.956783e-12   7.498405e-04   7.938121e-13   192
  1.180701e-01   1.203505e-11   5.224442e-04   1.005876e-12   96
  1.203984e-01   8.040242e-12   4.446482e-04   7.592251e-13   96
  1.233385e-01   8.447042e-12   6.559487e-04   6.872429e-13   174
  1.272878e-01   8.885246e-12   6.453399e-04   6.179860e-13   216
  1.304784e-01   7.101203e-12   6.685951e-04   4.867624e-13   192
  1.345850e-01   7.227023e-12   7.087816e-04   4.992793e-13   204
  1.374813e-01   5.510027e-12   9.706973e-04   3.469692e-13   224
  1.414909e-01   7.049022e-12   5.479655e-04   5.401522e-13   174
  1.446033e-01   5.856255e-12   1.053365e-03   3.344506e-13   288
  1.484650e-01   4.976132e-12   5.185518e-04   3.005851e-13   288
  1.514788e-01   4.390521e-12   1.000184e-03   3.160246e-13   192
  1.554236e-01   4.638648e-12   7.319331e-04   2.769565e-13   252
  1.579196e-01   4.452157e-12   4.361590e-04   2.832012e-13   246
  1.613100e-01   3.907358e-12   8.276231e-04   2.318922e-13   312
  1.643345e-01   3.883209e-12   5.346625e-04   2.025255e-13   248
  1.684860e-01   3.127703e-12   1.131025e-03   1.533600e-13   432
  1.718304e-01   3.799893e-12   9.472090e-04   2.591048e-13   198
  1.751353e-01   3.836703e-12   1.145604e-03   1.761921e-13   456
  1.789950e-01   3.094395e-12   6.685341e-04   1.891489e-13   324
  1.817267e-01   2.966163e-12   7.914724e-04   1.639853e-13   312
  1.851131e-01   2.802509e-12   9.927979e-04   1.444700e-13   408
  1.893262e-01   2.617447e-12   9.168549e-04   1.310937e-13   414
  1.922237e-01   2.259087e-12   7.933788e-04   1.146511e-13   392
  1.951891e-01   2.789380e-12   8.939032e-04   1.402914e-13   408
  1.990919e-01   2.493655e-12   9.488231e-04   1.133915e-13   444
  2.020561e-01   2.373251e-12   7.670392e-04   1.179371e-13   360
  2.058410e-01   2.144874e-12   1.052783e-03   8.152680e-14   678
  2.098438e-01   2.220830e-12   6.748154e-04   1.274961e-13   360
  2.129201e-01   1.899948e-12   1.111301e-03   8.379073e-14   648
  2.158529e-01   1.848967e-12   5.136230e-04   1.204824e-13   288
  2.195886e-01   1.763177e-12   9.568926e-04   6.678991e-14   686
  2.231016e-01   1.750176e-12   7.114303e-04   8.624312e-14   444
  2.262783e-01   1.589598e-12   9.881180e-04   6.222559e-14   696
  2.294381e-01   1.660250e-12   9.387623e-04   7.732546e-14   408
  2.328670e-01   1.417549e-12   9.712657e-04   5.399623e-14   648
  2.364370e-01   1.579222e-12   8.503906e-04   6.843477e-14   582
  2.396199e-01   1.269082e-12   1.064401e-03   5.124110e-14   744
  2.431321e-01   1.442138e-12   1.062590e-03   6.024102e-14   516
  2.463676e-01   1.378586e-12   1.028291e-03   5.721210e-14   728
  2.493547e-01   1.265818e-12   8.519968e-04   5.248026e-14   558
  2.529620e-01   1.077889e-12   8.588943e-04   3.819334e-14   768
  2.568725e-01   1.227859e-12   9.956413e-04   3.900247e-14   960
  2.602888e-01   1.129370e-12   6.965241e-04   4.939134e-14   576
  2.635727e-01   1.174789e-12   1.130592e-03   4.062014e-14   816
  2.671089e-01   9.626057e-13   8.722599e-04   3.393655e-14   666
  2.702138e-01   1.041805e-12   1.022915e-03   3.400044e-14   960
  2.739239e-01   9.758180e-13   1.008817e-03   3.441068e-14   824
  2.775241e-01   9.435637e-13   1.110885e-03   3.029600e-14   936
  2.808394e-01   8.503041e-13   8.261366e-04   3.230629e-14   624
  2.838930e-01   9.032511e-13   9.725641e-04   2.908524e-14   1062
  2.874377e-01   8.827249e-13   1.059457e-03   3.142164e-14   732
  2.905463e-01   7.753451e-13   9.192852e-04   2.417945e-14   1080
  2.942546e-01   7.915437e-13   1.002209e-03   2.688301e-14   936
  2.976082e-01   7.004436e-13   1.082494e-03   2.331169e-14   878
  3.011413e-01   6.854999e-13   1.097016e-03   2.013014e-14   1152
  3.044218e-01   6.697168e-13   8.479143e-04   2.129081e-14   1056
  3.079105e-01   7.024411e-13   1.001477e-03   2.332382e-14   864
  3.110264e-01   6.546806e-13   9.782607e-04   2.022184e-14   1092
  3.147509e-01   6.605892e-13   1.033457e-03   1.957671e-14   1206
  3.182989e-01   6.248658e-13   1.048759e-03   1.768151e-14   1248
  3.215758e-01   5.954810e-13   7.107183e-04   2.068400e-14   864
  3.244931e-01   6.023140e-13   7.379012e-04   1.860205e-14   1152
  3.282964e-01   5.900986e-13   1.098528e-03   1.617748e-14   1382
  3.320084e-01   5.723389e-13   9.790321e-04   1.651493e-14   1188
  3.352589e-01   5.076564e-13   1.037410e-03   1.474465e-14   1248
  3.383281e-01   5.132091e-13   9.840824e-04   1.610616e-14   1152
  3.416961e-01   5.320898e-13   1.080699e-03   1.428900e-14   1320
  3.454323e-01   4.810772e-13   7.162673e-04   1.382788e-14   1206
  3.485323e-01   4.868229e-13   1.040639e-03   1.232767e-14   1560
  3.522149e-01   4.696421e-13   9.687237e-04   1.266473e-14   1280
  3.553656e-01   4.328218e-13   9.753251e-04   1.155653e-14   1308
  3.588126e-01   4.395367e-13   9.788304e-04   1.066382e-14   1512
  3.622462e-01   3.989019e-13   7.986109e-04   1.081939e-14   1350
  3.657845e-01   4.064286e-13   1.055155e-03   9.917294e-15   1608
  3.688093e-01   4.121538e-13   9.074168e-04   1.138058e-14   1320
  3.723318e-01   4.082866e-13   1.093091e-03   1.026353e-14   1656
  3.755028e-01   3.750467e-13   8.593531e-04   9.957583e-15   1254
  3.791706e-01   3.780413e-13   9.807940e-04   8.545122e-15   1932
  3.826277e-01   3.749560e-13   8.807497e-04   9.867182e-15   1640
  3.860340e-01   3.482733e-13   9.142769e-04   8.755404e-15   1488
  3.892465e-01   3.426396e-13   8.838091e-04   8.789815e-15   1560
  3.929003e-01   3.231758e-13   1.061554e-03   7.658329e-15   2046
  3.962918e-01   3.171648e-13   9.522112e-04   8.285453e-15   1512
  3.995770e-01   3.230673e-13   9.476029e-04   7.428510e-15   1764
  4.028533e-01   3.006599e-13   9.447944e-04   6.983536e-15   1776
  4.062341e-01   3.032816e-13   1.135757e-03   7.225670e-15   1704
  4.098613e-01   2.853656e-13   1.112243e-03   6.052835e-15   2126
  4.131278e-01   2.763844e-13   7.726530e-04   6.465284e-15   1632
  4.164062e-01   2.761196e-13   1.029302e-03   5.854437e-15   2064
  4.197114e-01   2.849134e-13   8.486884e-04   6.794574e-15   1680
  4.233078e-01   2.625502e-13   9.519603e-04   5.855379e-15   2154
  4.266550e-01   2.601585e-13   9.636572e-04   5.689166e-15   2016
  4.302596e-01   2.468433e-13   1.057936e-03   4.932778e-15   2304
  4.335625e-01   2.582020e-13   8.422558e-04   6.451545e-15   1680
  4.369940e-01   2.446810e-13   9.757286e-04   5.229000e-15   2432
  4.404338e-01   2.288366e-13   9.614444e-04   5.216547e-15   1902
  4.438479e-01   2.235183e-13   9.886846e-04   4.462870e-15   2292
  4.468928e-01   2.146826e-13   7.831116e-04   4.907132e-15   1992
  4.505057e-01   2.118875e-13   1.003841e-03   4.056950e-15   2568
  4.539799e-01   2.100606e-13   8.764344e-04   4.850610e-15   1806
  4.574906e-01   2.135443e-13   1.078056e-03   4.121893e-15   3000
  4.610452e-01   2.090450e-13   9.809961e-04   4.626158e-15   2016
  4.640126e-01   2.095880e-13   9.156925e-04   4.479053e-15   2168
  4.673956e-01   2.013854e-13   9.350459e-04   4.203431e-15   2412
  4.709322e-01   1.856835e-13   1.022794e-03   3.693878e-15   2550
  4.743353e-01   1.930239e-13   1.015444e-03   3.743375e-15   2592
  4.778871e-01   1.804268e-13   9.354682e-04   3.741247e-15   2496
  4.812642e-01   1.743398e-13   1.034855e-03   3.394879e-15   2688
  4.846328e-01   1.712211e-13   8.939911e-04   3.399216e-15   2424
  4.881831e-01   1.664262e-13   8.203417e-04   3.256565e-15   2634
  4.913828e-01   1.665823e-13   9.840370e-04   3.234418e-15   2552
  4.945705e-01   1.641822e-13   1.032361e-03   3.127180e-15   2832
  4.981085e-01   1.558169e-13   9.803825e-04   3.074982e-15   2424
  5.015971e-01   1.506358e-13   1.087506e-03   2.562319e-15   3198
  5.048631e-01   1.533541e-13   8.681062e-04   2.957609e-15   2400
  5.083252e-01   1.570943e-13   9.985776e-04   2.732453e-15   3336
  5.119027e-01   1.419180e-13   8.404887e-04   2.988320e-15   2508
  5.150462e-01   1.449926e-13   1.013004e-03   2.697274e-15   3104
  5.187218e-01   1.414272e-13   1.019172e-03   2.547565e-15   2934
  5.220343e-01   1.375005e-13   9.369744e-04   2.525764e-15   3120
  5.256263e-01   1.304313e-13   1.045384e-03   2.178208e-15   3288
  5.289357e-01   1.336517e-13   8.800568e-04   2.487539e-15   2808
  5.323338e-01   1.227259e-13   1.104468e-03   2.267073e-15   2988
  5.357545e-01   1.233265e-13   1.011140e-03   2.185306e-15   3486
  5.390675e-01   1.290667e-13   9.571221e-04   2.535477e-15   3000
  5.422664e-01   1.252617e-13   8.325653e-04   2.215850e-15   3024
  5.458504e-01   1.182664e-13   9.168226e-04   1.984003e-15   3584
  5.494456e-01   1.206854e-13   9.821560e-04   2.044367e-15   3486
  5.527991e-01   1.149384e-13   8.845337e-04   2.050212e-15   3120
  5.560782e-01   1.153537e-13   8.734506e-04   1.923835e-15   3396
  5.593885e-01   1.077704e-13   9.978964e-04   1.853591e-15   3552
  5.629224e-01   1.076799e-13   9.603534e-04   1.768030e-15   3384
  5.664153e-01   1.067504e-13   9.777364e-04   1.787553e-15   3726
  5.697413e-01   1.054442e-13   9.475502e-04   1.896789e-15   3344
  5.729010e-01   1.070239e-13   9.736455e-04   1.750760e-15   3744
  5.765144e-01   1.002917e-13   9.477817e-04   1.683847e-15   3540
  5.799021e-01   9.864535e-14   1.006149e-03   1.530190e-15   3822
  5.834565e-01   9.614144e-14   9.878124e-04   1.435353e-15   4056
  5.866916e-01   9.498110e-14   9.078164e-04   1.581707e-15   3288
  5.900838e-01   9.040580e-14   1.048596e-03   1.456976e-15   4056
  5.934141e-01   9.161875e-14   9.605270e-04   1.462940e-15   3984
  5.970600e-01   9.252664e-14   8.831345e-04   1.541420e-15   3662
  6.001481e-01   8.886520e-14   9.636098e-04   1.496586e-15   3828
  6.036318e-01   8.759690e-14   1.089370e-03   1.208365e-15   4632
  6.071049e-01   8.617295e-14   8.410059e-04   1.447463e-15   3600
  6.105769e-01   8.168590e-14   9.985737e-04   1.286476e-15   4320
  6.138621e-01   8.003909e-14   7.834444e-04   1.252466e-15   3918
  6.171787e-01   8.216864e-14   9.014176e-04   1.281365e-15   4200
  6.205131e-01   8.235460e-14   1.022920e-03   1.288605e-15   4188
  6.239700e-01   7.728742e-14   1.038929e-03   1.140548e-15   4360
  6.274803e-01   7.598782e-14   1.038850e-03   1.133218e-15   4582
  6.308743e-01   7.765153e-14   9.234335e-04   1.260565e-15   4128
  6.343253e-01   7.473619e-14   9.920101e-04   1.107835e-15   4752
  6.375752e-01   7.651015e-14   9.131947e-04   1.165931e-15   4176
  6.411096e-01   6.955944e-14   1.050053e-03   1.007439e-15   4848
  6.446482e-01   7.104403e-14   9.123418e-04   1.099082e-15   4338
  6.479820e-01   7.112411e-14   9.957341e-04   1.008543e-15   5160
  6.512782e-01   6.943907e-14   8.072490e-04   1.109959e-15   4008
  6.548541e-01   6.672488e-14   1.067151e-03   9.355590e-16   5360
  6.581452e-01   6.657229e-14   9.926354e-04   1.005981e-15   4110
  6.615688e-01   6.603926e-14   1.063460e-03   8.995486e-16   5424
  6.648330e-01   6.271199e-14   9.093259e-04   1.010009e-15   4140
  6.682670e-01   6.395340e-14   1.015985e-03   8.394885e-16   5664
  6.717913e-01   6.270013e-14   8.830334e-04   9.010244e-16   4632
  6.751475e-01   6.090695e-14   9.313969e-04   8.763443e-16   4902
  6.784717e-01   6.241161e-14   9.953030e-04   8.802237e-16   5072
  6.818744e-01   6.155135e-14   9.385334e-04   8.332784e-16   5472
  6.852422e-01   5.911840e-14   9.538134e-04   8.523695e-16   4704
  6.886975e-01   5.936760e-14   1.047734e-03   8.130417e-16   5436
  6.922157e-01   5.725337e-14   9.975801e-04   7.440295e-16   5646
  6.954149e-01   5.771320e-14   8.926250e-04   8.448889e-16   4512
  6.988202e-01   5.489157e-14   1.140100e-03   7.016425e-16   6120
  7.023308e-01   5.512561e-14   8.820433e-04   7.716746e-16   5112
  7.057067e-01   5.519081e-14   1.042362e-03   7.266700e-16   5606
  7.091042e-01   5.276913e-14   9.714200e-04   7.348206e-16   5328
  7.124930e-01   5.138903e-14   9.787204e-04   6.825081e-16   5964
  7.158971e-01   5.091295e-14   9.940447e-04   7.019901e-16   5448
  7.193484e-01   4.892496e-14   1.017941e-03   6.369995e-16   5904
  7.228752e-01   4.885867e-14   1.000362e-03   6.480305e-16   5598
  7.261287e-01   4.880207e-14   9.386933e-04   6.372969e-16   5952
  7.294916e-01   4.786010e-14   1.026954e-03   6.532406e-16   5688
  7.328942e-01   4.784326e-14   9.846955e-04   6.263937e-16   5876
  7.362274e-01   4.727042e-14   9.604209e-04   6.286550e-16   5784
  7.396880e-01   4.469162e-14   9.580629e-04   5.503004e-16   6462
  7.431585e-01   4.676673e-14   1.033342e-03   6.327174e-16   5688
  7.463730e-01   4.545119e-14   9.533939e-04   5.877234e-16   6408
  7.498476e-01   4.297907e-14   9.842501e-04   5.432066e-16   6000
  7.533888e-01   4.351241e-14   1.059159e-03   5.321647e-16   6582
  7.568883e-01   4.292273e-14   1.008047e-03   5.431703e-16   6564
  7.601644e-01   4.199240e-14   8.888373e-04   5.402932e-16   6048
  7.635621e-01   4.046990e-14   1.018608e-03   5.101243e-16   6512
  7.671229e-01   4.142985e-14   1.012583e-03   5.087634e-16   6816
  7.705313e-01   4.154419e-14   8.855598e-04   5.420691e-16   6222
  7.737298e-01   4.045716e-14   9.227087e-04   5.175402e-16   6432
  7.771462e-01   3.945581e-14   9.712111e-04   4.730157e-16   6804
  7.805425e-01   3.948807e-14   9.154579e-04   5.033615e-16   6432
  7.838667e-01   3.816073e-14   1.076466e-03   4.669046e-16   6846
  7.872436e-01   3.814107e-14   9.829553e-04   4.722959e-16   6424
  7.904718e-01   3.655915e-14   8.822090e-04   4.524971e-16   6952
  7.940184e-01   3.713273e-14   1.063073e-03   4.256142e-16   7560
  7.975016e-01   3.636966e-14   9.134936e-04   4.477334e-16   6648
  8.010940e-01   3.587155e-14   1.003794e-03   4.251879e-16   7578
  8.042561e-01   3.545502e-14   9.063446e-04   4.360997e-16   6552
  8.076731e-01   3.418452e-14   9.979139e-04   4.061462e-16   7536
  8.111567e-01   3.379673e-14   9.132376e-04   3.933669e-16   7272
  8.145479e-01   3.416026e-14   9.728104e-04   4.123670e-16   6936
  8.178031e-01   3.287097e-14   9.977143e-04   3.766407e-16   7430
  8.213250e-01   3.281305e-14   1.045033e-03   3.721734e-16   7644
  8.245935e-01   3.181280e-14   9.307740e-04   3.793127e-16   7248
  8.281463e-01   3.171082e-14   1.064794e-03   3.492403e-16   8232
  8.316185e-01   3.136506e-14   9.710105e-04   3.748267e-16   7038
  8.349567e-01   3.129645e-14   9.438683e-04   3.574827e-16   7824
  8.382335e-01   3.037511e-14   9.942267e-04   3.442420e-16   7752
  8.416157e-01   2.926483e-14   1.003152e-03   3.407143e-16   7480
  8.451302e-01   2.992734e-14   1.011833e-03   3.284156e-16   8404
  8.485444e-01   3.017754e-14   9.399091e-04   3.367340e-16   7614
  8.518207e-01   2.947587e-14   9.844427e-04   3.378739e-16   7776
  8.551174e-01   2.921230e-14   9.392352e-04   3.320538e-16   7944
  8.585635e-01   2.869293e-14   9.766291e-04   3.157308e-16   8424
  8.619639e-01   2.754487e-14   9.583464e-04   3.190703e-16   7872
  8.654765e-01   2.732528e-14   9.630186e-04   2.942382e-16   8658
  8.688452e-01   2.772629e-14   9.611694e-04   3.104116e-16   8352
  8.723129e-01   2.725136e-14   9.655449e-04   2.989239e-16   8648
  8.755912e-01   2.761458e-14   9.149173e-04   3.100255e-16   7680
  8.790367e-01   2.624928e-14   9.531068e-04   2.806799e-16   8646
  8.822382e-01   2.677003e-14   9.234329e-04   2.864143e-16   8448
  8.857769e-01   2.668344e-14   9.812644e-04   2.866364e-16   9120
  8.891913e-01   2.473694e-14   9.588814e-04   2.726316e-16   8316
  8.926442e-01   2.554835e-14   1.034938e-03   2.621433e-16   9504
  8.961124e-01   2.546821e-14   9.411707e-04   2.813042e-16   8358
  8.995737e-01   2.426639e-14   9.948383e-04   2.530805e-16   9584
  9.029179e-01   2.400049e-14   9.519874e-04   2.581037e-16   8616
  9.063714e-01   2.461200e-14   1.036501e-03   2.516451e-16   9432
  9.098983e-01   2.411476e-14   1.054421e-03   2.564256e-16   9018
  9.130995e-01   2.339328e-14   8.925739e-04   2.491568e-16   8568
  9.164447e-01   2.276776e-14   9.935089e-04   2.238171e-16   9816
  9.199052e-01   2.342986e-14   9.405935e-04   2.490153e-16   9000
  9.233247e-01   2.296783e-14   9.837551e-04   2.417571e-16   9504
  9.267306e-01   2.210198e-14   1.006398e-03   2.253245e-16   9446
  9.300802e-01   2.261227e-14   9.624225e-04   2.269338e-16   9696
  9.335244e-01   2.187053e-14   8.956216e-04   2.252662e-16   9180
  9.369074e-01   2.132641e-14   1.035278e-03   2.106602e-16   10512
  9.403628e-01   2.198229e-14   9.787470e-04   2.332008e-16   9048
  9.437812e-01   2.069329e-14   9.387702e-04   2.070280e-16   10014
  9.469467e-01   2.070779e-14   9.162358e-04   2.233991e-16   9096
  9.503901e-01   2.043586e-14   1.048815e-03   1.937843e-16   11088
  9.540508e-01   2.092085e-14   1.020389e-03   2.097115e-16   9860
  9.574037e-01   1.972176e-14   9.672113e-04   2.002265e-16   10110
  9.607663e-01   2.028817e-14   1.006739e-03   2.069972e-16   10104
  9.641489e-01   1.991700e-14   9.545583e-04   1.971561e-16   10392
  9.675729e-01   1.947613e-14   9.880976e-04   1.888797e-16   10104
  9.710628e-01   1.947408e-14   1.022530e-03   1.808725e-16   11352
  9.746180e-01   1.877049e-14   9.364871e-04   1.899174e-16   10014
  9.777749e-01   1.903029e-14   8.644241e-04   1.950230e-16   9636
  9.811143e-01   1.843008e-14   1.024502e-03   1.717647e-16   11552
  9.846389e-01   1.816407e-14   9.519720e-04   1.797074e-16   10488
  9.880418e-01   1.843088e-14   9.942196e-04   1.846439e-16   10254
  9.913535e-01   1.767963e-14   9.360901e-04   1.663201e-16   11304
  9.947947e-01   1.798668e-14   9.500453e-04   1.752311e-16   10872
  9.982198e-01   1.758523e-14   1.018789e-03   1.691560e-16   10932
  1.001538e+00   1.721514e-14   9.191792e-04   1.707656e-16   10848
  1.004968e+00   1.723226e-14   9.613098e-04   1.635927e-16   10998
  1.008371e+00   1.697791e-14   1.010151e-03   1.567964e-16   11720
  1.011785e+00   1.711561e-14   9.293623e-04   1.655885e-16   10776
  1.015145e+00   1.663692e-14   1.016690e-03   1.525640e-16   12072
  1.018627e+00   1.612759e-14   9.322439e-04   1.564367e-16   10704
  1.021966e+00   1.637830e-14   9.563293e-04   1.533383e-16   11730
  1.025452e+00   1.617094e-14   9.932906e-04   1.487719e-16   12144
  1.028814e+00   1.578561e-14   9.411395e-04   1.484683e-16   11568
  1.032333e+00   1.555726e-14   1.018099e-03   1.433523e-16   11552
  1.035496e+00   1.553341e-14   9.188638e-04   1.477963e-16   10926
  1.038938e+00   1.576628e-14   1.040698e-03   1.365450e-16   13032
  1.042312e+00   1.581752e-14   8.505148e-04   1.546852e-16   10776
  1.045727e+00   1.514406e-14   1.046983e-03   1.316398e-16   13116
  1.049219e+00   1.492748e-14   9.853293e-04   1.372204e-16   12288
  1.052658e+00   1.441952e-14   9.056138e-04   1.371978e-16   11262
  1.055879e+00   1.471485e-14   9.783290e-04   1.327437e-16   12672
  1.059343e+00   1.460575e-14   9.592412e-04   1.288645e-16   12624
  1.062777e+00   1.427898e-14   9.623576e-04   1.284787e-16   12392
  1.066184e+00   1.418356e-14   9.864834e-04   1.308509e-16   12060
  1.069636e+00   1.421334e-14   1.040331e-03   1.237990e-16   13662
  1.072946e+00   1.387019e-14   8.984272e-04   1.286615e-16   11592
  1.076393e+00   1.372343e-14   1.067653e-03   1.202987e-16   13776
  1.079833e+00   1.381871e-14   9.079546e-04   1.262435e-16   12240
  1.083287e+00   1.328241e-14   1.046073e-03   1.150092e-16   13662
  1.086532e+00   1.346255e-14   8.990309e-04   1.237203e-16   11520
  1.090035e+00   1.328305e-14   1.036209e-03   1.083192e-16   15044
  1.093490e+00   1.324415e-14   9.313428e-04   1.193019e-16   12384
  1.096882e+00   1.266230e-14   9.804345e-04   1.141480e-16   13176
  1.100202e+00   1.259787e-14   8.879465e-04   1.115693e-16   12798
  1.103628e+00   1.297294e-14   1.008480e-03   1.113679e-16   14376
  1.106957e+00   1.245607e-14   9.586156e-04   1.123247e-16   12528
  1.110377e+00   1.247224e-14   1.006656e-03   1.068438e-16   14100
  1.113686e+00   1.258436e-14   9.133782e-04   1.185773e-16   12630
  1.117102e+00   1.209062e-14   9.919328e-04   1.017200e-16   14624
  1.120482e+00   1.234015e-14   9.894156e-04   1.077886e-16   13272
  1.123923e+00   1.208686e-14   1.008580e-03   1.008059e-16   14664
  1.127428e+00   1.162943e-14   1.031064e-03   9.599191e-17   14328
  1.130809e+00   1.168463e-14   9.574326e-04   1.023038e-16   13086
  1.134236e+00   1.155635e-14   1.030026e-03   9.367228e-17   15612
  1.137653e+00   1.172860e-14   8.878573e-04   1.034934e-16   13416
  1.140971e+00   1.144713e-14   1.044367e-03   9.630185e-17   14360
  1.144380e+00   1.132969e-14   9.770905e-04   9.583363e-17   14064
  1.147853e+00   1.128596e-14   1.005516e-03   9.198962e-17   15750
  1.151277e+00   1.094837e-14   9.498220e-04   9.442323e-17   13680
  1.154655e+00   1.117529e-14   1.034040e-03   9.158989e-17   15468
  1.158090e+00   1.071805e-14   9.964048e-04   9.129881e-17   14352
  1.161422e+00   1.073044e-14   9.831061e-04   8.860869e-17   14454
  1.164771e+00   1.093445e-14   1.009534e-03   9.038624e-17   15048
  1.168219e+00   1.024183e-14   9.356739e-04   8.465532e-17   15360
  1.171622e+00   1.058496e-14   1.028303e-03   8.572470e-17   15224
  1.175043e+00   1.035028e-14   9.737025e-04   8.441778e-17   15096
  1.178436e+00   1.048572e-14   9.513142e-04   8.739636e-17   14514
  1.181744e+00   1.044022e-14   9.972118e-04   8.357421e-17   16416
  1.185216e+00   1.008469e-14   9.813109e-04   8.250309e-17   15216
  1.188760e+00   1.019865e-14   9.875256e-04   8.113932e-17   16440
  1.192145e+00   1.002540e-14   9.934307e-04   8.384782e-17   14904
  1.195382e+00   9.911864e-15   9.331760e-04   8.092133e-17   15134
  1.198830e+00   9.936425e-15   1.044008e-03   7.926399e-17   16644
  1.202273e+00   9.591510e-15   9.801415e-04   7.839519e-17   16128
  1.205649e+00   9.747153e-15   9.739380e-04   7.946098e-17   15384
  1.208976e+00   9.542128e-15   9.574053e-04   7.714874e-17   15462
  1.212384e+00   9.592467e-15   1.022817e-03   7.285656e-17   17304
  1.215857e+00   9.363301e-15   9.644898e-04   7.459634e-17   16176
  1.219267e+00   9.417053e-15   1.020273e-03   7.348156e-17   16824
  1.222757e+00   8.957129e-15   9.384566e-04   7.210651e-17   15980
  1.226044e+00   9.233672e-15   9.341167e-04   7.364202e-17   16326
  1.229359e+00   9.016463e-15   9.971528e-04   7.135383e-17   16488
  1.232793e+00   8.900420e-15   9.674257e-04   6.954661e-17   16944
  1.236242e+00   8.904858e-15   1.018099e-03   6.875535e-17   17256
  1.239567e+00   8.629767e-15   9.442015e-04   6.906190e-17   15966
  1.243019e+00   8.803131e-15   1.002557e-03   6.798781e-17   17628
  1.246398e+00   8.499934e-15   9.523046e-04   6.674455e-17   17280
  1.249813e+00   8.455504e-15   1.048272e-03   6.512500e-17   17056
  1.253179e+00   8.416013e-15   9.884505e-04   6.542766e-17   17296
  1.256693e+00   8.240058e-15   9.682006e-04   6.270637e-17   17526
  1.260009e+00   8.342068e-15   9.743928e-04   6.349321e-17   17592
  1.263462e+00   8.302824e-15   1.013641e-03   6.316536e-17   17880
  1.266826e+00   8.206815e-15   9.399981e-04   6.477789e-17   17028
  1.270153e+00   8.208910e-15   9.558687e-04   6.331756e-17   17376
  1.273537e+00   8.265122e-15   9.489771e-04   6.166130e-17   18414
  1.277033e+00   7.945746e-15   9.732250e-04   5.944309e-17   17840
  1.280422e+00   7.874052e-15   1.021714e-03   5.871829e-17   18960
  1.283800e+00   7.816048e-15   9.491477e-04   6.094602e-17   16992
  1.287191e+00   7.821266e-15   1.045598e-03   5.869335e-17   18378
  1.290511e+00   7.887634e-15   9.309987e-04   6.109866e-17   18192
  1.293964e+00   7.651287e-15   9.939797e-04   5.596994e-17   19320
  1.297392e+00   7.572683e-15   9.640812e-04   5.728589e-17   17856
  1.300808e+00   7.277319e-15   9.952112e-04   5.432705e-17   19128
  1.304168e+00   7.477020e-15   9.205139e-04   5.632851e-17   18246
  1.307589e+00   7.465799e-15   9.567778e-04   5.443801e-17   19184
  1.310975e+00   7.197381e-15   9.792411e-04   5.280336e-17   18900
  1.314454e+00   7.222862e-15   1.021314e-03   5.229035e-17   19776
  1.317772e+00   7.252482e-15   9.370417e-04   5.683561e-17   17814
  1.321221e+00   7.203002e-15   1.019691e-03   5.221653e-17   19944
  1.324582e+00   7.234355e-15   1.005872e-03   5.267886e-17   19536
  1.328059e+00   7.050608e-15   9.953972e-04   5.026100e-17   20112
  1.331434e+00   6.862645e-15   9.251142e-04   5.304628e-17   18116
  1.334798e+00   6.836394e-15   9.644510e-04   4.830536e-17   19878
  1.338104e+00   6.888347e-15   9.747533e-04   4.937930e-17   19800
  1.341597e+00   6.902824e-15   9.746917e-04   4.980021e-17   20136
  1.345077e+00   6.656645e-15   1.025284e-03   4.783324e-17   20808
  1.348466e+00   6.640752e-15   9.288316e-04   4.960215e-17   19152
  1.351874e+00   6.572985e-15   9.810813e-04   4.718943e-17   20526
  1.355317e+00   6.567833e-15   1.009394e-03   4.810528e-17   20532
  1.358658e+00   6.640717e-15   1.003080e-03   4.786355e-17   20120
  1.361967e+00   6.395833e-15   9.347410e-04   4.756695e-17   19512
  1.365426e+00   6.364932e-15   1.015429e-03   4.520280e-17   21246
  1.368810e+00   6.472256e-15   9.234922e-04   4.719344e-17   20112
  1.372239e+00   6.366312e-15   1.028308e-03   4.376844e-17   22104
  1.375656e+00   6.207420e-15   1.009051e-03   4.531439e-17   19620
  1.379051e+00   6.132522e-15   1.002997e-03   4.272982e-17   21912
  1.382450e+00   6.230234e-15   9.358667e-04   4.521166e-17   20070
  1.385835e+00   6.170100e-15   1.019290e-03   4.287781e-17   22064
  1.389281e+00   6.054308e-15   9.677197e-04   4.258474e-17   21048
  1.392624e+00   6.107091e-15   9.464641e-04   4.290095e-17   21168
  1.396022e+00   6.078293e-15   1.023526e-03   4.271390e-17   21384
  1.399510e+00   5.841787e-15   9.261037e-04   4.052083e-17   22146
  1.402917e+00   6.085170e-15   9.907340e-04   4.188013e-17   22200
  1.406352e+00   5.750570e-15   9.384676e-04   4.021300e-17   21648
  1.409715e+00   5.660220e-15   1.004739e-03   4.005454e-17   21144
  1.413042e+00   5.651421e-15   9.557029e-04   3.907749e-17   21710
  1.416464e+00   5.684043e-15   1.015437e-03   3.793366e-17   23112
  1.419994e+00   5.672648e-15   1.013025e-03   3.830974e-17   23064
  1.423397e+00   5.638558e-15   9.375385e-04   3.930701e-17   21252
  1.426667e+00   5.555955e-15   9.398251e-04   3.768890e-17   22128
  1.430079e+00   5.591691e-15   9.741612e-04   3.805630e-17   22446
  1.433489e+00   5.378386e-15   9.547049e-04   3.707211e-17   22848
  1.436865e+00   5.457681e-15   9.559285e-04   3.686276e-17   23208
  1.440318e+00   5.452460e-15   9.839042e-04   3.699008e-17   22536
  1.443716e+00   5.334321e-15   9.977885e-04   3.626663e-17   22586
  1.447106e+00   5.423866e-15   1.017372e-03   3.632588e-17   24096
  1.450516e+00   5.347774e-15   9.545662e-04   3.685573e-17   22440
  1.453882e+00   5.353120e-15   1.040231e-03   3.589743e-17   23400
  1.457251e+00   5.173351e-15   9.449552e-04   3.505137e-17   23232
  1.460730e+00   5.200399e-15   9.950400e-04   3.460971e-17   23886
  1.464083e+00   5.135829e-15   9.568206e-04   3.535270e-17   23376
  1.467479e+00   5.131255e-15   9.653968e-04   3.457370e-17   23540
  1.470837e+00   5.034345e-15   9.576052e-04   3.338530e-17   24240
  1.474322e+00   5.045239e-15   1.007568e-03   3.388934e-17   23952
  1.477751e+00   5.011780e-15   9.425996e-04   3.357595e-17   24006
  1.481188e+00   4.943997e-15   1.057459e-03   3.186067e-17   25560
  1.484513e+00   4.942462e-15   9.375935e-04   3.381306e-17   22728
  1.487845e+00   4.863056e-15   9.449672e-04   3.245023e-17   23556
  1.491222e+00   4.837864e-15   9.861154e-04   3.203247e-17   25398
  1.494647e+00   4.941486e-15   9.661087e-04   3.278288e-17   24088
  1.498058e+00   4.843692e-15   1.005693e-03   3.111114e-17   25696
  1.501476e+00   4.806249e-15   9.445009e-04   3.236826e-17   24144
  1.504866e+00   4.618590e-15   1.009435e-03   3.026621e-17   25560
  1.508279e+00   4.654756e-15   9.311536e-04   3.131487e-17   24246
  1.511702e+00   4.762532e-15   9.886422e-04   3.040108e-17   26292
  1.515117e+00   4.626878e-15   9.750958e-04   3.056946e-17   25200
  1.518516e+00   4.591254e-15   1.015518e-03   2.997695e-17   25296
  1.521840e+00   4.516317e-15   9.273872e-04   2.997153e-17   24192
  1.525374e+00   4.523449e-15   1.024084e-03   2.779196e-17   28646
  1.528819e+00   4.480728e-15   9.416682e-04   2.976958e-17   24552
  1.532197e+00   4.479890e-15   9.871622e-04   2.924849e-17   25788
  1.535497e+00   4.410749e-15   9.319875e-04   2.900227e-17   25272
  1.538910e+00   4.338735e-15   1.008561e-03   2.830639e-17   26118
  1.542254e+00   4.372867e-15   9.872169e-04   2.836274e-17   26016
  1.545754e+00   4.296314e-15   9.973691e-04   2.675851e-17   27792
  1.549107e+00   4.308784e-15   9.782537e-04   2.844611e-17   25072
  1.552489e+00   4.221801e-15   1.013302e-03   2.663197e-17   26824
  1.555876e+00   4.264723e-15   9.251742e-04   2.765837e-17   26106
  1.559322e+00   4.204890e-15   1.018165e-03   2.621429e-17   28296
  1.562736e+00   4.196814e-15   9.795929e-04   2.688203e-17   26640
  1.566139e+00   4.099541e-15   9.326427e-04   2.615612e-17   26064
  1.569509e+00   4.122983e-15   1.023197e-03   2.520719e-17   27822
  1.572858e+00   4.156507e-15   9.509197e-04   2.717157e-17   26160
  1.576250e+00   4.142752e-15   1.045692e-03   2.609301e-17   28108
  1.579675e+00   4.088914e-15   9.994315e-04   2.601548e-17   27664
  1.583072e+00   4.040497e-15   9.941707e-04   2.528369e-17   27600
  1.586528e+00   3.975850e-15   9.963156e-04   2.489845e-17   27510
  1.589938e+00   4.015057e-15   9.859005e-04   2.507729e-17   28848
  1.593332e+00   3.911698e-15   9.762803e-04   2.465290e-17   27744
  1.596742e+00   3.922602e-15   9.511846e-04   2.418655e-17   27888
  1.600131e+00   3.890397e-15   9.670142e-04   2.452242e-17   27780
  1.603528e+00   3.923213e-15   9.742031e-04   2.428839e-17   28734
  1.606889e+00   3.869387e-15   1.005991e-03   2.419808e-17   28232
  1.610329e+00   3.843117e-15   1.000286e-03   2.335566e-17   29016
  1.613693e+00   3.796693e-15   9.883033e-04   2.339214e-17   28056
  1.617078e+00   3.818546e-15   9.591200e-04   2.363713e-17   28710
  1.620494e+00   3.796259e-15   1.013131e-03   2.326555e-17   29220
  1.624041e+00   3.685237e-15   1.036386e-03   2.212313e-17   31584
  1.627400e+00   3.661425e-15   9.553743e-04   2.327933e-17   26904
  1.630674e+00   3.681859e-15   9.285874e-04   2.301435e-17   28512
  1.634161e+00   3.630638e-15   1.000248e-03   2.160936e-17   30878
  1.637619e+00   3.649139e-15   1.004557e-03   2.191318e-17   30408
  1.641002e+00   3.639503e-15   9.703596e-04   2.228781e-17   28632
  1.644329e+00   3.571498e-15   9.338123e-04   2.176237e-17   28764
  1.647688e+00   3.544520e-15   1.038911e-03   2.131456e-17   30630
  1.651141e+00   3.524215e-15   9.619060e-04   2.152962e-17   30240
  1.654600e+00   3.551942e-15   9.855083e-04   2.130768e-17   31008
  1.657971e+00   3.514254e-15   9.439236e-04   2.170552e-17   29240
  1.661283e+00   3.415200e-15   9.632944e-04   2.087189e-17   30000
  1.664737e+00   3.451158e-15   1.019644e-03   2.072117e-17   30978
  1.668138e+00   3.380367e-15   9.612856e-04   2.033587e-17   30696
  1.671525e+00   3.409121e-15   1.007582e-03   2.030682e-17   31320
  1.674870e+00   3.349501e-15   9.416567e-04   2.067611e-17   29280
  1.678263e+00   3.318622e-15   1.006944e-03   1.984905e-17   31488
  1.681653e+00   3.322864e-15   9.453471e-04   1.988847e-17   31326
  1.685080e+00   3.340710e-15   1.015014e-03   2.015384e-17   31480
  1.688539e+00   3.317900e-15   9.846423e-04   1.942679e-17   32572
  1.691988e+00   3.250973e-15   9.852371e-04   1.934130e-17   31296
  1.695337e+00   3.255588e-15   9.580987e-04   1.982104e-17   30798
  1.698756e+00   3.279538e-15   1.019947e-03   1.965077e-17   32256
  1.702112e+00   3.214497e-15   9.851718e-04   1.889701e-17   32088
  1.705471e+00   3.192657e-15   9.749849e-04   1.941585e-17   30936
  1.708872e+00   3.189673e-15   1.013665e-03   1.862241e-17   33036
  1.712340e+00   3.121714e-15   9.814605e-04   1.877694e-17   31846
  1.715716e+00   3.137175e-15   1.000452e-03   1.800992e-17   33832
  1.719107e+00   3.115579e-15   9.267229e-04   1.878299e-17   30912
  1.722470e+00   3.067958e-15   9.718409e-04   1.797767e-17   32976
  1.725849e+00   3.036069e-15   9.589091e-04   1.771901e-17   32712
  1.729299e+00   3.051407e-15   9.694589e-04   1.763683e-17   33438
  1.732697e+00   3.082042e-15   9.759808e-04   1.802752e-17   32556
  1.736008e+00   3.011336e-15   9.673595e-04   1.763549e-17   33144
  1.739423e+00   3.018024e-15   9.568897e-04   1.777775e-17   33504
  1.742928e+00   2.977524e-15   9.907617e-04   1.744072e-17   33542
  1.746251e+00   2.980816e-15   9.761088e-04   1.722041e-17   33768
  1.749697e+00   2.951969e-15   9.890657e-04   1.678534e-17   34368
  1.753059e+00   2.956734e-15   9.398519e-04   1.743773e-17   32856
  1.756491e+00   2.906372e-15   9.718883e-04   1.654578e-17   34524
  1.759859e+00   2.916226e-15   9.230442e-04   1.719791e-17   33510
  1.763319e+00   2.907167e-15   1.033008e-03   1.635278e-17   35856
  1.766738e+00   2.862273e-15   9.789033e-04   1.685857e-17   33888
  1.770094e+00   2.834368e-15   9.592478e-04   1.668142e-17   33752
  1.773444e+00   2.826849e-15   1.008735e-03   1.599309e-17   34902
  1.776965e+00   2.827417e-15   9.868343e-04   1.624521e-17   35484
  1.780394e+00   2.817817e-15   1.015830e-03   1.591485e-17   36648
  1.783785e+00   2.749574e-15   9.394377e-04   1.615021e-17   33000
  1.787135e+00   2.757459e-15   1.015728e-03   1.557001e-17   35520
  1.790596e+00   2.723620e-15   9.921111e-04   1.528661e-17   36078
  1.793965e+00   2.789909e-15   9.711127e-04   1.613894e-17   34992
  1.797329e+00   2.715575e-15   9.608864e-04   1.572215e-17   35072
  1.800764e+00   2.700754e-15   1.007567e-03   1.502770e-17   36876
  1.804084e+00   2.684136e-15   9.316889e-04   1.618685e-17   33216
  1.807491e+00   2.661686e-15   1.032331e-03   1.469273e-17   38382
  1.810984e+00   2.640605e-15   9.682750e-04   1.500473e-17   36072
  1.814418e+00   2.633418e-15   9.696935e-04   1.467235e-17   37464
  1.817773e+00   2.611799e-15   9.320563e-04   1.525221e-17   34416
  1.821192e+00   2.637759e-15   1.021416e-03   1.460054e-17   37386
  1.824585e+00   2.652477e-15   9.752191e-04   1.505369e-17   37040
  1.827967e+00   2.608310e-15   9.494317e-04   1.474388e-17   36240
  1.831325e+00   2.564283e-15   1.012861e-03   1.444110e-17   36432
  1.834733e+00   2.517230e-15   9.562728e-04   1.409250e-17   37560
  1.838152e+00   2.549194e-15   9.909694e-04   1.450867e-17   37350
  1.841634e+00   2.522374e-15   1.013075e-03   1.402193e-17   38616
  1.845012e+00   2.483413e-15   9.549061e-04   1.404983e-17   37092
  1.848409e+00   2.484784e-15   9.182933e-04   1.391080e-17   37272
  1.851799e+00   2.418032e-15   1.011002e-03   1.350150e-17   37616
  1.855230e+00   2.445086e-15   9.791045e-04   1.327626e-17   38478
  1.858608e+00   2.470933e-15   9.948864e-04   1.377660e-17   37992
  1.861981e+00   2.441507e-15   9.755720e-04   1.357416e-17   38232
  1.865360e+00   2.394548e-15   9.561314e-04   1.349472e-17   36708
  1.868749e+00   2.382307e-15   1.000812e-03   1.305100e-17   39534
  1.872173e+00   2.430059e-15   1.002785e-03   1.345193e-17   39336
  1.875572e+00   2.389017e-15   9.646922e-04   1.334576e-17   37624
  1.878977e+00   2.342154e-15   9.870851e-04   1.267089e-17   40408
  1.882408e+00   2.322162e-15   9.441395e-04   1.287114e-17   38256
  1.885822e+00   2.335291e-15   9.645504e-04   1.280344e-17   39438
  1.889268e+00   2.320145e-15   9.952977e-04   1.252140e-17   40524
  1.892622e+00   2.325417e-15   9.396870e-04   1.286890e-17   38448
  1.896001e+00   2.292222e-15   9.889896e-04   1.264032e-17   39312
  1.899370e+00   2.277916e-15   9.454305e-04   1.277826e-17   38718
  1.902752e+00   2.280481e-15   1.008786e-03   1.258021e-17   40872
  1.906153e+00   2.244632e-15   9.579164e-04   1.237929e-17   40088
  1.909607e+00   2.252621e-15   1.021028e-03   1.241128e-17   40644
  1.913014e+00   2.205415e-15   9.580841e-04   1.214602e-17   40176
  1.916440e+00   2.198308e-15   1.015811e-03   1.187287e-17   40998
  1.919781e+00   2.266221e-15   9.315444e-04   1.282596e-17   39192
  1.923177e+00   2.220154e-15   9.835940e-04   1.224947e-17   41640
  1.926591e+00   2.190918e-15   9.865853e-04   1.206480e-17   41400
  1.929954e+00   2.174472e-15   9.710201e-04   1.233443e-17   38640
  1.933373e+00   2.184569e-15   9.964131e-04   1.150305e-17   43658
  1.936792e+00   2.155956e-15   9.582756e-04   1.192849e-17   40608
  1.940176e+00   2.146242e-15   9.782447e-04   1.155798e-17   41880
  1.943631e+00   2.153078e-15   9.669901e-04   1.176785e-17   41712
  1.947085e+00   2.128324e-15   1.009457e-03   1.132488e-17   42942
  1.950463e+00   2.128248e-15   9.589570e-04   1.165155e-17   40896
  1.953853e+00   2.111072e-15   9.879975e-04   1.138055e-17   42708
  1.957213e+00   2.125814e-15   9.351117e-04   1.172748e-17   40968
  1.960629e+00   2.065518e-15   1.015965e-03   1.100937e-17   43496
  1.964036e+00   2.091255e-15   9.725754e-04   1.146524e-17   41454
  1.967447e+00   2.074093e-15   1.004526e-03   1.101363e-17   43704
  1.970751e+00   2.028789e-15   9.256831e-04   1.118194e-17   41208
  1.974178e+00   2.024889e-15   1.015706e-03   1.072780e-17   43944
  1.977639e+00   2.013404e-15   9.801018e-04   1.091948e-17   43218
  1.981069e+00   2.009481e-15   9.835304e-04   1.084342e-17   44136
  1.984421e+00   2.016448e-15   9.689214e-04   1.084254e-17   42304
  1.987802e+00   2.001774e-15   9.842599e-04   1.064455e-17   43096
  1.991130e+00   1.995750e-15   9.631295e-04   1.068374e-17   43464
  1.994604e+00   1.055968e-15   1.004342e-03   8.732602e-18   44382
  1.998002e+00   8.426461e-18   1.003266e-03   4.971522e-20   44316
  2.001426e+00   8.418034e-18   9.893154e-04   4.902777e-20   44592
  2.004809e+00   7.943972e-18   9.680892e-04   4.773142e-20   44328
  2.008236e+00   7.422622e-18   9.523162e-04   4.433021e-20   43560
  2.011631e+00   7.458731e-18   9.817514e-04   4.455954e-20   44763
  2.015012e+00   6.944288e-18   9.843293e-04   4.134510e-20   44216
  2.018416e+00   6.548782e-18   1.002968e-03   3.862385e-20   45144
  2.021845e+00   6.509403e-18   9.533111e-04   3.962639e-20   42876
  2.025221e+00   6.285655e-18   1.039094e-03   3.724511e-20   46164
  2.028603e+00   5.873442e-18   9.538972e-04   3.548164e-20   42360
  2.032052e+00   5.598843e-18   1.004468e-03   3.278632e-20   45324
  2.035424e+00   5.548863e-18   9.995889e-04   3.343335e-20   43320
  2.038817e+00   5.194404e-18   1.007297e-03   3.060043e-20   44580
  2.042292e+00   5.059930e-18   1.006134e-03   2.930067e-20   44468
  2.045700e+00   4.965787e-18   9.571103e-04   2.958333e-20   43416
  2.049007e+00   4.818135e-18   9.503154e-04   2.911313e-20   42264
  2.052427e+00   4.571558e-18   9.982480e-04   2.606104e-20   44580
  2.055855e+00   4.465288e-18   1.013336e-03   2.589616e-20   43824
  2.059268e+00   4.373501e-18   9.523479e-04   2.526424e-20   43392
  2.062640e+00   4.175553e-18   9.709336e-04   2.421385e-20   43296
  2.066077e+00   4.028685e-18   9.345634e-04   2.334562e-20   42656
  2.069429e+00   4.041816e-18   9.980838e-04   2.338448e-20   43728
  2.072869e+00   3.841063e-18   1.006399e-03   2.217842e-20   43536
  2.076268e+00   3.744917e-18   1.001616e-03   2.143127e-20   42180
  2.079670e+00   3.730722e-18   9.698728e-04   2.096241e-20   44136
  2.083087e+00   3.578895e-18   9.773400e-04   2.028390e-20   42372
  2.086460e+00   3.503785e-18   9.552676e-04   2.017307e-20   41604
  2.089832e+00   3.480701e-18   1.006521e-03   1.970326e-20   43440
  2.093239e+00   3.296409e-18   1.007289e-03   1.830514e-20   42488
  2.096600e+00   3.271998e-18   9.671663e-04   1.860931e-20   41496
  2.100046e+00   3.291614e-18   1.009561e-03   1.814603e-20   44112
  2.103476e+00   3.193991e-18   9.627245e-04   1.795599e-20   41688
  2.106847e+00   3.112859e-18   1.002887e-03   1.726086e-20   42276
  2.110231e+00   3.072151e-18   9.673004e-04   1.741522e-20   41172
  2.113637e+00   2.966644e-18   1.014189e-03   1.601468e-20   43536
  2.117060e+00   2.954717e-18   9.440682e-04   1.631111e-20   41496
  2.120446e+00   2.897572e-18   1.001696e-03   1.635590e-20   40764
  2.123824e+00   2.854451e-18   9.829124e-04   1.553358e-20   43220
  2.127251e+00   2.811282e-18   9.741948e-04   1.555231e-20   41076
  2.130650e+00   2.719524e-18   9.736862e-04   1.478427e-20   41532
  2.134066e+00   2.749024e-18   9.913433e-04   1.521538e-20   41928
  2.137452e+00   2.657944e-18   9.489903e-04   1.464572e-20   41412
  2.140836e+00   2.656950e-18   9.876425e-04   1.482652e-20   40032
  2.144200e+00   2.600826e-18   9.795004e-04   1.400980e-20   41880
  2.147583e+00   2.598614e-18   9.747362e-04   1.438100e-20   40264
  2.151008e+00   2.493760e-18   9.980952e-04   1.322966e-20   42592
  2.154444e+00   2.483392e-18   9.574599e-04   1.354719e-20   39588
  2.157836e+00   2.476991e-18   9.899106e-04   1.313189e-20   42180
  2.161205e+00   2.416287e-18   9.550806e-04   1.338935e-20   39240
  2.164591e+00   2.376925e-18   1.002498e-03   1.258701e-20   40920
  2.168021e+00   2.374050e-18   9.895186e-04   1.272946e-20   41184
  2.171435e+00   2.321902e-18   9.802064e-04   1.241609e-20   40872
  2.174814e+00   2.280388e-18   9.323587e-04   1.223180e-20   38748
  2.178230e+00   2.316290e-18   9.923713e-04   1.236475e-20   41420
  2.181596e+00   2.219293e-18   9.733624e-04   1.210752e-20   39816
  2.185019e+00   2.204070e-18   9.758566e-04   1.172525e-20   39792
  2.188398e+00   2.163838e-18   9.322510e-04   1.172072e-20   39816
  2.191853e+00   2.198396e-18   1.007568e-03   1.156520e-20   41064
  2.195255e+00   2.168305e-18   9.665765e-04   1.151598e-20   39204
  2.198703e+00   2.116313e-18   1.019970e-03   1.123485e-20   40080
  2.202014e+00   2.108519e-18   9.424963e-04   1.141122e-20   38332
  2.205420e+00   2.102781e-18   9.836872e-04   1.126669e-20   39952
  2.208814e+00   2.027074e-18   9.826829e-04   1.086583e-20   39000
  2.212292e+00   2.042094e-18   1.009126e-03   1.088353e-20   40356
  2.215686e+00   2.012495e-18   9.900841e-04   1.066411e-20   39300
  2.219073e+00   1.953842e-18   9.768590e-04   1.062492e-20   37452
  2.222434e+00   1.959798e-18   9.686015e-04   1.038987e-20   39732
  2.225893e+00   1.964904e-18   9.735156e-04   1.047790e-20   39312
  2.229261e+00   1.932948e-18   9.899780e-04   1.042108e-20   37632
  2.232646e+00   1.886067e-18   9.733727e-04   1.042466e-20   38420
  2.236046e+00   1.898341e-18   1.005997e-03   1.002473e-20   39564
  2.239457e+00   1.881744e-18   9.680250e-04   1.025473e-20   37236
  2.242822e+00   1.842000e-18   9.786551e-04   9.834625e-21   38100
  2.246202e+00   1.831129e-18   9.621843e-04   1.006298e-20   38208
  2.249650e+00   1.815871e-18   1.001343e-03   9.719421e-21   39072
  2.253028e+00   1.799292e-18   9.255374e-04   1.001574e-20   36192
  2.256433e+00   1.805253e-18   1.000569e-03   9.614510e-21   38928
  2.259875e+00   1.752359e-18   9.940952e-04   9.392188e-21   38768
  2.263364e+00   1.745921e-18   9.767718e-04   9.365511e-21   37596
  2.266775e+00   1.748304e-18   9.724364e-04   9.484008e-21   37296
  2.270122e+00   1.729459e-18   9.733477e-04   9.461157e-21   36948
  2.273485e+00   1.713026e-18   9.983394e-04   9.269252e-21   37248
  2.276967e+00   1.682558e-18   9.858991e-04   9.115291e-21   37152
  2.280308e+00   1.668689e-18   9.842197e-04   8.991266e-21   37512
  2.283721e+00   1.649407e-18   9.421972e-04   9.327687e-21   35876
  2.287109e+00   1.642326e-18   1.004095e-03   9.074739e-21   36936
  2.290550e+00   1.624389e-18   1.000342e-03   8.940962e-21   38028
  2.293967e+00   1.617394e-18   9.518210e-04   9.075160e-21   35592
  2.297304e+00   1.593802e-18   9.445855e-04   8.941370e-21   35508
  2.300680e+00   1.579266e-18   9.795177e-04   8.798048e-21   36492
  2.304133e+00   1.582519e-18   1.010473e-03   8.735355e-21   37608
  2.307551e+00   1.540490e-18   9.970499e-04   8.815548e-21   34848
  2.310869e+00   1.559713e-18   9.351021e-04   8.857976e-21   35220
  2.314285e+00   1.554732e-18   9.755168e-04   8.678096e-21   36884
  2.317699e+00   1.524242e-18   9.681382e-04   8.687986e-21   35412
  2.321162e+00   1.502972e-18   1.002430e-03   8.441047e-21   35652
  2.324531e+00   1.496409e-18   1.002197e-03   8.362633e-21   36072
  2.327908e+00   1.484462e-18   9.658515e-04   8.643793e-21   34368
  2.331324e+00   1.463008e-18   9.783685e-04   8.340389e-21   35484
  2.334741e+00   1.454290e-18   9.684744e-04   8.446706e-21   35256
  2.338088e+00   1.422204e-18   1.008122e-03   8.134909e-21   34476
  2.341506e+00   1.400427e-18   9.890537e-04   8.158036e-21   34916
  2.344896e+00   1.434802e-18   9.753182e-04   8.497637e-21   34596
  2.348289e+00   1.410144e-18   9.540538e-04   8.165703e-21   34656
  2.351696e+00   1.395285e-18   9.882911e-04   8.067145e-21   34596
  2.355125e+00   1.380812e-18   9.587525e-04   8.203386e-21   33984
  2.358476e+00   1.375246e-18   9.788210e-04   8.160221e-21   34080
  2.361852e+00   1.352384e-18   9.830509e-04   7.900526e-21   34140
  2.365304e+00   1.352907e-18   1.015340e-03   7.910826e-21   33804
  2.368719e+00   1.343447e-18   9.759441e-04   8.032787e-21   35096
  2.372155e+00   1.343109e-18   9.675675e-04   8.087498e-21   33108
  2.375492e+00   1.321173e-18   9.625095e-04   8.100596e-21   32280
  2.378878e+00   1.322425e-18   9.798228e-04   7.911829e-21   34404
  2.382324e+00   1.286994e-18   9.998368e-04   7.655888e-21   34248
  2.385781e+00   1.265100e-18   9.368618e-04   7.828057e-21   32016
  2.389171e+00   1.282359e-18   9.889111e-04   7.594353e-21   34344
  2.392588e+00   1.271565e-18   9.508792e-04   7.808895e-21   32024
  2.395887e+00   1.252149e-18   9.856404e-04   7.723712e-21   31908
  2.399315e+00   1.260598e-18   9.877149e-04   7.631983e-21   33192
  2.402753e+00   1.252623e-18   1.023393e-03   7.590337e-21   33288
  2.406122e+00   1.226690e-18   9.318436e-04   7.604837e-21   31356
  2.409537e+00   1.218981e-18   1.008572e-03   7.453121e-21   32496
  2.412934e+00   1.220646e-18   9.586275e-04   7.708375e-21   31944
  2.416251e+00   1.202850e-18   9.843477e-04   7.567721e-21   31512
  2.419642e+00   1.173487e-18   9.554269e-04   7.468932e-21   31156
  2.423118e+00   1.192575e-18   1.006701e-03   7.339698e-21   33352
  2.426525e+00   1.193441e-18   9.764504e-04   7.581568e-21   31344
  2.429966e+00   1.151842e-18   1.011019e-03   7.434935e-21   31068
  2.433353e+00   1.170502e-18   9.971418e-04   7.498426e-21   31752
  2.436684e+00   1.157028e-18   9.204472e-04   7.625834e-21   29868
  2.440099e+00   1.145146e-18   1.011444e-03   7.388943e-21   32052
  2.443539e+00   1.130115e-18   9.596990e-04   7.402104e-21   30012
  2.446898e+00   1.121618e-18   1.006915e-03   7.205021e-21   31520
  2.450354e+00   1.096683e-18   9.844685e-04   7.212731e-21   30648
  2.453706e+00   1.096902e-18   9.710870e-04   7.251509e-21   29304
  2.457112e+00   1.117256e-18   9.628022e-04   7.344911e-21   31140
  2.460584e+00   1.100932e-18   1.025697e-03   7.129166e-21   31320
  2.463992e+00   1.064885e-18   9.680019e-04   7.247476e-21   28356
  2.467346e+00   1.086984e-18   9.894595e-04   7.371118e-21   30288
  2.470691e+00   1.075966e-18   9.833600e-04   7.531458e-21   29472
  2.474056e+00   1.056802e-18   9.720749e-04   7.437673e-21   28716
  2.477529e+00   1.043462e-18   9.646939e-04   6.896865e-21   30740
  2.480961e+00   1.037917e-18   9.839130e-04   6.925389e-21   29304
  2.484327e+00   1.022149e-18   9.799311e-04   7.049574e-21   28476
  2.487752e+00   1.008302e-18   9.925668e-04   6.831454e-21   29304
  2.491155e+00   1.039153e-18   9.914075e-04   7.131607e-21   29280
  2.494601e+00   1.021140e-18   9.888067e-04   7.052851e-21   29100
  2.498031e+00   9.833791e-19   9.693726e-04   7.072668e-21   27816
  2.501330e+00   1.021702e-18   9.737231e-04   7.374082e-21   27692
  2.504737e+00   9.691448e-19   1.012495e-03   6.759142e-21   29724
  2.508211e+00   9.696744e-19   9.651031e-04   7.022005e-21   27240
  2.511571e+00   9.919004e-19   9.380122e-04   7.119787e-21   27588
  2.514934e+00   9.607635e-19   9.761300e-04   6.968938e-21   28560
  2.518371e+00   9.550991e-19   9.886158e-04   7.117297e-21   26952
  2.521774e+00   9.581714e-19   9.897907e-04   7.091517e-21   27516
  2.525163e+00   9.477133e-19   1.000219e-03   6.943004e-21   28344
  2.528599e+00   9.520277e-19   9.851718e-04   7.257467e-21   26196
  2.531920e+00   9.298500e-19   9.634803e-04   6.952120e-21   26360
  2.535324e+00   9.365794e-19   9.960409e-04   6.730568e-21   28152
  2.538760e+00   9.201250e-19   9.632402e-04   7.107572e-21   25896
  2.542127e+00   8.864586e-19   9.862139e-04   6.677814e-21   26592
  2.545539e+00   9.056234e-19   9.442321e-04   6.879033e-21   26568
  2.548976e+00   8.988786e-19   9.991750e-04   6.756217e-21   26832
  2.552322e+00   8.632003e-19   9.474214e-04   6.805927e-21   24972
  2.555791e+00   9.087053e-19   9.989695e-04   6.852500e-21   27000
  2.559168e+00   8.693425e-19   9.577813e-04   6.778425e-21   25448
  2.562535e+00   8.766403e-19   9.902443e-04   6.970438e-21   25476
  2.565992e+00   8.658206e-19   9.706909e-04   6.776652e-21   25152
  2.569333e+00   8.600369e-19   9.951122e-04   6.813209e-21   25968
  2.572775e+00   8.361357e-19   9.906648e-04   6.582833e-21   25320
  2.576210e+00   8.270560e-19   9.358363e-04   6.754240e-21   23796
  2.579496e+00   8.590945e-19   9.822477e-04   6.775307e-21   25500
  2.582914e+00   8.534663e-19   9.788363e-04   6.995681e-21   24420
  2.586378e+00   8.073249e-19   1.013161e-03   6.654121e-21   24656
  2.589722e+00   8.445654e-19   9.599232e-04   6.916049e-21   24036
  2.593114e+00   8.325512e-19   9.927315e-04   6.875962e-21   24528
  2.596483e+00   7.778152e-19   9.590289e-04   6.706518e-21   23004
  2.599888e+00   8.238628e-19   9.848565e-04   6.853516e-21   24576
  2.603308e+00   8.087484e-19   9.407132e-04   6.973384e-21   23736
  2.606725e+00   7.742595e-19   9.994817e-04   6.639169e-21   23712
  2.610164e+00   7.958386e-19   9.704406e-04   6.726168e-21   22992
  2.613550e+00   7.923492e-19   9.637349e-04   6.952698e-21   23984
  2.616935e+00   7.760331e-19   9.626269e-04   6.935643e-21   22344
  2.620337e+00   7.661040e-19   9.768169e-04   6.724843e-21   22536
  2.623720e+00   7.749048e-19   9.667935e-04   6.678410e-21   23268
  2.627096e+00   7.707462e-19   9.929071e-04   6.995609e-21   22152
  2.630500e+00   7.261245e-19   9.804448e-04   6.528382e-21   22068
  2.633988e+00   7.554458e-19   1.006815e-03   6.582659e-21   23664
  2.637353e+00   7.454222e-19   9.350088e-04   7.074392e-21   20640
  2.640713e+00   7.239472e-19   9.923052e-04   6.651989e-21   22376
  2.644179e+00   7.407331e-19   9.759242e-04   6.955975e-21   21444
  2.647520e+00   7.424285e-19   1.011260e-03   6.845619e-21   21576
  2.650919e+00   7.118049e-19   1.002590e-03   6.703207e-21   21660
  2.654412e+00   7.139505e-19   1.013805e-03   6.757897e-21   20916
  2.657789e+00   7.327973e-19   9.944119e-04   6.986548e-21   21504
  2.661144e+00   6.892667e-19   9.476635e-04   6.813522e-21   20508
  2.664583e+00   6.876212e-19   1.012559e-03   6.907021e-21   20036
  2.667961e+00   7.285600e-19   9.799347e-04   7.065929e-21   21276
  2.671380e+00   6.777455e-19   9.701273e-04   6.656312e-21   20652
  2.674793e+00   6.476672e-19   9.654062e-04   6.677216e-21   18696
  2.678197e+00   7.010916e-19   1.010458e-03   6.786030e-21   21504
  2.681608e+00   6.851145e-19   9.449905e-04   7.006524e-21   19284
  2.685012e+00   6.165751e-19   1.019116e-03   6.318401e-21   19356
  2.688395e+00   6.600664e-19   9.630933e-04   6.969020e-21   19236
  2.691747e+00   6.957731e-19   9.819342e-04   7.494003e-21   19476
  2.695170e+00   6.052686e-19   1.021783e-03   6.318468e-21   19184
  2.698647e+00   6.456721e-19   9.898888e-04   6.795431e-21   18852
  2.702034e+00   6.788452e-19   9.582506e-04   7.292106e-21   18876
  2.705357e+00   5.989888e-19   9.961544e-04   6.498680e-21   18336
  2.708799e+00   5.847873e-19   9.995508e-04   6.285721e-21   17820
  2.712259e+00   6.715977e-19   1.008841e-03   7.401682e-21   19392
  2.715616e+00   5.918307e-19   9.989261e-04   6.676151e-21   17616
  2.718949e+00   5.574581e-19   9.403994e-04   6.328421e-21   16320
  2.722413e+00   6.353563e-19   1.018465e-03   7.015950e-21   19292
  2.725776e+00   5.988432e-19   9.756316e-04   7.075214e-21   17112
  2.729283e+00   5.528140e-19   9.888233e-04   6.407114e-21   17388
  2.732704e+00   5.846993e-19   9.257555e-04   7.344006e-21   16692
  2.735930e+00   6.001704e-19   9.792720e-04   7.204704e-21   16956
  2.739452e+00   5.289872e-19   9.876901e-04   6.053938e-21   17040
  2.742894e+00   5.587578e-19   9.773330e-04   6.800179e-21   16092
  2.746164e+00   5.985320e-19   9.706985e-04   7.522197e-21   16380
  2.749642e+00   5.193205e-19   9.977628e-04   6.266033e-21   16688
  2.753053e+00   5.005466e-19   9.980974e-04   6.347587e-21   14940
  2.756401e+00   5.814065e-19   1.003592e-03   7.270111e-21   16668
  2.759872e+00   5.101236e-19   9.800161e-04   6.534130e-21   15804
  2.763238e+00   4.998024e-19   9.732068e-04   6.809933e-21   14280
  2.766639e+00   5.538743e-19   9.580540e-04   7.086407e-21   16068
  2.770034e+00   4.982641e-19   9.764201e-04   6.702894e-21   15048
  2.773410e+00   4.889224e-19   9.951146e-04   6.946037e-21   13940
  2.776793e+00   4.921180e-19   9.510677e-04   6.709469e-21   15072
  2.780185e+00   4.993363e-19   1.013899e-03   6.757122e-21   14808
  2.783543e+00   4.554534e-19   9.414253e-04   6.590825e-21   13200
  2.786996e+00   4.604235e-19   9.972653e-04   6.224072e-21   15156
  2.790453e+00   4.882345e-19   9.725079e-04   7.291949e-21   13788
  2.793844e+00   4.412015e-19   9.584580e-04   6.861658e-21   13608
  2.797233e+00   4.175998e-19   9.137161e-04   5.715548e-21   13224
  2.800612e+00   4.739555e-19   9.851237e-04   7.253558e-21   13320
  2.803972e+00   4.307070e-19   9.713652e-04   6.454181e-21   13220
  2.807429e+00   3.899945e-19   9.817789e-04   5.536554e-21   12984
  2.810903e+00   4.360403e-19   9.937490e-04   6.823184e-21   12780
  2.814182e+00   3.886835e-19   9.405135e-04   6.245603e-21   12360
  2.817641e+00   3.915314e-19   9.894990e-04   5.824485e-21   12480
  2.821091e+00   3.874658e-19   9.611149e-04   6.186129e-21   11892
  2.824384e+00   3.732950e-19   9.964972e-04   5.680308e-21   12192
  2.827831e+00   3.655319e-19   9.769214e-04   5.572832e-21   11328
  2.831260e+00   3.390957e-19   1.035957e-03   5.464958e-21   12020
  2.834610e+00   3.581529e-19   9.524676e-04   6.048821e-21   11052
  2.838092e+00   3.114041e-19   1.011816e-03   4.947162e-21   11304
  2.841356e+00   3.027581e-19   9.310152e-04   5.088188e-21   10368
  2.844694e+00   2.998274e-19   9.688111e-04   4.658004e-21   10899
  2.848216e+00   3.012851e-19   9.712629e-04   5.102958e-21   10752
  2.851560e+00   2.839267e-19   9.748745e-04   4.807788e-21   10446
  2.855007e+00   2.837963e-19   9.594983e-04   4.487952e-21   10092
  2.858423e+00   2.529043e-19   9.722089e-04   3.965612e-21   10220
  2.861722e+00   2.766687e-19   9.522226e-04   4.655458e-21   9636
  2.865233e+00   2.496559e-19   9.795968e-04   3.822957e-21   10020
  2.868677e+00   2.360831e-19   1.017742e-03   4.006167e-21   9906
  2.872011e+00   2.421813e-19   9.440243e-04   3.967629e-21   8940
  2.875468e+00   2.328486e-19   9.573450e-04   3.748458e-21   9558
  2.878844e+00   2.318071e-19   1.042557e-03   3.932015e-21   9180
  2.882185e+00   2.263852e-19   9.980883e-04   3.795930e-21   8674
  2.885679e+00   2.152796e-19   9.921159e-04   3.489171e-21   9454
  2.889055e+00   1.942277e-19   1.019679e-03   3.269070e-21   8316
  2.892409e+00   2.050238e-19   1.005575e-03   3.265154e-21   8622
  2.895912e+00   1.966340e-19   9.984805e-04   3.148313e-21   9006
  2.899261e+00   1.817283e-19   1.006426e-03   3.199875e-21   7698
  2.902617e+00   1.943297e-19   9.656669e-04   3.093263e-21   8406
  2.906123e+00   1.811633e-19   1.030423e-03   2.982503e-21   8646
  2.909458e+00   1.727558e-19   9.790969e-04   3.279693e-21   7014
  2.912801e+00   1.806496e-19   9.732754e-04   2.885032e-21   8510
  2.916355e+00   1.679396e-19   1.025772e-03   2.686060e-21   7890
  2.919690e+00   1.524996e-19   9.840041e-04   2.671856e-21   6966
  2.922978e+00   1.630359e-19   9.405721e-04   2.635430e-21   7902
  2.926483e+00   1.542231e-19   1.025831e-03   2.480689e-21   7278
  2.929893e+00   1.398901e-19   1.007738e-03   2.347736e-21   7338
  2.933248e+00   1.516535e-19   9.333698e-04   2.639046e-21   7254
  2.936686e+00   1.496870e-19   1.005241e-03   2.615086e-21   6678
  2.940020e+00   1.407105e-19   1.004294e-03   2.487785e-21   7286
  2.943557e+00   1.494138e-19   9.935741e-04   2.725242e-21   7200
  2.947070e+00   1.381587e-19   9.643759e-04   2.613151e-21   6234
  2.950183e+00   1.253141e-19   9.665943e-04   2.184808e-21   6630
  2.953710e+00   1.347650e-19   9.967120e-04   2.438526e-21   6822
  2.957208e+00   1.181658e-19   9.389826e-04   1.993894e-21   6078
  2.960394e+00   1.216382e-19   9.982063e-04   2.095591e-21   6528
  2.963920e+00   1.317139e-19   9.540002e-04   2.385092e-21   6034
  2.967295e+00   1.052264e-19   9.769421e-04   1.773460e-21   6190
  2.970648e+00   1.172493e-19   1.003693e-03   2.043726e-21   6270
  2.974190e+00   1.193340e-19   9.026267e-04   2.352488e-21   5520
  2.977431e+00   9.383073e-20   1.010599e-03   1.470932e-21   6126
  2.980823e+00   1.133766e-19   9.449916e-04   1.991239e-21   5562
  2.984382e+00   1.007806e-19   9.449251e-04   1.772482e-21   5790
  2.987609e+00   9.048696e-20   9.674247e-04   1.542024e-21   5496
  2.991029e+00   1.069848e-19   9.744149e-04   1.972011e-21   5262
  2.994510e+00   9.348926e-20   9.596787e-04   1.793203e-21   5774
  2.997839e+00   9.422757e-20   9.507037e-04   1.714070e-21   5124
  3.001346e+00   9.587479e-20   9.536598e-04   1.932657e-21   5070
  3.004645e+00   8.901051e-20   9.927132e-04   1.566000e-21   5430
  3.008016e+00   8.810330e-20   9.272914e-04   1.687074e-21   4680
  3.011587e+00   8.099509e-20   9.603639e-04   1.478180e-21   5370
  3.014869e+00   8.052866e-20   9.175102e-04   1.534046e-21   4638
  3.018210e+00   8.292335e-20   9.645033e-04   1.655873e-21   4536
  3.021696e+00   7.425346e-20   9.657981e-04   1.430785e-21   5222
  3.025044e+00   7.492919e-20   8.862693e-04   1.415228e-21   4254
  3.028475e+00   7.676019e-20   9.769455e-04   1.436231e-21   4548
  3.031790e+00   7.175894e-20   9.474352e-04   1.336646e-21   4638
  3.035175e+00   7.170662e-20   9.353877e-04   1.422349e-21   4176
  3.038687e+00   7.049556e-20   9.386274e-04   1.389562e-21   4518
  3.042021e+00   6.417509e-20   9.457109e-04   1.187255e-21   4278
  3.045343e+00   6.670905e-20   9.150178e-04   1.370311e-21   3732
  3.048746e+00   6.378972e-20   9.666582e-04   1.335760e-21   4502
  3.052175e+00   6.085959e-20   9.396687e-04   1.254029e-21   3984
  3.055637e+00   6.182513e-20   9.734809e-04   1.225101e-21   3726
  3.058859e+00   5.672495e-20   9.383075e-04   1.096892e-21   4014
  3.062253e+00   6.019123e-20   9.839881e-04   1.134627e-21   3756
  3.065874e+00   5.392475e-20   9.875702e-04   1.099452e-21   3894
  3.069162e+00   5.311979e-20   9.663769e-04   1.130905e-21   3744
  3.072480e+00   5.878403e-20   9.823894e-04   1.270360e-21   3174
  3.075941e+00   5.026237e-20   1.005522e-03   9.467567e-22   3968
  3.079369e+00   5.149988e-20   1.013997e-03   1.067841e-21   3522
  3.082951e+00   5.448658e-20   1.041435e-03   1.228015e-21   3198
  3.086200e+00   4.630784e-20   1.020090e-03   8.733390e-22   3648
  3.089591e+00   4.949541e-20   1.036958e-03   1.085557e-21   3054
  3.093164e+00   4.441219e-20   9.752705e-04   9.098691e-22   3312
  3.096416e+00   4.340379e-20   1.030232e-03   8.985053e-22   3354
  3.099859e+00   4.479634e-20   1.018756e-03   1.008171e-21   2624
  3.103228e+00   4.037623e-20   9.938936e-04   8.363453e-22   3462
  3.106655e+00   4.366838e-20   1.036730e-03   1.018496e-21   2976
  3.110270e+00   4.161506e-20   9.814041e-04   9.181444e-22   2670
  3.113407e+00   3.971008e-20   1.021601e-03   8.956938e-22   3186
  3.116767e+00   3.861514e-20   9.543614e-04   9.096954e-22   2376
  3.120346e+00   3.740741e-20   1.006058e-03   8.108056e-22   3102
  3.123650e+00   3.679134e-20   9.847799e-04   8.628176e-22   2688
  3.127086e+00   3.608295e-20   1.027393e-03   9.047770e-22   2286
  3.130454e+00   3.299715e-20   9.909871e-04   7.094096e-22   3020
  3.133859e+00   3.453590e-20   9.439116e-04   8.296303e-22   2310
  3.137474e+00   3.502201e-20   1.043166e-03   8.004312e-22   2544
  3.140695e+00   3.048561e-20   9.725494e-04   6.887673e-22   2526
  3.144064e+00   3.460844e-20   9.987847e-04   8.793272e-22   2112
  3.147593e+00   3.045133e-20   9.598648e-04   7.060970e-22   2538
  3.150931e+00   2.961923e-20   9.985896e-04   6.598603e-22   2304
  3.154328e+00   3.253617e-20   9.852879e-04   8.357958e-22   1902
  3.157623e+00   2.522057e-20   9.412660e-04   5.873634e-22   2408
  3.161035e+00   2.976208e-20   9.929091e-04   7.540567e-22   2094
  3.164668e+00   2.746060e-20   1.011639e-03   6.684019e-22   2028
  3.167856e+00   2.582045e-20   9.595772e-04   6.849429e-22   2094
  3.171241e+00   2.735110e-20   1.046849e-03   7.372977e-22   1920
  3.174835e+00   2.452037e-20   8.826100e-04   6.444226e-22   1926
  3.178123e+00   2.398715e-20   1.030221e-03   5.879893e-22   2088
  3.181468e+00   2.533048e-20   9.037369e-04   6.958723e-22   1434
  3.184829e+00   2.141659e-20   9.555433e-04   5.547578e-22   2048
  3.188160e+00   2.247021e-20   9.527742e-04   6.352056e-22   1758
  3.191826e+00   2.361385e-20   1.051156e-03   6.184751e-22   1584
  3.195185e+00   2.099803e-20   1.041430e-03   5.443645e-22   1998
  3.198586e+00   2.299100e-20   9.485689e-04   6.454217e-22   1428
  3.202148e+00   1.949788e-20   7.939925e-04   5.727727e-22   1488
  3.205259e+00   2.012502e-20   1.011466e-03   4.827661e-22   1806
  3.208542e+00   2.316399e-20   9.208043e-04   7.746772e-22   1040
  3.212051e+00   1.749324e-20   9.648325e-04   4.700228e-22   1782
  3.215260e+00   1.948391e-20   9.120959e-04   5.448541e-22   1428
  3.219099e+00   1.853389e-20   1.095182e-03   5.415934e-22   1206
  3.222346e+00   1.786714e-20   1.017509e-03   4.522018e-22   1728
  3.225619e+00   1.670605e-20   9.535870e-04   5.499878e-22   1038
  3.229392e+00   1.536842e-20   7.737160e-04   5.199852e-22   1248
  3.232374e+00   1.709393e-20   9.867404e-04   4.921934e-22   1530
  3.235646e+00   1.893524e-20   9.043822e-04   7.665034e-22   656
  3.239303e+00   1.402651e-20   1.013919e-03   3.486213e-22   1662
  3.242391e+00   1.544191e-20   8.393937e-04   5.079976e-22   1008
  3.246465e+00   1.690213e-20   1.114612e-03   5.693274e-22   960
  3.249524e+00   1.343190e-20   9.584513e-04   3.648290e-22   1458
  3.252720e+00   1.511568e-20   9.470398e-04   6.078722e-22   672
  3.256641e+00   1.320867e-20   7.422534e-04   4.445152e-22   1062
  3.259417e+00   1.363626e-20   9.629091e-04   4.368868e-22   1224
  3.262741e+00   1.606487e-20   8.411043e-04   8.085703e-22   374
  3.266486e+00   1.214275e-20   1.011004e-03   3.087895e-22   1512
  3.269516e+00   1.416463e-20   8.472106e-04   5.249003e-22   666
  3.273852e+00   1.252382e-20   1.035820e-03   4.843302e-22   720
  3.276572e+00   1.141109e-20   9.275922e-04   3.272916e-22   1224
  3.279914e+00   1.447701e-20   9.221403e-04   7.445495e-22   390
  3.283914e+00   1.095898e-20   6.856472e-04   4.002287e-22   936
  3.286459e+00   1.192948e-20   9.782860e-04   3.535534e-22   882
  3.290092e+00   1.298005e-20   9.551822e-04   9.620192e-22   216
  3.293625e+00   9.779059e-21   9.484183e-04   2.745758e-22   1286
  3.296619e+00   1.210871e-20   7.922754e-04   5.835722e-22   384
  3.301196e+00   9.736815e-21   9.974032e-04   4.154341e-22   576
  3.303565e+00   9.965985e-21   8.939464e-04   3.147754e-22   930
  3.306956e+00   1.170643e-20   8.781672e-04   7.195318e-22   216
  3.311281e+00   8.353979e-21   7.049195e-04   2.800604e-22   918
  3.313773e+00   1.077596e-20   9.494675e-04   5.261495e-22   480
  3.317151e+00   1.288152e-20   8.000415e-04   1.233083e-21   78
  3.320657e+00   8.183047e-21   8.648004e-04   2.487262e-22   1052
  3.323895e+00   1.101307e-20   1.006959e-03   6.734621e-22   240
  3.328852e+00   7.317194e-21   3.676460e-04   3.410265e-22   438
  3.330545e+00   9.661881e-21   8.506072e-04   4.009186e-22   648
  3.333703e+00   1.417675e-20   7.023041e-04   1.488123e-21   78
  3.338411e+00   7.121895e-21   6.127751e-04   2.467647e-22   780
  3.340778e+00   8.944652e-21   8.550342e-04   5.860305e-22   240
  3.343694e+00   1.650222e-20   0.000000e+00   3.286034e-21   6
  3.347623e+00   7.416021e-21   7.832637e-04   2.458971e-22   824
  3.350467e+00   1.260835e-20   6.055240e-04   1.299349e-21   78
  3.356076e+00   6.645512e-21   3.165921e-04   2.976830e-22   432
  3.357541e+00   7.621869e-21   7.656969e-04   3.669561e-22   348
  3.360330e+00   1.736764e-20   0.000000e+00   8.989607e-21   6
  3.365426e+00   7.249270e-21   5.413225e-04   2.756454e-22   600
  3.367442e+00   9.614170e-21   5.097238e-04   1.099708e-21   78
  3.374544e+00   6.418676e-21   6.700717e-04   2.672297e-22   572
  3.377176e+00   4.739510e-21   0.000000e+00   7.689881e-22   6
  3.383243e+00   7.178051e-21   3.146063e-04   3.685976e-22   384
  3.384459e+00   7.398992e-21   4.676281e-04   5.917624e-22   102
  3.392411e+00   5.883943e-21   4.599741e-04   3.007976e-22   396
  3.394229e+00   5.098254e-21   0.000000e+00   1.791065e-21   6
  3.401391e+00   5.665593e-21   4.161630e-04   3.139429e-22   326
  3.410329e+00   6.141241e-21   2.893928e-04   3.802668e-22   252
  3.411486e+00   5.100868e-21   0.000000e+00   2.302509e-21   6
  3.419333e+00   4.700323e-21   2.633341e-04   3.263639e-22   198
  3.428323e+00   6.314435e-21   2.009286e-04   5.008072e-22   146
  3.437326e+00   6.010237e-21   1.474817e-04   6.514408e-22   102
  3.446340e+00   5.619770e-21   1.024960e-04   8.821007e-22   66
  3.455367e+00   2.674800e-21   6.509513e-05   3.280795e-22   38
  3.464404e+00   4.173036e-21   3.357406e-05   5.159430e-22   18
  3.473449e+00   9.065687e-21   0.000000e+00   4.740186e-21   6
