# power spectrum of phi
# redshift z=19.720714
# k              Pk             sigma(k)       sigma(Pk)      count
  1.570796e-02   2.141672e-10   0.000000e+00   8.633913e-11   6
  2.221441e-02   9.699619e-11   0.000000e+00   1.936463e-11   12
  2.720699e-02   5.935941e-11   2.980232e-10   1.212369e-11   8
  3.141593e-02   1.668846e-10   0.000000e+00   1.796311e-11   6
  3.512407e-02   1.006816e-10   5.619580e-10   3.209167e-11   24
  3.847649e-02   1.278467e-10   5.619580e-10   2.161117e-11   24
  4.635387e-02   5.055565e-11   1.217504e-03   9.121480e-12   42
  4.967294e-02   6.163300e-11   0.000000e+00   1.354866e-11   24
  5.209742e-02   5.370724e-11   9.733398e-10   1.333323e-11   24
  5.608040e-02   5.237916e-11   9.621049e-04   5.627119e-12   32
  5.877382e-02   4.555256e-11   0.000000e+00   6.419451e-12   48
  6.283185e-02   5.137603e-11   0.000000e+00   2.260206e-11   6
  6.557030e-02   3.882011e-11   9.291969e-04   3.648338e-12   84
  6.935879e-02   4.085609e-11   8.893614e-04   6.213625e-12   48
  7.254758e-02   3.051081e-11   7.985346e-04   3.090973e-12   72
  7.695299e-02   3.038175e-11   1.123916e-09   4.744156e-12   24
  7.963774e-02   2.072454e-11   7.087081e-04   1.901274e-12   102
  8.367643e-02   2.372839e-11   1.370308e-03   2.411749e-12   104
  8.603606e-02   1.505345e-11   0.000000e+00   2.206091e-12   48
  9.068541e-02   1.308728e-11   9.092824e-04   1.174619e-12   108
  9.343657e-02   1.760035e-11   6.413175e-04   1.846421e-12   78
  9.650974e-02   1.720891e-11   5.553727e-04   1.616165e-12   96
  1.007521e-01   1.296033e-11   7.827476e-04   9.841446e-13   168
  1.046631e-01   1.247729e-11   9.466177e-04   1.295439e-12   120
  1.065366e-01   1.155439e-11   0.000000e+00   1.772143e-12   48
  1.109423e-01   1.117497e-11   9.164765e-04   9.613811e-13   194
  1.147571e-01   9.628850e-12   7.498405e-04   7.702287e-13   192
  1.180701e-01   1.161262e-11   5.224442e-04   9.702478e-13   96
  1.203984e-01   7.762266e-12   4.446482e-04   7.340534e-13   96
  1.233385e-01   8.150197e-12   6.559487e-04   6.632118e-13   174
  1.272878e-01   8.575561e-12   6.453399e-04   6.009796e-13   216
  1.304784e-01   6.827193e-12   6.685951e-04   4.699188e-13   192
  1.345850e-01   6.946934e-12   7.087816e-04   4.784114e-13   204
  1.374813e-01   5.318396e-12   9.706973e-04   3.357724e-13   224
  1.414909e-01   6.823567e-12   5.479655e-04   5.263724e-13   174
  1.446033e-01   5.654317e-12   1.053365e-03   3.220774e-13   288
  1.484650e-01   4.775659e-12   5.185518e-04   2.895936e-13   288
  1.514788e-01   4.228425e-12   1.000184e-03   3.036031e-13   192
  1.554236e-01   4.450604e-12   7.319331e-04   2.648745e-13   252
  1.579196e-01   4.288630e-12   4.361590e-04   2.716385e-13   246
  1.613100e-01   3.744860e-12   8.276231e-04   2.231162e-13   312
  1.643345e-01   3.735716e-12   5.346625e-04   1.935839e-13   248
  1.684860e-01   2.996345e-12   1.131025e-03   1.466198e-13   432
  1.718304e-01   3.663387e-12   9.472090e-04   2.511456e-13   198
  1.751353e-01   3.670277e-12   1.145604e-03   1.676013e-13   456
  1.789950e-01   2.963925e-12   6.685341e-04   1.812791e-13   324
  1.817267e-01   2.848265e-12   7.914724e-04   1.574689e-13   312
  1.851131e-01   2.662141e-12   9.927979e-04   1.377008e-13   408
  1.893262e-01   2.512731e-12   9.168549e-04   1.261444e-13   414
  1.922237e-01   2.161656e-12   7.933788e-04   1.089599e-13   392
  1.951891e-01   2.684645e-12   8.939032e-04   1.344124e-13   408
  1.990919e-01   2.388151e-12   9.488231e-04   1.088497e-13   444
  2.020561e-01   2.254514e-12   7.670392e-04   1.107073e-13   360
  2.058410e-01   2.052590e-12   1.052783e-03   7.747103e-14   678
  2.098438e-01   2.122442e-12   6.748154e-04   1.205377e-13   360
  2.129201e-01   1.813826e-12   1.111301e-03   8.004755e-14   648
  2.158529e-01   1.761947e-12   5.136230e-04   1.134736e-13   288
  2.195886e-01   1.668822e-12   9.568926e-04   6.329005e-14   686
  2.231016e-01   1.652739e-12   7.114303e-04   8.115163e-14   444
  2.262783e-01   1.515138e-12   9.881180e-04   5.919141e-14   696
  2.294381e-01   1.573735e-12   9.387623e-04   7.302267e-14   408
  2.328670e-01   1.353468e-12   9.712657e-04   5.147129e-14   648
  2.364370e-01   1.497042e-12   8.503906e-04   6.460977e-14   582
  2.396199e-01   1.208230e-12   1.064401e-03   4.859694e-14   744
  2.431321e-01   1.378139e-12   1.062590e-03   5.715841e-14   516
  2.463676e-01   1.299176e-12   1.028291e-03   5.356752e-14   728
  2.493547e-01   1.193834e-12   8.519968e-04   4.981049e-14   558
  2.529620e-01   1.022621e-12   8.588943e-04   3.629082e-14   768
  2.568725e-01   1.159072e-12   9.956413e-04   3.711825e-14   960
  2.602888e-01   1.074157e-12   6.965241e-04   4.698220e-14   576
  2.635727e-01   1.106710e-12   1.130592e-03   3.821509e-14   816
  2.671089e-01   9.009935e-13   8.722599e-04   3.168637e-14   666
  2.702138e-01   9.847550e-13   1.022915e-03   3.211892e-14   960
  2.739239e-01   9.141861e-13   1.008817e-03   3.248932e-14   824
  2.775241e-01   8.858179e-13   1.110885e-03   2.827986e-14   936
  2.808394e-01   7.988764e-13   8.261366e-04   3.080462e-14   624
  2.838930e-01   8.526660e-13   9.725641e-04   2.755621e-14   1062
  2.874377e-01   8.284662e-13   1.059457e-03   2.966443e-14   732
  2.905463e-01   7.252938e-13   9.192852e-04   2.260783e-14   1080
  2.942546e-01   7.408602e-13   1.002209e-03   2.526600e-14   936
  2.976082e-01   6.597803e-13   1.082494e-03   2.199747e-14   878
  3.011413e-01   6.422640e-13   1.097016e-03   1.887948e-14   1152
  3.044218e-01   6.276816e-13   8.479143e-04   1.994779e-14   1056
  3.079105e-01   6.504421e-13   1.001477e-03   2.171188e-14   864
  3.110264e-01   6.127889e-13   9.782607e-04   1.894329e-14   1092
  3.147509e-01   6.158577e-13   1.033457e-03   1.816882e-14   1206
  3.182989e-01   5.880292e-13   1.048759e-03   1.660726e-14   1248
  3.215758e-01   5.579791e-13   7.107183e-04   1.932438e-14   864
  3.244931e-01   5.590467e-13   7.379012e-04   1.731091e-14   1152
  3.282964e-01   5.469916e-13   1.098528e-03   1.524266e-14   1382
  3.320084e-01   5.335204e-13   9.790321e-04   1.545150e-14   1188
  3.352589e-01   4.694588e-13   1.037410e-03   1.364918e-14   1248
  3.383281e-01   4.785839e-13   9.840824e-04   1.497352e-14   1152
  3.416961e-01   4.932972e-13   1.080699e-03   1.317627e-14   1320
  3.454323e-01   4.444451e-13   7.162673e-04   1.268673e-14   1206
  3.485323e-01   4.527567e-13   1.040639e-03   1.150723e-14   1560
  3.522149e-01   4.333793e-13   9.687237e-04   1.178223e-14   1280
  3.553656e-01   3.975189e-13   9.753251e-04   1.065392e-14   1308
  3.588126e-01   4.051592e-13   9.788304e-04   9.884074e-15   1512
  3.622462e-01   3.671624e-13   7.986109e-04   9.986666e-15   1350
  3.657845e-01   3.764621e-13   1.055155e-03   9.213762e-15   1608
  3.688093e-01   3.815395e-13   9.074168e-04   1.054193e-14   1320
  3.723318e-01   3.741197e-13   1.093091e-03   9.455704e-15   1656
  3.755028e-01   3.420258e-13   8.593531e-04   9.064722e-15   1254
  3.791706e-01   3.459814e-13   9.807940e-04   7.808720e-15   1932
  3.826277e-01   3.463861e-13   8.807497e-04   9.143992e-15   1640
  3.860340e-01   3.202122e-13   9.142769e-04   8.039458e-15   1488
  3.892465e-01   3.140410e-13   8.838091e-04   8.080260e-15   1560
  3.929003e-01   2.951108e-13   1.061554e-03   7.025043e-15   2046
  3.962918e-01   2.898413e-13   9.522112e-04   7.604129e-15   1512
  3.995770e-01   2.931332e-13   9.476029e-04   6.784109e-15   1764
  4.028533e-01   2.740678e-13   9.447944e-04   6.395084e-15   1776
  4.062341e-01   2.755378e-13   1.135757e-03   6.526680e-15   1704
  4.098613e-01   2.612439e-13   1.112243e-03   5.573354e-15   2126
  4.131278e-01   2.518071e-13   7.726530e-04   5.962974e-15   1632
  4.164062e-01   2.497428e-13   1.029302e-03   5.333702e-15   2064
  4.197114e-01   2.580060e-13   8.486884e-04   6.245402e-15   1680
  4.233078e-01   2.394322e-13   9.519603e-04   5.339829e-15   2154
  4.266550e-01   2.356022e-13   9.636572e-04   5.170833e-15   2016
  4.302596e-01   2.234372e-13   1.057936e-03   4.471915e-15   2304
  4.335625e-01   2.331164e-13   8.422558e-04   5.848342e-15   1680
  4.369940e-01   2.199287e-13   9.757286e-04   4.698432e-15   2432
  4.404338e-01   2.059799e-13   9.614444e-04   4.696880e-15   1902
  4.438479e-01   2.024064e-13   9.886846e-04   4.065270e-15   2292
  4.468928e-01   1.920842e-13   7.831116e-04   4.366698e-15   1992
  4.505057e-01   1.898003e-13   1.003841e-03   3.636389e-15   2568
  4.539799e-01   1.873687e-13   8.764344e-04   4.389663e-15   1806
  4.574906e-01   1.919414e-13   1.078056e-03   3.685421e-15   3000
  4.610452e-01   1.881713e-13   9.809961e-04   4.145368e-15   2016
  4.640126e-01   1.874296e-13   9.156925e-04   3.976286e-15   2168
  4.673956e-01   1.798288e-13   9.350459e-04   3.779614e-15   2412
  4.709322e-01   1.648886e-13   1.022794e-03   3.290215e-15   2550
  4.743353e-01   1.737225e-13   1.015444e-03   3.387162e-15   2592
  4.778871e-01   1.590673e-13   9.354682e-04   3.302766e-15   2496
  4.812642e-01   1.540329e-13   1.034855e-03   3.015244e-15   2688
  4.846328e-01   1.520343e-13   8.939911e-04   3.026859e-15   2424
  4.881831e-01   1.482845e-13   8.203417e-04   2.933343e-15   2634
  4.913828e-01   1.480698e-13   9.840370e-04   2.883811e-15   2552
  4.945705e-01   1.449374e-13   1.032361e-03   2.755469e-15   2832
  4.981085e-01   1.377604e-13   9.803825e-04   2.747680e-15   2424
  5.015971e-01   1.320623e-13   1.087506e-03   2.272144e-15   3198
  5.048631e-01   1.356047e-13   8.681062e-04   2.605496e-15   2400
  5.083252e-01   1.384119e-13   9.985776e-04   2.406144e-15   3336
  5.119027e-01   1.260255e-13   8.404887e-04   2.669329e-15   2508
  5.150462e-01   1.263425e-13   1.013004e-03   2.358491e-15   3104
  5.187218e-01   1.242239e-13   1.019172e-03   2.257861e-15   2934
  5.220343e-01   1.218234e-13   9.369744e-04   2.263982e-15   3120
  5.256263e-01   1.143217e-13   1.045384e-03   1.911781e-15   3288
  5.289357e-01   1.161613e-13   8.800568e-04   2.161001e-15   2808
  5.323338e-01   1.067591e-13   1.104468e-03   1.976192e-15   2988
  5.357545e-01   1.082610e-13   1.011140e-03   1.930530e-15   3486
  5.390675e-01   1.120038e-13   9.571221e-04   2.212503e-15   3000
  5.422664e-01   1.087699e-13   8.325653e-04   1.917738e-15   3024
  5.458504e-01   1.012865e-13   9.168226e-04   1.709509e-15   3584
  5.494456e-01   1.044901e-13   9.821560e-04   1.784545e-15   3486
  5.527991e-01   1.000012e-13   8.845337e-04   1.802642e-15   3120
  5.560782e-01   9.954299e-14   8.734506e-04   1.653853e-15   3396
  5.593885e-01   9.271988e-14   9.978964e-04   1.602804e-15   3552
  5.629224e-01   9.267437e-14   9.603534e-04   1.522173e-15   3384
  5.664153e-01   9.198327e-14   9.777364e-04   1.567725e-15   3726
  5.697413e-01   9.112715e-14   9.475502e-04   1.612464e-15   3344
  5.729010e-01   9.168163e-14   9.736455e-04   1.521739e-15   3744
  5.765144e-01   8.525786e-14   9.477817e-04   1.409340e-15   3540
  5.799021e-01   8.435650e-14   1.006149e-03   1.317749e-15   3822
  5.834565e-01   8.280331e-14   9.878124e-04   1.261781e-15   4056
  5.866916e-01   8.157589e-14   9.078164e-04   1.374249e-15   3288
  5.900838e-01   7.651444e-14   1.048596e-03   1.240524e-15   4056
  5.934141e-01   7.771705e-14   9.605270e-04   1.257137e-15   3984
  5.970600e-01   7.830111e-14   8.831345e-04   1.295530e-15   3662
  6.001481e-01   7.582225e-14   9.636098e-04   1.278998e-15   3828
  6.036318e-01   7.451034e-14   1.089370e-03   1.037213e-15   4632
  6.071049e-01   7.265030e-14   8.410059e-04   1.204374e-15   3600
  6.105769e-01   6.851388e-14   9.985737e-04   1.099360e-15   4320
  6.138621e-01   6.799601e-14   7.834444e-04   1.067789e-15   3918
  6.171787e-01   6.979318e-14   9.014176e-04   1.102799e-15   4200
  6.205131e-01   6.925157e-14   1.022920e-03   1.083542e-15   4188
  6.239700e-01   6.448900e-14   1.038929e-03   9.631298e-16   4360
  6.274803e-01   6.372114e-14   1.038850e-03   9.550974e-16   4582
  6.308743e-01   6.536396e-14   9.234335e-04   1.081755e-15   4128
  6.343253e-01   6.254044e-14   9.920101e-04   9.390087e-16   4752
  6.375752e-01   6.350360e-14   9.131947e-04   9.664861e-16   4176
  6.411096e-01   5.828848e-14   1.050053e-03   8.553560e-16   4848
  6.446482e-01   5.943234e-14   9.123418e-04   9.263247e-16   4338
  6.479820e-01   5.955093e-14   9.957341e-04   8.521344e-16   5160
  6.512782e-01   5.751094e-14   8.072490e-04   9.272353e-16   4008
  6.548541e-01   5.509839e-14   1.067151e-03   7.806289e-16   5360
  6.581452e-01   5.487048e-14   9.926354e-04   8.543625e-16   4110
  6.615688e-01   5.488001e-14   1.063460e-03   7.578448e-16   5424
  6.648330e-01   5.202215e-14   9.093259e-04   8.645631e-16   4140
  6.682670e-01   5.264377e-14   1.015985e-03   7.055426e-16   5664
  6.717913e-01   5.096211e-14   8.830334e-04   7.262235e-16   4632
  6.751475e-01   5.005785e-14   9.313969e-04   7.188161e-16   4902
  6.784717e-01   5.148405e-14   9.953030e-04   7.394533e-16   5072
  6.818744e-01   5.021065e-14   9.385334e-04   6.837698e-16   5472
  6.852422e-01   4.820101e-14   9.538134e-04   7.048264e-16   4704
  6.886975e-01   4.789137e-14   1.047734e-03   6.637411e-16   5436
  6.922157e-01   4.686807e-14   9.975801e-04   6.217707e-16   5646
  6.954149e-01   4.723202e-14   8.926250e-04   7.032441e-16   4512
  6.988202e-01   4.439511e-14   1.140100e-03   5.722599e-16   6120
  7.023308e-01   4.448700e-14   8.820433e-04   6.342092e-16   5112
  7.057067e-01   4.435819e-14   1.042362e-03   5.900668e-16   5606
  7.091042e-01   4.271466e-14   9.714200e-04   6.031986e-16   5328
  7.124930e-01   4.164892e-14   9.787204e-04   5.611035e-16   5964
  7.158971e-01   4.091653e-14   9.940447e-04   5.704461e-16   5448
  7.193484e-01   3.903612e-14   1.017941e-03   5.162868e-16   5904
  7.228752e-01   3.962205e-14   1.000362e-03   5.397373e-16   5598
  7.261287e-01   3.943599e-14   9.386933e-04   5.237883e-16   5952
  7.294916e-01   3.833619e-14   1.026954e-03   5.344581e-16   5688
  7.328942e-01   3.811382e-14   9.846955e-04   5.119435e-16   5876
  7.362274e-01   3.736316e-14   9.604209e-04   5.017186e-16   5784
  7.396880e-01   3.558738e-14   9.580629e-04   4.530205e-16   6462
  7.431585e-01   3.758734e-14   1.033342e-03   5.287662e-16   5688
  7.463730e-01   3.633329e-14   9.533939e-04   4.893574e-16   6408
  7.498476e-01   3.401721e-14   9.842501e-04   4.387589e-16   6000
  7.533888e-01   3.437765e-14   1.059159e-03   4.265170e-16   6582
  7.568883e-01   3.421511e-14   1.008047e-03   4.473804e-16   6564
  7.601644e-01   3.320875e-14   8.888373e-04   4.399803e-16   6048
  7.635621e-01   3.172019e-14   1.018608e-03   4.125926e-16   6512
  7.671229e-01   3.231459e-14   1.012583e-03   4.057441e-16   6816
  7.705313e-01   3.242520e-14   8.855598e-04   4.378837e-16   6222
  7.737298e-01   3.199224e-14   9.227087e-04   4.193014e-16   6432
  7.771462e-01   3.081557e-14   9.712111e-04   3.806204e-16   6804
  7.805425e-01   3.070995e-14   9.154579e-04   3.971495e-16   6432
  7.838667e-01   2.942976e-14   1.076466e-03   3.698858e-16   6846
  7.872436e-01   3.013637e-14   9.829553e-04   3.854726e-16   6424
  7.904718e-01   2.842290e-14   8.822090e-04   3.661977e-16   6952
  7.940184e-01   2.886371e-14   1.063073e-03   3.352557e-16   7560
  7.975016e-01   2.798495e-14   9.134936e-04   3.522034e-16   6648
  8.010940e-01   2.759561e-14   1.003794e-03   3.335934e-16   7578
  8.042561e-01   2.779826e-14   9.063446e-04   3.566273e-16   6552
  8.076731e-01   2.642780e-14   9.979139e-04   3.236901e-16   7536
  8.111567e-01   2.580124e-14   9.132376e-04   3.056719e-16   7272
  8.145479e-01   2.611052e-14   9.728104e-04   3.188899e-16   6936
  8.178031e-01   2.537974e-14   9.977143e-04   3.076449e-16   7430
  8.213250e-01   2.520741e-14   1.045033e-03   2.969108e-16   7644
  8.245935e-01   2.424856e-14   9.307740e-04   2.936932e-16   7248
  8.281463e-01   2.383132e-14   1.064794e-03   2.684845e-16   8232
  8.316185e-01   2.373290e-14   9.710105e-04   2.962073e-16   7038
  8.349567e-01   2.388269e-14   9.438683e-04   2.855340e-16   7824
  8.382335e-01   2.305116e-14   9.942267e-04   2.742298e-16   7752
  8.416157e-01   2.209077e-14   1.003152e-03   2.689639e-16   7480
  8.451302e-01   2.241965e-14   1.011833e-03   2.558438e-16   8404
  8.485444e-01   2.266716e-14   9.399091e-04   2.627733e-16   7614
  8.518207e-01   2.232862e-14   9.844427e-04   2.686775e-16   7776
  8.551174e-01   2.176952e-14   9.392352e-04   2.546057e-16   7944
  8.585635e-01   2.129695e-14   9.766291e-04   2.382064e-16   8424
  8.619639e-01   2.041885e-14   9.583464e-04   2.439296e-16   7872
  8.654765e-01   2.063284e-14   9.630186e-04   2.283915e-16   8658
  8.688452e-01   2.067017e-14   9.611694e-04   2.396259e-16   8352
  8.723129e-01   2.026865e-14   9.655449e-04   2.288082e-16   8648
  8.755912e-01   2.051211e-14   9.149173e-04   2.389684e-16   7680
  8.790367e-01   1.930794e-14   9.531068e-04   2.153401e-16   8646
  8.822382e-01   2.005352e-14   9.234329e-04   2.254238e-16   8448
  8.857769e-01   1.977615e-14   9.812644e-04   2.227970e-16   9120
  8.891913e-01   1.828735e-14   9.588814e-04   2.110660e-16   8316
  8.926442e-01   1.858767e-14   1.034938e-03   1.991999e-16   9504
  8.961124e-01   1.877001e-14   9.411707e-04   2.170908e-16   8358
  8.995737e-01   1.775289e-14   9.948383e-04   1.936628e-16   9584
  9.029179e-01   1.756272e-14   9.519874e-04   1.961076e-16   8616
  9.063714e-01   1.774146e-14   1.036501e-03   1.879659e-16   9432
  9.098983e-01   1.747428e-14   1.054421e-03   1.952660e-16   9018
  9.130995e-01   1.712790e-14   8.925739e-04   1.906552e-16   8568
  9.164447e-01   1.667718e-14   9.935089e-04   1.730497e-16   9816
  9.199052e-01   1.683528e-14   9.405935e-04   1.863728e-16   9000
  9.233247e-01   1.645217e-14   9.837551e-04   1.806183e-16   9504
  9.267306e-01   1.583317e-14   1.006398e-03   1.687002e-16   9446
  9.300802e-01   1.658098e-14   9.624225e-04   1.776901e-16   9696
  9.335244e-01   1.560488e-14   8.956216e-04   1.710669e-16   9180
  9.369074e-01   1.521487e-14   1.035278e-03   1.584683e-16   10512
  9.403628e-01   1.559357e-14   9.787470e-04   1.698844e-16   9048
  9.437812e-01   1.489314e-14   9.387702e-04   1.558475e-16   10014
  9.469467e-01   1.485569e-14   9.162358e-04   1.697917e-16   9096
  9.503901e-01   1.460718e-14   1.048815e-03   1.463820e-16   11088
  9.540508e-01   1.476742e-14   1.020389e-03   1.580659e-16   9860
  9.574037e-01   1.391073e-14   9.672113e-04   1.492600e-16   10110
  9.607663e-01   1.459558e-14   1.006739e-03   1.578745e-16   10104
  9.641489e-01   1.415948e-14   9.545583e-04   1.509170e-16   10392
  9.675729e-01   1.391457e-14   9.880976e-04   1.456430e-16   10104
  9.710628e-01   1.351620e-14   1.022530e-03   1.322284e-16   11352
  9.746180e-01   1.326310e-14   9.364871e-04   1.449598e-16   10014
  9.777749e-01   1.355471e-14   8.644241e-04   1.495553e-16   9636
  9.811143e-01   1.293621e-14   1.024502e-03   1.298908e-16   11552
  9.846389e-01   1.268489e-14   9.519720e-04   1.360051e-16   10488
  9.880418e-01   1.260075e-14   9.942196e-04   1.325747e-16   10254
  9.913535e-01   1.246093e-14   9.360901e-04   1.255508e-16   11304
  9.947947e-01   1.258135e-14   9.500453e-04   1.308113e-16   10872
  9.982198e-01   1.229270e-14   1.018789e-03   1.257584e-16   10932
  1.001538e+00   1.183185e-14   9.191792e-04   1.260774e-16   10848
  1.004968e+00   1.188466e-14   9.613098e-04   1.210884e-16   10998
  1.008371e+00   1.172243e-14   1.010151e-03   1.183715e-16   11720
  1.011785e+00   1.185251e-14   9.293623e-04   1.253988e-16   10776
  1.015145e+00   1.134335e-14   1.016690e-03   1.110793e-16   12072
  1.018627e+00   1.105976e-14   9.322439e-04   1.152045e-16   10704
  1.021966e+00   1.136496e-14   9.563293e-04   1.143731e-16   11730
  1.025452e+00   1.107661e-14   9.932906e-04   1.092932e-16   12144
  1.028814e+00   1.082206e-14   9.411395e-04   1.103553e-16   11568
  1.032333e+00   1.055542e-14   1.018099e-03   1.039318e-16   11552
  1.035496e+00   1.049037e-14   9.188638e-04   1.087893e-16   10926
  1.038938e+00   1.072378e-14   1.040698e-03   1.022086e-16   13032
  1.042312e+00   1.087967e-14   8.505148e-04   1.177883e-16   10776
  1.045727e+00   1.011374e-14   1.046983e-03   9.466692e-17   13116
  1.049219e+00   9.970384e-15   9.853293e-04   9.616458e-17   12288
  1.052658e+00   9.756874e-15   9.056138e-04   1.009241e-16   11262
  1.055879e+00   9.939408e-15   9.783290e-04   9.751351e-17   12672
  1.059343e+00   9.834952e-15   9.592412e-04   9.645648e-17   12624
  1.062777e+00   9.573759e-15   9.623576e-04   9.453408e-17   12392
  1.066184e+00   9.355728e-15   9.864834e-04   9.216617e-17   12060
  1.069636e+00   9.538055e-15   1.040331e-03   9.043510e-17   13662
  1.072946e+00   9.216877e-15   8.984272e-04   9.327256e-17   11592
  1.076393e+00   9.198240e-15   1.067653e-03   8.985841e-17   13776
  1.079833e+00   8.998910e-15   9.079546e-04   8.952197e-17   12240
  1.083287e+00   8.810871e-15   1.046073e-03   8.415172e-17   13662
  1.086532e+00   9.103489e-15   8.990309e-04   9.175223e-17   11520
  1.090035e+00   8.734137e-15   1.036209e-03   7.918245e-17   15044
  1.093490e+00   8.671748e-15   9.313428e-04   8.606183e-17   12384
  1.096882e+00   8.200335e-15   9.804345e-04   8.068024e-17   13176
  1.100202e+00   8.350111e-15   8.879465e-04   8.143140e-17   12798
  1.103628e+00   8.567951e-15   1.008480e-03   8.069319e-17   14376
  1.106957e+00   8.147755e-15   9.586156e-04   8.143260e-17   12528
  1.110377e+00   8.051110e-15   1.006656e-03   7.551005e-17   14100
  1.113686e+00   8.139882e-15   9.133782e-04   8.326883e-17   12630
  1.117102e+00   7.909951e-15   9.919328e-04   7.415524e-17   14624
  1.120482e+00   8.051507e-15   9.894156e-04   7.888469e-17   13272
  1.123923e+00   7.779709e-15   1.008580e-03   7.227356e-17   14664
  1.127428e+00   7.421806e-15   1.031064e-03   6.835045e-17   14328
  1.130809e+00   7.496694e-15   9.574326e-04   7.402872e-17   13086
  1.134236e+00   7.486043e-15   1.030026e-03   6.755079e-17   15612
  1.137653e+00   7.511835e-15   8.878573e-04   7.578368e-17   13416
  1.140971e+00   7.333716e-15   1.044367e-03   6.699796e-17   14360
  1.144380e+00   7.138023e-15   9.770905e-04   6.791968e-17   14064
  1.147853e+00   7.282620e-15   1.005516e-03   6.793041e-17   15750
  1.151277e+00   6.997423e-15   9.498220e-04   6.707384e-17   13680
  1.154655e+00   7.159676e-15   1.034040e-03   6.836090e-17   15468
  1.158090e+00   6.733329e-15   9.964048e-04   6.560949e-17   14352
  1.161422e+00   6.749906e-15   9.831061e-04   6.230873e-17   14454
  1.164771e+00   7.038647e-15   1.009534e-03   6.707722e-17   15048
  1.168219e+00   6.482903e-15   9.356739e-04   6.035473e-17   15360
  1.171622e+00   6.624941e-15   1.028303e-03   6.154930e-17   15224
  1.175043e+00   6.467126e-15   9.737025e-04   5.935999e-17   15096
  1.178436e+00   6.600808e-15   9.513142e-04   6.285782e-17   14514
  1.181744e+00   6.560706e-15   9.972118e-04   6.064480e-17   16416
  1.185216e+00   6.305695e-15   9.813109e-04   5.881796e-17   15216
  1.188760e+00   6.325705e-15   9.875256e-04   5.758774e-17   16440
  1.192145e+00   6.207785e-15   9.934307e-04   5.958493e-17   14904
  1.195382e+00   6.205576e-15   9.331760e-04   5.948362e-17   15134
  1.198830e+00   6.218141e-15   1.044008e-03   5.792026e-17   16644
  1.202273e+00   5.908471e-15   9.801415e-04   5.481888e-17   16128
  1.205649e+00   6.008153e-15   9.739380e-04   5.755279e-17   15384
  1.208976e+00   5.950746e-15   9.574053e-04   5.538232e-17   15462
  1.212384e+00   5.902948e-15   1.022817e-03   5.129782e-17   17304
  1.215857e+00   5.707905e-15   9.644898e-04   5.261873e-17   16176
  1.219267e+00   5.787279e-15   1.020273e-03   5.226412e-17   16824
  1.222757e+00   5.488158e-15   9.384566e-04   5.122774e-17   15980
  1.226044e+00   5.590479e-15   9.341167e-04   5.281521e-17   16326
  1.229359e+00   5.657680e-15   9.971528e-04   5.371319e-17   16488
  1.232793e+00   5.466165e-15   9.674257e-04   4.946751e-17   16944
  1.236242e+00   5.341694e-15   1.018099e-03   4.807590e-17   17256
  1.239567e+00   5.163789e-15   9.442015e-04   4.772068e-17   15966
  1.243019e+00   5.431082e-15   1.002557e-03   5.012634e-17   17628
  1.246398e+00   5.130007e-15   9.523046e-04   4.754514e-17   17280
  1.249813e+00   5.054162e-15   1.048272e-03   4.537558e-17   17056
  1.253179e+00   5.048511e-15   9.884505e-04   4.602661e-17   17296
  1.256693e+00   4.911072e-15   9.682006e-04   4.411379e-17   17526
  1.260009e+00   5.051815e-15   9.743928e-04   4.530364e-17   17592
  1.263462e+00   4.945087e-15   1.013641e-03   4.393988e-17   17880
  1.266826e+00   4.900259e-15   9.399981e-04   4.618237e-17   17028
  1.270153e+00   4.842725e-15   9.558687e-04   4.414899e-17   17376
  1.273537e+00   4.973256e-15   9.489771e-04   4.486156e-17   18414
  1.277033e+00   4.729026e-15   9.732250e-04   4.199141e-17   17840
  1.280422e+00   4.661210e-15   1.021714e-03   4.125579e-17   18960
  1.283800e+00   4.593340e-15   9.491477e-04   4.284300e-17   16992
  1.287191e+00   4.575992e-15   1.045598e-03   4.027777e-17   18378
  1.290511e+00   4.643445e-15   9.309987e-04   4.261911e-17   18192
  1.293964e+00   4.528028e-15   9.939797e-04   3.963050e-17   19320
  1.297392e+00   4.412109e-15   9.640812e-04   4.020361e-17   17856
  1.300808e+00   4.171455e-15   9.952112e-04   3.707322e-17   19128
  1.304168e+00   4.431481e-15   9.205139e-04   4.086339e-17   18246
  1.307589e+00   4.479509e-15   9.567778e-04   4.003783e-17   19184
  1.310975e+00   4.182186e-15   9.792411e-04   3.694501e-17   18900
  1.314454e+00   4.177998e-15   1.021314e-03   3.620092e-17   19776
  1.317772e+00   4.157210e-15   9.370417e-04   3.954482e-17   17814
  1.321221e+00   4.224723e-15   1.019691e-03   3.799641e-17   19944
  1.324582e+00   4.170685e-15   1.005872e-03   3.777627e-17   19536
  1.328059e+00   4.028820e-15   9.953972e-04   3.481138e-17   20112
  1.331434e+00   3.946870e-15   9.251142e-04   3.740160e-17   18116
  1.334798e+00   3.872975e-15   9.644510e-04   3.373404e-17   19878
  1.338104e+00   4.015309e-15   9.747533e-04   3.627019e-17   19800
  1.341597e+00   3.990694e-15   9.746917e-04   3.606786e-17   20136
  1.345077e+00   3.793740e-15   1.025284e-03   3.319404e-17   20808
  1.348466e+00   3.722954e-15   9.288316e-04   3.405793e-17   19152
  1.351874e+00   3.795334e-15   9.810813e-04   3.363398e-17   20526
  1.355317e+00   3.772833e-15   1.009394e-03   3.414809e-17   20532
  1.358658e+00   3.766800e-15   1.003080e-03   3.336745e-17   20120
  1.361967e+00   3.547190e-15   9.347410e-04   3.235678e-17   19512
  1.365426e+00   3.588769e-15   1.015429e-03   3.135580e-17   21246
  1.368810e+00   3.676524e-15   9.234922e-04   3.337926e-17   20112
  1.372239e+00   3.626910e-15   1.028308e-03   3.137523e-17   22104
  1.375656e+00   3.517493e-15   1.009051e-03   3.225466e-17   19620
  1.379051e+00   3.381476e-15   1.002997e-03   2.959131e-17   21912
  1.382450e+00   3.496992e-15   9.358667e-04   3.186495e-17   20070
  1.385835e+00   3.490117e-15   1.019290e-03   3.035108e-17   22064
  1.389281e+00   3.375669e-15   9.677197e-04   2.996239e-17   21048
  1.392624e+00   3.388501e-15   9.464641e-04   2.948447e-17   21168
  1.396022e+00   3.377913e-15   1.023526e-03   2.995095e-17   21384
  1.399510e+00   3.271046e-15   9.261037e-04   2.957564e-17   22146
  1.402917e+00   3.420474e-15   9.907340e-04   2.977384e-17   22200
  1.406352e+00   3.194553e-15   9.384676e-04   2.809428e-17   21648
  1.409715e+00   3.101294e-15   1.004739e-03   2.817583e-17   21144
  1.413042e+00   3.078779e-15   9.557029e-04   2.689065e-17   21710
  1.416464e+00   3.174102e-15   1.015437e-03   2.727254e-17   23112
  1.419994e+00   3.161154e-15   1.013025e-03   2.745073e-17   23064
  1.423397e+00   3.063895e-15   9.375385e-04   2.735972e-17   21252
  1.426667e+00   3.008718e-15   9.398251e-04   2.589139e-17   22128
  1.430079e+00   3.118317e-15   9.741612e-04   2.760541e-17   22446
  1.433489e+00   2.970414e-15   9.547049e-04   2.631723e-17   22848
  1.436865e+00   2.967141e-15   9.559285e-04   2.610211e-17   23208
  1.440318e+00   2.950757e-15   9.839042e-04   2.515636e-17   22536
  1.443716e+00   2.811287e-15   9.977885e-04   2.395609e-17   22586
  1.447106e+00   3.018752e-15   1.017372e-03   2.581851e-17   24096
  1.450516e+00   2.949477e-15   9.545662e-04   2.730605e-17   22440
  1.453882e+00   2.858083e-15   1.040231e-03   2.490321e-17   23400
  1.457251e+00   2.733148e-15   9.449552e-04   2.383296e-17   23232
  1.460730e+00   2.803817e-15   9.950400e-04   2.533494e-17   23886
  1.464083e+00   2.817679e-15   9.568206e-04   2.540571e-17   23376
  1.467479e+00   2.756117e-15   9.653968e-04   2.454500e-17   23540
  1.470837e+00   2.673297e-15   9.576052e-04   2.297544e-17   24240
  1.474322e+00   2.665178e-15   1.007568e-03   2.356572e-17   23952
  1.477751e+00   2.688142e-15   9.425996e-04   2.373150e-17   24006
  1.481188e+00   2.678714e-15   1.057459e-03   2.315487e-17   25560
  1.484513e+00   2.616153e-15   9.375935e-04   2.322690e-17   22728
  1.487845e+00   2.536213e-15   9.449672e-04   2.235370e-17   23556
  1.491222e+00   2.556553e-15   9.861154e-04   2.221838e-17   25398
  1.494647e+00   2.713159e-15   9.661087e-04   2.479052e-17   24088
  1.498058e+00   2.599565e-15   1.005693e-03   2.249698e-17   25696
  1.501476e+00   2.534193e-15   9.445009e-04   2.295783e-17   24144
  1.504866e+00   2.433054e-15   1.009435e-03   2.129710e-17   25560
  1.508279e+00   2.447735e-15   9.311536e-04   2.205520e-17   24246
  1.511702e+00   2.556634e-15   9.886422e-04   2.200125e-17   26292
  1.515117e+00   2.445905e-15   9.750958e-04   2.205076e-17   25200
  1.518516e+00   2.412457e-15   1.015518e-03   2.144701e-17   25296
  1.521840e+00   2.298530e-15   9.273872e-04   2.035689e-17   24192
  1.525374e+00   2.423297e-15   1.024084e-03   2.094369e-17   28646
  1.528819e+00   2.337433e-15   9.416682e-04   2.129995e-17   24552
  1.532197e+00   2.369207e-15   9.871622e-04   2.123524e-17   25788
  1.535497e+00   2.228113e-15   9.319875e-04   1.965229e-17   25272
  1.538910e+00   2.275598e-15   1.008561e-03   2.037300e-17   26118
  1.542254e+00   2.326359e-15   9.872169e-04   2.093455e-17   26016
  1.545754e+00   2.229035e-15   9.973691e-04   1.915017e-17   27792
  1.549107e+00   2.220753e-15   9.782537e-04   1.935490e-17   25072
  1.552489e+00   2.119713e-15   1.013302e-03   1.818408e-17   26824
  1.555876e+00   2.220143e-15   9.251742e-04   1.977660e-17   26106
  1.559322e+00   2.231420e-15   1.018165e-03   1.974909e-17   28296
  1.562736e+00   2.153119e-15   9.795929e-04   1.896758e-17   26640
  1.566139e+00   2.093690e-15   9.326427e-04   1.828906e-17   26064
  1.569509e+00   2.062512e-15   1.023197e-03   1.706701e-17   27822
  1.572858e+00   2.191918e-15   9.509197e-04   2.058346e-17   26160
  1.576250e+00   2.176135e-15   1.045692e-03   1.949091e-17   28108
  1.579675e+00   2.061506e-15   9.994315e-04   1.852323e-17   27664
  1.583072e+00   2.023939e-15   9.941707e-04   1.812134e-17   27600
  1.586528e+00   2.030332e-15   9.963156e-04   1.765420e-17   27510
  1.589938e+00   2.103863e-15   9.859005e-04   1.895515e-17   28848
  1.593332e+00   1.980056e-15   9.762803e-04   1.769044e-17   27744
  1.596742e+00   1.966349e-15   9.511846e-04   1.688956e-17   27888
  1.600131e+00   1.911070e-15   9.670142e-04   1.656956e-17   27780
  1.603528e+00   2.008949e-15   9.742031e-04   1.809515e-17   28734
  1.606889e+00   1.982581e-15   1.005991e-03   1.760084e-17   28232
  1.610329e+00   1.945572e-15   1.000286e-03   1.677863e-17   29016
  1.613693e+00   1.883997e-15   9.883033e-04   1.665778e-17   28056
  1.617078e+00   1.887606e-15   9.591200e-04   1.678770e-17   28710
  1.620494e+00   1.973194e-15   1.013131e-03   1.749920e-17   29220
  1.624041e+00   1.861771e-15   1.036386e-03   1.619576e-17   31584
  1.627400e+00   1.845020e-15   9.553743e-04   1.663764e-17   26904
  1.630674e+00   1.816366e-15   9.285874e-04   1.607981e-17   28512
  1.634161e+00   1.828989e-15   1.000248e-03   1.558487e-17   30878
  1.637619e+00   1.861847e-15   1.004557e-03   1.667982e-17   30408
  1.641002e+00   1.835653e-15   9.703596e-04   1.646247e-17   28632
  1.644329e+00   1.758464e-15   9.338123e-04   1.550542e-17   28764
  1.647688e+00   1.723059e-15   1.038911e-03   1.490804e-17   30630
  1.651141e+00   1.779681e-15   9.619060e-04   1.617143e-17   30240
  1.654600e+00   1.795294e-15   9.855083e-04   1.602928e-17   31008
  1.657971e+00   1.756620e-15   9.439236e-04   1.567515e-17   29240
  1.661283e+00   1.641209e-15   9.632944e-04   1.466631e-17   30000
  1.664737e+00   1.715811e-15   1.019644e-03   1.501877e-17   30978
  1.668138e+00   1.689633e-15   9.612856e-04   1.528587e-17   30696
  1.671525e+00   1.679890e-15   1.007582e-03   1.500870e-17   31320
  1.674870e+00   1.650042e-15   9.416567e-04   1.468261e-17   29280
  1.678263e+00   1.577223e-15   1.006944e-03   1.403403e-17   31488
  1.681653e+00   1.656506e-15   9.453471e-04   1.505670e-17   31326
  1.685080e+00   1.687786e-15   1.015014e-03   1.527111e-17   31480
  1.688539e+00   1.613517e-15   9.846423e-04   1.406476e-17   32572
  1.691988e+00   1.576544e-15   9.852371e-04   1.411349e-17   31296
  1.695337e+00   1.562786e-15   9.580987e-04   1.408400e-17   30798
  1.698756e+00   1.651288e-15   1.019947e-03   1.552167e-17   32256
  1.702112e+00   1.577149e-15   9.851718e-04   1.410938e-17   32088
  1.705471e+00   1.563506e-15   9.749849e-04   1.441579e-17   30936
  1.708872e+00   1.532830e-15   1.013665e-03   1.335693e-17   33036
  1.712340e+00   1.524814e-15   9.814605e-04   1.401265e-17   31846
  1.715716e+00   1.553708e-15   1.000452e-03   1.358209e-17   33832
  1.719107e+00   1.531328e-15   9.267229e-04   1.399773e-17   30912
  1.722470e+00   1.450407e-15   9.718409e-04   1.280106e-17   32976
  1.725849e+00   1.439845e-15   9.589091e-04   1.278271e-17   32712
  1.729299e+00   1.528981e-15   9.694589e-04   1.391788e-17   33438
  1.732697e+00   1.519661e-15   9.759808e-04   1.391109e-17   32556
  1.736008e+00   1.442346e-15   9.673595e-04   1.301167e-17   33144
  1.739423e+00   1.435712e-15   9.568897e-04   1.301124e-17   33504
  1.742928e+00   1.428745e-15   9.907617e-04   1.294746e-17   33542
  1.746251e+00   1.447401e-15   9.761088e-04   1.305692e-17   33768
  1.749697e+00   1.439847e-15   9.890657e-04   1.284022e-17   34368
  1.753059e+00   1.431476e-15   9.398519e-04   1.323769e-17   32856
  1.756491e+00   1.367253e-15   9.718883e-04   1.199702e-17   34524
  1.759859e+00   1.392781e-15   9.230442e-04   1.303529e-17   33510
  1.763319e+00   1.437192e-15   1.033008e-03   1.284244e-17   35856
  1.766738e+00   1.374242e-15   9.789033e-04   1.302641e-17   33888
  1.770094e+00   1.347989e-15   9.592478e-04   1.250840e-17   33752
  1.773444e+00   1.326752e-15   1.008735e-03   1.149001e-17   34902
  1.776965e+00   1.408170e-15   9.868343e-04   1.312142e-17   35484
  1.780394e+00   1.359744e-15   1.015830e-03   1.237488e-17   36648
  1.783785e+00   1.320879e-15   9.394377e-04   1.203695e-17   33000
  1.787135e+00   1.275145e-15   1.015728e-03   1.120644e-17   35520
  1.790596e+00   1.259245e-15   9.921111e-04   1.121006e-17   36078
  1.793965e+00   1.376262e-15   9.711127e-04   1.248773e-17   34992
  1.797329e+00   1.284331e-15   9.608864e-04   1.216025e-17   35072
  1.800764e+00   1.261287e-15   1.007567e-03   1.129932e-17   36876
  1.804084e+00   1.256189e-15   9.316889e-04   1.198151e-17   33216
  1.807491e+00   1.294004e-15   1.032331e-03   1.146697e-17   38382
  1.810984e+00   1.276423e-15   9.682750e-04   1.188768e-17   36072
  1.814418e+00   1.239578e-15   9.696935e-04   1.092426e-17   37464
  1.817773e+00   1.212586e-15   9.320563e-04   1.113160e-17   34416
  1.821192e+00   1.222386e-15   1.021416e-03   1.105553e-17   37386
  1.824585e+00   1.316265e-15   9.752191e-04   1.236536e-17   37040
  1.827967e+00   1.239742e-15   9.494317e-04   1.149286e-17   36240
  1.831325e+00   1.184921e-15   1.012861e-03   1.081295e-17   36432
  1.834733e+00   1.150896e-15   9.562728e-04   1.043098e-17   37560
  1.838152e+00   1.222168e-15   9.909694e-04   1.144511e-17   37350
  1.841634e+00   1.224419e-15   1.013075e-03   1.126828e-17   38616
  1.845012e+00   1.184323e-15   9.549061e-04   1.109448e-17   37092
  1.848409e+00   1.142753e-15   9.182933e-04   1.037981e-17   37272
  1.851799e+00   1.130685e-15   1.011002e-03   1.052477e-17   37616
  1.855230e+00   1.153150e-15   9.791045e-04   1.046033e-17   38478
  1.858608e+00   1.185727e-15   9.948864e-04   1.114183e-17   37992
  1.861981e+00   1.129315e-15   9.755720e-04   1.040049e-17   38232
  1.865360e+00   1.087348e-15   9.561314e-04   1.011791e-17   36708
  1.868749e+00   1.097706e-15   1.000812e-03   1.000128e-17   39534
  1.872173e+00   1.166946e-15   1.002785e-03   1.104338e-17   39336
  1.875572e+00   1.125230e-15   9.646922e-04   1.069888e-17   37624
  1.878977e+00   1.083484e-15   9.870851e-04   9.768193e-18   40408
  1.882408e+00   1.054165e-15   9.441395e-04   9.548436e-18   38256
  1.885822e+00   1.110860e-15   9.645504e-04   1.038234e-17   39438
  1.889268e+00   1.100179e-15   9.952977e-04   1.004396e-17   40524
  1.892622e+00   1.076501e-15   9.396870e-04   1.008410e-17   38448
  1.896001e+00   1.057171e-15   9.889896e-04   9.976069e-18   39312
  1.899370e+00   1.025637e-15   9.454305e-04   9.584823e-18   38718
  1.902752e+00   1.099477e-15   1.008786e-03   1.074865e-17   40872
  1.906153e+00   1.042432e-15   9.579164e-04   9.888595e-18   40088
  1.909607e+00   1.059893e-15   1.021028e-03   9.910459e-18   40644
  1.913014e+00   9.890733e-16   9.580841e-04   9.149357e-18   40176
  1.916440e+00   1.027123e-15   1.015811e-03   9.483840e-18   40998
  1.919781e+00   1.090821e-15   9.315444e-04   1.095746e-17   39192
  1.923177e+00   1.053627e-15   9.835940e-04   1.028784e-17   41640
  1.926591e+00   9.907691e-16   9.865853e-04   9.274772e-18   41400
  1.929954e+00   9.788557e-16   9.710201e-04   9.218173e-18   38640
  1.933373e+00   1.032357e-15   9.964131e-04   9.503913e-18   43658
  1.936792e+00   1.020739e-15   9.582756e-04   9.941975e-18   40608
  1.940176e+00   9.782708e-16   9.782447e-04   9.340992e-18   41880
  1.943631e+00   9.817432e-16   9.669901e-04   9.319342e-18   41712
  1.947085e+00   9.615606e-16   1.009457e-03   9.091520e-18   42942
  1.950463e+00   1.014944e-15   9.589570e-04   1.009521e-17   40896
  1.953853e+00   9.847682e-16   9.879975e-04   9.373006e-18   42708
  1.957213e+00   9.563702e-16   9.351117e-04   9.169664e-18   40968
  1.960629e+00   9.139961e-16   1.015965e-03   8.527465e-18   43496
  1.964036e+00   9.910653e-16   9.725754e-04   9.694674e-18   41454
  1.967447e+00   9.881358e-16   1.004526e-03   9.442537e-18   43704
  1.970751e+00   9.333926e-16   9.256831e-04   9.404643e-18   41208
  1.974178e+00   9.189081e-16   1.015706e-03   8.795132e-18   43944
  1.977639e+00   8.716081e-16   9.801018e-04   8.053957e-18   43218
  1.981069e+00   9.490765e-16   9.835304e-04   9.356780e-18   44136
  1.984421e+00   9.340573e-16   9.689214e-04   9.202533e-18   42304
  1.987802e+00   9.135318e-16   9.842599e-04   8.874844e-18   43096
  1.991130e+00   8.795210e-16   9.631295e-04   8.550326e-18   43464
  1.994604e+00   5.207088e-16   1.004342e-03   6.273965e-18   44382
  1.998002e+00   1.126585e-16   1.003266e-03   8.835962e-19   44316
  2.001426e+00   1.103209e-16   9.893154e-04   8.750505e-19   44592
  2.004809e+00   1.046145e-16   9.680892e-04   7.948913e-19   44328
  2.008236e+00   1.039516e-16   9.523162e-04   8.412832e-19   43560
  2.011631e+00   1.029060e-16   9.817514e-04   8.545561e-19   44763
  2.015012e+00   9.669100e-17   9.843293e-04   7.876313e-19   44216
  2.018416e+00   9.802879e-17   1.002968e-03   7.941781e-19   45144
  2.021845e+00   9.248916e-17   9.533111e-04   7.808894e-19   42876
  2.025221e+00   8.900958e-17   1.039094e-03   7.109176e-19   46164
  2.028603e+00   8.580632e-17   9.538972e-04   6.872310e-19   42360
  2.032052e+00   8.353909e-17   1.004468e-03   6.637869e-19   45324
  2.035424e+00   7.972749e-17   9.995889e-04   6.362242e-19   43320
  2.038817e+00   7.802344e-17   1.007297e-03   6.202642e-19   44580
  2.042292e+00   7.510927e-17   1.006134e-03   5.865127e-19   44468
  2.045700e+00   7.144666e-17   9.571103e-04   5.558696e-19   43416
  2.049007e+00   7.033329e-17   9.503154e-04   5.598273e-19   42264
  2.052427e+00   6.752712e-17   9.982480e-04   5.230091e-19   44580
  2.055855e+00   6.693917e-17   1.013336e-03   5.262363e-19   43824
  2.059268e+00   6.139730e-17   9.523479e-04   4.685020e-19   43392
  2.062640e+00   6.238848e-17   9.709336e-04   4.768853e-19   43296
  2.066077e+00   6.037677e-17   9.345634e-04   4.670724e-19   42656
  2.069429e+00   5.749874e-17   9.980838e-04   4.434015e-19   43728
  2.072869e+00   5.740951e-17   1.006399e-03   4.370181e-19   43536
  2.076268e+00   5.488908e-17   1.001616e-03   4.222569e-19   42180
  2.079670e+00   5.189012e-17   9.698728e-04   3.891578e-19   44136
  2.083087e+00   5.187538e-17   9.773400e-04   3.920400e-19   42372
  2.086460e+00   4.967309e-17   9.552676e-04   3.717001e-19   41604
  2.089832e+00   4.919341e-17   1.006521e-03   3.650313e-19   43440
  2.093239e+00   4.734916e-17   1.007289e-03   3.575677e-19   42488
  2.096600e+00   4.676911e-17   9.671663e-04   3.561035e-19   41496
  2.100046e+00   4.454434e-17   1.009561e-03   3.194873e-19   44112
  2.103476e+00   4.452671e-17   9.627245e-04   3.295049e-19   41688
  2.106847e+00   4.299686e-17   1.002887e-03   3.235590e-19   42276
  2.110231e+00   4.214560e-17   9.673004e-04   3.124901e-19   41172
  2.113637e+00   3.968660e-17   1.014189e-03   2.775406e-19   43536
  2.117060e+00   3.918550e-17   9.440682e-04   2.841478e-19   41496
  2.120446e+00   3.807230e-17   1.001696e-03   2.806912e-19   40764
  2.123824e+00   3.819972e-17   9.829124e-04   2.747743e-19   43220
  2.127251e+00   3.607390e-17   9.741948e-04   2.550207e-19   41076
  2.130650e+00   3.593398e-17   9.736862e-04   2.529385e-19   41532
  2.134066e+00   3.482066e-17   9.913433e-04   2.496178e-19   41928
  2.137452e+00   3.449001e-17   9.489903e-04   2.421850e-19   41412
  2.140836e+00   3.340540e-17   9.876425e-04   2.425926e-19   40032
  2.144200e+00   3.303047e-17   9.795004e-04   2.333204e-19   41880
  2.147583e+00   3.150956e-17   9.747362e-04   2.227465e-19   40264
  2.151008e+00   3.099463e-17   9.980952e-04   2.079343e-19   42592
  2.154444e+00   2.959405e-17   9.574599e-04   2.100496e-19   39588
  2.157836e+00   2.937670e-17   9.899106e-04   1.972239e-19   42180
  2.161205e+00   2.879406e-17   9.550806e-04   2.067825e-19   39240
  2.164591e+00   2.917161e-17   1.002498e-03   2.004163e-19   40920
  2.168021e+00   2.711076e-17   9.895186e-04   1.832783e-19   41184
  2.171435e+00   2.708054e-17   9.802064e-04   1.913620e-19   40872
  2.174814e+00   2.638293e-17   9.323587e-04   1.839084e-19   38748
  2.178230e+00   2.642804e-17   9.923713e-04   1.761198e-19   41420
  2.181596e+00   2.511257e-17   9.733624e-04   1.726325e-19   39816
  2.185019e+00   2.512656e-17   9.758566e-04   1.728832e-19   39792
  2.188398e+00   2.403663e-17   9.322510e-04   1.614681e-19   39816
  2.191853e+00   2.331197e-17   1.007568e-03   1.537448e-19   41064
  2.195255e+00   2.330380e-17   9.665765e-04   1.570161e-19   39204
  2.198703e+00   2.241272e-17   1.019970e-03   1.492733e-19   40080
  2.202014e+00   2.252380e-17   9.424963e-04   1.513845e-19   38332
  2.205420e+00   2.156992e-17   9.836872e-04   1.422032e-19   39952
  2.208814e+00   2.187982e-17   9.826829e-04   1.473329e-19   39000
  2.212292e+00   2.068345e-17   1.009126e-03   1.329886e-19   40356
  2.215686e+00   2.029246e-17   9.900841e-04   1.339436e-19   39300
  2.219073e+00   1.992425e-17   9.768590e-04   1.343162e-19   37452
  2.222434e+00   1.982523e-17   9.686015e-04   1.301807e-19   39732
  2.225893e+00   1.932264e-17   9.735156e-04   1.266381e-19   39312
  2.229261e+00   1.913169e-17   9.899780e-04   1.254954e-19   37632
  2.232646e+00   1.865644e-17   9.733727e-04   1.247826e-19   38420
  2.236046e+00   1.856261e-17   1.005997e-03   1.195819e-19   39564
  2.239457e+00   1.764882e-17   9.680250e-04   1.160573e-19   37236
  2.242822e+00   1.776780e-17   9.786551e-04   1.182013e-19   38100
  2.246202e+00   1.703844e-17   9.621843e-04   1.118314e-19   38208
  2.249650e+00   1.705779e-17   1.001343e-03   1.098392e-19   39072
  2.253028e+00   1.672403e-17   9.255374e-04   1.125239e-19   36192
  2.256433e+00   1.653147e-17   1.000569e-03   1.070026e-19   38928
  2.259875e+00   1.610525e-17   9.940952e-04   1.043986e-19   38768
  2.263364e+00   1.565296e-17   9.767718e-04   1.018605e-19   37596
  2.266775e+00   1.553498e-17   9.724364e-04   1.010628e-19   37296
  2.270122e+00   1.543136e-17   9.733477e-04   1.012479e-19   36948
  2.273485e+00   1.506842e-17   9.983394e-04   9.899315e-20   37248
  2.276967e+00   1.483628e-17   9.858991e-04   9.530652e-20   37152
  2.280308e+00   1.422831e-17   9.842197e-04   9.146881e-20   37512
  2.283721e+00   1.421800e-17   9.421972e-04   9.173478e-20   35876
  2.287109e+00   1.389229e-17   1.004095e-03   8.925854e-20   36936
  2.290550e+00   1.395357e-17   1.000342e-03   8.902933e-20   38028
  2.293967e+00   1.351070e-17   9.518210e-04   8.935159e-20   35592
  2.297304e+00   1.351256e-17   9.445855e-04   8.945409e-20   35508
  2.300680e+00   1.302592e-17   9.795177e-04   8.415712e-20   36492
  2.304133e+00   1.278893e-17   1.010473e-03   8.035972e-20   37608
  2.307551e+00   1.271672e-17   9.970499e-04   8.383522e-20   34848
  2.310869e+00   1.258382e-17   9.351021e-04   8.105169e-20   35220
  2.314285e+00   1.232996e-17   9.755168e-04   7.795328e-20   36884
  2.317699e+00   1.209119e-17   9.681382e-04   7.835836e-20   35412
  2.321162e+00   1.190515e-17   1.002430e-03   7.722803e-20   35652
  2.324531e+00   1.174155e-17   1.002197e-03   7.586577e-20   36072
  2.327908e+00   1.151926e-17   9.658515e-04   7.586345e-20   34368
  2.331324e+00   1.138647e-17   9.783685e-04   7.263481e-20   35484
  2.334741e+00   1.102745e-17   9.684744e-04   7.063493e-20   35256
  2.338088e+00   1.094014e-17   1.008122e-03   7.167193e-20   34476
  2.341506e+00   1.072102e-17   9.890537e-04   7.045292e-20   34916
  2.344896e+00   1.073493e-17   9.753182e-04   6.964211e-20   34596
  2.348289e+00   1.053978e-17   9.540538e-04   6.779479e-20   34656
  2.351696e+00   1.023653e-17   9.882911e-04   6.475450e-20   34596
  2.355125e+00   1.015246e-17   9.587525e-04   6.586185e-20   33984
  2.358476e+00   9.737656e-18   9.788210e-04   6.483520e-20   34080
  2.361852e+00   9.897946e-18   9.830509e-04   6.550596e-20   34140
  2.365304e+00   9.893794e-18   1.015340e-03   6.563905e-20   33804
  2.368719e+00   9.636349e-18   9.759441e-04   6.165556e-20   35096
  2.372155e+00   9.625021e-18   9.675675e-04   6.536916e-20   33108
  2.375492e+00   9.409851e-18   9.625095e-04   6.318726e-20   32280
  2.378878e+00   9.219434e-18   9.798228e-04   6.046773e-20   34404
  2.382324e+00   9.057441e-18   9.998368e-04   5.959026e-20   34248
  2.385781e+00   8.906305e-18   9.368618e-04   6.066490e-20   32016
  2.389171e+00   8.891047e-18   9.889111e-04   5.859715e-20   34344
  2.392588e+00   8.662232e-18   9.508792e-04   5.774580e-20   32024
  2.395887e+00   8.618762e-18   9.856404e-04   5.790927e-20   31908
  2.399315e+00   8.567644e-18   9.877149e-04   5.492038e-20   33192
  2.402753e+00   8.343375e-18   1.023393e-03   5.444208e-20   33288
  2.406122e+00   8.230312e-18   9.318436e-04   5.704811e-20   31356
  2.409537e+00   8.138856e-18   1.008572e-03   5.404684e-20   32496
  2.412934e+00   8.013096e-18   9.586275e-04   5.421936e-20   31944
  2.416251e+00   7.843389e-18   9.843477e-04   5.308140e-20   31512
  2.419642e+00   7.735495e-18   9.554269e-04   5.238354e-20   31156
  2.423118e+00   7.675873e-18   1.006701e-03   5.012384e-20   33352
  2.426525e+00   7.640120e-18   9.764504e-04   5.116310e-20   31344
  2.429966e+00   7.512068e-18   1.011019e-03   5.116272e-20   31068
  2.433353e+00   7.491488e-18   9.971418e-04   5.107650e-20   31752
  2.436684e+00   7.279637e-18   9.204472e-04   5.057679e-20   29868
  2.440099e+00   7.246048e-18   1.011444e-03   4.935058e-20   32052
  2.443539e+00   7.078121e-18   9.596990e-04   4.855172e-20   30012
  2.446898e+00   7.033254e-18   1.006915e-03   4.787892e-20   31520
  2.450354e+00   6.890310e-18   9.844685e-04   4.859565e-20   30648
  2.453706e+00   6.748569e-18   9.710870e-04   4.850297e-20   29304
  2.457112e+00   6.947911e-18   9.628022e-04   4.877452e-20   31140
  2.460584e+00   6.672652e-18   1.025697e-03   4.563682e-20   31320
  2.463992e+00   6.549766e-18   9.680019e-04   4.711146e-20   28356
  2.467346e+00   6.471171e-18   9.894595e-04   4.605426e-20   30288
  2.470691e+00   6.422372e-18   9.833600e-04   4.597380e-20   29472
  2.474056e+00   6.294416e-18   9.720749e-04   4.514174e-20   28716
  2.477529e+00   6.233880e-18   9.646939e-04   4.408295e-20   30740
  2.480961e+00   6.214336e-18   9.839130e-04   4.467433e-20   29304
  2.484327e+00   6.026094e-18   9.799311e-04   4.392392e-20   28476
  2.487752e+00   5.881883e-18   9.925668e-04   4.212746e-20   29304
  2.491155e+00   6.072069e-18   9.914075e-04   4.348658e-20   29280
  2.494601e+00   5.927161e-18   9.888067e-04   4.312742e-20   29100
  2.498031e+00   5.833691e-18   9.693726e-04   4.289329e-20   27816
  2.501330e+00   5.958640e-18   9.737231e-04   4.422767e-20   27692
  2.504737e+00   5.604484e-18   1.012495e-03   4.032115e-20   29724
  2.508211e+00   5.568466e-18   9.651031e-04   4.215297e-20   27240
  2.511571e+00   5.518796e-18   9.380122e-04   3.982329e-20   27588
  2.514934e+00   5.377803e-18   9.761300e-04   3.998153e-20   28560
  2.518371e+00   5.435481e-18   9.886158e-04   4.101453e-20   26952
  2.521774e+00   5.452459e-18   9.897907e-04   4.089060e-20   27516
  2.525163e+00   5.251713e-18   1.000219e-03   3.888433e-20   28344
  2.528599e+00   5.219950e-18   9.851718e-04   4.037849e-20   26196
  2.531920e+00   5.104080e-18   9.634803e-04   3.869904e-20   26360
  2.535324e+00   5.148664e-18   9.960409e-04   3.807931e-20   28152
  2.538760e+00   4.982485e-18   9.632402e-04   3.851122e-20   25896
  2.542127e+00   4.940647e-18   9.862139e-04   3.876704e-20   26592
  2.545539e+00   4.986161e-18   9.442321e-04   3.854577e-20   26568
  2.548976e+00   4.892322e-18   9.991750e-04   3.749386e-20   26832
  2.552322e+00   4.643412e-18   9.474214e-04   3.694837e-20   24972
  2.555791e+00   4.862645e-18   9.989695e-04   3.754387e-20   27000
  2.559168e+00   4.625837e-18   9.577813e-04   3.632964e-20   25448
  2.562535e+00   4.676991e-18   9.902443e-04   3.747741e-20   25476
  2.565992e+00   4.648905e-18   9.706909e-04   3.744474e-20   25152
  2.569333e+00   4.651738e-18   9.951122e-04   3.693616e-20   25968
  2.572775e+00   4.503357e-18   9.906648e-04   3.679872e-20   25320
  2.576210e+00   4.444434e-18   9.358363e-04   3.760103e-20   23796
  2.579496e+00   4.540637e-18   9.822477e-04   3.681737e-20   25500
  2.582914e+00   4.412799e-18   9.788363e-04   3.578794e-20   24420
  2.586378e+00   4.261051e-18   1.013161e-03   3.437631e-20   24656
  2.589722e+00   4.390874e-18   9.599232e-04   3.658697e-20   24036
  2.593114e+00   4.325327e-18   9.927315e-04   3.551412e-20   24528
  2.596483e+00   4.103906e-18   9.590289e-04   3.594294e-20   23004
  2.599888e+00   4.233165e-18   9.848565e-04   3.512662e-20   24576
  2.603308e+00   4.116773e-18   9.407132e-04   3.447760e-20   23736
  2.606725e+00   3.933086e-18   9.994817e-04   3.244632e-20   23712
  2.610164e+00   4.100468e-18   9.704406e-04   3.583582e-20   22992
  2.613550e+00   4.015827e-18   9.637349e-04   3.485492e-20   23984
  2.616935e+00   3.930844e-18   9.626269e-04   3.458846e-20   22344
  2.620337e+00   3.890140e-18   9.768169e-04   3.421500e-20   22536
  2.623720e+00   3.937334e-18   9.667935e-04   3.371036e-20   23268
  2.627096e+00   3.877732e-18   9.929071e-04   3.467261e-20   22152
  2.630500e+00   3.698794e-18   9.804448e-04   3.371004e-20   22068
  2.633988e+00   3.824272e-18   1.006815e-03   3.339877e-20   23664
  2.637353e+00   3.742316e-18   9.350088e-04   3.473548e-20   20640
  2.640713e+00   3.617384e-18   9.923052e-04   3.282040e-20   22376
  2.644179e+00   3.651404e-18   9.759242e-04   3.393905e-20   21444
  2.647520e+00   3.668285e-18   1.011260e-03   3.325002e-20   21576
  2.650919e+00   3.538144e-18   1.002590e-03   3.412015e-20   21660
  2.654412e+00   3.516068e-18   1.013805e-03   3.283544e-20   20916
  2.657789e+00   3.571109e-18   9.944119e-04   3.361010e-20   21504
  2.661144e+00   3.425216e-18   9.476635e-04   3.441750e-20   20508
  2.664583e+00   3.374202e-18   1.012559e-03   3.253695e-20   20036
  2.667961e+00   3.507301e-18   9.799347e-04   3.303119e-20   21276
  2.671380e+00   3.313558e-18   9.701273e-04   3.252217e-20   20652
  2.674793e+00   3.197743e-18   9.654062e-04   3.266085e-20   18696
  2.678197e+00   3.369975e-18   1.010458e-03   3.254986e-20   21504
  2.681608e+00   3.289472e-18   9.449905e-04   3.311501e-20   19284
  2.685012e+00   3.026678e-18   1.019116e-03   2.993632e-20   19356
  2.688395e+00   3.170292e-18   9.630933e-04   3.254502e-20   19236
  2.691747e+00   3.331070e-18   9.819342e-04   3.388250e-20   19476
  2.695170e+00   2.927448e-18   1.021783e-03   3.019199e-20   19184
  2.698647e+00   3.060548e-18   9.898888e-04   3.198531e-20   18852
  2.702034e+00   3.286977e-18   9.582506e-04   3.416661e-20   18876
  2.705357e+00   2.871944e-18   9.961544e-04   3.148270e-20   18336
  2.708799e+00   2.833213e-18   9.995508e-04   3.101443e-20   17820
  2.712259e+00   3.248046e-18   1.008841e-03   3.543294e-20   19392
  2.715616e+00   2.864378e-18   9.989261e-04   3.081222e-20   17616
  2.718949e+00   2.642718e-18   9.403994e-04   2.903886e-20   16320
  2.722413e+00   3.017347e-18   1.018465e-03   3.314255e-20   19292
  2.725776e+00   2.918223e-18   9.756316e-04   3.485334e-20   17112
  2.729283e+00   2.599477e-18   9.888233e-04   2.939443e-20   17388
  2.732704e+00   2.828018e-18   9.257555e-04   3.313947e-20   16692
  2.735930e+00   2.866365e-18   9.792720e-04   3.343880e-20   16956
  2.739452e+00   2.457554e-18   9.876901e-04   2.711294e-20   17040
  2.742894e+00   2.637268e-18   9.773330e-04   3.090225e-20   16092
  2.746164e+00   2.855308e-18   9.706985e-04   3.553501e-20   16380
  2.749642e+00   2.518019e-18   9.977628e-04   3.119252e-20   16688
  2.753053e+00   2.409220e-18   9.980974e-04   3.030988e-20   14940
  2.756401e+00   2.727538e-18   1.003592e-03   3.341816e-20   16668
  2.759872e+00   2.429434e-18   9.800161e-04   3.150695e-20   15804
  2.763238e+00   2.280691e-18   9.732068e-04   2.853982e-20   14280
  2.766639e+00   2.625529e-18   9.580540e-04   3.313529e-20   16068
  2.770034e+00   2.325455e-18   9.764201e-04   2.941937e-20   15048
  2.773410e+00   2.278403e-18   9.951146e-04   3.016379e-20   13940
  2.776793e+00   2.399096e-18   9.510677e-04   3.200919e-20   15072
  2.780185e+00   2.350095e-18   1.013899e-03   2.993452e-20   14808
  2.783543e+00   2.125899e-18   9.414253e-04   2.815007e-20   13200
  2.786996e+00   2.158186e-18   9.972653e-04   2.855849e-20   15156
  2.790453e+00   2.317969e-18   9.725079e-04   3.276320e-20   13788
  2.793844e+00   2.057870e-18   9.584580e-04   2.950620e-20   13608
  2.797233e+00   1.968459e-18   9.137161e-04   2.720086e-20   13224
  2.800612e+00   2.252599e-18   9.851237e-04   3.435608e-20   13320
  2.803972e+00   1.992908e-18   9.713652e-04   2.825213e-20   13220
  2.807429e+00   1.886774e-18   9.817789e-04   2.578636e-20   12984
  2.810903e+00   2.048594e-18   9.937490e-04   3.021799e-20   12780
  2.814182e+00   1.861001e-18   9.405135e-04   2.817378e-20   12360
  2.817641e+00   1.835880e-18   9.894990e-04   2.740948e-20   12480
  2.821091e+00   1.909136e-18   9.611149e-04   2.903463e-20   11892
  2.824384e+00   1.777723e-18   9.964972e-04   2.851760e-20   12192
  2.827831e+00   1.728689e-18   9.769214e-04   2.645334e-20   11328
  2.831260e+00   1.592795e-18   1.035957e-03   2.431414e-20   12020
  2.834610e+00   1.684403e-18   9.524676e-04   2.670504e-20   11052
  2.838092e+00   1.474920e-18   1.011816e-03   2.220637e-20   11304
  2.841356e+00   1.437798e-18   9.310152e-04   2.114034e-20   10368
  2.844694e+00   1.528233e-18   9.688111e-04   2.391121e-20   10899
  2.848216e+00   1.454463e-18   9.712629e-04   2.213517e-20   10752
  2.851560e+00   1.333432e-18   9.748745e-04   2.066510e-20   10446
  2.855007e+00   1.315343e-18   9.594983e-04   1.855169e-20   10092
  2.858423e+00   1.268842e-18   9.722089e-04   1.854441e-20   10220
  2.861722e+00   1.330099e-18   9.522226e-04   2.162331e-20   9636
  2.865233e+00   1.240061e-18   9.795968e-04   1.833556e-20   10020
  2.868677e+00   1.158425e-18   1.017742e-03   1.747216e-20   9906
  2.872011e+00   1.199178e-18   9.440243e-04   1.911612e-20   8940
  2.875468e+00   1.181413e-18   9.573450e-04   1.801839e-20   9558
  2.878844e+00   1.127644e-18   1.042557e-03   1.785488e-20   9180
  2.882185e+00   1.105569e-18   9.980883e-04   1.747766e-20   8674
  2.885679e+00   1.063669e-18   9.921159e-04   1.532862e-20   9454
  2.889055e+00   1.017180e-18   1.019679e-03   1.550551e-20   8316
  2.892409e+00   1.010188e-18   1.005575e-03   1.391061e-20   8622
  2.895912e+00   9.961846e-19   9.984805e-04   1.384368e-20   9006
  2.899261e+00   9.253846e-19   1.006426e-03   1.437956e-20   7698
  2.902617e+00   9.845846e-19   9.656669e-04   1.417994e-20   8406
  2.906123e+00   9.265964e-19   1.030423e-03   1.365073e-20   8646
  2.909458e+00   9.031914e-19   9.790969e-04   1.388563e-20   7014
  2.912801e+00   9.362687e-19   9.732754e-04   1.350840e-20   8510
  2.916355e+00   8.718565e-19   1.025772e-03   1.241071e-20   7890
  2.919690e+00   8.200414e-19   9.840041e-04   1.306371e-20   6966
  2.922978e+00   8.640013e-19   9.405721e-04   1.270885e-20   7902
  2.926483e+00   8.346372e-19   1.025831e-03   1.225911e-20   7278
  2.929893e+00   7.784154e-19   1.007738e-03   1.144970e-20   7338
  2.933248e+00   7.970560e-19   9.333698e-04   1.180179e-20   7254
  2.936686e+00   7.919852e-19   1.005241e-03   1.180905e-20   6678
  2.940020e+00   7.791605e-19   1.004294e-03   1.162653e-20   7286
  2.943557e+00   8.169508e-19   9.935741e-04   1.280980e-20   7200
  2.947070e+00   7.519404e-19   9.643759e-04   1.169328e-20   6234
  2.950183e+00   7.042737e-19   9.665943e-04   1.009182e-20   6630
  2.953710e+00   7.566299e-19   9.967120e-04   1.206274e-20   6822
  2.957208e+00   6.932767e-19   9.389826e-04   1.158388e-20   6078
  2.960394e+00   7.030506e-19   9.982063e-04   1.102955e-20   6528
  2.963920e+00   7.003289e-19   9.540002e-04   1.035075e-20   6034
  2.967295e+00   6.105463e-19   9.769421e-04   9.166111e-21   6190
  2.970648e+00   6.783624e-19   1.003693e-03   1.094331e-20   6270
  2.974190e+00   6.742568e-19   9.026267e-04   1.076676e-20   5520
  2.977431e+00   5.804932e-19   1.010599e-03   8.001519e-21   6126
  2.980823e+00   6.504433e-19   9.449916e-04   1.052739e-20   5562
  2.984382e+00   5.972468e-19   9.449251e-04   9.230156e-21   5790
  2.987609e+00   5.730809e-19   9.674247e-04   8.623317e-21   5496
  2.991029e+00   6.167899e-19   9.744149e-04   9.826480e-21   5262
  2.994510e+00   5.729994e-19   9.596787e-04   8.554197e-21   5774
  2.997839e+00   5.698551e-19   9.507037e-04   8.950376e-21   5124
  3.001346e+00   5.976521e-19   9.536598e-04   9.855238e-21   5070
  3.004645e+00   5.659991e-19   9.927132e-04   8.962837e-21   5430
  3.008016e+00   5.564938e-19   9.272914e-04   9.408558e-21   4680
  3.011587e+00   5.391275e-19   9.603639e-04   8.048749e-21   5370
  3.014869e+00   5.397918e-19   9.175102e-04   8.879916e-21   4638
  3.018210e+00   5.498518e-19   9.645033e-04   9.074538e-21   4536
  3.021696e+00   5.076627e-19   9.657981e-04   8.072032e-21   5222
  3.025044e+00   5.054186e-19   8.862693e-04   8.465664e-21   4254
  3.028475e+00   5.185762e-19   9.769455e-04   8.849757e-21   4548
  3.031790e+00   5.099713e-19   9.474352e-04   8.193427e-21   4638
  3.035175e+00   5.095350e-19   9.353877e-04   8.486089e-21   4176
  3.038687e+00   4.930124e-19   9.386274e-04   7.991758e-21   4518
  3.042021e+00   4.976530e-19   9.457109e-04   7.947090e-21   4278
  3.045343e+00   4.944174e-19   9.150178e-04   8.525336e-21   3732
  3.048746e+00   4.765903e-19   9.666582e-04   7.887127e-21   4502
  3.052175e+00   4.801486e-19   9.396687e-04   7.943905e-21   3984
  3.055637e+00   4.709826e-19   9.734809e-04   8.291393e-21   3726
  3.058859e+00   4.514980e-19   9.383075e-04   7.910429e-21   4014
  3.062253e+00   4.627180e-19   9.839881e-04   7.675788e-21   3756
  3.065874e+00   4.364072e-19   9.875702e-04   7.289209e-21   3894
  3.069162e+00   4.368633e-19   9.663769e-04   7.586203e-21   3744
  3.072480e+00   4.524283e-19   9.823894e-04   8.374347e-21   3174
  3.075941e+00   4.266722e-19   1.005522e-03   7.264074e-21   3968
  3.079369e+00   4.178232e-19   1.013997e-03   7.525229e-21   3522
  3.082951e+00   4.449015e-19   1.041435e-03   8.203863e-21   3198
  3.086200e+00   4.081005e-19   1.020090e-03   7.150084e-21   3648
  3.089591e+00   4.516667e-19   1.036958e-03   8.482249e-21   3054
  3.093164e+00   4.016049e-19   9.752705e-04   7.718626e-21   3312
  3.096416e+00   4.193608e-19   1.030232e-03   7.685043e-21   3354
  3.099859e+00   4.166045e-19   1.018756e-03   8.314757e-21   2624
  3.103228e+00   3.912148e-19   9.938936e-04   6.799508e-21   3462
  3.106655e+00   4.136088e-19   1.036730e-03   8.037802e-21   2976
  3.110270e+00   3.943250e-19   9.814041e-04   7.736883e-21   2670
  3.113407e+00   3.838023e-19   1.021601e-03   7.104888e-21   3186
  3.116767e+00   3.806596e-19   9.543614e-04   8.089791e-21   2376
  3.120346e+00   3.847672e-19   1.006058e-03   6.998832e-21   3102
  3.123650e+00   3.668427e-19   9.847799e-04   7.158596e-21   2688
  3.127086e+00   3.783612e-19   1.027393e-03   8.234350e-21   2286
  3.130454e+00   3.557768e-19   9.909871e-04   6.691814e-21   3020
  3.133859e+00   3.808964e-19   9.439116e-04   8.350306e-21   2310
  3.137474e+00   3.639518e-19   1.043166e-03   7.175832e-21   2544
  3.140695e+00   3.556131e-19   9.725494e-04   7.070339e-21   2526
  3.144064e+00   3.824604e-19   9.987847e-04   8.423743e-21   2112
  3.147593e+00   3.614949e-19   9.598648e-04   7.139853e-21   2538
  3.150931e+00   3.557964e-19   9.985896e-04   7.659351e-21   2304
  3.154328e+00   3.639125e-19   9.852879e-04   8.175301e-21   1902
  3.157623e+00   3.363399e-19   9.412660e-04   7.157713e-21   2408
  3.161035e+00   3.585139e-19   9.929091e-04   8.139442e-21   2094
  3.164668e+00   3.383518e-19   1.011639e-03   7.182994e-21   2028
  3.167856e+00   3.528404e-19   9.595772e-04   7.432961e-21   2094
  3.171241e+00   3.394836e-19   1.046849e-03   7.645484e-21   1920
  3.174835e+00   3.376954e-19   8.826100e-04   7.861356e-21   1926
  3.178123e+00   3.078481e-19   1.030221e-03   6.727259e-21   2088
  3.181468e+00   3.572712e-19   9.037369e-04   9.737272e-21   1434
  3.184829e+00   3.195314e-19   9.555433e-04   7.177033e-21   2048
  3.188160e+00   3.114123e-19   9.527742e-04   7.616996e-21   1758
  3.191826e+00   3.232848e-19   1.051156e-03   8.258323e-21   1584
  3.195185e+00   3.199164e-19   1.041430e-03   7.383980e-21   1998
  3.198586e+00   3.218261e-19   9.485689e-04   8.846619e-21   1428
  3.202148e+00   3.271571e-19   7.939925e-04   9.172752e-21   1488
  3.205259e+00   3.414675e-19   1.011466e-03   8.278008e-21   1806
  3.208542e+00   3.214433e-19   9.208043e-04   1.006285e-20   1040
  3.212051e+00   2.954219e-19   9.648325e-04   6.977432e-21   1782
  3.215260e+00   3.208370e-19   9.120959e-04   8.443941e-21   1428
  3.219099e+00   2.999153e-19   1.095182e-03   8.585575e-21   1206
  3.222346e+00   2.981528e-19   1.017509e-03   7.718262e-21   1728
  3.225619e+00   2.865333e-19   9.535870e-04   9.712669e-21   1038
  3.229392e+00   3.022936e-19   7.737160e-04   7.983941e-21   1248
  3.232374e+00   3.269129e-19   9.867404e-04   7.904563e-21   1530
  3.235646e+00   3.261355e-19   9.043822e-04   1.256333e-20   656
  3.239303e+00   3.050220e-19   1.013919e-03   7.614480e-21   1662
  3.242391e+00   2.838177e-19   8.393937e-04   9.854293e-21   1008
  3.246465e+00   3.118210e-19   1.114612e-03   9.884280e-21   960
  3.249524e+00   2.980069e-19   9.584513e-04   8.101524e-21   1458
  3.252720e+00   2.937427e-19   9.470398e-04   1.183883e-20   672
  3.256641e+00   2.900405e-19   7.422534e-04   9.218011e-21   1062
  3.259417e+00   2.989186e-19   9.629091e-04   8.202142e-21   1224
  3.262741e+00   3.216541e-19   8.411043e-04   1.597726e-20   374
  3.266486e+00   2.691256e-19   1.011004e-03   6.427816e-21   1512
  3.269516e+00   3.450136e-19   8.472106e-04   1.252833e-20   666
  3.273852e+00   2.829541e-19   1.035820e-03   1.001672e-20   720
  3.276572e+00   2.905511e-19   9.275922e-04   8.265425e-21   1224
  3.279914e+00   3.262227e-19   9.221403e-04   1.665412e-20   390
  3.283914e+00   2.851170e-19   6.856472e-04   9.158047e-21   936
  3.286459e+00   2.873322e-19   9.782860e-04   9.892781e-21   882
  3.290092e+00   2.906324e-19   9.551822e-04   2.314056e-20   216
  3.293625e+00   2.965909e-19   9.484183e-04   8.438186e-21   1286
  3.296619e+00   2.978069e-19   7.922754e-04   1.394948e-20   384
  3.301196e+00   2.847506e-19   9.974032e-04   1.119823e-20   576
  3.303565e+00   2.724907e-19   8.939464e-04   8.223990e-21   930
  3.306956e+00   2.911044e-19   8.781672e-04   1.905043e-20   216
  3.311281e+00   2.562316e-19   7.049195e-04   8.271688e-21   918
  3.313773e+00   3.217648e-19   9.494675e-04   1.307276e-20   480
  3.317151e+00   3.672663e-19   8.000415e-04   4.120785e-20   78
  3.320657e+00   2.748875e-19   8.648004e-04   8.184559e-21   1052
  3.323895e+00   3.004385e-19   1.006959e-03   1.900451e-20   240
  3.328852e+00   2.908243e-19   3.676460e-04   1.379026e-20   438
  3.330545e+00   3.095960e-19   8.506072e-04   1.330578e-20   648
  3.333703e+00   4.243702e-19   7.023041e-04   4.634943e-20   78
  3.338411e+00   2.716223e-19   6.127751e-04   9.273417e-21   780
  3.340778e+00   2.749700e-19   8.550342e-04   1.577757e-20   240
  3.343694e+00   5.658619e-19   0.000000e+00   1.482700e-19   6
  3.347623e+00   2.794899e-19   7.832637e-04   9.818845e-21   824
  3.350467e+00   3.006932e-19   6.055240e-04   3.475196e-20   78
  3.356076e+00   3.040552e-19   3.165921e-04   1.406877e-20   432
  3.357541e+00   3.189413e-19   7.656969e-04   1.784811e-20   348
  3.360330e+00   5.547508e-19   0.000000e+00   9.910013e-20   6
  3.365426e+00   2.987237e-19   5.413225e-04   1.185675e-20   600
  3.367442e+00   3.292687e-19   5.097238e-04   4.265322e-20   78
  3.374544e+00   2.481644e-19   6.700717e-04   1.042232e-20   572
  3.377176e+00   4.453341e-20   0.000000e+00   1.475225e-20   6
  3.383243e+00   2.866063e-19   3.146063e-04   1.393440e-20   384
  3.384459e+00   3.106920e-19   4.676281e-04   2.418102e-20   102
  3.392411e+00   3.202750e-19   4.599741e-04   1.616453e-20   396
  3.394229e+00   4.366634e-19   0.000000e+00   8.918463e-20   6
  3.401391e+00   2.597310e-19   4.161630e-04   1.339910e-20   326
  3.410329e+00   3.130341e-19   2.893928e-04   1.593921e-20   252
  3.411486e+00   1.538079e-19   0.000000e+00   4.304918e-20   6
  3.419333e+00   2.662905e-19   2.633341e-04   1.790796e-20   198
  3.428323e+00   2.635323e-19   2.009286e-04   3.067378e-20   146
  3.437326e+00   2.450758e-19   1.474817e-04   2.254861e-20   102
  3.446340e+00   2.177577e-19   1.024960e-04   2.313577e-20   66
  3.455367e+00   2.011514e-19   6.509513e-05   2.765266e-20   38
  3.464404e+00   1.531358e-19   3.357406e-05   3.934535e-20   18
  3.473449e+00   1.549225e-19   0.000000e+00   6.754260e-20   6
