# power spectrum of pi_k
# redshift z=9.995116
# k              Pk             sigma(k)       sigma(Pk)      count
  1.570796e-02   8.449077e-11   0.000000e+00   3.406082e-11   6
  2.221441e-02   3.827377e-11   0.000000e+00   7.641262e-12   12
  2.720699e-02   2.342816e-11   2.980232e-10   4.783032e-12   8
  3.141593e-02   6.581920e-11   0.000000e+00   7.086183e-12   6
  3.512407e-02   3.971586e-11   5.619580e-10   1.265862e-11   24
  3.847649e-02   5.042403e-11   5.619580e-10   8.517968e-12   24
  4.635387e-02   1.993983e-11   1.217504e-03   3.600237e-12   42
  4.967294e-02   2.428567e-11   0.000000e+00   5.340479e-12   24
  5.209742e-02   2.117756e-11   9.733398e-10   5.254800e-12   24
  5.608040e-02   2.064236e-11   9.621049e-04   2.215593e-12   32
  5.877382e-02   1.794601e-11   0.000000e+00   2.527591e-12   48
  6.283185e-02   2.023482e-11   0.000000e+00   8.901855e-12   6
  6.557030e-02   1.528176e-11   9.291969e-04   1.435836e-12   84
  6.935879e-02   1.607921e-11   8.893614e-04   2.444496e-12   48
  7.254758e-02   1.201462e-11   7.985346e-04   1.218084e-12   72
  7.695299e-02   1.193236e-11   1.123916e-09   1.865139e-12   24
  7.963774e-02   8.151772e-12   7.087081e-04   7.478703e-13   102
  8.367643e-02   9.327517e-12   1.370308e-03   9.477117e-13   104
  8.603606e-02   5.912349e-12   0.000000e+00   8.663064e-13   48
  9.068541e-02   5.143627e-12   9.092824e-04   4.618678e-13   108
  9.343657e-02   6.920421e-12   6.413175e-04   7.253644e-13   78
  9.650974e-02   6.753179e-12   5.553727e-04   6.344206e-13   96
  1.007521e-01   5.092360e-12   7.827476e-04   3.865857e-13   168
  1.046631e-01   4.900888e-12   9.466177e-04   5.094864e-13   120
  1.065366e-01   4.534559e-12   0.000000e+00   6.953510e-13   48
  1.109423e-01   4.383385e-12   9.164765e-04   3.775488e-13   194
  1.147571e-01   3.773730e-12   7.498405e-04   3.015330e-13   192
  1.180701e-01   4.553425e-12   5.224442e-04   3.804081e-13   96
  1.203984e-01   3.043360e-12   4.446482e-04   2.875141e-13   96
  1.233385e-01   3.192865e-12   6.559487e-04   2.599715e-13   174
  1.272878e-01   3.355697e-12   6.453399e-04   2.348233e-13   216
  1.304784e-01   2.673189e-12   6.685951e-04   1.837426e-13   192
  1.345850e-01   2.718115e-12   7.087816e-04   1.873502e-13   204
  1.374813e-01   2.078875e-12   9.706973e-04   1.312825e-13   224
  1.414909e-01   2.663818e-12   5.479655e-04   2.054046e-13   174
  1.446033e-01   2.208168e-12   1.053365e-03   1.258672e-13   288
  1.484650e-01   1.866895e-12   5.185518e-04   1.131030e-13   288
  1.514788e-01   1.649856e-12   1.000184e-03   1.186051e-13   192
  1.554236e-01   1.736583e-12   7.319331e-04   1.034576e-13   252
  1.579196e-01   1.671076e-12   4.361590e-04   1.058647e-13   246
  1.613100e-01   1.459938e-12   8.276231e-04   8.687032e-14   312
  1.643345e-01   1.454926e-12   5.346625e-04   7.540967e-14   248
  1.684860e-01   1.166615e-12   1.131025e-03   5.708741e-14   432
  1.718304e-01   1.424469e-12   9.472090e-04   9.747020e-14   198
  1.751353e-01   1.427738e-12   1.145604e-03   6.523035e-14   456
  1.789950e-01   1.151661e-12   6.685341e-04   7.044002e-14   324
  1.817267e-01   1.105609e-12   7.914724e-04   6.122420e-14   312
  1.851131e-01   1.035611e-12   9.927979e-04   5.350654e-14   408
  1.893262e-01   9.738036e-13   9.168549e-04   4.889311e-14   414
  1.922237e-01   8.369743e-13   7.933788e-04   4.224701e-14   392
  1.951891e-01   1.039552e-12   8.939032e-04   5.208526e-14   408
  1.990919e-01   9.243882e-13   9.488231e-04   4.211119e-14   444
  2.020561e-01   8.732370e-13   7.670392e-04   4.294210e-14   360
  2.058410e-01   7.932537e-13   1.052783e-03   2.998043e-14   678
  2.098438e-01   8.190340e-13   6.748154e-04   4.666549e-14   360
  2.129201e-01   7.003837e-13   1.111301e-03   3.093103e-14   648
  2.158529e-01   6.793936e-13   5.136230e-04   4.380029e-14   288
  2.195886e-01   6.435608e-13   9.568926e-04   2.440231e-14   686
  2.231016e-01   6.377635e-13   7.114303e-04   3.131009e-14   444
  2.262783e-01   5.828666e-13   9.881180e-04   2.275839e-14   696
  2.294381e-01   6.063886e-13   9.387623e-04   2.818368e-14   408
  2.328670e-01   5.195248e-13   9.712657e-04   1.977145e-14   648
  2.364370e-01   5.752933e-13   8.503906e-04   2.483696e-14   582
  2.396199e-01   4.633920e-13   1.064401e-03   1.864899e-14   744
  2.431321e-01   5.278451e-13   1.062590e-03   2.192483e-14   516
  2.463676e-01   4.989385e-13   1.028291e-03   2.059852e-14   728
  2.493547e-01   4.578395e-13   8.519968e-04   1.909877e-14   558
  2.529620e-01   3.910876e-13   8.588943e-04   1.385382e-14   768
  2.568725e-01   4.430836e-13   9.956413e-04   1.418286e-14   960
  2.602888e-01   4.099625e-13   6.965241e-04   1.791694e-14   576
  2.635727e-01   4.227309e-13   1.130592e-03   1.460443e-14   816
  2.671089e-01   3.440118e-13   8.722599e-04   1.209812e-14   666
  2.702138e-01   3.747941e-13   1.022915e-03   1.222163e-14   960
  2.739239e-01   3.484156e-13   1.008817e-03   1.236755e-14   824
  2.775241e-01   3.370280e-13   1.110885e-03   1.077539e-14   936
  2.808394e-01   3.035300e-13   8.261366e-04   1.165392e-14   624
  2.838930e-01   3.234105e-13   9.725641e-04   1.044446e-14   1062
  2.874377e-01   3.142652e-13   1.059457e-03   1.124057e-14   732
  2.905463e-01   2.748937e-13   9.192852e-04   8.570039e-15   1080
  2.942546e-01   2.804387e-13   1.002209e-03   9.558444e-15   936
  2.976082e-01   2.494346e-13   1.082494e-03   8.316088e-15   878
  3.011413e-01   2.426574e-13   1.097016e-03   7.139888e-15   1152
  3.044218e-01   2.366211e-13   8.479143e-04   7.526182e-15   1056
  3.079105e-01   2.455798e-13   1.001477e-03   8.193251e-15   864
  3.110264e-01   2.308603e-13   9.782607e-04   7.141251e-15   1092
  3.147509e-01   2.318520e-13   1.033457e-03   6.853868e-15   1206
  3.182989e-01   2.206224e-13   1.048759e-03   6.233100e-15   1248
  3.215758e-01   2.091344e-13   7.107183e-04   7.234730e-15   864
  3.244931e-01   2.098129e-13   7.379012e-04   6.496264e-15   1152
  3.282964e-01   2.051293e-13   1.098528e-03   5.693565e-15   1382
  3.320084e-01   1.993031e-13   9.790321e-04   5.765544e-15   1188
  3.352589e-01   1.756100e-13   1.037410e-03   5.109018e-15   1248
  3.383281e-01   1.788473e-13   9.840824e-04   5.592555e-15   1152
  3.416961e-01   1.841661e-13   1.080699e-03   4.919052e-15   1320
  3.454323e-01   1.656882e-13   7.162673e-04   4.737384e-15   1206
  3.485323e-01   1.684566e-13   1.040639e-03   4.283595e-15   1560
  3.522149e-01   1.612122e-13   9.687237e-04   4.372620e-15   1280
  3.553656e-01   1.477620e-13   9.753251e-04   3.956715e-15   1308
  3.588126e-01   1.502727e-13   9.788304e-04   3.660164e-15   1512
  3.622462e-01   1.362385e-13   7.986109e-04   3.699640e-15   1350
  3.657845e-01   1.390434e-13   1.055155e-03   3.404315e-15   1608
  3.688093e-01   1.409326e-13   9.074168e-04   3.895042e-15   1320
  3.723318e-01   1.382263e-13   1.093091e-03   3.490381e-15   1656
  3.755028e-01   1.263107e-13   8.593531e-04   3.351476e-15   1254
  3.791706e-01   1.276695e-13   9.807940e-04   2.884484e-15   1932
  3.826277e-01   1.272176e-13   8.807497e-04   3.362512e-15   1640
  3.860340e-01   1.176059e-13   9.142769e-04   2.956704e-15   1488
  3.892465e-01   1.151712e-13   8.838091e-04   2.965131e-15   1560
  3.929003e-01   1.081591e-13   1.061554e-03   2.570058e-15   2046
  3.962918e-01   1.059062e-13   9.522112e-04   2.776584e-15   1512
  3.995770e-01   1.072638e-13   9.476029e-04   2.478660e-15   1764
  4.028533e-01   1.000351e-13   9.447944e-04   2.330952e-15   1776
  4.062341e-01   1.004940e-13   1.135757e-03   2.385541e-15   1704
  4.098613e-01   9.490034e-14   1.112243e-03   2.019824e-15   2126
  4.131278e-01   9.143607e-14   7.726530e-04   2.155964e-15   1632
  4.164062e-01   9.077238e-14   1.029302e-03   1.935776e-15   2064
  4.197114e-01   9.365200e-14   8.486884e-04   2.257819e-15   1680
  4.233078e-01   8.645446e-14   9.519603e-04   1.927143e-15   2154
  4.266550e-01   8.519408e-14   9.636572e-04   1.870325e-15   2016
  4.302596e-01   8.057058e-14   1.057936e-03   1.612337e-15   2304
  4.335625e-01   8.408934e-14   8.422558e-04   2.107550e-15   1680
  4.369940e-01   7.922067e-14   9.757286e-04   1.691918e-15   2432
  4.404338e-01   7.409996e-14   9.614444e-04   1.690731e-15   1902
  4.438479e-01   7.257091e-14   9.886846e-04   1.456076e-15   2292
  4.468928e-01   6.902433e-14   7.831116e-04   1.570494e-15   1992
  4.505057e-01   6.796393e-14   1.003841e-03   1.300080e-15   2568
  4.539799e-01   6.703656e-14   8.764344e-04   1.566729e-15   1806
  4.574906e-01   6.847628e-14   1.078056e-03   1.316598e-15   3000
  4.610452e-01   6.691653e-14   9.809961e-04   1.476499e-15   2016
  4.640126e-01   6.679322e-14   9.156925e-04   1.417843e-15   2168
  4.673956e-01   6.388384e-14   9.350459e-04   1.339660e-15   2412
  4.709322e-01   5.844520e-14   1.022794e-03   1.164679e-15   2550
  4.743353e-01   6.136291e-14   1.015444e-03   1.194844e-15   2592
  4.778871e-01   5.634556e-14   9.354682e-04   1.167448e-15   2496
  4.812642e-01   5.447363e-14   1.034855e-03   1.064711e-15   2688
  4.846328e-01   5.358953e-14   8.939911e-04   1.066034e-15   2424
  4.881831e-01   5.213694e-14   8.203417e-04   1.027059e-15   2634
  4.913828e-01   5.194463e-14   9.840370e-04   1.009836e-15   2552
  4.945705e-01   5.088617e-14   1.032361e-03   9.677341e-16   2832
  4.981085e-01   4.825005e-14   9.803825e-04   9.594451e-16   2424
  5.015971e-01   4.621253e-14   1.087506e-03   7.928024e-16   3198
  5.048631e-01   4.735347e-14   8.681062e-04   9.116439e-16   2400
  5.083252e-01   4.820527e-14   9.985776e-04   8.393227e-16   3336
  5.119027e-01   4.373253e-14   8.404887e-04   9.254758e-16   2508
  5.150462e-01   4.395770e-14   1.013004e-03   8.203442e-16   3104
  5.187218e-01   4.307180e-14   1.019172e-03   7.797650e-16   2934
  5.220343e-01   4.208209e-14   9.369744e-04   7.809456e-16   3120
  5.256263e-01   3.947307e-14   1.045384e-03   6.593941e-16   3288
  5.289357e-01   4.011569e-14   8.800568e-04   7.460387e-16   2808
  5.323338e-01   3.673925e-14   1.104468e-03   6.795841e-16   2988
  5.357545e-01   3.717107e-14   1.011140e-03   6.624492e-16   3486
  5.390675e-01   3.851984e-14   9.571221e-04   7.590136e-16   3000
  5.422664e-01   3.733430e-14   8.325653e-04   6.603866e-16   3024
  5.458504e-01   3.473636e-14   9.168226e-04   5.856465e-16   3584
  5.494456e-01   3.572214e-14   9.821560e-04   6.110279e-16   3486
  5.527991e-01   3.404031e-14   8.845337e-04   6.129655e-16   3120
  5.560782e-01   3.382887e-14   8.734506e-04   5.613797e-16   3396
  5.593885e-01   3.147234e-14   9.978964e-04   5.433379e-16   3552
  5.629224e-01   3.144275e-14   9.603534e-04   5.159611e-16   3384
  5.664153e-01   3.113693e-14   9.777364e-04   5.290766e-16   3726
  5.697413e-01   3.073362e-14   9.475502e-04   5.455643e-16   3344
  5.729010e-01   3.093297e-14   9.736455e-04   5.104265e-16   3744
  5.765144e-01   2.877994e-14   9.477817e-04   4.767207e-16   3540
  5.799021e-01   2.835308e-14   1.006149e-03   4.411197e-16   3822
  5.834565e-01   2.773802e-14   9.878124e-04   4.208725e-16   4056
  5.866916e-01   2.729142e-14   9.078164e-04   4.585330e-16   3288
  5.900838e-01   2.562342e-14   1.048596e-03   4.153145e-16   4056
  5.934141e-01   2.593896e-14   9.605270e-04   4.180735e-16   3984
  5.970600e-01   2.601945e-14   8.831345e-04   4.301738e-16   3662
  6.001481e-01   2.516877e-14   9.636098e-04   4.248029e-16   3828
  6.036318e-01   2.473069e-14   1.089370e-03   3.434601e-16   4632
  6.071049e-01   2.407235e-14   8.410059e-04   4.004221e-16   3600
  6.105769e-01   2.267994e-14   9.985737e-04   3.623334e-16   4320
  6.138621e-01   2.239281e-14   7.834444e-04   3.505664e-16   3918
  6.171787e-01   2.292861e-14   9.014176e-04   3.602534e-16   4200
  6.205131e-01   2.277773e-14   1.022920e-03   3.563714e-16   4188
  6.239700e-01   2.117461e-14   1.038929e-03   3.151719e-16   4360
  6.274803e-01   2.084177e-14   1.038850e-03   3.119257e-16   4582
  6.308743e-01   2.130122e-14   9.234335e-04   3.517675e-16   4128
  6.343253e-01   2.037903e-14   9.920101e-04   3.039256e-16   4752
  6.375752e-01   2.066443e-14   9.131947e-04   3.143605e-16   4176
  6.411096e-01   1.892612e-14   1.050053e-03   2.772464e-16   4848
  6.446482e-01   1.922015e-14   9.123418e-04   2.985740e-16   4338
  6.479820e-01   1.922500e-14   9.957341e-04   2.740482e-16   5160
  6.512782e-01   1.858062e-14   8.072490e-04   2.994650e-16   4008
  6.548541e-01   1.774641e-14   1.067151e-03   2.508810e-16   5360
  6.581452e-01   1.763654e-14   9.926354e-04   2.731188e-16   4110
  6.615688e-01   1.755027e-14   1.063460e-03   2.417927e-16   5424
  6.648330e-01   1.663426e-14   9.093259e-04   2.732476e-16   4140
  6.682670e-01   1.678298e-14   1.015985e-03   2.233070e-16   5664
  6.717913e-01   1.624260e-14   8.830334e-04   2.316449e-16   4632
  6.751475e-01   1.595073e-14   9.313969e-04   2.290345e-16   4902
  6.784717e-01   1.631345e-14   9.953030e-04   2.327545e-16   5072
  6.818744e-01   1.589887e-14   9.385334e-04   2.157599e-16   5472
  6.852422e-01   1.524479e-14   9.538134e-04   2.223146e-16   4704
  6.886975e-01   1.511969e-14   1.047734e-03   2.086623e-16   5436
  6.922157e-01   1.475407e-14   9.975801e-04   1.943155e-16   5646
  6.954149e-01   1.478469e-14   8.926250e-04   2.192176e-16   4512
  6.988202e-01   1.390954e-14   1.140100e-03   1.787434e-16   6120
  7.023308e-01   1.392185e-14   8.820433e-04   1.980661e-16   5112
  7.057067e-01   1.385608e-14   1.042362e-03   1.840275e-16   5606
  7.091042e-01   1.330044e-14   9.714200e-04   1.872023e-16   5328
  7.124930e-01   1.291037e-14   9.787204e-04   1.736241e-16   5964
  7.158971e-01   1.267415e-14   9.940447e-04   1.753584e-16   5448
  7.193484e-01   1.208102e-14   1.017941e-03   1.594138e-16   5904
  7.228752e-01   1.218177e-14   1.000362e-03   1.646417e-16   5598
  7.261287e-01   1.213259e-14   9.386933e-04   1.606179e-16   5952
  7.294916e-01   1.176522e-14   1.026954e-03   1.631986e-16   5688
  7.328942e-01   1.167938e-14   9.846955e-04   1.554987e-16   5876
  7.362274e-01   1.142443e-14   9.604209e-04   1.527689e-16   5784
  7.396880e-01   1.084876e-14   9.580629e-04   1.372614e-16   6462
  7.431585e-01   1.140734e-14   1.033342e-03   1.593347e-16   5688
  7.463730e-01   1.101502e-14   9.533939e-04   1.470491e-16   6408
  7.498476e-01   1.029060e-14   9.842501e-04   1.319680e-16   6000
  7.533888e-01   1.040683e-14   1.059159e-03   1.287108e-16   6582
  7.568883e-01   1.029193e-14   1.008047e-03   1.336405e-16   6564
  7.601644e-01   9.964156e-15   8.888373e-04   1.315929e-16   6048
  7.635621e-01   9.504591e-15   1.018608e-03   1.228284e-16   6512
  7.671229e-01   9.699625e-15   1.012583e-03   1.215411e-16   6816
  7.705313e-01   9.693976e-15   8.855598e-04   1.300392e-16   6222
  7.737298e-01   9.511309e-15   9.227087e-04   1.242866e-16   6432
  7.771462e-01   9.145295e-15   9.712111e-04   1.122529e-16   6804
  7.805425e-01   9.118021e-15   9.154579e-04   1.176345e-16   6432
  7.838667e-01   8.710308e-15   1.076466e-03   1.087952e-16   6846
  7.872436e-01   8.855943e-15   9.829553e-04   1.124867e-16   6424
  7.904718e-01   8.358581e-15   8.822090e-04   1.073270e-16   6952
  7.940184e-01   8.472707e-15   1.063073e-03   9.821736e-17   7560
  7.975016e-01   8.214501e-15   9.134936e-04   1.028764e-16   6648
  8.010940e-01   8.075560e-15   1.003794e-03   9.707476e-17   7578
  8.042561e-01   8.097646e-15   9.063446e-04   1.027650e-16   6552
  8.076731e-01   7.677849e-15   9.979139e-04   9.319335e-17   7536
  8.111567e-01   7.485249e-15   9.132376e-04   8.827390e-17   7272
  8.145479e-01   7.562494e-15   9.728104e-04   9.233576e-17   6936
  8.178031e-01   7.335070e-15   9.977143e-04   8.785265e-17   7430
  8.213250e-01   7.253442e-15   1.045033e-03   8.473285e-17   7644
  8.245935e-01   6.977617e-15   9.307740e-04   8.435315e-17   7248
  8.281463e-01   6.848050e-15   1.064794e-03   7.666693e-17   8232
  8.316185e-01   6.784076e-15   9.710105e-04   8.360848e-17   7038
  8.349567e-01   6.794530e-15   9.438683e-04   8.021565e-17   7824
  8.382335e-01   6.568145e-15   9.942267e-04   7.737048e-17   7752
  8.416157e-01   6.266757e-15   1.003152e-03   7.568033e-17   7480
  8.451302e-01   6.358144e-15   1.011833e-03   7.190122e-17   8404
  8.485444e-01   6.419698e-15   9.399091e-04   7.404527e-17   7614
  8.518207e-01   6.276793e-15   9.844427e-04   7.459649e-17   7776
  8.551174e-01   6.122831e-15   9.392352e-04   7.105570e-17   7944
  8.585635e-01   5.990109e-15   9.766291e-04   6.681977e-17   8424
  8.619639e-01   5.714332e-15   9.583464e-04   6.780149e-17   7872
  8.654765e-01   5.739328e-15   9.630186e-04   6.326853e-17   8658
  8.688452e-01   5.748488e-15   9.611694e-04   6.639914e-17   8352
  8.723129e-01   5.627918e-15   9.655449e-04   6.313133e-17   8648
  8.755912e-01   5.678994e-15   9.149173e-04   6.571091e-17   7680
  8.790367e-01   5.346312e-15   9.531068e-04   5.902258e-17   8646
  8.822382e-01   5.494481e-15   9.234329e-04   6.108438e-17   8448
  8.857769e-01   5.426636e-15   9.812644e-04   6.079340e-17   9120
  8.891913e-01   5.003116e-15   9.588814e-04   5.732064e-17   8316
  8.926442e-01   5.089885e-15   1.034938e-03   5.393134e-17   9504
  8.961124e-01   5.120370e-15   9.411707e-04   5.863957e-17   8358
  8.995737e-01   4.820855e-15   9.948383e-04   5.220174e-17   9584
  9.029179e-01   4.759216e-15   9.519874e-04   5.280276e-17   8616
  9.063714e-01   4.810633e-15   1.036501e-03   5.054046e-17   9432
  9.098983e-01   4.708262e-15   1.054421e-03   5.246822e-17   9018
  9.130995e-01   4.599826e-15   8.925739e-04   5.074815e-17   8568
  9.164447e-01   4.468363e-15   9.935089e-04   4.587229e-17   9816
  9.199052e-01   4.508874e-15   9.405935e-04   4.931275e-17   9000
  9.233247e-01   4.386574e-15   9.837551e-04   4.779771e-17   9504
  9.267306e-01   4.212860e-15   1.006398e-03   4.449641e-17   9446
  9.300802e-01   4.392555e-15   9.624225e-04   4.677991e-17   9696
  9.335244e-01   4.131457e-15   8.956216e-04   4.464463e-17   9180
  9.369074e-01   4.017812e-15   1.035278e-03   4.148769e-17   10512
  9.403628e-01   4.111372e-15   9.787470e-04   4.443676e-17   9048
  9.437812e-01   3.910046e-15   9.387702e-04   4.072991e-17   10014
  9.469467e-01   3.895243e-15   9.162358e-04   4.415178e-17   9096
  9.503901e-01   3.801122e-15   1.048815e-03   3.769460e-17   11088
  9.540508e-01   3.845008e-15   1.020389e-03   4.088548e-17   9860
  9.574037e-01   3.610135e-15   9.672113e-04   3.826862e-17   10110
  9.607663e-01   3.773641e-15   1.006739e-03   4.043886e-17   10104
  9.641489e-01   3.654365e-15   9.545583e-04   3.861520e-17   10392
  9.675729e-01   3.576141e-15   9.880976e-04   3.709241e-17   10104
  9.710628e-01   3.475912e-15   1.022530e-03   3.379346e-17   11352
  9.746180e-01   3.391755e-15   9.364871e-04   3.653175e-17   10014
  9.777749e-01   3.450836e-15   8.644241e-04   3.751282e-17   9636
  9.811143e-01   3.284279e-15   1.024502e-03   3.259134e-17   11552
  9.846389e-01   3.236188e-15   9.519720e-04   3.436939e-17   10488
  9.880418e-01   3.199278e-15   9.942196e-04   3.346008e-17   10254
  9.913535e-01   3.141855e-15   9.360901e-04   3.140808e-17   11304
  9.947947e-01   3.165381e-15   9.500453e-04   3.252431e-17   10872
  9.982198e-01   3.083629e-15   1.018789e-03   3.125080e-17   10932
  1.001538e+00   2.968251e-15   9.191792e-04   3.131279e-17   10848
  1.004968e+00   2.970780e-15   9.613098e-04   3.003887e-17   10998
  1.008371e+00   2.923136e-15   1.010151e-03   2.925349e-17   11720
  1.011785e+00   2.938913e-15   9.293623e-04   3.074525e-17   10776
  1.015145e+00   2.805730e-15   1.016690e-03   2.727989e-17   12072
  1.018627e+00   2.728815e-15   9.322439e-04   2.829251e-17   10704
  1.021966e+00   2.791138e-15   9.563293e-04   2.779584e-17   11730
  1.025452e+00   2.719803e-15   9.932906e-04   2.662765e-17   12144
  1.028814e+00   2.647599e-15   9.411395e-04   2.680450e-17   11568
  1.032333e+00   2.571152e-15   1.018099e-03   2.515599e-17   11552
  1.035496e+00   2.555735e-15   9.188638e-04   2.624200e-17   10926
  1.038938e+00   2.602625e-15   1.040698e-03   2.442830e-17   13032
  1.042312e+00   2.634146e-15   8.505148e-04   2.815735e-17   10776
  1.045727e+00   2.438836e-15   1.046983e-03   2.253494e-17   13116
  1.049219e+00   2.397156e-15   9.853293e-04   2.294503e-17   12288
  1.052658e+00   2.342942e-15   9.056138e-04   2.419254e-17   11262
  1.055879e+00   2.377686e-15   9.783290e-04   2.311783e-17   12672
  1.059343e+00   2.343238e-15   9.592412e-04   2.266392e-17   12624
  1.062777e+00   2.273068e-15   9.623576e-04   2.221005e-17   12392
  1.066184e+00   2.220439e-15   9.864834e-04   2.176276e-17   12060
  1.069636e+00   2.254894e-15   1.040331e-03   2.112300e-17   13662
  1.072946e+00   2.169299e-15   8.984272e-04   2.174431e-17   11592
  1.076393e+00   2.161940e-15   1.067653e-03   2.098672e-17   13776
  1.079833e+00   2.114364e-15   9.079546e-04   2.090986e-17   12240
  1.083287e+00   2.060096e-15   1.046073e-03   1.946349e-17   13662
  1.086532e+00   2.114404e-15   8.990309e-04   2.109759e-17   11520
  1.090035e+00   2.025745e-15   1.036209e-03   1.816695e-17   15044
  1.093490e+00   2.017094e-15   9.313428e-04   1.983785e-17   12384
  1.096882e+00   1.894553e-15   9.804345e-04   1.846964e-17   13176
  1.100202e+00   1.916717e-15   8.879465e-04   1.865143e-17   12798
  1.103628e+00   1.964566e-15   1.008480e-03   1.835114e-17   14376
  1.106957e+00   1.862987e-15   9.586156e-04   1.846271e-17   12528
  1.110377e+00   1.834576e-15   1.006656e-03   1.708774e-17   14100
  1.113686e+00   1.854208e-15   9.133782e-04   1.879255e-17   12630
  1.117102e+00   1.788724e-15   9.919328e-04   1.657888e-17   14624
  1.120482e+00   1.822922e-15   9.894156e-04   1.770299e-17   13272
  1.123923e+00   1.755619e-15   1.008580e-03   1.621827e-17   14664
  1.127428e+00   1.669324e-15   1.031064e-03   1.512909e-17   14328
  1.130809e+00   1.680417e-15   9.574326e-04   1.640901e-17   13086
  1.134236e+00   1.672962e-15   1.030026e-03   1.493296e-17   15612
  1.137653e+00   1.675960e-15   8.878573e-04   1.670368e-17   13416
  1.140971e+00   1.628719e-15   1.044367e-03   1.480129e-17   14360
  1.144380e+00   1.580055e-15   9.770905e-04   1.490686e-17   14064
  1.147853e+00   1.606234e-15   1.005516e-03   1.483159e-17   15750
  1.151277e+00   1.538177e-15   9.498220e-04   1.462982e-17   13680
  1.154655e+00   1.573116e-15   1.034040e-03   1.485552e-17   15468
  1.158090e+00   1.475654e-15   9.964048e-04   1.423703e-17   14352
  1.161422e+00   1.469713e-15   9.831061e-04   1.337517e-17   14454
  1.164771e+00   1.532110e-15   1.009534e-03   1.448995e-17   15048
  1.168219e+00   1.407702e-15   9.356739e-04   1.307509e-17   15360
  1.171622e+00   1.434929e-15   1.028303e-03   1.327685e-17   15224
  1.175043e+00   1.396131e-15   9.737025e-04   1.270803e-17   15096
  1.178436e+00   1.420934e-15   9.513142e-04   1.340963e-17   14514
  1.181744e+00   1.406207e-15   9.972118e-04   1.292599e-17   16416
  1.185216e+00   1.353068e-15   9.813109e-04   1.255103e-17   15216
  1.188760e+00   1.352087e-15   9.875256e-04   1.224383e-17   16440
  1.192145e+00   1.316718e-15   9.934307e-04   1.258955e-17   14904
  1.195382e+00   1.316692e-15   9.331760e-04   1.251047e-17   15134
  1.198830e+00   1.317487e-15   1.044008e-03   1.224454e-17   16644
  1.202273e+00   1.246720e-15   9.801415e-04   1.158242e-17   16128
  1.205649e+00   1.264232e-15   9.739380e-04   1.204529e-17   15384
  1.208976e+00   1.248887e-15   9.574053e-04   1.155795e-17   15462
  1.212384e+00   1.231639e-15   1.022817e-03   1.070903e-17   17304
  1.215857e+00   1.190043e-15   9.644898e-04   1.094406e-17   16176
  1.219267e+00   1.203983e-15   1.020273e-03   1.089823e-17   16824
  1.222757e+00   1.132554e-15   9.384566e-04   1.054897e-17   15980
  1.226044e+00   1.151856e-15   9.341167e-04   1.077734e-17   16326
  1.229359e+00   1.162000e-15   9.971528e-04   1.090174e-17   16488
  1.232793e+00   1.119389e-15   9.674257e-04   1.006966e-17   16944
  1.236242e+00   1.098150e-15   1.018099e-03   9.925867e-18   17256
  1.239567e+00   1.055647e-15   9.442015e-04   9.744582e-18   15966
  1.243019e+00   1.102135e-15   1.002557e-03   1.010385e-17   17628
  1.246398e+00   1.041292e-15   9.523046e-04   9.599481e-18   17280
  1.249813e+00   1.021903e-15   1.048272e-03   9.157194e-18   17056
  1.253179e+00   1.013510e-15   9.884505e-04   9.209230e-18   17296
  1.256693e+00   9.854145e-16   9.682006e-04   8.862704e-18   17526
  1.260009e+00   1.009906e-15   9.743928e-04   9.038507e-18   17592
  1.263462e+00   9.894464e-16   1.013641e-03   8.791720e-18   17880
  1.266826e+00   9.767572e-16   9.399981e-04   9.147215e-18   17028
  1.270153e+00   9.615360e-16   9.558687e-04   8.761611e-18   17376
  1.273537e+00   9.845744e-16   9.489771e-04   8.834359e-18   18414
  1.277033e+00   9.347814e-16   9.732250e-04   8.301960e-18   17840
  1.280422e+00   9.133323e-16   1.021714e-03   8.112913e-18   18960
  1.283800e+00   9.012357e-16   9.491477e-04   8.464215e-18   16992
  1.287191e+00   8.935689e-16   1.045598e-03   7.872928e-18   18378
  1.290511e+00   9.040916e-16   9.309987e-04   8.312669e-18   18192
  1.293964e+00   8.780854e-16   9.939797e-04   7.722005e-18   19320
  1.297392e+00   8.576540e-16   9.640812e-04   7.801185e-18   17856
  1.300808e+00   8.041318e-16   9.952112e-04   7.141659e-18   19128
  1.304168e+00   8.550464e-16   9.205139e-04   7.958288e-18   18246
  1.307589e+00   8.590521e-16   9.567778e-04   7.689370e-18   19184
  1.310975e+00   8.000941e-16   9.792411e-04   7.063053e-18   18900
  1.314454e+00   7.974102e-16   1.021314e-03   6.966451e-18   19776
  1.317772e+00   7.934819e-16   9.370417e-04   7.536723e-18   17814
  1.321221e+00   8.045084e-16   1.019691e-03   7.333699e-18   19944
  1.324582e+00   7.940031e-16   1.005872e-03   7.283081e-18   19536
  1.328059e+00   7.627748e-16   9.953972e-04   6.693345e-18   20112
  1.331434e+00   7.434276e-16   9.251142e-04   7.126256e-18   18116
  1.334798e+00   7.267657e-16   9.644510e-04   6.403284e-18   19878
  1.338104e+00   7.539278e-16   9.747533e-04   6.771308e-18   19800
  1.341597e+00   7.466308e-16   9.746917e-04   6.793851e-18   20136
  1.345077e+00   7.023775e-16   1.025284e-03   6.221081e-18   20808
  1.348466e+00   6.905276e-16   9.288316e-04   6.398696e-18   19152
  1.351874e+00   7.021733e-16   9.810813e-04   6.274687e-18   20526
  1.355317e+00   6.962499e-16   1.009394e-03   6.407300e-18   20532
  1.358658e+00   6.920918e-16   1.003080e-03   6.166963e-18   20120
  1.361967e+00   6.490292e-16   9.347410e-04   5.996710e-18   19512
  1.365426e+00   6.527334e-16   1.015429e-03   5.744578e-18   21246
  1.368810e+00   6.715479e-16   9.234922e-04   6.166549e-18   20112
  1.372239e+00   6.611796e-16   1.028308e-03   5.802948e-18   22104
  1.375656e+00   6.389052e-16   1.009051e-03   5.918415e-18   19620
  1.379051e+00   6.073393e-16   1.002997e-03   5.341788e-18   21912
  1.382450e+00   6.311837e-16   9.358667e-04   5.823880e-18   20070
  1.385835e+00   6.278136e-16   1.019290e-03   5.510718e-18   22064
  1.389281e+00   6.042506e-16   9.677197e-04   5.432008e-18   21048
  1.392624e+00   6.048665e-16   9.464641e-04   5.327104e-18   21168
  1.396022e+00   5.990460e-16   1.023526e-03   5.364539e-18   21384
  1.399510e+00   5.804311e-16   9.261037e-04   5.288545e-18   22146
  1.402917e+00   6.050828e-16   9.907340e-04   5.363305e-18   22200
  1.406352e+00   5.623151e-16   9.384676e-04   5.008731e-18   21648
  1.409715e+00   5.456557e-16   1.004739e-03   4.989199e-18   21144
  1.413042e+00   5.391024e-16   9.557029e-04   4.779691e-18   21710
  1.416464e+00   5.519128e-16   1.015437e-03   4.818321e-18   23112
  1.419994e+00   5.536569e-16   1.013025e-03   4.925086e-18   23064
  1.423397e+00   5.329534e-16   9.375385e-04   4.837987e-18   21252
  1.426667e+00   5.195836e-16   9.398251e-04   4.573491e-18   22128
  1.430079e+00   5.399406e-16   9.741612e-04   4.874615e-18   22446
  1.433489e+00   5.118318e-16   9.547049e-04   4.622574e-18   22848
  1.436865e+00   5.108228e-16   9.559285e-04   4.581648e-18   23208
  1.440318e+00   5.047678e-16   9.839042e-04   4.392904e-18   22536
  1.443716e+00   4.786140e-16   9.977885e-04   4.158909e-18   22586
  1.447106e+00   5.154180e-16   1.017372e-03   4.495061e-18   24096
  1.450516e+00   5.016615e-16   9.545662e-04   4.751093e-18   22440
  1.453882e+00   4.849743e-16   1.040231e-03   4.319190e-18   23400
  1.457251e+00   4.601470e-16   9.449552e-04   4.081008e-18   23232
  1.460730e+00   4.714923e-16   9.950400e-04   4.353790e-18   23886
  1.464083e+00   4.724850e-16   9.568206e-04   4.368301e-18   23376
  1.467479e+00   4.610977e-16   9.653968e-04   4.198831e-18   23540
  1.470837e+00   4.474807e-16   9.576052e-04   3.967121e-18   24240
  1.474322e+00   4.458442e-16   1.007568e-03   4.054160e-18   23952
  1.477751e+00   4.466898e-16   9.425996e-04   4.064210e-18   24006
  1.481188e+00   4.427870e-16   1.057459e-03   3.929829e-18   25560
  1.484513e+00   4.340527e-16   9.375935e-04   3.973987e-18   22728
  1.487845e+00   4.161026e-16   9.449672e-04   3.789032e-18   23556
  1.491222e+00   4.197901e-16   9.861154e-04   3.718884e-18   25398
  1.494647e+00   4.434919e-16   9.661087e-04   4.146257e-18   24088
  1.498058e+00   4.253591e-16   1.005693e-03   3.776345e-18   25696
  1.501476e+00   4.153085e-16   9.445009e-04   3.877330e-18   24144
  1.504866e+00   3.933920e-16   1.009435e-03   3.522190e-18   25560
  1.508279e+00   3.971251e-16   9.311536e-04   3.703748e-18   24246
  1.511702e+00   4.147769e-16   9.886422e-04   3.673863e-18   26292
  1.515117e+00   3.944337e-16   9.750958e-04   3.709329e-18   25200
  1.518516e+00   3.883483e-16   1.015518e-03   3.567955e-18   25296
  1.521840e+00   3.696574e-16   9.273872e-04   3.376608e-18   24192
  1.525374e+00   3.908421e-16   1.024084e-03   3.507979e-18   28646
  1.528819e+00   3.765148e-16   9.416682e-04   3.562832e-18   24552
  1.532197e+00   3.754983e-16   9.871622e-04   3.476315e-18   25788
  1.535497e+00   3.512581e-16   9.319875e-04   3.214495e-18   25272
  1.538910e+00   3.620010e-16   1.008561e-03   3.380560e-18   26118
  1.542254e+00   3.693601e-16   9.872169e-04   3.483828e-18   26016
  1.545754e+00   3.500280e-16   9.973691e-04   3.122862e-18   27792
  1.549107e+00   3.497557e-16   9.782537e-04   3.194712e-18   25072
  1.552489e+00   3.334691e-16   1.013302e-03   2.989621e-18   26824
  1.555876e+00   3.477476e-16   9.251742e-04   3.244762e-18   26106
  1.559322e+00   3.490033e-16   1.018165e-03   3.192915e-18   28296
  1.562736e+00   3.355082e-16   9.795929e-04   3.106093e-18   26640
  1.566139e+00   3.237298e-16   9.326427e-04   2.940592e-18   26064
  1.569509e+00   3.183180e-16   1.023197e-03   2.750787e-18   27822
  1.572858e+00   3.375120e-16   9.509197e-04   3.308093e-18   26160
  1.576250e+00   3.364931e-16   1.045692e-03   3.136149e-18   28108
  1.579675e+00   3.166591e-16   9.994315e-04   2.963150e-18   27664
  1.583072e+00   3.086476e-16   9.941707e-04   2.903303e-18   27600
  1.586528e+00   3.107943e-16   9.963156e-04   2.832895e-18   27510
  1.589938e+00   3.215779e-16   9.859005e-04   3.055050e-18   28848
  1.593332e+00   3.019840e-16   9.762803e-04   2.814856e-18   27744
  1.596742e+00   2.972547e-16   9.511846e-04   2.703454e-18   27888
  1.600131e+00   2.871647e-16   9.670142e-04   2.627205e-18   27780
  1.603528e+00   3.048736e-16   9.742031e-04   2.884351e-18   28734
  1.606889e+00   2.976809e-16   1.005991e-03   2.767130e-18   28232
  1.610329e+00   2.925783e-16   1.000286e-03   2.657546e-18   29016
  1.613693e+00   2.816898e-16   9.883033e-04   2.610531e-18   28056
  1.617078e+00   2.821844e-16   9.591200e-04   2.647409e-18   28710
  1.620494e+00   2.958317e-16   1.013131e-03   2.800765e-18   29220
  1.624041e+00   2.772665e-16   1.036386e-03   2.566433e-18   31584
  1.627400e+00   2.726556e-16   9.553743e-04   2.626052e-18   26904
  1.630674e+00   2.672246e-16   9.285874e-04   2.501646e-18   28512
  1.634161e+00   2.694203e-16   1.000248e-03   2.437738e-18   30878
  1.637619e+00   2.743519e-16   1.004557e-03   2.621031e-18   30408
  1.641002e+00   2.696833e-16   9.703596e-04   2.573842e-18   28632
  1.644329e+00   2.574183e-16   9.338123e-04   2.405411e-18   28764
  1.647688e+00   2.507067e-16   1.038911e-03   2.318197e-18   30630
  1.651141e+00   2.617772e-16   9.619060e-04   2.535915e-18   30240
  1.654600e+00   2.613819e-16   9.855083e-04   2.447900e-18   31008
  1.657971e+00   2.559238e-16   9.439236e-04   2.433805e-18   29240
  1.661283e+00   2.366546e-16   9.632944e-04   2.252709e-18   30000
  1.664737e+00   2.481528e-16   1.019644e-03   2.309618e-18   30978
  1.668138e+00   2.443216e-16   9.612856e-04   2.366268e-18   30696
  1.671525e+00   2.417981e-16   1.007582e-03   2.308753e-18   31320
  1.674870e+00   2.374844e-16   9.416567e-04   2.270696e-18   29280
  1.678263e+00   2.250621e-16   1.006944e-03   2.122264e-18   31488
  1.681653e+00   2.379418e-16   9.453471e-04   2.338976e-18   31326
  1.685080e+00   2.440549e-16   1.015014e-03   2.359995e-18   31480
  1.688539e+00   2.299727e-16   9.846423e-04   2.175815e-18   32572
  1.691988e+00   2.220036e-16   9.852371e-04   2.123866e-18   31296
  1.695337e+00   2.207274e-16   9.580987e-04   2.122033e-18   30798
  1.698756e+00   2.347102e-16   1.019947e-03   2.369471e-18   32256
  1.702112e+00   2.217089e-16   9.851718e-04   2.123294e-18   32088
  1.705471e+00   2.197339e-16   9.749849e-04   2.182303e-18   30936
  1.708872e+00   2.137709e-16   1.013665e-03   2.001436e-18   33036
  1.712340e+00   2.145012e-16   9.814605e-04   2.132024e-18   31846
  1.715716e+00   2.182390e-16   1.000452e-03   2.040089e-18   33832
  1.719107e+00   2.146184e-16   9.267229e-04   2.115656e-18   30912
  1.722470e+00   2.021428e-16   9.718409e-04   1.928553e-18   32976
  1.725849e+00   1.991017e-16   9.589091e-04   1.917277e-18   32712
  1.729299e+00   2.144697e-16   9.694589e-04   2.098569e-18   33438
  1.732697e+00   2.119305e-16   9.759808e-04   2.109681e-18   32556
  1.736008e+00   1.997253e-16   9.673595e-04   1.939755e-18   33144
  1.739423e+00   1.980701e-16   9.568897e-04   1.962240e-18   33504
  1.742928e+00   1.969227e-16   9.907617e-04   1.942277e-18   33542
  1.746251e+00   1.997284e-16   9.761088e-04   1.961399e-18   33768
  1.749697e+00   1.976993e-16   9.890657e-04   1.905762e-18   34368
  1.753059e+00   1.946812e-16   9.398519e-04   1.920745e-18   32856
  1.756491e+00   1.852096e-16   9.718883e-04   1.772997e-18   34524
  1.759859e+00   1.901561e-16   9.230442e-04   1.934918e-18   33510
  1.763319e+00   1.962940e-16   1.033008e-03   1.894134e-18   35856
  1.766738e+00   1.866191e-16   9.789033e-04   1.911973e-18   33888
  1.770094e+00   1.821306e-16   9.592478e-04   1.840854e-18   33752
  1.773444e+00   1.785950e-16   1.008735e-03   1.677022e-18   34902
  1.776965e+00   1.914033e-16   9.868343e-04   1.962449e-18   35484
  1.780394e+00   1.830666e-16   1.015830e-03   1.813080e-18   36648
  1.783785e+00   1.778340e-16   9.394377e-04   1.776965e-18   33000
  1.787135e+00   1.709367e-16   1.015728e-03   1.654909e-18   35520
  1.790596e+00   1.671567e-16   9.921111e-04   1.635490e-18   36078
  1.793965e+00   1.861285e-16   9.711127e-04   1.842142e-18   34992
  1.797329e+00   1.713717e-16   9.608864e-04   1.771073e-18   35072
  1.800764e+00   1.674127e-16   1.007567e-03   1.627112e-18   36876
  1.804084e+00   1.666347e-16   9.316889e-04   1.739263e-18   33216
  1.807491e+00   1.719852e-16   1.032331e-03   1.673883e-18   38382
  1.810984e+00   1.706889e-16   9.682750e-04   1.742891e-18   36072
  1.814418e+00   1.645063e-16   9.696935e-04   1.598100e-18   37464
  1.817773e+00   1.586440e-16   9.320563e-04   1.617705e-18   34416
  1.821192e+00   1.614932e-16   1.021416e-03   1.604739e-18   37386
  1.824585e+00   1.740009e-16   9.752191e-04   1.784546e-18   37040
  1.827967e+00   1.638247e-16   9.494317e-04   1.688258e-18   36240
  1.831325e+00   1.551322e-16   1.012861e-03   1.555415e-18   36432
  1.834733e+00   1.492067e-16   9.562728e-04   1.481257e-18   37560
  1.838152e+00   1.600934e-16   9.909694e-04   1.653393e-18   37350
  1.841634e+00   1.612227e-16   1.013075e-03   1.629334e-18   38616
  1.845012e+00   1.554920e-16   9.549061e-04   1.622361e-18   37092
  1.848409e+00   1.479024e-16   9.182933e-04   1.497517e-18   37272
  1.851799e+00   1.454855e-16   1.011002e-03   1.490823e-18   37616
  1.855230e+00   1.500021e-16   9.791045e-04   1.516435e-18   38478
  1.858608e+00   1.542955e-16   9.948864e-04   1.606602e-18   37992
  1.861981e+00   1.458118e-16   9.755720e-04   1.488474e-18   38232
  1.865360e+00   1.400317e-16   9.561314e-04   1.452698e-18   36708
  1.868749e+00   1.406297e-16   1.000812e-03   1.410305e-18   39534
  1.872173e+00   1.514176e-16   1.002785e-03   1.586183e-18   39336
  1.875572e+00   1.457294e-16   9.646922e-04   1.545103e-18   37624
  1.878977e+00   1.394621e-16   9.870851e-04   1.405593e-18   40408
  1.882408e+00   1.345947e-16   9.441395e-04   1.358223e-18   38256
  1.885822e+00   1.420845e-16   9.645504e-04   1.471897e-18   39438
  1.889268e+00   1.414438e-16   9.952977e-04   1.435133e-18   40524
  1.892622e+00   1.368391e-16   9.396870e-04   1.433197e-18   38448
  1.896001e+00   1.343449e-16   9.889896e-04   1.421493e-18   39312
  1.899370e+00   1.304874e-16   9.454305e-04   1.375167e-18   38718
  1.902752e+00   1.414026e-16   1.008786e-03   1.519723e-18   40872
  1.906153e+00   1.331493e-16   9.579164e-04   1.426984e-18   40088
  1.909607e+00   1.339293e-16   1.021028e-03   1.393086e-18   40644
  1.913014e+00   1.237015e-16   9.580841e-04   1.286307e-18   40176
  1.916440e+00   1.291173e-16   1.015811e-03   1.328359e-18   40998
  1.919781e+00   1.398326e-16   9.315444e-04   1.586758e-18   39192
  1.923177e+00   1.335239e-16   9.835940e-04   1.440771e-18   41640
  1.926591e+00   1.243524e-16   9.865853e-04   1.323294e-18   41400
  1.929954e+00   1.219080e-16   9.710201e-04   1.279801e-18   38640
  1.933373e+00   1.300917e-16   9.964131e-04   1.345500e-18   43658
  1.936792e+00   1.300398e-16   9.582756e-04   1.438955e-18   40608
  1.940176e+00   1.230371e-16   9.782447e-04   1.322308e-18   41880
  1.943631e+00   1.228752e-16   9.669901e-04   1.319190e-18   41712
  1.947085e+00   1.195217e-16   1.009457e-03   1.273866e-18   42942
  1.950463e+00   1.288222e-16   9.589570e-04   1.451827e-18   40896
  1.953853e+00   1.229360e-16   9.879975e-04   1.316985e-18   42708
  1.957213e+00   1.194281e-16   9.351117e-04   1.296633e-18   40968
  1.960629e+00   1.123818e-16   1.015965e-03   1.181486e-18   43496
  1.964036e+00   1.242634e-16   9.725754e-04   1.364886e-18   41454
  1.967447e+00   1.239225e-16   1.004526e-03   1.339887e-18   43704
  1.970751e+00   1.159834e-16   9.256831e-04   1.349743e-18   41208
  1.974178e+00   1.140754e-16   1.015706e-03   1.229858e-18   43944
  1.977639e+00   1.073246e-16   9.801018e-04   1.129551e-18   43218
  1.981069e+00   1.190657e-16   9.835304e-04   1.336638e-18   44136
  1.984421e+00   1.160538e-16   9.689214e-04   1.284205e-18   42304
  1.987802e+00   1.133245e-16   9.842599e-04   1.242181e-18   43096
  1.991130e+00   1.084554e-16   9.631295e-04   1.209837e-18   43464
  1.994604e+00   6.283551e-17   1.004342e-03   8.669279e-19   44382
  1.998002e+00   1.094877e-17   1.003266e-03   8.990178e-20   44316
  2.001426e+00   1.028123e-17   9.893154e-04   8.436596e-20   44592
  2.004809e+00   1.009836e-17   9.680892e-04   8.176001e-20   44328
  2.008236e+00   9.737893e-18   9.523162e-04   8.081444e-20   43560
  2.011631e+00   9.810314e-18   9.817514e-04   8.439769e-20   44763
  2.015012e+00   8.960610e-18   9.843293e-04   7.266415e-20   44216
  2.018416e+00   9.144650e-18   1.002968e-03   7.806432e-20   45144
  2.021845e+00   8.505605e-18   9.533111e-04   7.358591e-20   42876
  2.025221e+00   8.116197e-18   1.039094e-03   6.532509e-20   46164
  2.028603e+00   7.810378e-18   9.538972e-04   6.637975e-20   42360
  2.032052e+00   7.456311e-18   1.004468e-03   5.875096e-20   45324
  2.035424e+00   7.081360e-18   9.995889e-04   5.972884e-20   43320
  2.038817e+00   6.891128e-18   1.007297e-03   5.607234e-20   44580
  2.042292e+00   6.686775e-18   1.006134e-03   5.415194e-20   44468
  2.045700e+00   6.341548e-18   9.571103e-04   5.071017e-20   43416
  2.049007e+00   6.194023e-18   9.503154e-04   4.980767e-20   42264
  2.052427e+00   5.812078e-18   9.982480e-04   4.520694e-20   44580
  2.055855e+00   5.735265e-18   1.013336e-03   4.457385e-20   43824
  2.059268e+00   5.311134e-18   9.523479e-04   4.087108e-20   43392
  2.062640e+00   5.370244e-18   9.709336e-04   4.273613e-20   43296
  2.066077e+00   5.170157e-18   9.345634e-04   3.899080e-20   42656
  2.069429e+00   4.838004e-18   9.980838e-04   3.865279e-20   43728
  2.072869e+00   4.793046e-18   1.006399e-03   3.637763e-20   43536
  2.076268e+00   4.587197e-18   1.001616e-03   3.545815e-20   42180
  2.079670e+00   4.332561e-18   9.698728e-04   3.154846e-20   44136
  2.083087e+00   4.319581e-18   9.773400e-04   3.293572e-20   42372
  2.086460e+00   4.077240e-18   9.552676e-04   3.088542e-20   41604
  2.089832e+00   3.934326e-18   1.006521e-03   2.832643e-20   43440
  2.093239e+00   3.867237e-18   1.007289e-03   2.861698e-20   42488
  2.096600e+00   3.752584e-18   9.671663e-04   2.849261e-20   41496
  2.100046e+00   3.584920e-18   1.009561e-03   2.563938e-20   44112
  2.103476e+00   3.571632e-18   9.627245e-04   2.622351e-20   41688
  2.106847e+00   3.403840e-18   1.002887e-03   2.454957e-20   42276
  2.110231e+00   3.278908e-18   9.673004e-04   2.266974e-20   41172
  2.113637e+00   3.161787e-18   1.014189e-03   2.144204e-20   43536
  2.117060e+00   3.108244e-18   9.440682e-04   2.184636e-20   41496
  2.120446e+00   2.976209e-18   1.001696e-03   2.073176e-20   40764
  2.123824e+00   2.989367e-18   9.829124e-04   2.078733e-20   43220
  2.127251e+00   2.814377e-18   9.741948e-04   1.948082e-20   41076
  2.130650e+00   2.763790e-18   9.736862e-04   1.891930e-20   41532
  2.134066e+00   2.684635e-18   9.913433e-04   1.831841e-20   41928
  2.137452e+00   2.639166e-18   9.489903e-04   1.813950e-20   41412
  2.140836e+00   2.525589e-18   9.876425e-04   1.728553e-20   40032
  2.144200e+00   2.498542e-18   9.795004e-04   1.651926e-20   41880
  2.147583e+00   2.393055e-18   9.747362e-04   1.606971e-20   40264
  2.151008e+00   2.359140e-18   9.980952e-04   1.535619e-20   42592
  2.154444e+00   2.255589e-18   9.574599e-04   1.533435e-20   39588
  2.157836e+00   2.216163e-18   9.899106e-04   1.427230e-20   42180
  2.161205e+00   2.181419e-18   9.550806e-04   1.483884e-20   39240
  2.164591e+00   2.147890e-18   1.002498e-03   1.403750e-20   40920
  2.168021e+00   2.044058e-18   9.895186e-04   1.334636e-20   41184
  2.171435e+00   2.023749e-18   9.802064e-04   1.324352e-20   40872
  2.174814e+00   1.947138e-18   9.323587e-04   1.305127e-20   38748
  2.178230e+00   1.915045e-18   9.923713e-04   1.227510e-20   41420
  2.181596e+00   1.841287e-18   9.733624e-04   1.208412e-20   39816
  2.185019e+00   1.839242e-18   9.758566e-04   1.209783e-20   39792
  2.188398e+00   1.789663e-18   9.322510e-04   1.186896e-20   39816
  2.191853e+00   1.750068e-18   1.007568e-03   1.105570e-20   41064
  2.195255e+00   1.702741e-18   9.665765e-04   1.099845e-20   39204
  2.198703e+00   1.652332e-18   1.019970e-03   1.039891e-20   40080
  2.202014e+00   1.640064e-18   9.424963e-04   1.062051e-20   38332
  2.205420e+00   1.570723e-18   9.836872e-04   9.994270e-21   39952
  2.208814e+00   1.579300e-18   9.826829e-04   1.024940e-20   39000
  2.212292e+00   1.506503e-18   1.009126e-03   9.507405e-21   40356
  2.215686e+00   1.499810e-18   9.900841e-04   9.688396e-21   39300
  2.219073e+00   1.449509e-18   9.768590e-04   9.485472e-21   37452
  2.222434e+00   1.431149e-18   9.686015e-04   9.183474e-21   39732
  2.225893e+00   1.386878e-18   9.735156e-04   8.739335e-21   39312
  2.229261e+00   1.375666e-18   9.899780e-04   8.764384e-21   37632
  2.232646e+00   1.314907e-18   9.733727e-04   8.315068e-21   38420
  2.236046e+00   1.320357e-18   1.005997e-03   8.221169e-21   39564
  2.239457e+00   1.273548e-18   9.680250e-04   8.204927e-21   37236
  2.242822e+00   1.268196e-18   9.786551e-04   8.109957e-21   38100
  2.246202e+00   1.207848e-18   9.621843e-04   7.632798e-21   38208
  2.249650e+00   1.214138e-18   1.001343e-03   7.642057e-21   39072
  2.253028e+00   1.188803e-18   9.255374e-04   7.868101e-21   36192
  2.256433e+00   1.168894e-18   1.000569e-03   7.384571e-21   38928
  2.259875e+00   1.126008e-18   9.940952e-04   7.028507e-21   38768
  2.263364e+00   1.111571e-18   9.767718e-04   7.109199e-21   37596
  2.266775e+00   1.095417e-18   9.724364e-04   6.886617e-21   37296
  2.270122e+00   1.084557e-18   9.733477e-04   7.043488e-21   36948
  2.273485e+00   1.062954e-18   9.983394e-04   6.829215e-21   37248
  2.276967e+00   1.027271e-18   9.858991e-04   6.469160e-21   37152
  2.280308e+00   1.006520e-18   9.842197e-04   6.315268e-21   37512
  2.283721e+00   9.875283e-19   9.421972e-04   6.427389e-21   35876
  2.287109e+00   9.726050e-19   1.004095e-03   6.277697e-21   36936
  2.290550e+00   9.545322e-19   1.000342e-03   5.936547e-21   38028
  2.293967e+00   9.298000e-19   9.518210e-04   6.002822e-21   35592
  2.297304e+00   9.171102e-19   9.445855e-04   5.925571e-21   35508
  2.300680e+00   8.970326e-19   9.795177e-04   5.734952e-21   36492
  2.304133e+00   8.968905e-19   1.010473e-03   5.654432e-21   37608
  2.307551e+00   8.655742e-19   9.970499e-04   5.588413e-21   34848
  2.310869e+00   8.547655e-19   9.351021e-04   5.572741e-21   35220
  2.314285e+00   8.404824e-19   9.755168e-04   5.277324e-21   36884
  2.317699e+00   8.296852e-19   9.681382e-04   5.395705e-21   35412
  2.321162e+00   8.017982e-19   1.002430e-03   5.218435e-21   35652
  2.324531e+00   7.982166e-19   1.002197e-03   5.116471e-21   36072
  2.327908e+00   7.895219e-19   9.658515e-04   5.209599e-21   34368
  2.331324e+00   7.690380e-19   9.783685e-04   4.898021e-21   35484
  2.334741e+00   7.538550e-19   9.684744e-04   4.853749e-21   35256
  2.338088e+00   7.448646e-19   1.008122e-03   4.887699e-21   34476
  2.341506e+00   7.125495e-19   9.890537e-04   4.706436e-21   34916
  2.344896e+00   7.135344e-19   9.753182e-04   4.672926e-21   34596
  2.348289e+00   6.992206e-19   9.540538e-04   4.408795e-21   34656
  2.351696e+00   6.825882e-19   9.882911e-04   4.461277e-21   34596
  2.355125e+00   6.721479e-19   9.587525e-04   4.396475e-21   33984
  2.358476e+00   6.638238e-19   9.788210e-04   4.379657e-21   34080
  2.361852e+00   6.584563e-19   9.830509e-04   4.377174e-21   34140
  2.365304e+00   6.533047e-19   1.015340e-03   4.325028e-21   33804
  2.368719e+00   6.433116e-19   9.759441e-04   4.236687e-21   35096
  2.372155e+00   6.258634e-19   9.675675e-04   4.112802e-21   33108
  2.375492e+00   6.301739e-19   9.625095e-04   4.346461e-21   32280
  2.378878e+00   6.076825e-19   9.798228e-04   4.017519e-21   34404
  2.382324e+00   5.901628e-19   9.998368e-04   3.922504e-21   34248
  2.385781e+00   5.827702e-19   9.368618e-04   4.049963e-21   32016
  2.389171e+00   5.828434e-19   9.889111e-04   3.870516e-21   34344
  2.392588e+00   5.734670e-19   9.508792e-04   3.970341e-21   32024
  2.395887e+00   5.647010e-19   9.856404e-04   3.903236e-21   31908
  2.399315e+00   5.518160e-19   9.877149e-04   3.645207e-21   33192
  2.402753e+00   5.466728e-19   1.023393e-03   3.673892e-21   33288
  2.406122e+00   5.310541e-19   9.318436e-04   3.650572e-21   31356
  2.409537e+00   5.252643e-19   1.008572e-03   3.592264e-21   32496
  2.412934e+00   5.176903e-19   9.586275e-04   3.501418e-21   31944
  2.416251e+00   5.103168e-19   9.843477e-04   3.525146e-21   31512
  2.419642e+00   5.024636e-19   9.554269e-04   3.476054e-21   31156
  2.423118e+00   4.981840e-19   1.006701e-03   3.367771e-21   33352
  2.426525e+00   4.957317e-19   9.764504e-04   3.459722e-21   31344
  2.429966e+00   4.750991e-19   1.011019e-03   3.356986e-21   31068
  2.433353e+00   4.839767e-19   9.971418e-04   3.418079e-21   31752
  2.436684e+00   4.657260e-19   9.204472e-04   3.363232e-21   29868
  2.440099e+00   4.619757e-19   1.011444e-03   3.234075e-21   32052
  2.443539e+00   4.509111e-19   9.596990e-04   3.151329e-21   30012
  2.446898e+00   4.435851e-19   1.006915e-03   3.135505e-21   31520
  2.450354e+00   4.254161e-19   9.844685e-04   3.059380e-21   30648
  2.453706e+00   4.270272e-19   9.710870e-04   3.104683e-21   29304
  2.457112e+00   4.378478e-19   9.628022e-04   3.070960e-21   31140
  2.460584e+00   4.196494e-19   1.025697e-03   2.967576e-21   31320
  2.463992e+00   4.077886e-19   9.680019e-04   2.979908e-21   28356
  2.467346e+00   4.045057e-19   9.894595e-04   2.948268e-21   30288
  2.470691e+00   4.046966e-19   9.833600e-04   2.993635e-21   29472
  2.474056e+00   3.909796e-19   9.720749e-04   2.925270e-21   28716
  2.477529e+00   3.868955e-19   9.646939e-04   2.739490e-21   30740
  2.480961e+00   3.830842e-19   9.839130e-04   2.785911e-21   29304
  2.484327e+00   3.783563e-19   9.799311e-04   2.792252e-21   28476
  2.487752e+00   3.637792e-19   9.925668e-04   2.638339e-21   29304
  2.491155e+00   3.758392e-19   9.914075e-04   2.747119e-21   29280
  2.494601e+00   3.686646e-19   9.888067e-04   2.757682e-21   29100
  2.498031e+00   3.525153e-19   9.693726e-04   2.729845e-21   27816
  2.501330e+00   3.565827e-19   9.737231e-04   2.794850e-21   27692
  2.504737e+00   3.392561e-19   1.012495e-03   2.540005e-21   29724
  2.508211e+00   3.357030e-19   9.651031e-04   2.654390e-21   27240
  2.511571e+00   3.429142e-19   9.380122e-04   2.629436e-21   27588
  2.514934e+00   3.297056e-19   9.761300e-04   2.536298e-21   28560
  2.518371e+00   3.324958e-19   9.886158e-04   2.647036e-21   26952
  2.521774e+00   3.255988e-19   9.897907e-04   2.535263e-21   27516
  2.525163e+00   3.185924e-19   1.000219e-03   2.482828e-21   28344
  2.528599e+00   3.199225e-19   9.851718e-04   2.596261e-21   26196
  2.531920e+00   3.060488e-19   9.634803e-04   2.471081e-21   26360
  2.535324e+00   3.142598e-19   9.960409e-04   2.434014e-21   28152
  2.538760e+00   3.008728e-19   9.632402e-04   2.389084e-21   25896
  2.542127e+00   2.964298e-19   9.862139e-04   2.403333e-21   26592
  2.545539e+00   2.996443e-19   9.442321e-04   2.415247e-21   26568
  2.548976e+00   2.933121e-19   9.991750e-04   2.332657e-21   26832
  2.552322e+00   2.804896e-19   9.474214e-04   2.384768e-21   24972
  2.555791e+00   2.920955e-19   9.989695e-04   2.329319e-21   27000
  2.559168e+00   2.788516e-19   9.577813e-04   2.318858e-21   25448
  2.562535e+00   2.776822e-19   9.902443e-04   2.347818e-21   25476
  2.565992e+00   2.780362e-19   9.706909e-04   2.375588e-21   25152
  2.569333e+00   2.761924e-19   9.951122e-04   2.281196e-21   25968
  2.572775e+00   2.613908e-19   9.906648e-04   2.193309e-21   25320
  2.576210e+00   2.572034e-19   9.358363e-04   2.251354e-21   23796
  2.579496e+00   2.719375e-19   9.822477e-04   2.302971e-21   25500
  2.582914e+00   2.573607e-19   9.788363e-04   2.234175e-21   24420
  2.586378e+00   2.498023e-19   1.013161e-03   2.205726e-21   24656
  2.589722e+00   2.585325e-19   9.599232e-04   2.313368e-21   24036
  2.593114e+00   2.552552e-19   9.927315e-04   2.277809e-21   24528
  2.596483e+00   2.366159e-19   9.590289e-04   2.146821e-21   23004
  2.599888e+00   2.495465e-19   9.848565e-04   2.197717e-21   24576
  2.603308e+00   2.392298e-19   9.407132e-04   2.104766e-21   23736
  2.606725e+00   2.275138e-19   9.994817e-04   2.086491e-21   23712
  2.610164e+00   2.373456e-19   9.704406e-04   2.149469e-21   22992
  2.613550e+00   2.319124e-19   9.637349e-04   2.146986e-21   23984
  2.616935e+00   2.273484e-19   9.626269e-04   2.116928e-21   22344
  2.620337e+00   2.205655e-19   9.768169e-04   2.061499e-21   22536
  2.623720e+00   2.259655e-19   9.667935e-04   2.095304e-21   23268
  2.627096e+00   2.233576e-19   9.929071e-04   2.161529e-21   22152
  2.630500e+00   2.095373e-19   9.804448e-04   2.031490e-21   22068
  2.633988e+00   2.186956e-19   1.006815e-03   2.050871e-21   23664
  2.637353e+00   2.121926e-19   9.350088e-04   2.082638e-21   20640
  2.640713e+00   2.047658e-19   9.923052e-04   1.955167e-21   22376
  2.644179e+00   2.088894e-19   9.759242e-04   2.075610e-21   21444
  2.647520e+00   2.103086e-19   1.011260e-03   2.060599e-21   21576
  2.650919e+00   2.007774e-19   1.002590e-03   2.029980e-21   21660
  2.654412e+00   1.956880e-19   1.013805e-03   1.954631e-21   20916
  2.657789e+00   2.033538e-19   9.944119e-04   2.038525e-21   21504
  2.661144e+00   1.903223e-19   9.476635e-04   1.989286e-21   20508
  2.664583e+00   1.837238e-19   1.012559e-03   1.973153e-21   20036
  2.667961e+00   1.991961e-19   9.799347e-04   2.065851e-21   21276
  2.671380e+00   1.843989e-19   9.701273e-04   1.879400e-21   20652
  2.674793e+00   1.735443e-19   9.654062e-04   1.887328e-21   18696
  2.678197e+00   1.915094e-19   1.010458e-03   1.984035e-21   21504
  2.681608e+00   1.842555e-19   9.449905e-04   2.006092e-21   19284
  2.685012e+00   1.628377e-19   1.019116e-03   1.744929e-21   19356
  2.688395e+00   1.755718e-19   9.630933e-04   1.913000e-21   19236
  2.691747e+00   1.886652e-19   9.819342e-04   2.142845e-21   19476
  2.695170e+00   1.583900e-19   1.021783e-03   1.781275e-21   19184
  2.698647e+00   1.689744e-19   9.898888e-04   1.922715e-21   18852
  2.702034e+00   1.828453e-19   9.582506e-04   2.106227e-21   18876
  2.705357e+00   1.588343e-19   9.961544e-04   1.899447e-21   18336
  2.708799e+00   1.497480e-19   9.995508e-04   1.780070e-21   17820
  2.712259e+00   1.768050e-19   1.008841e-03   2.129410e-21   19392
  2.715616e+00   1.526925e-19   9.989261e-04   1.824891e-21   17616
  2.718949e+00   1.439548e-19   9.403994e-04   1.767616e-21   16320
  2.722413e+00   1.652460e-19   1.018465e-03   1.971934e-21   19292
  2.725776e+00   1.538605e-19   9.756316e-04   1.891490e-21   17112
  2.729283e+00   1.381533e-19   9.888233e-04   1.682124e-21   17388
  2.732704e+00   1.527535e-19   9.257555e-04   2.029981e-21   16692
  2.735930e+00   1.543360e-19   9.792720e-04   1.925615e-21   16956
  2.739452e+00   1.290554e-19   9.876901e-04   1.587872e-21   17040
  2.742894e+00   1.400416e-19   9.773330e-04   1.799195e-21   16092
  2.746164e+00   1.526854e-19   9.706985e-04   2.019366e-21   16380
  2.749642e+00   1.338374e-19   9.977628e-04   1.849078e-21   16688
  2.753053e+00   1.225775e-19   9.980974e-04   1.642927e-21   14940
  2.756401e+00   1.472687e-19   1.003592e-03   2.002501e-21   16668
  2.759872e+00   1.298879e-19   9.800161e-04   1.756504e-21   15804
  2.763238e+00   1.208672e-19   9.732068e-04   1.772278e-21   14280
  2.766639e+00   1.384832e-19   9.580540e-04   1.907303e-21   16068
  2.770034e+00   1.207947e-19   9.764201e-04   1.687554e-21   15048
  2.773410e+00   1.188304e-19   9.951146e-04   1.757567e-21   13940
  2.776793e+00   1.230360e-19   9.510677e-04   1.840868e-21   15072
  2.780185e+00   1.233341e-19   1.013899e-03   1.815629e-21   14808
  2.783543e+00   1.076656e-19   9.414253e-04   1.635802e-21   13200
  2.786996e+00   1.148268e-19   9.972653e-04   1.678056e-21   15156
  2.790453e+00   1.216328e-19   9.725079e-04   1.869289e-21   13788
  2.793844e+00   1.080730e-19   9.584580e-04   1.865385e-21   13608
  2.797233e+00   9.940925e-20   9.137161e-04   1.491362e-21   13224
  2.800612e+00   1.189234e-19   9.851237e-04   2.009501e-21   13320
  2.803972e+00   1.018314e-19   9.713652e-04   1.626555e-21   13220
  2.807429e+00   9.203801e-20   9.817789e-04   1.456318e-21   12984
  2.810903e+00   1.073413e-19   9.937490e-04   1.817074e-21   12780
  2.814182e+00   9.243873e-20   9.405135e-04   1.593620e-21   12360
  2.817641e+00   9.052454e-20   9.894990e-04   1.528830e-21   12480
  2.821091e+00   9.166402e-20   9.611149e-04   1.633247e-21   11892
  2.824384e+00   8.845163e-20   9.964972e-04   1.598724e-21   12192
  2.827831e+00   8.285637e-20   9.769214e-04   1.397099e-21   11328
  2.831260e+00   7.664760e-20   1.035957e-03   1.333447e-21   12020
  2.834610e+00   8.497317e-20   9.524676e-04   1.607062e-21   11052
  2.838092e+00   7.182318e-20   1.011816e-03   1.180393e-21   11304
  2.841356e+00   6.928250e-20   9.310152e-04   1.266370e-21   10368
  2.844694e+00   6.897674e-20   9.688111e-04   1.142120e-21   10899
  2.848216e+00   6.949790e-20   9.712629e-04   1.294966e-21   10752
  2.851560e+00   6.296869e-20   9.748745e-04   1.138631e-21   10446
  2.855007e+00   6.140576e-20   9.594983e-04   9.922499e-22   10092
  2.858423e+00   5.623234e-20   9.722089e-04   9.792383e-22   10220
  2.861722e+00   6.048150e-20   9.522226e-04   1.133725e-21   9636
  2.865233e+00   5.525135e-20   9.795968e-04   9.044027e-22   10020
  2.868677e+00   5.143277e-20   1.017742e-03   8.962823e-22   9906
  2.872011e+00   5.174676e-20   9.440243e-04   8.964236e-22   8940
  2.875468e+00   5.039929e-20   9.573450e-04   8.581522e-22   9558
  2.878844e+00   4.887117e-20   1.042557e-03   8.467047e-22   9180
  2.882185e+00   4.799088e-20   9.980883e-04   8.028327e-22   8674
  2.885679e+00   4.660223e-20   9.921159e-04   7.583913e-22   9454
  2.889055e+00   4.239705e-20   1.019679e-03   7.202581e-22   8316
  2.892409e+00   4.336502e-20   1.005575e-03   6.521484e-22   8622
  2.895912e+00   4.053591e-20   9.984805e-04   6.246214e-22   9006
  2.899261e+00   3.849551e-20   1.006426e-03   6.384781e-22   7698
  2.902617e+00   4.154933e-20   9.656669e-04   6.615564e-22   8406
  2.906123e+00   3.939593e-20   1.030423e-03   6.448249e-22   8646
  2.909458e+00   3.695216e-20   9.790969e-04   6.788672e-22   7014
  2.912801e+00   3.827157e-20   9.732754e-04   5.839287e-22   8510
  2.916355e+00   3.565794e-20   1.025772e-03   5.501845e-22   7890
  2.919690e+00   3.247701e-20   9.840041e-04   5.560183e-22   6966
  2.922978e+00   3.448160e-20   9.405721e-04   5.369284e-22   7902
  2.926483e+00   3.341671e-20   1.025831e-03   5.040553e-22   7278
  2.929893e+00   3.108930e-20   1.007738e-03   5.183391e-22   7338
  2.933248e+00   3.213253e-20   9.333698e-04   5.149453e-22   7254
  2.936686e+00   3.292809e-20   1.005241e-03   5.603320e-22   6678
  2.940020e+00   3.000255e-20   1.004294e-03   4.959788e-22   7286
  2.943557e+00   3.100900e-20   9.935741e-04   4.942329e-22   7200
  2.947070e+00   2.973157e-20   9.643759e-04   4.927935e-22   6234
  2.950183e+00   2.762056e-20   9.665943e-04   4.417406e-22   6630
  2.953710e+00   2.940213e-20   9.967120e-04   4.994161e-22   6822
  2.957208e+00   2.611786e-20   9.389826e-04   4.154091e-22   6078
  2.960394e+00   2.667014e-20   9.982063e-04   4.205105e-22   6528
  2.963920e+00   2.815027e-20   9.540002e-04   4.578539e-22   6034
  2.967295e+00   2.355694e-20   9.769421e-04   3.521983e-22   6190
  2.970648e+00   2.630150e-20   1.003693e-03   4.150470e-22   6270
  2.974190e+00   2.649970e-20   9.026267e-04   4.839274e-22   5520
  2.977431e+00   2.176962e-20   1.010599e-03   3.162047e-22   6126
  2.980823e+00   2.511412e-20   9.449916e-04   4.173081e-22   5562
  2.984382e+00   2.263521e-20   9.449251e-04   3.524815e-22   5790
  2.987609e+00   2.104911e-20   9.674247e-04   3.137615e-22   5496
  2.991029e+00   2.335546e-20   9.744149e-04   3.779209e-22   5262
  2.994510e+00   2.124209e-20   9.596787e-04   3.414698e-22   5774
  2.997839e+00   2.101805e-20   9.507037e-04   3.255679e-22   5124
  3.001346e+00   2.193627e-20   9.536598e-04   3.939017e-22   5070
  3.004645e+00   1.993664e-20   9.927132e-04   3.220446e-22   5430
  3.008016e+00   2.018819e-20   9.272914e-04   3.257616e-22   4680
  3.011587e+00   2.001871e-20   9.603639e-04   3.219144e-22   5370
  3.014869e+00   1.826835e-20   9.175102e-04   3.055557e-22   4638
  3.018210e+00   1.938118e-20   9.645033e-04   3.510623e-22   4536
  3.021696e+00   1.843450e-20   9.657981e-04   3.036816e-22   5222
  3.025044e+00   1.798525e-20   8.862693e-04   3.128482e-22   4254
  3.028475e+00   1.887153e-20   9.769455e-04   3.361941e-22   4548
  3.031790e+00   1.785535e-20   9.474352e-04   3.078660e-22   4638
  3.035175e+00   1.856409e-20   9.353877e-04   3.131061e-22   4176
  3.038687e+00   1.699964e-20   9.386274e-04   2.759285e-22   4518
  3.042021e+00   1.745750e-20   9.457109e-04   2.924506e-22   4278
  3.045343e+00   1.731437e-20   9.150178e-04   3.187099e-22   3732
  3.048746e+00   1.614943e-20   9.666582e-04   2.776128e-22   4502
  3.052175e+00   1.646271e-20   9.396687e-04   2.862093e-22   3984
  3.055637e+00   1.655556e-20   9.734809e-04   3.062832e-22   3726
  3.058859e+00   1.529570e-20   9.383075e-04   2.602540e-22   4014
  3.062253e+00   1.570094e-20   9.839881e-04   2.723239e-22   3756
  3.065874e+00   1.437747e-20   9.875702e-04   2.353291e-22   3894
  3.069162e+00   1.470956e-20   9.663769e-04   2.629879e-22   3744
  3.072480e+00   1.541918e-20   9.823894e-04   2.796808e-22   3174
  3.075941e+00   1.478808e-20   1.005522e-03   2.537224e-22   3968
  3.079369e+00   1.451368e-20   1.013997e-03   2.560803e-22   3522
  3.082951e+00   1.556536e-20   1.041435e-03   2.872350e-22   3198
  3.086200e+00   1.411687e-20   1.020090e-03   2.450840e-22   3648
  3.089591e+00   1.414216e-20   1.036958e-03   2.715740e-22   3054
  3.093164e+00   1.352238e-20   9.752705e-04   2.427614e-22   3312
  3.096416e+00   1.394725e-20   1.030232e-03   2.640792e-22   3354
  3.099859e+00   1.388449e-20   1.018756e-03   2.898175e-22   2624
  3.103228e+00   1.306086e-20   9.938936e-04   2.440894e-22   3462
  3.106655e+00   1.343045e-20   1.036730e-03   2.516465e-22   2976
  3.110270e+00   1.297500e-20   9.814041e-04   2.487367e-22   2670
  3.113407e+00   1.257696e-20   1.021601e-03   2.363769e-22   3186
  3.116767e+00   1.360587e-20   9.543614e-04   2.924242e-22   2376
  3.120346e+00   1.243662e-20   1.006058e-03   2.251415e-22   3102
  3.123650e+00   1.250759e-20   9.847799e-04   2.442104e-22   2688
  3.127086e+00   1.323268e-20   1.027393e-03   2.826402e-22   2286
  3.130454e+00   1.176308e-20   9.909871e-04   2.286447e-22   3020
  3.133859e+00   1.259373e-20   9.439116e-04   2.688746e-22   2310
  3.137474e+00   1.184693e-20   1.043166e-03   2.554687e-22   2544
  3.140695e+00   1.107918e-20   9.725494e-04   2.274733e-22   2526
  3.144064e+00   1.242321e-20   9.987847e-04   2.837323e-22   2112
  3.147593e+00   1.175184e-20   9.598648e-04   2.467682e-22   2538
  3.150931e+00   1.174216e-20   9.985896e-04   2.392148e-22   2304
  3.154328e+00   1.288486e-20   9.852879e-04   2.903941e-22   1902
  3.157623e+00   1.050770e-20   9.412660e-04   2.190041e-22   2408
  3.161035e+00   1.147426e-20   9.929091e-04   2.406024e-22   2094
  3.164668e+00   1.105551e-20   1.011639e-03   2.470715e-22   2028
  3.167856e+00   1.101555e-20   9.595772e-04   2.457688e-22   2094
  3.171241e+00   1.118220e-20   1.046849e-03   2.561471e-22   1920
  3.174835e+00   1.079881e-20   8.826100e-04   2.564833e-22   1926
  3.178123e+00   1.056369e-20   1.030221e-03   2.411979e-22   2088
  3.181468e+00   1.035857e-20   9.037369e-04   2.930648e-22   1434
  3.184829e+00   1.083779e-20   9.555433e-04   2.468086e-22   2048
  3.188160e+00   1.042563e-20   9.527742e-04   2.850139e-22   1758
  3.191826e+00   1.005828e-20   1.051156e-03   2.531687e-22   1584
  3.195185e+00   1.007043e-20   1.041430e-03   2.388697e-22   1998
  3.198586e+00   1.087831e-20   9.485689e-04   2.982769e-22   1428
  3.202148e+00   1.000772e-20   7.939925e-04   2.684062e-22   1488
  3.205259e+00   1.098700e-20   1.011466e-03   2.567417e-22   1806
  3.208542e+00   1.039746e-20   9.208043e-04   3.301000e-22   1040
  3.212051e+00   9.684809e-21   9.648325e-04   2.405398e-22   1782
  3.215260e+00   1.034602e-20   9.120959e-04   2.721201e-22   1428
  3.219099e+00   9.791860e-21   1.095182e-03   2.966966e-22   1206
  3.222346e+00   9.914955e-21   1.017509e-03   2.444467e-22   1728
  3.225619e+00   9.499779e-21   9.535870e-04   2.989939e-22   1038
  3.229392e+00   9.083285e-21   7.737160e-04   2.817768e-22   1248
  3.232374e+00   1.026199e-20   9.867404e-04   2.515561e-22   1530
  3.235646e+00   9.847066e-21   9.043822e-04   4.028663e-22   656
  3.239303e+00   8.948672e-21   1.013919e-03   2.280515e-22   1662
  3.242391e+00   9.418628e-21   8.393937e-04   2.976619e-22   1008
  3.246465e+00   9.526086e-21   1.114612e-03   3.201049e-22   960
  3.249524e+00   8.776361e-21   9.584513e-04   2.349435e-22   1458
  3.252720e+00   9.755922e-21   9.470398e-04   3.875348e-22   672
  3.256641e+00   8.842483e-21   7.422534e-04   2.785089e-22   1062
  3.259417e+00   8.506811e-21   9.629091e-04   2.408618e-22   1224
  3.262741e+00   1.048690e-20   8.411043e-04   5.735459e-22   374
  3.266486e+00   8.726171e-21   1.011004e-03   2.188880e-22   1512
  3.269516e+00   1.015242e-20   8.472106e-04   3.881983e-22   666
  3.273852e+00   8.365458e-21   1.035820e-03   3.120751e-22   720
  3.276572e+00   8.844750e-21   9.275922e-04   2.457170e-22   1224
  3.279914e+00   1.005702e-20   9.221403e-04   5.217496e-22   390
  3.283914e+00   8.442368e-21   6.856472e-04   3.031989e-22   936
  3.286459e+00   9.197184e-21   9.782860e-04   2.849679e-22   882
  3.290092e+00   9.077868e-21   9.551822e-04   7.028901e-22   216
  3.293625e+00   8.779033e-21   9.484183e-04   2.325648e-22   1286
  3.296619e+00   1.104182e-20   7.922754e-04   5.435886e-22   384
  3.301196e+00   9.617271e-21   9.974032e-04   4.311099e-22   576
  3.303565e+00   9.052036e-21   8.939464e-04   2.928011e-22   930
  3.306956e+00   9.014960e-21   8.781672e-04   5.809680e-22   216
  3.311281e+00   8.659469e-21   7.049195e-04   2.982923e-22   918
  3.313773e+00   8.488446e-21   9.494675e-04   4.105987e-22   480
  3.317151e+00   1.379472e-20   8.000415e-04   1.453223e-21   78
  3.320657e+00   8.716290e-21   8.648004e-04   2.740645e-22   1052
  3.323895e+00   9.036897e-21   1.006959e-03   5.485380e-22   240
  3.328852e+00   9.125649e-21   3.676460e-04   4.494457e-22   438
  3.330545e+00   9.072725e-21   8.506072e-04   3.806314e-22   648
  3.333703e+00   9.107280e-21   7.023041e-04   8.991397e-22   78
  3.338411e+00   7.776008e-21   6.127751e-04   2.677531e-22   780
  3.340778e+00   9.144692e-21   8.550342e-04   6.204048e-22   240
  3.343694e+00   6.991727e-21   0.000000e+00   1.424541e-21   6
  3.347623e+00   8.086742e-21   7.832637e-04   2.695573e-22   824
  3.350467e+00   1.050315e-20   6.055240e-04   1.467188e-21   78
  3.356076e+00   7.545980e-21   3.165921e-04   3.575102e-22   432
  3.357541e+00   8.195374e-21   7.656969e-04   4.066133e-22   348
  3.360330e+00   1.373023e-20   0.000000e+00   4.347480e-22   6
  3.365426e+00   9.210104e-21   5.413225e-04   3.563844e-22   600
  3.367442e+00   1.096754e-20   5.097238e-04   1.272360e-21   78
  3.374544e+00   8.905371e-21   6.700717e-04   3.711387e-22   572
  3.377176e+00   1.115243e-20   0.000000e+00   3.295174e-21   6
  3.383243e+00   7.323508e-21   3.146063e-04   3.532358e-22   384
  3.384459e+00   1.053913e-20   4.676281e-04   8.652255e-22   102
  3.392411e+00   8.569360e-21   4.599741e-04   4.394354e-22   396
  3.394229e+00   6.696153e-21   0.000000e+00   2.442489e-21   6
  3.401391e+00   8.455791e-21   4.161630e-04   4.857470e-22   326
  3.410329e+00   9.817339e-21   2.893928e-04   6.114661e-22   252
  3.411486e+00   5.442694e-21   0.000000e+00   8.999833e-22   6
  3.419333e+00   1.012737e-20   2.633341e-04   6.986025e-22   198
  3.428323e+00   8.646579e-21   2.009286e-04   5.681069e-22   146
  3.437326e+00   8.281798e-21   1.474817e-04   7.854683e-22   102
  3.446340e+00   7.156011e-21   1.024960e-04   6.689684e-22   66
  3.455367e+00   6.071819e-21   6.509513e-05   9.044302e-22   38
  3.464404e+00   9.446620e-21   3.357406e-05   1.284929e-21   18
  3.473449e+00   1.763857e-20   0.000000e+00   2.709460e-21   6
