# power spectrum of pi_k
# redshift z=48.420863
# k              Pk             sigma(k)       sigma(Pk)      count
  1.570796e-02   1.210214e-11   0.000000e+00   4.878273e-12   6
  2.221441e-02   5.501692e-12   0.000000e+00   1.098219e-12   12
  2.720699e-02   3.381051e-12   2.980232e-10   6.881254e-13   8
  3.141593e-02   9.504801e-12   0.000000e+00   1.022794e-12   6
  3.512407e-02   5.746455e-12   5.619580e-10   1.831851e-12   24
  3.847649e-02   7.302925e-12   5.619580e-10   1.230490e-12   24
  4.442883e-02   2.722628e-12   0.000000e+00   1.225634e-12   12
  4.712389e-02   2.957594e-12   6.357829e-10   5.448749e-13   30
  4.967294e-02   3.500985e-12   0.000000e+00   7.717684e-13   24
  5.209742e-02   3.054085e-12   9.733398e-10   7.571507e-13   24
  5.441398e-02   3.434875e-12   5.960464e-10   6.960979e-13   8
  5.663587e-02   2.816754e-12   7.947286e-10   3.499377e-13   24
  5.877382e-02   2.577693e-12   0.000000e+00   3.622327e-13   48
  6.283185e-02   2.904868e-12   0.000000e+00   1.277197e-12   6
  6.476559e-02   2.276913e-12   7.947286e-10   3.198275e-13   48
  6.664324e-02   2.067819e-12   7.492773e-10   2.149070e-13   36
  6.846942e-02   2.915169e-12   7.947286e-10   6.094743e-13   24
  7.024815e-02   1.674387e-12   1.123916e-09   2.883104e-13   24
  7.198293e-02   1.467552e-12   0.000000e+00   1.995701e-13   48
  7.367688e-02   2.230136e-12   1.123916e-09   3.174254e-13   24
  7.695299e-02   1.697412e-12   1.123916e-09   2.670368e-13   24
  7.853982e-02   1.133038e-12   0.000000e+00   1.855143e-13   30
  8.009521e-02   1.181600e-12   0.000000e+00   1.304748e-13   72
  8.162097e-02   1.124735e-12   1.192093e-09   2.289387e-13   32
  8.458997e-02   1.432718e-12   0.000000e+00   1.661432e-13   72
  8.603606e-02   8.513249e-13   0.000000e+00   1.245194e-13   48
  8.885766e-02   4.325286e-13   0.000000e+00   1.286544e-13   12
  9.023538e-02   8.361026e-13   0.000000e+00   1.253678e-13   48
  9.159238e-02   7.232395e-13   0.000000e+00   7.198767e-14   48
  9.292956e-02   9.393570e-13   1.123916e-09   1.184950e-13   48
  9.424778e-02   1.106991e-12   1.271566e-09   1.940813e-13   30
  9.554781e-02   9.573860e-13   0.000000e+00   2.153412e-13   24
  9.683039e-02   9.725354e-13   2.369423e-09   9.779040e-14   72
  9.934588e-02   5.552483e-13   0.000000e+00   1.055376e-13   24
  1.005800e-01   8.376544e-13   0.000000e+00   8.299176e-14   96
  1.017992e-01   6.363107e-13   0.000000e+00   8.449361e-14   48
  1.030040e-01   5.247100e-13   1.946680e-09   1.288781e-13   24
  1.041948e-01   3.750420e-13   1.946680e-09   7.698499e-14   24
  1.053722e-01   8.879500e-13   0.000000e+00   1.084161e-13   72
  1.065366e-01   6.561979e-13   0.000000e+00   1.010390e-13   48
  1.088280e-01   5.616218e-13   1.192093e-09   1.676099e-13   8
  1.099557e-01   8.162685e-13   1.412851e-09   9.767470e-14   54
  1.110721e-01   5.461277e-13   0.000000e+00   9.547152e-14   84
  1.121773e-01   5.944560e-13   0.000000e+00   8.522696e-14   48
  1.132717e-01   3.670319e-13   1.589457e-09   6.546075e-14   24
  1.143557e-01   4.846784e-13   2.119276e-09   5.752809e-14   72
  1.154295e-01   6.335701e-13   0.000000e+00   7.212015e-14   96
  1.175476e-01   8.519706e-13   0.000000e+00   9.293015e-14   48
  1.185925e-01   4.626954e-13   0.000000e+00   4.335718e-14   48
  1.196283e-01   3.991865e-13   0.000000e+00   7.768235e-14   24
  1.206552e-01   4.512470e-13   0.000000e+00   4.859114e-14   72
  1.226831e-01   4.630481e-13   0.000000e+00   5.477303e-14   72
  1.236846e-01   4.479348e-13   0.000000e+00   5.106546e-14   96
  1.256637e-01   6.057837e-13   0.000000e+00   2.661528e-13   6
  1.266416e-01   4.962255e-13   0.000000e+00   4.804108e-14   96
  1.276121e-01   5.053782e-13   1.589457e-09   5.404273e-14   96
  1.285752e-01   3.373282e-13   0.000000e+00   8.023370e-14   24
  1.295312e-01   3.717818e-13   1.589457e-09   4.627379e-14   48
  1.304801e-01   3.707436e-13   0.000000e+00   3.751725e-14   96
  1.314222e-01   4.293305e-13   0.000000e+00   5.782732e-14   48
  1.332865e-01   3.726675e-13   1.498555e-09   6.991777e-14   36
  1.342089e-01   3.711783e-13   2.753021e-09   4.684446e-14   48
  1.351250e-01   4.064964e-13   3.114687e-09   3.649021e-14   120
  1.360350e-01   3.605307e-13   0.000000e+00   4.759909e-14   56
  1.369388e-01   2.003222e-13   1.589457e-09   3.507154e-14   24
  1.378368e-01   2.868362e-13   0.000000e+00   2.552095e-14   96
  1.387290e-01   3.004970e-13   0.000000e+00   3.877420e-14   48
  1.404963e-01   3.561614e-13   2.247832e-09   6.605129e-14   24
  1.413717e-01   3.840316e-13   0.000000e+00   3.838317e-14   102
  1.422417e-01   3.911958e-13   1.589457e-09   5.884759e-14   48
  1.431064e-01   3.547315e-13   0.000000e+00   3.534224e-14   72
  1.439659e-01   3.196708e-13   0.000000e+00   3.229914e-14   48
  1.448203e-01   3.386471e-13   0.000000e+00   6.273997e-14   48
  1.456697e-01   2.859535e-13   3.596531e-09   2.512143e-14   120
  1.473538e-01   4.428496e-13   2.247832e-09   7.412883e-14   24
  1.481886e-01   2.531301e-13   2.119276e-09   2.129506e-14   144
  1.490188e-01   2.569416e-13   2.543132e-09   2.470621e-14   120
  1.498444e-01   1.972696e-13   2.247832e-09   2.760729e-14   48
  1.514821e-01   2.898657e-13   2.247832e-09   3.865497e-14   48
  1.522944e-01   2.337474e-13   2.247832e-09   2.439470e-14   96
  1.544390e-01   3.006922e-13   3.768959e-04   3.692027e-14   72
  1.555009e-01   2.182524e-13   1.998073e-09   1.666243e-14   108
  1.562923e-01   2.561060e-13   0.000000e+00   2.743199e-14   72
  1.570796e-01   1.530064e-13   0.000000e+00   2.828810e-14   30
  1.578631e-01   2.560239e-13   0.000000e+00   2.032141e-14   168
  1.586427e-01   2.495515e-13   0.000000e+00   2.722418e-14   48
  1.601904e-01   1.688511e-13   0.000000e+00   1.979470e-14   72
  1.609587e-01   2.191103e-13   0.000000e+00   2.112631e-14   96
  1.617234e-01   2.129105e-13   4.238553e-09   3.270056e-14   72
  1.624844e-01   2.477869e-13   0.000000e+00   2.626718e-14   72
  1.637639e-01   2.184219e-13   3.480039e-04   1.599238e-14   104
  1.647465e-01   2.057862e-13   2.997109e-09   1.500616e-14   144
  1.669779e-01   1.401607e-13   5.026305e-09   1.316305e-14   96
  1.677152e-01   1.536120e-13   0.000000e+00   1.587607e-14   96
  1.688876e-01   2.068382e-13   3.580185e-04   1.924013e-14   120
  1.699076e-01   1.705808e-13   0.000000e+00   1.551560e-14   120
  1.706322e-01   2.031563e-13   0.000000e+00   2.200673e-14   72
  1.720721e-01   1.998963e-13   0.000000e+00   2.647738e-14   48
  1.727876e-01   2.126181e-13   3.912510e-09   2.424311e-14   78
  1.737029e-01   2.190773e-13   3.205713e-04   1.732065e-14   168
  1.756204e-01   1.989493e-13   3.670694e-09   1.719089e-14   144
  1.763215e-01   2.043520e-13   2.997109e-09   1.460332e-14   144
  1.783549e-01   1.818533e-13   1.846233e-04   1.546003e-14   156
  1.790983e-01   1.318184e-13   3.893359e-09   2.457086e-14   48
  1.797859e-01   1.628311e-13   2.543132e-09   1.598076e-14   120
  1.804708e-01   1.164150e-13   0.000000e+00   1.225554e-14   48
  1.816818e-01   1.719812e-13   2.825996e-04   1.167545e-14   216
  1.831848e-01   1.515331e-13   0.000000e+00   1.871475e-14   48
  1.838570e-01   1.389178e-13   2.247832e-09   1.221820e-14   96
  1.848128e-01   1.578387e-13   3.302618e-04   1.385712e-14   168
  1.858591e-01   1.257906e-13   2.247832e-09   1.798806e-14   48
  1.865217e-01   1.651868e-13   0.000000e+00   1.648444e-14   96
  1.871820e-01   1.590059e-13   0.000000e+00   2.894626e-14   48
  1.884956e-01   1.831034e-13   2.543132e-09   1.824065e-14   30
  1.891489e-01   1.157096e-13   0.000000e+00   9.376795e-15   96
  1.899298e-01   1.421264e-13   2.595564e-04   9.628956e-15   240
  1.909339e-01   1.944538e-13   2.800239e-04   2.672998e-14   32
  1.917401e-01   1.099887e-13   0.000000e+00   8.145801e-15   168
  1.923825e-01   1.300698e-13   0.000000e+00   1.274921e-14   120
  1.936608e-01   1.021147e-13   4.738846e-09   1.145571e-14   72
  1.942968e-01   1.659267e-13   2.119276e-09   1.524526e-14   144
  1.949307e-01   1.183707e-13   0.000000e+00   1.210700e-14   96
  1.955626e-01   1.558236e-13   0.000000e+00   1.247464e-14   96
  1.968202e-01   1.510533e-13   0.000000e+00   1.823404e-14   72
  1.974460e-01   1.264032e-13   3.178914e-09   1.224917e-14   96
  1.986918e-01   1.213012e-13   0.000000e+00   2.237393e-14   24
  1.993117e-01   1.403547e-13   0.000000e+00   1.035551e-14   192
  2.000418e-01   1.321756e-13   2.376333e-04   9.744969e-15   132
  2.011601e-01   1.402283e-13   0.000000e+00   1.267590e-14   96
  2.017724e-01   1.021371e-13   0.000000e+00   1.029300e-14   96
  2.023829e-01   1.331437e-13   2.543132e-09   1.135061e-14   120
  2.035985e-01   1.391402e-13   0.000000e+00   1.911511e-14   48
  2.045948e-01   8.927611e-14   2.879924e-04   5.835069e-15   222
  2.054083e-01   1.147647e-13   0.000000e+00   1.087402e-14   120
  2.060080e-01   1.278869e-13   3.893359e-09   2.576944e-14   24
  2.068812e-01   1.326161e-13   2.972500e-04   7.012136e-15   312
  2.087838e-01   1.432528e-13   2.786838e-04   1.597089e-14   72
  2.095704e-01   9.925128e-14   3.893359e-09   1.337646e-14   96
  2.103781e-01   1.200082e-13   2.838009e-04   9.078043e-15   192
  2.113290e-01   1.112959e-13   3.596531e-09   1.129388e-14   120
  2.119120e-01   1.102890e-13   0.000000e+00   1.133036e-14   144
  2.130732e-01   9.730799e-14   0.000000e+00   1.393619e-14   48
  2.138985e-01   9.572628e-14   2.853717e-04   5.574939e-15   336
  2.148032e-01   1.075975e-13   0.000000e+00   1.472512e-14   48
  2.159488e-01   9.608916e-14   0.000000e+00   8.406613e-15   192
  2.165193e-01   1.035417e-13   0.000000e+00   1.265571e-14   48
  2.181411e-01   1.018787e-13   1.980854e-04   1.233221e-14   56
  2.189475e-01   9.842091e-14   2.544090e-04   5.445557e-15   336
  2.199115e-01   9.728435e-14   2.825702e-09   1.386692e-14   54
  2.207512e-01   8.762157e-14   2.794324e-04   5.383033e-15   240
  2.224945e-01   8.686216e-14   2.675587e-04   6.430721e-15   228
  2.232521e-01   1.027310e-13   2.997109e-09   1.312095e-14   72
  2.239875e-01   1.011800e-13   2.595385e-04   7.510934e-15   144
  2.249038e-01   8.150390e-14   0.000000e+00   7.956567e-15   96
  2.254517e-01   8.389286e-14   3.596531e-09   5.261280e-15   240
  2.265435e-01   7.522092e-14   3.178914e-09   1.445457e-14   24
  2.272424e-01   8.793571e-14   2.451321e-04   5.237007e-15   336
  2.281713e-01   8.249778e-14   0.000000e+00   9.706252e-15   72
  2.290193e-01   9.763775e-14   2.666265e-04   7.047061e-15   168
  2.297877e-01   6.378163e-14   0.000000e+00   5.641000e-15   72
  2.308590e-01   9.773311e-14   0.000000e+00   8.955812e-15   96
  2.316886e-01   8.317854e-14   2.646263e-04   5.918214e-15   216
  2.324566e-01   6.248592e-14   0.000000e+00   4.648970e-15   96
  2.335157e-01   7.574240e-14   3.178914e-09   5.096302e-15   192
  2.340434e-01   7.403341e-14   2.997109e-09   5.773064e-15   144
  2.350953e-01   7.816517e-14   0.000000e+00   1.011665e-14   48
  2.358236e-01   8.032021e-14   2.551309e-04   5.456350e-15   246
  2.368131e-01   9.786830e-14   2.352347e-04   7.576886e-15   168
  2.377046e-01   7.649195e-14   6.229375e-09   7.639364e-15   120
  2.382231e-01   6.363640e-14   0.000000e+00   4.352294e-15   240
  2.392566e-01   4.500965e-14   0.000000e+00   9.134838e-15   24
  2.400800e-01   7.223475e-14   2.517980e-04   4.510895e-15   360
  2.411056e-01   6.697345e-14   2.507265e-04   4.989032e-15   120
  2.418210e-01   7.864615e-14   0.000000e+00   6.318580e-15   144
  2.423307e-01   7.707225e-14   0.000000e+00   6.793865e-15   96
  2.438532e-01   7.328266e-14   0.000000e+00   5.885213e-15   144
  2.443586e-01   7.850804e-14   0.000000e+00   6.702553e-15   132
  2.450688e-01   7.117854e-14   2.474633e-04   5.210936e-15   176
  2.460999e-01   7.011950e-14   2.498881e-04   3.565438e-15   312
  2.473693e-01   9.890446e-14   0.000000e+00   1.504745e-14   96
  2.478675e-01   6.668784e-14   0.000000e+00   5.819212e-15   144
  2.486319e-01   6.997769e-14   2.473817e-04   3.887138e-15   312
  2.498505e-01   8.182831e-14   0.000000e+00   8.113625e-15   48
  2.503437e-01   6.095909e-14   3.178914e-09   4.548735e-15   192
  2.513274e-01   2.024612e-14   0.000000e+00   6.187430e-15   6
  2.519810e-01   5.819541e-14   2.307253e-04   3.207963e-15   288
  2.530395e-01   5.622714e-14   2.437763e-04   3.991753e-15   192
  2.537699e-01   5.356482e-14   7.476104e-09   3.428904e-15   216
  2.542556e-01   6.730069e-14   0.000000e+00   9.131068e-15   72
  2.554657e-01   5.488764e-14   2.414611e-04   4.229996e-15   192
  2.562693e-01   7.142245e-14   1.792979e-04   4.219905e-15   288
  2.571504e-01   6.127214e-14   0.000000e+00   1.183349e-14   24
  2.578312e-01   6.575116e-14   2.362101e-04   2.846318e-15   456
  2.590624e-01   4.167169e-14   0.000000e+00   6.133271e-15   48
  2.598231e-01   5.943828e-14   2.326575e-04   4.355872e-15   240
  2.606974e-01   6.661474e-14   2.351266e-04   4.247600e-15   216
  2.614326e-01   5.231097e-14   0.000000e+00   6.415572e-15   72
  2.619041e-01   5.423580e-14   8.123736e-09   4.277991e-15   168
  2.632353e-01   6.285554e-14   1.747662e-04   3.805622e-15   288
  2.639818e-01   6.134495e-14   2.312456e-04   4.209461e-15   168
  2.651809e-01   6.919180e-14   0.000000e+00   4.784091e-15   192
  2.656458e-01   5.539709e-14   2.997109e-09   3.934736e-15   144
  2.665730e-01   6.810536e-14   2.997109e-09   8.457676e-15   36
  2.673593e-01   4.599998e-14   2.111764e-04   2.351060e-15   342
  2.681111e-01   5.427494e-14   2.168525e-04   4.113164e-15   144
  2.690776e-01   5.153578e-14   2.274240e-04   2.646799e-15   384
  2.702500e-01   6.035383e-14   6.229375e-09   5.491929e-15   120
  2.708303e-01   6.045899e-14   2.027960e-04   3.748327e-15   264
  2.716161e-01   5.153991e-14   1.005261e-08   3.756035e-15   192
  2.723561e-01   5.659682e-14   2.185515e-04   4.316446e-15   152
  2.729753e-01   5.146862e-14   5.994218e-09   4.645572e-15   144
  2.742778e-01   4.298389e-14   1.414487e-04   3.145311e-15   216
  2.748807e-01   5.537290e-14   1.890132e-04   3.020243e-15   312
  2.759419e-01   4.749084e-14   2.190625e-04   2.638522e-15   240
  2.765672e-01   5.714616e-14   3.178914e-09   5.915530e-15   96
  2.777541e-01   5.153993e-14   2.094396e-04   4.153815e-15   144
  2.784857e-01   4.915593e-14   2.058607e-04   2.369226e-15   456
  2.796723e-01   3.924052e-14   0.000000e+00   2.561808e-15   120
  2.801131e-01   4.256399e-14   0.000000e+00   3.909554e-15   144
  2.809926e-01   3.177417e-14   4.495664e-09   5.243869e-15   24
  2.815564e-01   4.894455e-14   1.978798e-04   2.469447e-15   336
  2.825316e-01   4.558629e-14   2.182345e-04   3.584733e-15   198
  2.834454e-01   4.488507e-14   2.122205e-04   2.346222e-15   432
  2.844833e-01   4.659142e-14   6.357829e-09   4.731552e-15   48
  2.850248e-01   5.187719e-14   1.873540e-04   2.678540e-15   384
  2.859970e-01   4.960318e-14   2.156842e-04   4.077397e-15   144
  2.868780e-01   4.813074e-14   2.141460e-04   2.758968e-15   264
  2.879317e-01   3.847534e-14   0.000000e+00   3.697527e-15   48
  2.886387e-01   4.495440e-14   2.036179e-04   2.711485e-15   276
  2.893208e-01   3.987494e-14   1.845741e-04   3.282901e-15   192
  2.902325e-01   4.193249e-14   2.074207e-04   1.760597e-15   552
  2.913393e-01   2.932133e-14   5.086263e-09   2.566743e-15   120
  2.919972e-01   4.568779e-14   2.099609e-04   3.079843e-15   216
  2.926069e-01   4.021812e-14   5.086263e-09   3.151671e-15   120
  2.936961e-01   4.626905e-14   2.067600e-04   2.362754e-15   408
  2.947075e-01   4.268494e-14   4.495664e-09   5.714970e-15   24
  2.953347e-01   3.729070e-14   2.088648e-04   2.092187e-15   384
  2.962106e-01   3.686271e-14   2.040684e-04   2.550426e-15   240
  2.969712e-01   3.591851e-14   2.055628e-04   2.442023e-15   168
  2.980376e-01   3.213005e-14   0.000000e+00   3.107757e-15   120
  2.987251e-01   3.886456e-14   2.142884e-04   1.962423e-15   350
  2.998430e-01   3.832331e-14   3.527601e-04   2.000170e-15   384
  3.005110e-01   4.134356e-14   0.000000e+00   3.709791e-15   144
  3.017401e-01   3.272848e-14   4.238553e-09   1.899292e-15   288
  3.023819e-01   3.387215e-14   2.019242e-04   1.621325e-15   336
  3.032549e-01   4.112203e-14   1.838353e-04   3.013944e-15   168
  3.037776e-01   3.620916e-14   1.204945e-08   2.137307e-15   336
  3.048586e-01   3.239169e-14   1.908100e-04   1.986114e-15   288
  3.055078e-01   3.298141e-14   1.797918e-04   2.011874e-15   264
  3.066072e-01   3.581263e-14   0.000000e+00   2.223849e-15   240
  3.070093e-01   3.514712e-14   0.000000e+00   2.925388e-15   96
  3.084525e-01   3.803119e-14   2.445048e-04   1.926207e-15   360
  3.091260e-01   3.698121e-14   1.802420e-04   3.099998e-15   168
  3.099770e-01   3.584140e-14   1.964825e-04   1.578948e-15   456
  3.110018e-01   3.274809e-14   5.651403e-09   2.949003e-15   108
  3.115782e-01   3.433591e-14   1.971449e-04   2.471299e-15   264
  3.122973e-01   3.216299e-14   1.758853e-04   2.038068e-15   264
  3.132820e-01   3.655355e-14   1.659735e-04   2.208799e-15   312
  3.145081e-01   3.568118e-14   1.233364e-04   2.278256e-15   270
  3.150220e-01   3.268504e-14   1.565911e-04   2.243440e-15   240
  3.159458e-01   3.328742e-14   1.937229e-04   1.616842e-15   384
  3.165067e-01   2.857774e-14   6.357829e-09   1.905671e-15   192
  3.175962e-01   3.459787e-14   1.554368e-04   2.439557e-15   240
  3.182281e-01   3.226121e-14   1.918342e-04   1.720940e-15   336
  3.194167e-01   3.337082e-14   1.931178e-04   1.485922e-15   480
  3.203808e-01   3.334959e-14   4.238553e-09   3.899738e-15   72
  3.209194e-01   3.392389e-14   1.883074e-04   2.123279e-15   240
  3.216520e-01   3.013707e-14   1.769831e-04   1.756292e-15   312
  3.224917e-01   2.867291e-14   1.912763e-04   1.987386e-15   240
  3.237607e-01   3.131019e-14   1.453205e-04   1.519523e-15   408
  3.242630e-01   2.940579e-14   1.330785e-04   1.688250e-15   336
  3.252448e-01   3.089732e-14   1.689770e-04   2.203073e-15   264
  3.257273e-01   3.729556e-14   0.000000e+00   3.100648e-15   144
  3.270696e-01   3.028837e-14   2.342121e-04   1.433219e-15   464
  3.277768e-01   2.336153e-14   1.862466e-04   1.668389e-15   168
  3.284751e-01   3.727362e-14   1.696301e-04   1.970597e-15   336
  3.297371e-01   2.889733e-14   1.782296e-04   1.456099e-15   414
  3.304484e-01   3.219034e-14   1.855264e-04   2.018998e-15   216
  3.313598e-01   2.879992e-14   4.495664e-09   2.848868e-15   96
  3.317320e-01   2.835486e-14   1.101208e-08   1.277964e-15   384
  3.330355e-01   2.994722e-14   1.851680e-04   1.483247e-15   492
  3.337341e-01   2.342079e-14   1.810784e-04   1.421094e-15   240
  3.345237e-01   2.369816e-14   1.838580e-04   1.350412e-15   312
  3.356141e-01   2.900200e-14   1.837975e-04   2.288530e-15   192
  3.363048e-01   2.850176e-14   1.781220e-04   1.289810e-15   504
  3.372212e-01   2.711042e-14   1.179198e-04   1.365335e-15   408
  3.379427e-01   3.107542e-14   3.612619e-04   2.430550e-15   168
  3.388456e-01   2.456434e-14   1.716026e-04   1.569270e-15   288
  3.396033e-01   2.529807e-14   1.790820e-04   1.689688e-15   288
  3.403794e-01   2.748392e-14   1.801128e-04   1.341675e-15   432
  3.415052e-01   2.873260e-14   1.703267e-04   1.921677e-15   216
  3.421068e-01   2.650914e-14   1.699674e-04   1.257288e-15   360
  3.431777e-01   2.816776e-14   1.658865e-04   1.586865e-15   312
  3.441442e-01   2.974325e-14   0.000000e+00   4.700445e-15   48
  3.447014e-01   2.570115e-14   1.778543e-04   1.274967e-15   432
  3.456992e-01   2.403165e-14   2.966627e-04   1.120109e-15   414
  3.462885e-01   2.435174e-14   6.776666e-09   1.355762e-15   312
  3.473878e-01   2.638441e-14   2.603051e-04   1.111004e-15   528
  3.481296e-01   2.626144e-14   1.366381e-04   1.636446e-15   264
  3.490209e-01   2.373183e-14   1.620153e-04   1.171934e-15   480
  3.501854e-01   2.428065e-14   0.000000e+00   1.285542e-15   288
  3.506883e-01   2.533118e-14   1.740804e-04   2.069522e-15   168
  3.516084e-01   2.453783e-14   2.755688e-04   1.023668e-15   504
  3.526429e-01   2.645255e-14   4.238553e-09   1.884659e-15   144
  3.532937e-01   2.295069e-14   1.769812e-04   1.053469e-15   464
  3.542716e-01   2.058600e-14   2.597299e-04   9.645173e-16   432
  3.547358e-01   2.682844e-14   4.495664e-09   1.866841e-15   192
  3.559351e-01   2.175043e-14   1.925466e-04   9.693841e-16   396
  3.566434e-01   2.306332e-14   1.729600e-04   1.380142e-15   288
  3.573592e-01   2.341137e-14   1.708549e-04   1.274816e-15   336
  3.585027e-01   2.162139e-14   1.081887e-04   9.363814e-16   432
  3.592283e-01   2.315395e-14   2.804101e-04   1.136532e-15   360
  3.600431e-01   2.284776e-14   1.658667e-04   1.096659e-15   384
  3.612003e-01   1.903070e-14   1.464092e-04   1.463081e-15   198
  3.617579e-01   2.202958e-14   1.664197e-04   8.440900e-16   552
  3.627976e-01   1.816564e-14   2.329761e-04   9.553039e-16   432
  3.636656e-01   2.372340e-14   8.899106e-09   1.783932e-15   168
  3.643942e-01   2.172480e-14   2.888052e-04   9.678970e-16   480
  3.653579e-01   1.622046e-14   0.000000e+00   1.472594e-15   120
  3.657917e-01   1.994123e-14   2.358836e-04   1.199174e-15   336
  3.668502e-01   2.164593e-14   1.664122e-04   7.574239e-16   672
  3.678969e-01   2.127214e-14   2.420693e-04   9.604998e-16   528
  3.683844e-01   2.007421e-14   7.266090e-09   1.277407e-15   168
  3.695106e-01   2.078080e-14   2.700266e-04   9.102170e-16   456
  3.701979e-01   2.302603e-14   1.649075e-04   2.055399e-15   168
  3.709113e-01   2.103172e-14   1.646115e-04   1.020532e-15   504
  3.720973e-01   1.976809e-14   2.118297e-04   1.096825e-15   336
  3.728144e-01   2.231589e-14   1.527042e-04   1.229665e-15   312
  3.736099e-01   2.097056e-14   1.492023e-04   9.196021e-16   504
  3.746568e-01   1.988127e-14   1.035207e-04   8.416338e-16   432
  3.751490e-01   1.809362e-14   1.599738e-04   1.041129e-15   312
  3.761721e-01   1.889836e-14   1.639809e-04   8.666764e-16   384
  3.772403e-01   2.132816e-14   1.393208e-04   1.974763e-15   126
  3.778999e-01   1.949156e-14   2.446141e-04   9.708324e-16   492
  3.787423e-01   1.979494e-14   1.566756e-04   8.124437e-16   528
  3.797950e-01   1.858692e-14   1.591488e-04   8.034821e-16   480
  3.804477e-01   1.961422e-14   2.198632e-04   9.081634e-16   432
  3.813922e-01   2.050624e-14   1.728933e-04   9.265016e-16   440
  3.824891e-01   1.802012e-14   8.597912e-05   1.038667e-15   312
  3.829007e-01   1.973462e-14   1.288469e-04   1.076270e-15   480
  3.837450e-01   1.795435e-14   2.522797e-04   9.270270e-16   408
  3.849786e-01   1.793363e-14   1.510870e-04   8.906363e-16   360
  3.854998e-01   1.746916e-14   1.457935e-04   8.698557e-16   408
  3.864656e-01   1.752656e-14   1.483633e-04   7.927638e-16   456
  3.875531e-01   1.855300e-14   1.417988e-04   1.094192e-15   264
  3.881567e-01   1.692249e-14   1.538873e-04   9.064541e-16   384
  3.890354e-01   1.780521e-14   2.590801e-04   7.003219e-16   672
  3.900512e-01   1.707687e-14   1.549634e-04   1.115939e-15   240
  3.906373e-01   1.788041e-14   1.572490e-04   1.035186e-15   264
  3.914646e-01   1.554135e-14   1.939407e-04   6.692676e-16   624
  3.926991e-01   1.898260e-14   0.000000e+00   1.468567e-15   150
  3.931386e-01   1.804360e-14   2.173259e-04   7.918416e-16   600
  3.940655e-01   1.542528e-14   1.499928e-04   6.440987e-16   672
  3.951151e-01   1.684601e-14   1.410788e-04   9.791233e-16   336
  3.956998e-01   1.700059e-14   1.534526e-04   8.507405e-16   408
  3.966340e-01   1.576455e-14   1.530911e-04   7.765486e-16   408
  3.976732e-01   1.492422e-14   7.741108e-05   7.632171e-16   360
  3.983137e-01   1.676320e-14   2.842286e-04   7.801924e-16   456
  3.990874e-01   1.540398e-14   1.545652e-04   6.964618e-16   384
  4.000722e-01   1.841327e-14   1.426833e-04   9.206082e-16   348
  4.006044e-01   1.571620e-14   1.759003e-04   6.537653e-16   576
  4.016040e-01   1.614670e-14   1.448308e-04   7.435766e-16   504
  4.026266e-01   1.562318e-14   2.042754e-04   7.152973e-16   432
  4.035193e-01   1.430284e-14   2.779157e-04   5.681198e-16   576
  4.041559e-01   1.530879e-14   0.000000e+00   8.853991e-16   264
  4.051657e-01   1.541434e-14   2.211515e-04   5.327286e-16   768
  4.060439e-01   1.812847e-14   2.977401e-04   1.215116e-15   240
  4.067421e-01   1.452595e-14   2.625786e-04   1.109292e-15   192
  4.077592e-01   1.446374e-14   1.932899e-04   6.027200e-16   504
  4.085134e-01   1.356795e-14   2.604655e-04   5.541929e-16   590
  4.092368e-01   1.401079e-14   2.918373e-04   6.932473e-16   384
  4.101438e-01   1.465973e-14   2.438900e-04   6.578252e-16   504
  4.112389e-01   1.537418e-14   2.347064e-04   5.641019e-16   648
  4.123011e-01   1.457214e-14   6.374317e-05   6.341601e-16   504
  4.127294e-01   1.502329e-14   1.454101e-04   7.702632e-16   312
  4.134855e-01   1.301420e-14   2.095003e-04   4.933254e-16   576
  4.145236e-01   1.374124e-14   1.457924e-04   8.623840e-16   240
  4.151287e-01   1.339117e-14   1.473162e-04   5.441711e-16   552
  4.159853e-01   1.457665e-14   1.383265e-04   5.796841e-16   600
  4.172054e-01   1.348373e-14   1.689549e-04   4.913230e-16   600
  4.179389e-01   1.478594e-14   2.705679e-04   8.718246e-16   312
  4.186695e-01   1.441191e-14   2.356379e-04   6.321709e-16   480
  4.195820e-01   1.475149e-14   1.470154e-04   5.975377e-16   576
  4.203854e-01   1.405595e-14   2.367268e-04   7.115825e-16   408
  4.210983e-01   1.412552e-14   2.761527e-04   8.719691e-16   216
  4.220194e-01   1.173309e-14   2.115019e-04   5.257815e-16   516
  4.230063e-01   1.404120e-14   2.017943e-04   5.501261e-16   744
  4.240243e-01   1.300190e-14   1.347808e-04   5.990036e-16   462
  4.245995e-01   1.391329e-14   1.369852e-04   6.775704e-16   432
  4.254918e-01   1.394310e-14   1.270838e-04   4.938452e-16   648
  4.265409e-01   1.403449e-14   1.859472e-04   5.794192e-16   528
  4.273836e-01   1.190878e-14   2.239269e-04   4.969877e-16   600
  4.282256e-01   1.190149e-14   2.823132e-04   9.047423e-16   240
  4.290411e-01   1.212267e-14   2.162492e-04   4.394249e-16   720
  4.299890e-01   1.370155e-14   1.710922e-04   4.833870e-16   720
  4.310398e-01   1.114903e-14   0.000000e+00   8.203315e-16   144
  4.315927e-01   1.171579e-14   2.205891e-04   4.186378e-16   720
  4.323793e-01   1.425968e-14   1.322696e-04   7.764306e-16   384
  4.333641e-01   1.223359e-14   1.466278e-04   4.719193e-16   672
  4.342984e-01   1.231154e-14   2.567292e-04   6.448307e-16   336
  4.347447e-01   1.377312e-14   0.000000e+00   8.397921e-16   288
  4.358374e-01   1.183870e-14   2.031840e-04   4.118312e-16   776
  4.368489e-01   1.297727e-14   1.738547e-04   4.915170e-16   720
  4.376985e-01   1.240940e-14   1.400528e-04   6.410545e-16   432
  4.383780e-01   1.198840e-14   1.996629e-04   6.403491e-16   504
  4.391339e-01   1.130247e-14   1.398922e-04   5.009456e-16   528
  4.401917e-01   1.194373e-14   1.905949e-04   5.521478e-16   438
  4.410618e-01   1.079407e-14   2.218350e-04   4.346557e-16   624
  4.417176e-01   1.257561e-14   2.717180e-04   6.824372e-16   312
  4.426191e-01   1.176436e-14   1.463948e-04   4.209963e-16   696
  4.435512e-01   1.130799e-14   1.324608e-04   4.800584e-16   552
  4.445207e-01   1.049199e-14   1.024805e-04   4.290395e-16   516
  4.451205e-01   1.096430e-14   2.046970e-04   4.481082e-16   528
  4.458506e-01   1.097250e-14   1.331200e-04   5.092381e-16   528
  4.468878e-01   1.103136e-14   1.755583e-04   3.894625e-16   864
  4.475918e-01   9.851840e-15   2.404788e-04   4.590642e-16   408
  4.482965e-01   1.081197e-14   2.382549e-04   7.224190e-16   192
  4.492953e-01   1.116406e-14   1.971674e-04   4.097689e-16   720
  4.501385e-01   9.790891e-15   1.817980e-04   3.472261e-16   696
  4.511404e-01   1.098840e-14   1.963435e-04   3.947131e-16   720
  4.520570e-01   1.031570e-14   2.661201e-04   4.916781e-16   432
  4.525916e-01   9.676047e-15   1.566487e-04   5.897074e-16   264
  4.535534e-01   1.080817e-14   2.163249e-04   3.958034e-16   672
  4.544137e-01   1.058454e-14   2.214835e-04   4.202211e-16   600
  4.554346e-01   1.035113e-14   1.296784e-04   6.605767e-16   270
  4.559493e-01   1.031046e-14   1.952021e-04   4.574993e-16   528
  4.567673e-01   1.131956e-14   1.336675e-04   4.276402e-16   840
  4.578890e-01   1.055144e-14   2.555961e-04   3.653010e-16   888
  4.589254e-01   1.021623e-14   1.904380e-04   3.970698e-16   744
  4.598014e-01   1.118134e-14   9.785730e-05   5.512387e-16   456
  4.602370e-01   9.653043e-15   1.337280e-04   4.574210e-16   360
  4.609825e-01   9.933618e-15   1.158678e-04   4.657132e-16   384
  4.621264e-01   1.051184e-14   1.858509e-04   3.740743e-16   816
  4.629847e-01   1.043627e-14   2.696437e-04   3.504501e-16   824
  4.640279e-01   1.010749e-14   1.253432e-04   5.509373e-16   360
  4.645865e-01   1.144560e-14   1.849595e-04   4.675334e-16   624
  4.653553e-01   8.887105e-15   1.249856e-04   4.342139e-16   360
  4.663795e-01   1.003961e-14   1.700172e-04   3.315477e-16   876
  4.673045e-01   9.386007e-15   2.019296e-04   3.866488e-16   696
  4.682373e-01   1.053890e-14   1.303928e-04   5.652283e-16   336
  4.687264e-01   1.045221e-14   1.302463e-04   4.856600e-16   504
  4.695341e-01   9.705721e-15   1.313750e-04   3.534486e-16   672
  4.707324e-01   9.042285e-15   2.615370e-04   3.348344e-16   720
  4.715635e-01   8.840381e-15   1.975633e-04   3.505758e-16   774
  4.724808e-01   9.571068e-15   1.130801e-04   4.582817e-16   384
  4.729612e-01   9.450748e-15   2.176147e-04   4.174144e-16   528
  4.737068e-01   9.581502e-15   2.073989e-04   3.434805e-16   744
  4.749062e-01   9.685969e-15   1.710601e-04   3.439123e-16   768
  4.757025e-01   9.373873e-15   1.920278e-04   3.883623e-16   552
  4.766960e-01   8.737827e-15   2.092886e-04   3.324171e-16   696
  4.774351e-01   9.709197e-15   2.543221e-04   5.092379e-16   408
  4.780218e-01   8.983780e-15   1.098692e-04   4.045924e-16   504
  4.789519e-01   8.708175e-15   1.973758e-04   3.094579e-16   888
  4.798671e-01   8.411939e-15   2.051305e-04   3.303144e-16   648
  4.808184e-01   8.620138e-15   2.033722e-04   3.569223e-16   648
  4.817134e-01   8.882292e-15   2.192851e-04   3.124470e-16   792
  4.826614e-01   8.542375e-15   3.208291e-04   3.470381e-16   600
  4.833600e-01   8.281488e-15   2.174285e-04   3.935082e-16   456
  4.840953e-01   8.944442e-15   1.059654e-04   3.443814e-16   648
  4.850397e-01   8.233787e-15   2.066479e-04   2.617296e-16   936
  4.860593e-01   8.347473e-15   1.269084e-04   3.966780e-16   384
  4.869469e-01   1.290620e-18   0.000000e+00   8.844861e-19   198
  4.876318e-01   1.781839e-19   3.219776e-04   2.936604e-20   1224
  4.883707e-01   1.769644e-19   2.344988e-04   3.387715e-20   420
  4.892446e-01   5.110749e-20   2.269458e-04   7.725881e-21   792
  4.900991e-01   3.779579e-20   1.876648e-04   7.194142e-21   680
  4.910742e-01   2.753639e-20   1.723226e-04   4.634286e-21   600
  4.918588e-01   2.251531e-20   2.499151e-04   3.241890e-21   840
  4.929064e-01   6.270377e-21   1.179983e-04   4.125788e-22   432
  4.933067e-01   3.197124e-20   1.105800e-04   4.550488e-21   720
  4.941771e-01   1.192060e-20   2.214723e-04   1.168243e-21   960
  4.952596e-01   1.921638e-20   1.974263e-04   2.447707e-21   528
  4.960507e-01   1.369615e-20   2.018074e-04   1.829144e-21   624
  4.969923e-01   1.155676e-20   1.586192e-04   9.267190e-22   816
  4.979269e-01   1.174199e-20   2.608527e-04   1.338033e-21   696
  4.989597e-01   5.763624e-21   1.438612e-08   5.188803e-22   240
  4.993481e-01   9.895546e-21   1.538310e-04   1.081635e-21   672
  5.002149e-01   1.022124e-20   2.749181e-04   1.011034e-21   864
  5.011872e-01   6.437122e-21   2.109550e-04   7.482783e-22   816
  5.020636e-01   6.001947e-21   1.207434e-04   4.722142e-22   648
  5.030076e-01   3.739887e-20   1.234217e-04   1.025091e-20   843
  5.038089e-01   3.425268e-20   2.220660e-04   9.489444e-21   780
  5.047639e-01   5.234934e-20   1.191565e-04   1.420611e-20   216
  5.053529e-01   2.156389e-20   2.873328e-04   3.461478e-21   1056
  5.062588e-01   1.219984e-20   2.350705e-04   2.925985e-21   228
  5.070976e-01   1.870727e-20   2.926687e-04   1.941596e-21   924
  5.079587e-01   8.623446e-21   1.085637e-04   7.475202e-22   696
  5.088706e-01   1.469189e-20   1.932122e-04   1.879449e-21   996
  5.098035e-01   7.197460e-21   1.140687e-04   1.082924e-21   576
  5.107740e-01   1.000891e-20   1.760574e-04   1.371161e-21   552
  5.114815e-01   1.198962e-20   2.102064e-04   1.231444e-21   516
  5.121995e-01   9.165669e-21   3.056837e-04   9.893807e-22   744
  5.130199e-01   4.703469e-21   1.499561e-04   4.758447e-22   576
  5.137336e-01   6.255077e-21   1.543428e-04   5.278370e-22   792
  5.147477e-01   6.599873e-21   1.764424e-04   6.904873e-22   792
  5.154909e-01   8.837524e-21   1.902913e-04   8.928621e-22   720
  5.164960e-01   4.649771e-21   2.168883e-04   3.661067e-22   656
  5.174379e-01   5.781463e-21   2.368308e-04   5.299809e-22   816
  5.184034e-01   6.615412e-21   1.276952e-04   8.075609e-22   492
  5.189522e-01   5.933488e-21   1.836985e-04   4.214477e-22   552
  5.199822e-01   5.017340e-21   3.194294e-04   5.845540e-22   780
  5.206511e-01   5.896292e-21   1.962217e-04   5.838760e-22   528
  5.213718e-01   4.100572e-21   2.290504e-04   4.150797e-22   600
  5.224340e-01   5.321020e-21   1.903590e-04   3.242251e-22   900
  5.231662e-01   4.514486e-21   1.053860e-04   3.149390e-22   696
  5.241734e-01   4.751643e-21   2.664725e-04   3.537392e-22   696
  5.251479e-01   3.186500e-21   1.081054e-04   2.059250e-22   552
  5.259673e-01   4.257388e-21   1.257166e-04   3.121537e-22   708
  5.268258e-01   3.569147e-21   2.075652e-04   2.183148e-22   876
  5.277190e-01   4.428787e-21   1.102130e-04   5.649771e-22   216
  5.283184e-01   4.440576e-21   3.014475e-04   2.529117e-22   1032
  5.292161e-01   4.490794e-21   3.356286e-04   7.025178e-22   600
  5.301478e-01   2.757817e-21   1.601495e-04   1.574986e-22   600
  5.308585e-01   4.450379e-21   2.828090e-04   4.237520e-22   528
  5.316987e-01   3.746622e-21   1.552497e-04   2.632300e-22   732
  5.325837e-01   4.339582e-21   1.146378e-04   4.204804e-22   336
  5.336024e-01   3.643700e-21   1.633817e-04   1.812554e-22   912
  5.343638e-01   2.565516e-21   1.639857e-04   1.890923e-22   624
  5.351957e-01   3.271991e-21   1.381873e-04   2.438760e-22   768
  5.361666e-01   2.846231e-21   2.493171e-04   1.455117e-22   792
  5.371196e-01   3.680935e-21   1.236011e-04   3.094094e-22   660
  5.377977e-01   2.999955e-21   1.821461e-04   2.262897e-22   504
  5.384990e-01   2.705706e-21   2.975919e-04   1.552740e-22   480
  5.395501e-01   2.594346e-21   2.752337e-04   1.536456e-22   912
  5.403731e-01   2.946648e-21   3.065154e-04   3.489078e-22   432
  5.411504e-01   3.243779e-21   1.820016e-04   2.828101e-22   564
  5.418405e-01   2.512424e-21   1.742006e-04   1.116283e-22   600
  5.428119e-01   2.743296e-21   2.428192e-04   1.300388e-22   876
  5.435417e-01   3.677165e-21   1.091788e-04   3.960997e-22   264
  5.445477e-01   2.190807e-21   2.118499e-04   1.583661e-22   560
  5.453563e-01   2.491070e-21   1.439565e-04   1.347869e-22   840
  5.463378e-01   2.213306e-21   2.219395e-04   1.046791e-22   1008
  5.472454e-01   2.269386e-21   9.928084e-05   1.439840e-22   456
  5.480744e-01   2.553055e-21   1.286043e-04   1.649551e-22   576
  5.488407e-01   2.469877e-21   1.976142e-04   1.450515e-22   612
  5.498512e-01   2.430596e-21   1.765015e-04   1.199993e-22   780
  5.506755e-01   2.448635e-21   2.022627e-04   1.345346e-22   648
  5.515194e-01   1.987042e-21   9.425702e-05   1.424647e-22   312
  5.520587e-01   2.124342e-21   2.394916e-04   1.511177e-22   528
  5.529931e-01   1.585369e-21   3.127641e-04   7.086914e-23   720
  5.538866e-01   2.148513e-21   3.137436e-04   1.433215e-22   576
  5.549699e-01   2.154367e-21   2.706443e-04   1.310372e-22   444
  5.556439e-01   2.104354e-21   2.654148e-04   1.075583e-22   996
  5.564699e-01   1.743838e-21   2.217012e-04   1.402806e-22   432
  5.572506e-01   2.098814e-21   2.427192e-04   1.872056e-22   504
  5.579250e-01   1.523923e-21   1.094306e-04   7.841454e-23   504
  5.588852e-01   2.176187e-21   2.153608e-04   1.069824e-22   876
  5.597541e-01   1.687637e-21   2.478597e-04   9.674939e-23   504
  5.606589e-01   1.655933e-21   1.580720e-04   1.066941e-22   696
  5.614066e-01   1.762909e-21   1.351349e-04   9.444980e-23   492
  5.624240e-01   1.558071e-21   1.934522e-04   9.272021e-23   432
  5.631776e-01   1.812971e-21   1.811468e-04   1.123325e-22   768
  5.640708e-01   1.502407e-21   2.256427e-04   9.903102e-23   648
  5.649237e-01   1.616308e-21   1.472076e-04   1.243856e-22   456
  5.659038e-01   2.080245e-21   2.024344e-04   1.369985e-22   552
  5.665845e-01   1.522454e-21   1.387487e-04   7.495335e-23   648
  5.675213e-01   1.470665e-21   2.261525e-04   6.166948e-23   840
  5.684363e-01   1.560834e-21   1.078474e-04   9.958092e-23   432
  5.693524e-01   1.545725e-21   1.320946e-04   1.028399e-22   600
  5.699896e-01   1.505841e-21   1.407382e-04   9.943062e-23   432
  5.710598e-01   1.603596e-21   1.401185e-04   9.999410e-23   560
  5.717846e-01   1.492510e-21   2.217929e-04   7.025030e-23   840
  5.726922e-01   1.576189e-21   1.313712e-04   1.100450e-22   504
  5.734129e-01   1.558930e-21   2.681208e-04   8.851347e-23   696
  5.744289e-01   1.881925e-21   1.464380e-04   1.428111e-22   384
  5.752203e-01   1.047022e-21   2.145144e-04   4.825383e-23   576
  5.761776e-01   1.390544e-21   1.323876e-04   9.100543e-23   360
  5.769491e-01   1.553059e-21   1.971572e-04   8.239373e-23   828
  5.777814e-01   1.007735e-21   1.756051e-04   6.905535e-23   372
  5.785440e-01   1.425318e-21   2.681827e-04   8.411446e-23   576
  5.795542e-01   1.456170e-21   1.123146e-04   8.814226e-23   636
  5.802740e-01   1.414769e-21   2.165136e-04   1.002637e-22   648
  5.812477e-01   1.063193e-21   1.760019e-04   6.966388e-23   576
  5.819467e-01   1.361105e-21   2.839096e-04   1.153878e-22   528
  5.828762e-01   1.201194e-21   1.213831e-04   1.064846e-22   360
  5.836457e-01   1.220812e-21   2.792266e-04   6.511928e-23   672
  5.846504e-01   1.204462e-21   1.430245e-04   7.178599e-23   804
  5.854866e-01   1.253738e-21   1.577731e-04   8.507453e-23   408
  5.864116e-01   1.538371e-21   9.752092e-05   1.169611e-22   384
  5.870345e-01   7.836742e-22   2.231653e-04   4.554151e-23   480
  5.879130e-01   1.063215e-21   1.441975e-04   6.773281e-23   432
  5.887557e-01   1.062870e-21   2.657252e-04   4.992239e-23   648
  5.897530e-01   9.463138e-22   1.648813e-04   4.739461e-23   624
  5.904826e-01   9.637675e-22   1.499734e-04   7.167105e-23   456
  5.914788e-01   9.133503e-22   2.048770e-04   4.456582e-23   588
  5.921465e-01   9.771074e-22   1.307107e-04   4.848337e-23   600
  5.931212e-01   8.919136e-22   2.038766e-04   4.896850e-23   708
  5.938912e-01   1.115525e-21   1.284383e-04   7.681796e-23   360
  5.947420e-01   9.294620e-22   1.476433e-04   5.056377e-23   552
  5.955576e-01   8.432542e-22   1.035752e-04   6.629853e-23   288
  5.963856e-01   8.979524e-22   1.947498e-04   6.084078e-23   528
  5.971636e-01   1.011541e-21   1.313872e-04   7.088326e-23   456
  5.980328e-01   8.437235e-22   2.329780e-04   5.408081e-23   608
  5.989070e-01   7.135202e-22   1.127174e-04   4.712285e-23   504
  5.998623e-01   7.395186e-22   2.419978e-04   4.738453e-23   540
  6.006113e-01   8.383112e-22   2.597778e-04   5.865601e-23   360
  6.014188e-01   9.437399e-22   1.176407e-04   5.817725e-23   540
  6.021329e-01   7.366903e-22   1.010085e-04   3.958378e-23   576
  6.031714e-01   6.789154e-22   2.342044e-04   3.576250e-23   588
  6.041588e-01   6.904732e-22   3.231314e-04   3.970683e-23   672
  6.050070e-01   8.751932e-22   2.469721e-04   5.736997e-23   552
  6.056908e-01   1.005128e-21   2.470970e-04   1.093880e-22   144
  6.065633e-01   7.078213e-22   2.099342e-04   3.718973e-23   600
  6.073906e-01   6.836918e-22   2.630934e-04   6.715885e-23   504
  6.083088e-01   7.377793e-22   2.702501e-04   6.260483e-23   336
  6.092745e-01   7.502139e-22   3.037623e-04   4.368269e-23   600
  6.101395e-01   5.386659e-22   1.960382e-04   2.882864e-23   636
  6.110731e-01   6.700253e-22   1.576165e-04   4.869658e-23   384
  6.117276e-01   6.669672e-22   2.198564e-04   4.558112e-23   504
  6.126710e-01   4.993544e-22   9.227064e-05   4.134999e-23   240
  6.134155e-01   7.024256e-22   2.167569e-04   3.527909e-23   744
  6.143088e-01   7.291246e-22   1.480120e-04   4.779242e-23   648
  6.151027e-01   7.635580e-22   9.825476e-05   6.849846e-23   120
  6.160331e-01   6.122550e-22   1.543455e-04   3.580752e-23   564
  6.167362e-01   6.161829e-22   2.424089e-04   4.336003e-23   432
  6.176746e-01   6.780438e-22   1.881572e-04   4.997951e-23   480
  6.183811e-01   4.493079e-22   1.384885e-04   2.990261e-23   456
  6.192152e-01   5.704528e-22   2.291780e-04   4.510249e-23   444
  6.201616e-01   5.258432e-22   3.506544e-04   3.610021e-23   528
  6.209930e-01   6.497600e-22   2.604238e-04   8.708929e-23   264
  6.217998e-01   5.580608e-22   2.668956e-04   3.474911e-23   444
  6.228852e-01   5.466541e-22   2.923449e-04   2.941714e-23   696
  6.237861e-01   4.624363e-22   1.563558e-04   3.350217e-23   384
  6.244450e-01   3.557866e-22   1.975687e-04   2.172575e-23   432
  6.254698e-01   4.687005e-22   1.365107e-04   2.661109e-23   488
  6.261352e-01   5.015011e-22   2.057386e-04   3.442658e-23   480
  6.270999e-01   4.004667e-22   2.294412e-04   2.702047e-23   480
  6.278471e-01   4.273829e-22   9.626648e-05   2.796299e-23   240
  6.286954e-01   4.259735e-22   2.248709e-04   2.611190e-23   600
  6.294955e-01   2.731942e-22   1.959519e-04   2.162490e-23   288
  6.303474e-01   4.985403e-22   1.884914e-04   3.631057e-23   480
  6.312103e-01   3.562887e-22   3.352926e-04   2.621893e-23   504
  6.320598e-01   3.945463e-22   1.438614e-04   3.860427e-23   216
  6.331433e-01   3.341737e-22   2.355240e-04   2.152375e-23   504
  6.339871e-01   3.685508e-22   1.894329e-04   2.499416e-23   456
  6.349107e-01   3.732693e-22   1.086430e-04   3.086434e-23   384
  6.355225e-01   3.365028e-22   2.205061e-04   2.681345e-23   480
  6.363918e-01   3.189206e-22   1.936290e-04   2.064611e-23   504
  6.371972e-01   3.316471e-22   1.228262e-04   2.620838e-23   312
  6.380652e-01   4.357504e-22   1.979302e-04   2.394418e-23   492
  6.388334e-01   3.682975e-22   1.855135e-04   2.954091e-23   312
  6.398223e-01   2.794310e-22   3.013519e-04   1.670106e-23   576
  6.406929e-01   2.943118e-22   2.781722e-04   2.807154e-23   336
  6.414159e-01   1.709334e-22   2.141797e-04   2.895992e-23   240
  6.424183e-01   3.489712e-22   2.839481e-04   2.588426e-23   468
  6.432837e-01   1.795846e-22   1.777925e-04   2.116418e-23   192
  6.441896e-01   2.218014e-22   1.783224e-04   1.941138e-23   324
  6.448535e-01   2.305049e-22   1.294235e-04   1.576462e-23   600
  6.457583e-01   2.028322e-22   2.099764e-04   1.443605e-23   456
  6.464302e-01   1.860262e-22   9.444737e-05   1.633125e-23   336
  6.475438e-01   2.522400e-22   2.828021e-04   1.680913e-23   612
  6.483539e-01   2.938393e-22   2.373399e-04   5.734550e-23   144
  6.491201e-01   2.221835e-22   2.770366e-04   1.441288e-23   552
  6.501620e-01   1.142044e-22   1.091004e-04   1.154197e-23   264
  6.507507e-01   2.151804e-22   2.525953e-04   1.846209e-23   336
  6.516793e-01   1.791939e-22   1.669063e-04   2.052845e-23   384
  6.524847e-01   2.036379e-22   9.395175e-05   1.873345e-23   216
  6.533762e-01   1.200921e-22   1.991971e-04   1.210648e-23   344
  6.541891e-01   1.894250e-22   2.972114e-04   1.680947e-23   408
  6.551797e-01   1.277138e-22   2.283876e-04   1.442768e-23   264
  6.560575e-01   1.566618e-22   3.183837e-04   1.130762e-23   612
  6.569345e-01   1.790131e-22   1.638646e-04   1.457780e-23   408
  6.578364e-01   1.448853e-22   1.641001e-04   1.363577e-23   444
  6.584991e-01   1.845111e-22   9.177996e-05   1.906744e-23   120
  6.593870e-01   1.607089e-22   2.535712e-04   1.175333e-23   336
  6.600460e-01   5.119697e-23   8.811499e-05   4.140703e-24   288
  6.609366e-01   1.357935e-22   2.742154e-04   1.026168e-23   552
  6.621610e-01   4.927800e-23   0.000000e+00   8.535397e-24   72
  6.627906e-01   1.271783e-22   2.723657e-04   1.365927e-23   504
  6.635259e-01   7.292451e-23   8.764464e-05   1.187140e-23   216
  6.644787e-01   9.881822e-23   1.564835e-04   1.201892e-23   312
  6.653340e-01   1.030201e-22   1.781811e-04   1.572738e-23   336
  6.661492e-01   8.836269e-23   2.469789e-04   1.153500e-23   204
  6.669611e-01   7.306937e-23   2.870270e-04   6.476915e-24   504
  6.678221e-01   1.136542e-22   2.733322e-04   1.195984e-23   396
  6.686501e-01   9.958319e-23   2.506599e-04   1.106647e-23   312
  6.696540e-01   1.102045e-22   1.531800e-04   1.077304e-23   216
  6.703613e-01   4.151219e-23   8.313373e-05   7.496751e-24   168
  6.712208e-01   8.185714e-23   2.099173e-04   8.667845e-24   588
  6.722017e-01   6.939309e-23   2.849381e-04   9.099976e-24   240
  6.729637e-01   5.015299e-23   2.516481e-04   7.946389e-24   264
  6.738575e-01   4.963915e-23   3.112147e-04   1.025503e-23   288
  6.746505e-01   6.733682e-23   1.554077e-04   7.672836e-24   288
  6.756555e-01   1.885966e-23   1.459525e-04   3.406813e-24   288
  6.763322e-01   3.496744e-23   1.690738e-04   5.483115e-24   192
  6.771836e-01   1.882933e-23   1.799115e-04   2.957825e-24   264
  6.779946e-01   3.944207e-23   2.959295e-04   3.277494e-24   372
  6.788675e-01   5.398796e-23   3.196167e-04   4.877636e-24   360
  6.799329e-01   6.731058e-23   1.352648e-04   8.470714e-24   144
  6.804835e-01   1.348601e-23   1.878769e-04   1.987683e-24   296
  6.813527e-01   1.792301e-23   2.024276e-04   3.863612e-24   288
  6.823478e-01   2.062977e-23   3.025230e-04   2.509995e-24   480
  6.832061e-01   2.518733e-23   2.513677e-04   5.970798e-24   192
  6.840407e-01   2.794868e-23   2.696262e-04   4.839980e-24   192
  6.847993e-01   1.069021e-23   1.718359e-04   3.398502e-24   288
  6.858544e-01   3.456995e-23   1.495808e-04   1.007870e-23   108
  6.863859e-01   1.056222e-23   1.438036e-04   1.860749e-24   240
  6.873243e-01   8.326005e-24   2.682690e-04   1.570625e-24   384
  6.882884e-01   2.794892e-24   3.272578e-04   6.958635e-25   108
  6.891409e-01   7.751801e-24   1.918773e-04   1.367859e-24   348
  6.900373e-01   7.112740e-24   2.002507e-04   1.133190e-24   312
  6.908379e-01   7.377396e-24   1.945855e-04   1.646565e-24   96
  6.915741e-01   3.401019e-24   2.590555e-04   7.110884e-25   384
  6.923987e-01   2.662024e-29   1.781778e-04   4.812208e-30   144
  6.932053e-01   3.969378e-24   2.737780e-04   5.403781e-25   408
  6.942079e-01   5.559593e-24   1.221243e-04   1.233295e-24   144
  6.951550e-01   4.271587e-24   2.347853e-04   8.818608e-25   192
  6.957167e-01   4.388249e-24   2.642552e-04   9.753852e-25   144
  6.966323e-01   1.999945e-29   2.148492e-04   2.450162e-30   144
  6.974962e-01   2.324503e-25   2.625805e-04   5.452846e-26   336
  6.985541e-01   2.300668e-25   1.942763e-04   6.069984e-26   240
  6.992249e-01   3.373323e-29   8.821915e-05   5.183171e-30   96
  7.001605e-01   5.996385e-29   2.587043e-04   7.075685e-30   372
  7.011070e-01   3.228767e-29   3.077232e-04   5.018047e-30   132
  7.019384e-01   1.508895e-29   1.904154e-04   1.030982e-30   264
  7.026821e-01   5.819686e-29   1.462304e-04   1.291886e-29   168
  7.034759e-01   3.346711e-29   2.337943e-04   3.362282e-30   216
  7.041771e-01   2.447787e-29   1.430383e-04   2.870379e-30   216
  7.051983e-01   1.574759e-29   2.624157e-04   1.626752e-30   96
  7.061249e-01   3.053922e-29   1.712023e-04   3.317588e-30   120
  7.069747e-01   1.773040e-29   2.176463e-04   1.330585e-30   216
  7.076747e-01   1.586475e-29   9.511215e-05   1.299157e-30   200
  7.086015e-01   3.532423e-29   2.462045e-04   5.051345e-30   288
  7.097902e-01   1.366437e-29   6.478119e-05   1.385690e-30   144
  7.102908e-01   2.737395e-29   2.015951e-04   4.222352e-30   168
  7.113130e-01   3.536136e-29   2.268765e-04   5.353386e-30   159
  7.121109e-01   1.284650e-29   2.380480e-04   1.194174e-30   174
  7.128831e-01   1.783259e-29   2.158536e-04   1.993135e-30   144
  7.138943e-01   2.563629e-29   1.246398e-04   2.990842e-30   222
  7.145705e-01   1.733167e-29   1.257726e-04   2.241241e-30   168
  7.157386e-01   3.283782e-29   2.758677e-04   1.005424e-29   30
  7.162211e-01   7.932788e-30   2.435709e-04   1.036489e-30   72
  7.171298e-01   2.024922e-29   2.173841e-04   3.367107e-30   258
  7.181290e-01   1.728065e-29   1.361533e-04   1.447544e-30   264
  7.186286e-01   1.247989e-29   1.468278e-08   1.724389e-30   72
  7.196697e-01   1.493821e-29   2.698616e-04   2.346976e-30   174
  7.206123e-01   1.574555e-29   2.873527e-04   1.831439e-30   168
  7.213701e-01   1.046861e-29   8.991328e-09   2.728161e-30   48
  7.221837e-01   1.409515e-29   1.622748e-04   2.158865e-30   150
  7.231270e-01   1.695419e-29   2.985162e-04   1.534911e-30   168
  7.240729e-01   1.087081e-29   1.818422e-04   1.046872e-30   144
  7.249427e-01   2.748413e-29   1.698820e-04   4.734259e-30   102
  7.255906e-01   1.224569e-29   2.514545e-04   1.777258e-30   96
  7.266185e-01   7.055825e-30   2.495518e-04   8.461489e-31   120
  7.273797e-01   8.217105e-30   2.676508e-04   6.142816e-31   168
  7.282031e-01   1.790129e-29   1.976389e-04   2.056242e-30   126
  7.289046e-01   1.484826e-29   1.490593e-04   1.811453e-30   168
  7.298711e-01   6.661304e-30   2.390167e-04   7.694338e-31   72
  7.307158e-01   9.998351e-30   2.993022e-04   8.982822e-31   168
  7.314557e-01   1.104741e-29   8.205344e-05   1.837520e-30   78
  7.324696e-01   8.874510e-30   1.347256e-04   1.317398e-30   60
  7.332860e-01   1.653461e-29   2.185468e-04   2.413393e-30   96
  7.341327e-01   9.643688e-30   2.651884e-04   1.024220e-30   168
  7.349284e-01   7.692007e-30   1.678009e-04   1.381946e-30   86
  7.357634e-01   3.913755e-30   1.499742e-04   4.700414e-31   120
  7.369601e-01   6.405196e-30   1.069515e-04   5.881172e-31   168
  7.376055e-01   8.060538e-30   0.000000e+00   8.606133e-31   48
  7.384747e-01   1.770629e-29   1.948541e-04   3.091618e-30   120
  7.389742e-01   8.572101e-30   1.421539e-04   1.200670e-30   126
  7.401935e-01   9.141404e-30   2.500091e-04   8.310534e-31   96
  7.409848e-01   9.617227e-30   7.209028e-05   1.159965e-30   96
  7.416089e-01   8.894819e-30   8.477105e-09   1.785504e-30   72
  7.429385e-01   7.119909e-30   8.991328e-09   1.741827e-30   24
  7.437683e-01   5.647922e-30   1.483601e-04   8.010404e-31   120
  7.444157e-01   1.210519e-29   2.164118e-04   1.585482e-30   126
  7.451355e-01   2.936228e-30   1.804085e-04   3.913030e-31   96
  7.459766e-01   5.014676e-30   3.117986e-04   8.392765e-31   72
  7.469132e-01   6.186022e-30   1.348634e-04   5.536317e-31   144
  7.476836e-01   9.249527e-30   7.778603e-05   9.880025e-31   72
  7.484533e-01   9.854563e-30   1.553665e-04   3.065467e-30   54
  7.491306e-01   9.161245e-30   1.369149e-04   1.150831e-30   108
  7.505382e-01   8.145507e-30   1.342120e-04   9.585417e-31   72
  7.509765e-01   1.072381e-29   7.744493e-05   1.485515e-30   72
  7.520162e-01   4.172986e-30   1.557344e-08   1.085699e-30   24
  7.529998e-01   1.812652e-30   1.638381e-04   1.811505e-31   48
  7.535971e-01   4.402824e-30   1.248023e-04   6.626997e-31   102
  7.544963e-01   5.007785e-30   2.822510e-04   7.384979e-31   168
  7.556711e-01   3.586409e-30   1.539331e-04   4.590452e-31   72
  7.561064e-01   4.688120e-30   0.000000e+00   6.202526e-31   48
  7.570195e-01   5.319335e-30   2.647743e-04   5.435295e-31   120
  7.582245e-01   5.269068e-30   1.627091e-04   6.289036e-31   96
  7.593627e-01   8.224713e-30   1.438612e-08   2.259100e-30   30
  7.607153e-01   8.973405e-30   7.644796e-05   1.358276e-30   72
  7.613097e-01   8.936451e-30   8.991328e-09   3.147578e-30   24
  7.620733e-01   1.958663e-30   1.133148e-04   1.671284e-31   56
  7.629285e-01   1.725944e-30   1.617059e-04   1.897425e-31   96
  7.639519e-01   2.827967e-30   1.785629e-04   2.872190e-31   144
  7.647411e-01   4.368268e-30   1.013810e-04   1.553504e-30   54
  7.658874e-01   5.035457e-30   1.518795e-04   5.839502e-31   108
  7.670409e-01   9.758192e-30   8.041947e-05   1.174798e-30   48
  7.681392e-01   3.919748e-30   3.028050e-04   5.259727e-31   72
  7.707744e-01   5.098118e-30   2.000642e-04   8.394194e-31   78
  7.715046e-01   1.055832e-30   1.507735e-04   1.554153e-31   72
  7.723570e-01   1.576191e-30   1.505863e-04   2.034119e-31   72
  7.732482e-01   2.643753e-30   3.633813e-04   4.044881e-31   96
  7.739527e-01   2.446133e-30   1.502759e-04   3.630225e-31   72
  7.748024e-01   8.836054e-31   0.000000e+00   1.624923e-31   24
  7.756510e-01   4.160847e-30   2.998733e-04   4.531411e-31   72
  7.775680e-01   3.996031e-30   1.904287e-04   9.626607e-31   30
  7.779804e-01   2.649332e-30   0.000000e+00   5.994934e-31   24
  7.801973e-01   9.106826e-31   1.581267e-04   9.879788e-32   48
  7.808927e-01   2.332847e-30   3.402886e-04   6.200808e-31   120
  7.818296e-01   1.688484e-30   1.487821e-04   2.323417e-31   72
  7.827758e-01   2.548135e-30   1.486022e-04   4.430494e-31   36
  7.834261e-01   2.118096e-30   2.937071e-04   2.659506e-31   78
  7.852411e-01   5.377279e-30   1.571111e-04   6.338202e-31   48
  7.875942e-01   3.624053e-30   1.271566e-08   6.695972e-31   24
  7.892707e-01   4.832294e-31   1.094089e-04   6.626713e-32   56
  7.901149e-01   7.800007e-31   1.683597e-04   9.678704e-32   102
  7.911888e-01   1.463544e-30   1.198844e-08   2.086676e-31   72
  7.918122e-01   7.784860e-31   8.991328e-09   1.471558e-31   24
  7.929021e-01   2.302533e-30   1.555930e-04   4.437217e-31   48
  7.949223e-01   5.318691e-30   0.000000e+00   7.214289e-31   24
  7.974016e-01   3.103438e-30   0.000000e+00   8.824092e-31   6
  7.981748e-01   2.981446e-31   0.000000e+00   6.347302e-32   24
  7.986898e-01   4.505792e-31   1.456409e-04   4.068822e-32   72
  7.996307e-01   5.824385e-31   2.717068e-04   6.995876e-32   84
  8.006440e-01   1.786608e-30   0.000000e+00   3.484385e-31   24
  8.009521e-01   1.518403e-30   1.271566e-08   4.809373e-31   24
  8.024909e-01   1.347238e-30   1.557344e-08   3.442121e-31   24
  8.046403e-01   6.414290e-30   0.000000e+00   1.237802e-30   6
  8.073954e-01   1.850874e-31   1.528000e-04   3.184486e-32   48
  8.080572e-01   3.081987e-31   2.878503e-04   3.019223e-32   72
  8.089220e-01   4.068508e-31   1.525117e-04   6.385266e-32   48
  8.102934e-01   1.033148e-30   0.000000e+00   2.802315e-31   24
  8.121184e-01   8.216152e-31   0.000000e+00   2.297166e-31   6
  8.162097e-01   1.006919e-31   0.000000e+00   2.602006e-32   8
  8.165120e-01   1.014309e-31   8.991328e-09   1.595076e-32   48
  8.172369e-01   2.861256e-31   1.479045e-04   3.253466e-32   60
  8.183231e-01   5.231362e-31   0.000000e+00   1.603043e-31   24
  8.198293e-01   2.370561e-30   0.000000e+00   1.260443e-30   6
  8.253784e-01   3.443899e-32   0.000000e+00   4.478429e-33   24
  8.258266e-01   6.902935e-32   1.493898e-04   1.063633e-32   48
  8.265733e-01   2.214530e-31   0.000000e+00   3.092559e-32   24
  8.277664e-01   4.464790e-31   0.000000e+00   2.042766e-31   6
  8.345448e-01   3.030009e-32   1.393664e-04   7.107895e-33   36
  8.350375e-01   9.031835e-32   0.000000e+00   2.321304e-32   24
  8.359234e-01   1.015349e-31   0.000000e+00   1.627984e-32   6
  8.436361e-01   8.468954e-33   1.266552e-04   1.789571e-33   32
  8.442939e-01   8.032946e-32   0.000000e+00   3.734352e-32   6
  8.525822e-01   2.745184e-37   0.000000e+00   6.317189e-38   12
  8.528715e-01   2.116216e-32   0.000000e+00   8.008466e-33   6
  8.616502e-01   2.456815e-37   0.000000e+00   1.023893e-37   6
