# power spectrum of zeta
# redshift z=9.973151
# k              Pk             sigma(k)       sigma(Pk)      count
  1.570796e-02   1.668441e-15   0.000000e+00   7.250956e-16   6
  2.221441e-02   1.159089e-15   0.000000e+00   2.354518e-16   12
  2.720699e-02   6.556657e-16   2.980232e-10   1.213135e-16   8
  3.141593e-02   1.457202e-15   0.000000e+00   2.245368e-16   6
  3.512407e-02   2.254387e-15   5.619580e-10   5.474047e-16   24
  3.847649e-02   1.052151e-15   5.619580e-10   2.070727e-16   24
  4.442883e-02   9.642530e-16   0.000000e+00   2.549782e-16   12
  4.712389e-02   3.034011e-15   6.357829e-10   1.592988e-15   30
  4.967294e-02   2.618311e-15   0.000000e+00   3.384599e-16   24
  5.209742e-02   1.484945e-15   9.733398e-10   1.784942e-16   24
  5.441398e-02   2.286285e-16   5.960464e-10   1.083213e-16   8
  5.663587e-02   1.071415e-15   7.947286e-10   1.778198e-16   24
  5.877382e-02   8.773582e-16   0.000000e+00   1.074169e-16   48
  6.283185e-02   1.982433e-16   0.000000e+00   6.328732e-17   6
  6.476559e-02   5.561211e-15   7.947286e-10   1.114411e-15   48
  6.664324e-02   3.335501e-15   7.492773e-10   9.228895e-16   36
  6.846942e-02   6.054112e-16   7.947286e-10   1.387545e-16   24
  7.024815e-02   2.986890e-15   1.123916e-09   3.444723e-16   24
  7.198293e-02   1.669577e-15   0.000000e+00   4.480308e-16   48
  7.367688e-02   5.942345e-16   1.123916e-09   1.198504e-16   24
  7.695299e-02   8.227623e-16   1.123916e-09   1.921507e-16   24
  7.853982e-02   1.168176e-14   0.000000e+00   7.602738e-15   30
  8.009521e-02   3.693363e-15   0.000000e+00   6.263386e-16   72
  8.162097e-02   2.390148e-15   1.192093e-09   2.843216e-16   32
  8.458997e-02   1.071954e-15   0.000000e+00   1.946338e-16   72
  8.603606e-02   2.318735e-15   0.000000e+00   4.391245e-16   48
  8.885766e-02   4.135202e-16   0.000000e+00   9.117439e-17   12
  9.023538e-02   6.838722e-16   0.000000e+00   1.107922e-16   48
  9.159238e-02   5.553883e-16   0.000000e+00   1.381988e-16   48
  9.292956e-02   9.484092e-16   1.123916e-09   2.219922e-16   48
  9.424778e-02   2.019160e-15   1.271566e-09   1.021031e-15   30
  9.554781e-02   2.485047e-14   0.000000e+00   5.964636e-15   24
  9.683039e-02   2.019048e-15   2.369423e-09   3.220884e-16   72
  9.934588e-02   3.569813e-15   0.000000e+00   5.044900e-16   24
  1.005800e-01   1.313997e-15   0.000000e+00   1.510029e-16   96
  1.017992e-01   5.043251e-16   0.000000e+00   8.106996e-17   48
  1.030040e-01   3.420236e-16   1.946680e-09   4.788731e-17   24
  1.041948e-01   7.150679e-16   1.946680e-09   9.220339e-17   24
  1.053722e-01   8.598378e-16   0.000000e+00   1.349426e-16   72
  1.065366e-01   8.889578e-16   0.000000e+00   1.469652e-16   48
  1.088280e-01   2.372352e-16   1.192093e-09   5.408190e-17   8
  1.099557e-01   1.665844e-14   1.412851e-09   1.108690e-14   54
  1.110721e-01   7.587553e-15   0.000000e+00   1.482441e-15   84
  1.121773e-01   4.186276e-15   0.000000e+00   6.470848e-16   48
  1.132717e-01   3.138848e-16   1.589457e-09   6.181419e-17   24
  1.143557e-01   2.289475e-15   2.119276e-09   4.337212e-16   72
  1.154295e-01   2.937979e-15   0.000000e+00   5.239455e-16   96
  1.175476e-01   3.706427e-16   0.000000e+00   5.870274e-17   48
  1.185925e-01   1.024720e-15   0.000000e+00   2.474333e-16   48
  1.196283e-01   2.081041e-15   0.000000e+00   8.194111e-16   24
  1.206552e-01   1.147857e-15   0.000000e+00   2.165684e-16   72
  1.226831e-01   4.107350e-16   0.000000e+00   6.136177e-17   72
  1.236846e-01   8.267540e-16   0.000000e+00   1.197629e-16   96
  1.256637e-01   1.565971e-15   0.000000e+00   8.076648e-16   6
  1.266416e-01   1.799505e-14   0.000000e+00   4.371134e-15   96
  1.276121e-01   7.396543e-15   1.589457e-09   2.309622e-15   96
  1.285752e-01   5.754513e-16   0.000000e+00   6.595696e-17   24
  1.295312e-01   7.835790e-15   1.589457e-09   1.535324e-15   48
  1.304801e-01   4.191503e-15   0.000000e+00   1.158246e-15   96
  1.314222e-01   2.359658e-16   0.000000e+00   3.233410e-17   48
  1.332865e-01   2.683525e-15   1.498555e-09   6.713767e-16   36
  1.342089e-01   7.540182e-16   2.753021e-09   1.517220e-16   48
  1.351250e-01   1.025854e-15   3.114687e-09   1.406796e-16   120
  1.360350e-01   3.532456e-16   0.000000e+00   4.606612e-17   56
  1.369388e-01   2.424857e-16   1.589457e-09   3.473435e-17   24
  1.378368e-01   6.764580e-16   0.000000e+00   9.479437e-17   96
  1.387290e-01   3.188646e-16   0.000000e+00   4.476775e-17   48
  1.404963e-01   1.062772e-15   2.247832e-09   2.700006e-16   24
  1.413717e-01   1.648025e-14   0.000000e+00   1.107297e-14   102
  1.422417e-01   2.490919e-14   1.589457e-09   4.309625e-15   48
  1.431064e-01   4.999640e-15   0.000000e+00   8.642191e-16   72
  1.439659e-01   5.012512e-16   0.000000e+00   6.854962e-17   48
  1.448203e-01   5.383742e-15   0.000000e+00   1.217977e-15   48
  1.456697e-01   4.016045e-15   3.596531e-09   7.798688e-16   120
  1.473538e-01   3.870814e-16   2.247832e-09   8.671318e-17   24
  1.481886e-01   8.788754e-16   2.119276e-09   1.725825e-16   144
  1.490188e-01   8.700375e-16   2.543132e-09   2.618047e-16   120
  1.498444e-01   3.057624e-15   2.247832e-09   6.123128e-16   48
  1.514821e-01   4.516281e-16   2.247832e-09   6.553458e-17   48
  1.522944e-01   1.050314e-15   2.247832e-09   1.962033e-16   96
  1.544390e-01   6.829766e-16   3.768959e-04   1.509434e-16   72
  1.555009e-01   7.558752e-16   1.998073e-09   9.625053e-17   108
  1.562923e-01   5.059608e-16   0.000000e+00   7.015331e-17   72
  1.570796e-01   8.516256e-15   0.000000e+00   5.136403e-15   30
  1.578631e-01   1.351429e-14   0.000000e+00   4.083336e-15   168
  1.586427e-01   9.504567e-15   0.000000e+00   1.630831e-15   48
  1.601904e-01   3.815582e-15   0.000000e+00   9.277084e-16   72
  1.609587e-01   3.502156e-15   0.000000e+00   5.222056e-16   96
  1.617234e-01   5.980859e-16   4.238553e-09   8.213930e-17   72
  1.624844e-01   4.658748e-16   0.000000e+00   7.053263e-17   72
  1.637639e-01   2.012156e-15   3.480039e-04   3.674270e-16   104
  1.647465e-01   1.002115e-15   2.997109e-09   1.689555e-16   144
  1.669779e-01   1.049036e-15   5.026305e-09   1.831292e-16   96
  1.677152e-01   2.978804e-16   0.000000e+00   3.339418e-17   96
  1.688876e-01   5.355125e-16   3.580185e-04   5.193470e-17   120
  1.699076e-01   5.575778e-16   0.000000e+00   6.159277e-17   120
  1.706322e-01   6.242436e-16   0.000000e+00   1.169415e-16   72
  1.720721e-01   8.840972e-16   0.000000e+00   1.052346e-16   48
  1.727876e-01   3.825544e-14   3.912510e-09   2.635822e-14   78
  1.737029e-01   1.543939e-14   3.205713e-04   2.512049e-15   168
  1.756204e-01   3.718525e-15   3.670694e-09   8.004300e-16   144
  1.763215e-01   5.695969e-15   2.997109e-09   1.082379e-15   144
  1.783549e-01   1.049569e-15   1.846233e-04   2.276700e-16   156
  1.790983e-01   3.309727e-15   3.893359e-09   1.289359e-15   48
  1.797859e-01   2.109805e-15   2.543132e-09   4.596235e-16   120
  1.804708e-01   3.282897e-16   0.000000e+00   3.224341e-17   48
  1.816818e-01   9.536137e-16   2.825996e-04   1.430678e-16   216
  1.831848e-01   4.143285e-16   0.000000e+00   3.468091e-17   48
  1.838570e-01   6.723291e-16   2.247832e-09   1.067345e-16   96
  1.848128e-01   1.012005e-15   3.302618e-04   1.287980e-16   168
  1.858591e-01   3.855185e-16   2.247832e-09   6.437464e-17   48
  1.865217e-01   6.976920e-16   0.000000e+00   8.393835e-17   96
  1.871820e-01   3.862772e-16   0.000000e+00   6.430481e-17   48
  1.884956e-01   1.283751e-15   2.543132e-09   5.879421e-16   30
  1.891489e-01   4.725932e-14   0.000000e+00   1.162130e-14   96
  1.899298e-01   7.846715e-15   2.595564e-04   2.411287e-15   240
  1.909339e-01   3.083249e-14   2.800239e-04   5.230197e-15   32
  1.917401e-01   5.868826e-15   0.000000e+00   1.636555e-15   168
  1.923825e-01   4.780883e-16   0.000000e+00   4.809039e-17   120
  1.936608e-01   3.189248e-15   4.738846e-09   9.387071e-16   72
  1.942968e-01   9.017536e-16   2.119276e-09   1.334947e-16   144
  1.949307e-01   2.167994e-15   0.000000e+00   4.207399e-16   96
  1.955626e-01   4.292655e-16   0.000000e+00   6.194900e-17   96
  1.968202e-01   1.957871e-15   0.000000e+00   3.229776e-16   72
  1.974460e-01   5.164061e-16   3.178914e-09   8.290596e-17   96
  1.986918e-01   2.535364e-15   0.000000e+00   4.876973e-16   24
  1.993117e-01   7.533031e-16   0.000000e+00   6.760698e-17   192
  2.000418e-01   4.171766e-16   2.376333e-04   5.272041e-17   132
  2.011601e-01   8.514039e-16   0.000000e+00   1.013243e-16   96
  2.017724e-01   3.003561e-16   0.000000e+00   3.678566e-17   96
  2.023829e-01   4.138267e-16   2.543132e-09   3.332621e-17   120
  2.035985e-01   3.653299e-16   0.000000e+00   4.960267e-17   48
  2.045948e-01   2.919922e-14   2.879924e-04   1.177643e-14   222
  2.054083e-01   6.716301e-15   0.000000e+00   1.263004e-15   120
  2.060080e-01   3.327047e-16   3.893359e-09   6.149027e-17   24
  2.068812e-01   5.617721e-15   2.972500e-04   8.439262e-16   312
  2.087838e-01   3.134900e-15   2.786838e-04   8.220483e-16   72
  2.095704e-01   2.320546e-15   3.893359e-09   6.706358e-16   96
  2.103781e-01   1.871897e-15   2.838009e-04   3.962772e-16   192
  2.113290e-01   4.829314e-16   3.596531e-09   4.678430e-17   120
  2.119120e-01   1.517115e-15   0.000000e+00   2.443752e-16   144
  2.130732e-01   7.905005e-16   0.000000e+00   1.216413e-16   48
  2.138985e-01   8.478807e-16   2.853717e-04   8.668748e-17   336
  2.148032e-01   9.156908e-16   0.000000e+00   1.444992e-16   48
  2.159488e-01   6.555575e-16   0.000000e+00   8.305576e-17   192
  2.165193e-01   3.521785e-16   0.000000e+00   3.529346e-17   48
  2.181411e-01   4.050240e-16   1.980854e-04   5.750598e-17   56
  2.189475e-01   6.637229e-16   2.544090e-04   5.309801e-17   336
  2.199115e-01   8.286862e-15   2.825702e-09   4.999437e-15   54
  2.207512e-01   2.317080e-14   2.794324e-04   6.042139e-15   240
  2.224945e-01   5.562311e-15   2.675587e-04   7.832806e-16   228
  2.232521e-01   4.784148e-16   2.997109e-09   5.336359e-17   72
  2.239875e-01   9.641346e-16   2.595385e-04   1.239357e-16   144
  2.249038e-01   3.513970e-15   0.000000e+00   8.499646e-16   96
  2.254517e-01   1.114632e-15   3.596531e-09   1.874035e-16   240
  2.265435e-01   6.098310e-16   3.178914e-09   1.102479e-16   24
  2.272424e-01   8.870656e-16   2.451321e-04   1.131795e-16   336
  2.281713e-01   2.714420e-16   0.000000e+00   4.550186e-17   72
  2.290193e-01   1.025319e-15   2.666265e-04   9.009672e-17   168
  2.297877e-01   1.353448e-15   0.000000e+00   3.321505e-16   72
  2.308590e-01   1.234765e-15   0.000000e+00   1.537588e-16   96
  2.316886e-01   4.098641e-16   2.646263e-04   2.999012e-17   216
  2.324566e-01   3.596678e-16   0.000000e+00   3.151561e-17   96
  2.335157e-01   7.022330e-16   3.178914e-09   7.126388e-17   192
  2.340434e-01   6.060834e-16   2.997109e-09   6.332445e-17   144
  2.350953e-01   4.345747e-16   0.000000e+00   6.720312e-17   48
  2.358236e-01   3.856086e-14   2.551309e-04   1.627930e-14   246
  2.368131e-01   7.485804e-15   2.352347e-04   1.424026e-15   168
  2.377046e-01   6.557380e-15   6.229375e-09   1.638066e-15   120
  2.382231e-01   6.310629e-15   0.000000e+00   1.310189e-15   240
  2.392566e-01   5.680940e-16   0.000000e+00   1.128651e-16   24
  2.400800e-01   1.705276e-15   2.517980e-04   3.640449e-16   360
  2.411056e-01   3.453074e-15   2.507265e-04   7.394726e-16   120
  2.418210e-01   5.175103e-16   0.000000e+00   5.151035e-17   144
  2.423307e-01   2.483180e-15   0.000000e+00   4.981022e-16   96
  2.438532e-01   1.004872e-15   0.000000e+00   1.589550e-16   144
  2.443586e-01   1.424252e-15   0.000000e+00   2.084939e-16   132
  2.450688e-01   5.913629e-16   2.474633e-04   6.773195e-17   176
  2.460999e-01   6.345417e-16   2.498881e-04   4.993537e-17   312
  2.473693e-01   6.675458e-16   0.000000e+00   9.207812e-17   96
  2.478675e-01   4.512075e-16   0.000000e+00   3.554232e-17   144
  2.486319e-01   8.259991e-16   2.473817e-04   7.689734e-17   312
  2.498505e-01   4.933604e-16   0.000000e+00   5.279518e-17   48
  2.503437e-01   6.139328e-16   3.178914e-09   6.889615e-17   192
  2.513274e-01   8.876584e-15   0.000000e+00   4.748426e-15   6
  2.519810e-01   3.752251e-14   2.307253e-04   7.670283e-15   288
  2.530395e-01   8.683596e-15   2.437763e-04   1.948712e-15   192
  2.537699e-01   7.580853e-15   7.476104e-09   2.176765e-15   216
  2.542556e-01   6.354830e-16   0.000000e+00   1.057829e-16   72
  2.554657e-01   2.753800e-15   2.414611e-04   5.909679e-16   192
  2.562693e-01   1.611633e-15   1.792979e-04   2.809470e-16   288
  2.571504e-01   3.389986e-16   0.000000e+00   5.035366e-17   24
  2.578312e-01   8.290181e-16   2.362101e-04   9.418303e-17   456
  2.590624e-01   2.059303e-15   0.000000e+00   4.713258e-16   48
  2.598231e-01   1.166636e-15   2.326575e-04   1.131289e-16   240
  2.606974e-01   7.747273e-16   2.351266e-04   6.478901e-17   216
  2.614326e-01   5.153746e-16   0.000000e+00   5.804236e-17   72
  2.619041e-01   4.131334e-16   8.123736e-09   3.547937e-17   168
  2.632353e-01   7.348572e-16   1.747662e-04   7.107332e-17   288
  2.639818e-01   6.512248e-16   2.312456e-04   5.500875e-17   168
  2.651809e-01   6.411892e-16   0.000000e+00   4.751674e-17   192
  2.656458e-01   4.106214e-16   2.997109e-09   3.172721e-17   144
  2.665730e-01   7.566689e-16   2.997109e-09   1.047156e-16   36
  2.673593e-01   2.882730e-14   2.111764e-04   1.188517e-14   342
  2.681111e-01   8.783100e-15   2.168525e-04   1.696799e-15   144
  2.690776e-01   6.871528e-15   2.274240e-04   1.042778e-15   384
  2.702500e-01   7.617115e-16   6.229375e-09   8.185612e-17   120
  2.708303e-01   2.341064e-15   2.027960e-04   4.863458e-16   264
  2.716161e-01   2.753248e-15   1.005261e-08   5.580392e-16   192
  2.723561e-01   3.872252e-16   2.185515e-04   3.397878e-17   152
  2.729753e-01   2.202409e-15   5.994218e-09   3.528182e-16   144
  2.742778e-01   7.484787e-16   1.414487e-04   1.107493e-16   216
  2.748807e-01   1.242090e-15   1.890132e-04   1.197424e-16   312
  2.759419e-01   7.868378e-16   2.190625e-04   7.705478e-17   240
  2.765672e-01   5.009453e-16   3.178914e-09   4.301317e-17   96
  2.777541e-01   3.748169e-16   2.094396e-04   2.982617e-17   144
  2.784857e-01   6.293349e-16   2.058607e-04   4.560355e-17   456
  2.796723e-01   3.570526e-16   0.000000e+00   2.743837e-17   120
  2.801131e-01   6.555149e-16   0.000000e+00   7.235009e-17   144
  2.809926e-01   5.122980e-16   4.495664e-09   1.069995e-16   24
  2.815564e-01   4.402736e-16   1.978798e-04   2.405907e-17   336
  2.825316e-01   3.900544e-15   2.182345e-04   2.144722e-15   198
  2.834454e-01   1.856162e-14   2.122205e-04   4.847104e-15   432
  2.844833e-01   1.669700e-14   6.357829e-09   3.734144e-15   48
  2.850248e-01   2.984451e-15   1.873540e-04   4.312507e-16   384
  2.859970e-01   1.098310e-15   2.156842e-04   1.682360e-16   144
  2.868780e-01   2.957652e-15   2.141460e-04   4.937061e-16   264
  2.879317e-01   4.616124e-16   0.000000e+00   5.601899e-17   48
  2.886387e-01   1.277825e-15   2.036179e-04   2.034425e-16   276
  2.893208e-01   6.285233e-16   1.845741e-04   6.438445e-17   192
  2.902325e-01   7.475806e-16   2.074207e-04   6.815008e-17   552
  2.913393e-01   9.547222e-16   5.086263e-09   1.264355e-16   120
  2.919972e-01   4.154719e-16   2.099609e-04   2.526413e-17   216
  2.926069e-01   4.261636e-16   5.086263e-09   3.559791e-17   120
  2.936961e-01   7.679094e-16   2.067600e-04   5.282535e-17   408
  2.947075e-01   3.194000e-16   4.495664e-09   3.495957e-17   24
  2.953347e-01   5.071367e-16   2.088648e-04   3.951429e-17   384
  2.962106e-01   4.406074e-16   2.040684e-04   2.690324e-17   240
  2.969712e-01   4.120668e-16   2.055628e-04   2.812066e-17   168
  2.980376e-01   3.793299e-16   0.000000e+00   3.228944e-17   120
  2.987251e-01   3.575455e-14   2.142884e-04   1.557461e-14   350
  2.998430e-01   6.865526e-15   3.527601e-04   1.061911e-15   384
  3.005110e-01   1.294698e-14   0.000000e+00   2.560430e-15   144
  3.017401e-01   1.121253e-15   4.238553e-09   2.441175e-16   288
  3.023819e-01   2.854098e-15   2.019242e-04   5.694191e-16   336
  3.032549e-01   4.867541e-16   1.838353e-04   4.152341e-17   168
  3.037776e-01   1.326592e-15   1.204945e-08   2.012668e-16   336
  3.048586e-01   6.610456e-16   1.908100e-04   7.472620e-17   288
  3.055078e-01   1.310507e-15   1.797918e-04   1.551265e-16   264
  3.066072e-01   6.566820e-16   0.000000e+00   5.531659e-17   240
  3.070093e-01   4.528252e-16   0.000000e+00   5.730772e-17   96
  3.084525e-01   7.214771e-16   2.445048e-04   6.655734e-17   360
  3.091260e-01   7.529064e-16   1.802420e-04   5.601537e-17   168
  3.099770e-01   5.358550e-16   1.964825e-04   3.746830e-17   456
  3.110018e-01   4.246162e-16   5.651403e-09   3.983981e-17   108
  3.115782e-01   4.819779e-16   1.971449e-04   3.827151e-17   264
  3.122973e-01   5.826388e-16   1.758853e-04   4.740294e-17   264
  3.132820e-01   5.924222e-16   1.659735e-04   4.494043e-17   312
  3.145081e-01   3.436825e-14   1.233364e-04   8.735984e-15   270
  3.150220e-01   1.501772e-14   1.565911e-04   4.811512e-15   240
  3.159458e-01   9.898617e-15   1.937229e-04   1.786041e-15   384
  3.165067e-01   4.021483e-16   6.357829e-09   2.903553e-17   192
  3.175962e-01   2.676127e-15   1.554368e-04   5.769297e-16   240
  3.182281e-01   1.407128e-15   1.918342e-04   2.276621e-16   336
  3.194167e-01   9.450561e-16   1.931178e-04   1.011524e-16   480
  3.203808e-01   1.835203e-15   4.238553e-09   3.602012e-16   72
  3.209194e-01   1.311870e-15   1.883074e-04   1.480045e-16   240
  3.216520e-01   6.739573e-16   1.769831e-04   4.831120e-17   312
  3.224917e-01   3.782682e-16   1.912763e-04   2.648352e-17   240
  3.237607e-01   7.061094e-16   1.453205e-04   5.770904e-17   408
  3.242630e-01   5.573986e-16   1.330785e-04   4.207107e-17   336
  3.252448e-01   5.813903e-16   1.689770e-04   4.359816e-17   264
  3.257273e-01   4.897402e-16   0.000000e+00   3.945889e-17   144
  3.270696e-01   5.906466e-16   2.342121e-04   3.966123e-17   464
  3.277768e-01   4.110433e-16   1.862466e-04   3.314839e-17   168
  3.284751e-01   6.005102e-16   1.696301e-04   3.452538e-17   336
  3.297371e-01   1.448078e-14   1.782296e-04   9.847483e-15   414
  3.304484e-01   2.690494e-14   1.855264e-04   4.586210e-15   216
  3.313598e-01   9.476397e-15   4.495664e-09   2.250985e-15   96
  3.317320e-01   4.527317e-15   1.101208e-08   8.548506e-16   384
  3.330355e-01   1.638183e-15   1.851680e-04   2.966489e-16   492
  3.337341e-01   2.418998e-15   1.810784e-04   4.837076e-16   240
  3.345237e-01   1.150535e-15   1.838580e-04   1.621172e-16   312
  3.356141e-01   9.055784e-16   1.837975e-04   1.556631e-16   192
  3.363048e-01   8.877637e-16   1.781220e-04   7.594808e-17   504
  3.372212e-01   5.911950e-16   1.179198e-04   5.318862e-17   408
  3.379427e-01   4.945134e-16   3.612619e-04   4.523800e-17   168
  3.388456e-01   6.923102e-16   1.716026e-04   6.597902e-17   288
  3.396033e-01   5.555674e-16   1.790820e-04   4.147568e-17   288
  3.403794e-01   5.182044e-16   1.801128e-04   3.201753e-17   432
  3.415052e-01   5.813998e-16   1.703267e-04   4.278010e-17   216
  3.421068e-01   5.237209e-16   1.699674e-04   3.438722e-17   360
  3.431777e-01   5.491330e-16   1.658865e-04   3.904011e-17   312
  3.441442e-01   4.726558e-16   0.000000e+00   5.839757e-17   48
  3.447014e-01   4.568691e-16   1.778543e-04   2.501811e-17   432
  3.456992e-01   1.768435e-14   2.966627e-04   5.018283e-15   414
  3.462885e-01   4.733765e-15   6.776666e-09   9.576504e-16   312
  3.473878e-01   3.696401e-15   2.603051e-04   5.208292e-16   528
  3.481296e-01   9.699750e-16   1.366381e-04   1.342433e-16   264
  3.490209e-01   1.838813e-15   1.620153e-04   2.796429e-16   480
  3.501854e-01   1.355169e-15   0.000000e+00   2.188392e-16   288
  3.506883e-01   4.037339e-16   1.740804e-04   3.113045e-17   168
  3.516084e-01   8.161445e-16   2.755688e-04   6.796466e-17   504
  3.526429e-01   1.036813e-15   4.238553e-09   1.249510e-16   144
  3.532937e-01   4.384429e-16   1.769812e-04   1.990188e-17   464
  3.542716e-01   5.746106e-16   2.597299e-04   4.250872e-17   432
  3.547358e-01   7.312591e-16   4.495664e-09   7.277601e-17   192
  3.559351e-01   5.425734e-16   1.925466e-04   3.347574e-17   396
  3.566434e-01   4.813287e-16   1.729600e-04   3.044151e-17   288
  3.573592e-01   4.876656e-16   1.708549e-04   3.068824e-17   336
  3.585027e-01   4.463551e-16   1.081887e-04   2.060901e-17   432
  3.592283e-01   4.606583e-16   2.804101e-04   2.550485e-17   360
  3.600431e-01   5.205974e-16   1.658667e-04   3.023179e-17   384
  3.612003e-01   3.749969e-14   1.464092e-04   2.600478e-14   198
  3.617579e-01   1.098178e-14   1.664197e-04   1.885032e-15   552
  3.627976e-01   6.499899e-15   2.329761e-04   1.043396e-15   432
  3.636656e-01   5.601858e-16   8.899106e-09   5.763047e-17   168
  3.643942e-01   2.471415e-15   2.888052e-04   3.839973e-16   480
  3.653579e-01   3.051460e-16   0.000000e+00   2.919345e-17   120
  3.657917e-01   1.201074e-15   2.358836e-04   1.682582e-16   336
  3.668502e-01   7.585177e-16   1.664122e-04   5.790831e-17   672
  3.678969e-01   6.785675e-16   2.420693e-04   4.330570e-17   528
  3.683844e-01   4.031543e-16   7.266090e-09   2.543479e-17   168
  3.695106e-01   6.092504e-16   2.700266e-04   4.880205e-17   456
  3.701979e-01   7.719320e-16   1.649075e-04   7.328423e-17   168
  3.709113e-01   5.225468e-16   1.646115e-04   3.125252e-17   504
  3.720973e-01   4.587359e-16   2.118297e-04   3.647752e-17   336
  3.728144e-01   5.559521e-16   1.527042e-04   3.693561e-17   312
  3.736099e-01   5.185924e-16   1.492023e-04   3.414094e-17   504
  3.746568e-01   4.768631e-16   1.035207e-04   2.903498e-17   432
  3.751490e-01   3.911589e-16   1.599738e-04   2.120128e-17   312
  3.761721e-01   4.041134e-16   1.639809e-04   1.916435e-17   384
  3.772403e-01   5.970252e-14   1.393208e-04   1.469418e-14   126
  3.778999e-01   9.339229e-15   2.446141e-04   2.077212e-15   492
  3.787423e-01   3.272830e-15   1.566756e-04   8.618158e-16   528
  3.797950e-01   1.382308e-15   1.591488e-04   2.676691e-16   480
  3.804477e-01   9.734643e-16   2.198632e-04   1.174873e-16   432
  3.813922e-01   8.941860e-16   1.728933e-04   9.378130e-17   440
  3.824891e-01   1.149970e-15   8.597912e-05   1.210217e-16   312
  3.829007e-01   4.971242e-16   1.288469e-04   2.450595e-17   480
  3.837450e-01   5.449622e-16   2.522797e-04   3.653960e-17   408
  3.849786e-01   6.882273e-16   1.510870e-04   5.528885e-17   360
  3.854998e-01   5.047368e-16   1.457935e-04   3.387410e-17   408
  3.864656e-01   4.792217e-16   1.483633e-04   2.676237e-17   456
  3.875531e-01   4.587503e-16   1.417988e-04   2.661535e-17   264
  3.881567e-01   4.858267e-16   1.538873e-04   4.035193e-17   384
  3.890354e-01   4.649106e-16   2.590801e-04   1.987989e-17   672
  3.900512e-01   5.402762e-16   1.549634e-04   4.358034e-17   240
  3.906373e-01   4.146004e-16   1.572490e-04   2.379168e-17   264
  3.914646e-01   3.887693e-16   1.939407e-04   1.639267e-17   624
  3.926991e-01   2.522648e-14   0.000000e+00   1.730349e-14   150
  3.931386e-01   7.017922e-15   2.173259e-04   1.198992e-15   600
  3.940655e-01   3.040798e-15   1.499928e-04   4.375732e-16   672
  3.951151e-01   1.005236e-15   1.410788e-04   1.877249e-16   336
  3.956998e-01   1.759861e-15   1.534526e-04   2.677920e-16   408
  3.966340e-01   9.165055e-16   1.530911e-04   1.014012e-16   408
  3.976732e-01   6.312195e-16   7.741108e-05   7.125093e-17   360
  3.983137e-01   8.019996e-16   2.842286e-04   6.530694e-17   456
  3.990874e-01   6.329536e-16   1.545652e-04   5.715541e-17   384
  4.000722e-01   4.788290e-16   1.426833e-04   2.513188e-17   348
  4.006044e-01   5.684405e-16   1.759003e-04   3.223824e-17   576
  4.016040e-01   4.581515e-16   1.448308e-04   2.922056e-17   504
  4.026266e-01   4.194103e-16   2.042754e-04   1.895082e-17   432
  4.035193e-01   4.431384e-16   2.779157e-04   1.814501e-17   576
  4.041559e-01   4.582364e-16   0.000000e+00   2.958626e-17   264
  4.051657e-01   4.143881e-16   2.211515e-04   1.505318e-17   768
  4.060439e-01   4.656521e-16   2.977401e-04   3.062191e-17   240
  4.067421e-01   4.469697e-16   2.625786e-04   3.792151e-17   192
  4.077592e-01   4.042913e-16   1.932899e-04   1.934720e-17   504
  4.085134e-01   8.103298e-15   2.604655e-04   2.228949e-15   590
  4.092368e-01   3.849526e-15   2.918373e-04   6.115272e-16   384
  4.101438e-01   1.611589e-15   2.438900e-04   2.338854e-16   504
  4.112389e-01   1.226801e-15   2.347064e-04   1.328807e-16   648
  4.123011e-01   7.413167e-16   6.374317e-05   8.984496e-17   504
  4.127294e-01   4.540792e-16   1.454101e-04   2.368622e-17   312
  4.134855e-01   6.752474e-16   2.095003e-04   5.512287e-17   576
  4.145236e-01   6.330514e-16   1.457924e-04   5.714130e-17   240
  4.151287e-01   3.998931e-16   1.473162e-04   1.696775e-17   552
  4.159853e-01   5.766592e-16   1.383265e-04   3.200738e-17   600
  4.172054e-01   4.257270e-16   1.689549e-04   1.793039e-17   600
  4.179389e-01   4.575825e-16   2.705679e-04   2.656819e-17   312
  4.186695e-01   4.607624e-16   2.356379e-04   2.108279e-17   480
  4.195820e-01   4.496433e-16   1.470154e-04   1.881067e-17   576
  4.203854e-01   4.503335e-16   2.367268e-04   2.216941e-17   408
  4.210983e-01   4.341168e-16   2.761527e-04   2.589486e-17   216
  4.220194e-01   3.534486e-16   2.115019e-04   1.577708e-17   516
  4.230063e-01   4.367609e-16   2.017943e-04   1.642639e-17   744
  4.240243e-01   1.009635e-14   1.347808e-04   6.787657e-15   462
  4.245995e-01   8.218613e-15   1.369852e-04   1.394481e-15   432
  4.254918e-01   2.841230e-15   1.270838e-04   4.309114e-16   648
  4.265409e-01   1.009670e-15   1.859472e-04   1.685513e-16   528
  4.273836e-01   7.532196e-16   2.239269e-04   9.688552e-17   600
  4.282256e-01   9.887384e-16   2.823132e-04   1.643281e-16   240
  4.290411e-01   5.967399e-16   2.162492e-04   3.467525e-17   720
  4.299890e-01   4.701912e-16   1.710922e-04   1.797476e-17   720
  4.310398e-01   3.553724e-16   0.000000e+00   2.805053e-17   144
  4.315927e-01   5.104517e-16   2.205891e-04   3.241412e-17   720
  4.323793e-01   5.027002e-16   1.322696e-04   3.126197e-17   384
  4.333641e-01   3.961188e-16   1.466278e-04   1.518173e-17   672
  4.342984e-01   4.673234e-16   2.567292e-04   2.706881e-17   336
  4.347447e-01   4.583940e-16   0.000000e+00   2.927042e-17   288
  4.358374e-01   4.184987e-16   2.031840e-04   1.688089e-17   776
  4.368489e-01   4.245195e-16   1.738547e-04   1.751355e-17   720
  4.376985e-01   4.148453e-16   1.400528e-04   2.179196e-17   432
  4.383780e-01   3.835434e-16   1.996629e-04   1.870497e-17   504
  4.391339e-01   3.989000e-16   1.398922e-04   1.780661e-17   528
  4.401917e-01   1.003124e-14   1.905949e-04   1.984377e-15   438
  4.410618e-01   2.361531e-15   2.218350e-04   4.028311e-16   624
  4.417176e-01   9.705926e-16   2.717180e-04   2.201258e-16   312
  4.426191e-01   6.859434e-16   1.463948e-04   5.130747e-17   696
  4.435512e-01   5.673143e-16   1.324608e-04   4.287514e-17   552
  4.445207e-01   5.627225e-16   1.024805e-04   3.719115e-17   516
  4.451205e-01   4.847445e-16   2.046970e-04   2.629308e-17   528
  4.458506e-01   3.856796e-16   1.331200e-04   1.723673e-17   528
  4.468878e-01   4.659612e-16   1.755583e-04   1.960344e-17   864
  4.475918e-01   4.015818e-16   2.404788e-04   2.065482e-17   408
  4.482965e-01   4.048766e-16   2.382549e-04   2.990153e-17   192
  4.492953e-01   4.148009e-16   1.971674e-04   1.799721e-17   720
  4.501385e-01   3.679785e-16   1.817980e-04   1.517625e-17   696
  4.511404e-01   4.065902e-16   1.963435e-04   1.536527e-17   720
  4.520570e-01   3.875596e-16   2.661201e-04   1.810411e-17   432
  4.525916e-01   3.099099e-16   1.566487e-04   1.823906e-17   264
  4.535534e-01   4.086736e-16   2.163249e-04   1.431796e-17   672
  4.544137e-01   4.001934e-16   2.214835e-04   1.650976e-17   600
  4.554346e-01   2.875080e-15   1.296784e-04   1.725486e-15   270
  4.559493e-01   2.537838e-15   1.952021e-04   4.007668e-16   528
  4.567673e-01   1.039056e-15   1.336675e-04   1.073730e-16   840
  4.578890e-01   7.007093e-16   2.555961e-04   5.502959e-17   888
  4.589254e-01   4.746800e-16   1.904380e-04   2.501435e-17   744
  4.598014e-01   4.509597e-16   9.785730e-05   2.737692e-17   456
  4.602370e-01   5.193522e-16   1.337280e-04   4.479064e-17   360
  4.609825e-01   4.877870e-16   1.158678e-04   2.938290e-17   384
  4.621264e-01   4.401910e-16   1.858509e-04   1.794344e-17   816
  4.629847e-01   4.392099e-16   2.696437e-04   1.592504e-17   824
  4.640279e-01   4.103698e-16   1.253432e-04   2.261204e-17   360
  4.645865e-01   4.498345e-16   1.849595e-04   1.837670e-17   624
  4.653553e-01   3.494277e-16   1.249856e-04   1.834617e-17   360
  4.663795e-01   3.911880e-16   1.700172e-04   1.296223e-17   876
  4.673045e-01   3.589451e-16   2.019296e-04   1.499116e-17   696
  4.682373e-01   3.938053e-16   1.303928e-04   2.330954e-17   336
  4.687264e-01   4.140898e-16   1.302463e-04   2.032899e-17   504
  4.695341e-01   3.863145e-16   1.313750e-04   1.384448e-17   672
  4.707324e-01   3.589515e-16   2.615370e-04   1.469465e-17   720
  4.715635e-01   1.945601e-15   1.975633e-04   3.379254e-16   774
  4.724808e-01   1.013157e-15   1.130801e-04   1.524266e-16   384
  4.729612e-01   4.919184e-16   2.176147e-04   5.058366e-17   528
  4.737068e-01   5.366017e-16   2.073989e-04   3.693656e-17   744
  4.749062e-01   4.555182e-16   1.710601e-04   2.771696e-17   768
  4.757025e-01   5.519948e-16   1.920278e-04   3.600135e-17   552
  4.766960e-01   3.957373e-16   2.092886e-04   1.646585e-17   696
  4.774351e-01   4.356337e-16   2.543221e-04   2.204518e-17   408
  4.780218e-01   3.733792e-16   1.098692e-04   1.717912e-17   504
  4.789519e-01   3.571075e-16   1.973758e-04   1.267431e-17   888
  4.798671e-01   3.602703e-16   2.051305e-04   1.448478e-17   648
  4.808184e-01   3.677419e-16   2.033722e-04   1.612811e-17   648
  4.817134e-01   3.757294e-16   2.192851e-04   1.331957e-17   792
  4.826614e-01   3.739925e-16   3.208291e-04   1.591283e-17   600
  4.833600e-01   3.491614e-16   2.174285e-04   1.731519e-17   456
  4.840953e-01   3.784754e-16   1.059654e-04   1.486321e-17   648
  4.850397e-01   3.501500e-16   2.066479e-04   1.166167e-17   936
  4.860593e-01   3.264334e-16   1.269084e-04   1.635021e-17   384
  4.869469e-01   3.902970e-15   0.000000e+00   2.673517e-15   198
  4.876318e-01   5.405012e-16   3.219776e-04   8.911924e-17   1224
  4.883707e-01   5.392276e-16   2.344988e-04   1.030570e-16   420
  4.892446e-01   1.568925e-16   2.269458e-04   2.350791e-17   792
  4.900991e-01   1.165453e-16   1.876648e-04   2.212813e-17   680
  4.910742e-01   8.517196e-17   1.723226e-04   1.435320e-17   600
  4.918588e-01   6.983793e-17   2.499151e-04   1.004523e-17   840
  4.929064e-01   1.962844e-17   1.179983e-04   1.288361e-18   432
  4.933067e-01   9.932995e-17   1.105800e-04   1.415020e-17   720
  4.941771e-01   3.715560e-17   2.214723e-04   3.618326e-18   960
  4.952596e-01   5.985014e-17   1.974263e-04   7.616785e-18   528
  4.960507e-01   4.293974e-17   2.018074e-04   5.791380e-18   624
  4.969923e-01   3.609017e-17   1.586192e-04   2.889942e-18   816
  4.979269e-01   3.669827e-17   2.608527e-04   4.179745e-18   696
  4.989597e-01   1.810394e-17   1.438612e-08   1.615357e-18   240
  4.993481e-01   3.095138e-17   1.538310e-04   3.366407e-18   672
  5.002149e-01   3.182662e-17   2.749181e-04   3.145817e-18   864
  5.011872e-01   2.025367e-17   2.109550e-04   2.339739e-18   816
  5.020636e-01   1.880688e-17   1.207434e-04   1.478577e-18   648
  5.030076e-01   1.157826e-16   1.234217e-04   3.161006e-17   843
  5.038089e-01   1.060742e-16   2.220660e-04   2.930294e-17   780
  5.047639e-01   1.627111e-16   1.191565e-04   4.421449e-17   216
  5.053529e-01   6.698551e-17   2.873328e-04   1.073007e-17   1056
  5.062588e-01   3.805232e-17   2.350705e-04   9.034574e-18   228
  5.070976e-01   5.836758e-17   2.926687e-04   6.025529e-18   924
  5.079587e-01   2.710063e-17   1.085637e-04   2.346638e-18   696
  5.088706e-01   4.582031e-17   1.932122e-04   5.859046e-18   996
  5.098035e-01   2.243477e-17   1.140687e-04   3.351390e-18   576
  5.107740e-01   3.133443e-17   1.760574e-04   4.276100e-18   552
  5.114815e-01   3.751142e-17   2.102064e-04   3.864516e-18   516
  5.121995e-01   2.872423e-17   3.056837e-04   3.087076e-18   744
  5.130199e-01   1.483019e-17   1.499561e-04   1.491457e-18   576
  5.137336e-01   1.960118e-17   1.543428e-04   1.656469e-18   792
  5.147477e-01   2.062800e-17   1.764424e-04   2.141898e-18   792
  5.154909e-01   2.760537e-17   1.902913e-04   2.787284e-18   720
  5.164960e-01   1.456346e-17   2.168883e-04   1.149005e-18   656
  5.174379e-01   1.815504e-17   2.368308e-04   1.663202e-18   816
  5.184034e-01   2.073810e-17   1.276952e-04   2.541211e-18   492
  5.189522e-01   1.873472e-17   1.836985e-04   1.328618e-18   552
  5.199822e-01   1.571015e-17   3.194294e-04   1.834295e-18   780
  5.206511e-01   1.850985e-17   1.962217e-04   1.818183e-18   528
  5.213718e-01   1.285952e-17   2.290504e-04   1.297792e-18   600
  5.224340e-01   1.685952e-17   1.903590e-04   1.025730e-18   900
  5.231662e-01   1.424239e-17   1.053860e-04   9.960151e-19   696
  5.241734e-01   1.496492e-17   2.664725e-04   1.118613e-18   696
  5.251479e-01   1.004582e-17   1.081054e-04   6.477328e-19   552
  5.259673e-01   1.337487e-17   1.257166e-04   9.820637e-19   708
  5.268258e-01   1.120272e-17   2.075652e-04   6.906562e-19   876
  5.277190e-01   1.403689e-17   1.102130e-04   1.771878e-18   216
  5.283184e-01   1.398676e-17   3.014475e-04   7.946773e-19   1032
  5.292161e-01   1.413500e-17   3.356286e-04   2.216233e-18   600
  5.301478e-01   8.683901e-18   1.601495e-04   5.005213e-19   600
  5.308585e-01   1.407344e-17   2.828090e-04   1.350309e-18   528
  5.316987e-01   1.183295e-17   1.552497e-04   8.326031e-19   732
  5.325837e-01   1.364782e-17   1.146378e-04   1.327143e-18   336
  5.336024e-01   1.148340e-17   1.633817e-04   5.708767e-19   912
  5.343638e-01   8.077393e-18   1.639857e-04   5.958971e-19   624
  5.351957e-01   1.032893e-17   1.381873e-04   7.720066e-19   768
  5.361666e-01   8.925608e-18   2.493171e-04   4.563332e-19   792
  5.371196e-01   1.159024e-17   1.236011e-04   9.743341e-19   660
  5.377977e-01   9.416039e-18   1.821461e-04   7.123473e-19   504
  5.384990e-01   8.458360e-18   2.975919e-04   4.840198e-19   480
  5.395501e-01   8.144202e-18   2.752337e-04   4.851582e-19   912
  5.403731e-01   9.323268e-18   3.065154e-04   1.107599e-18   432
  5.411504e-01   1.023016e-17   1.820016e-04   8.951032e-19   564
  5.418405e-01   7.915700e-18   1.742006e-04   3.525090e-19   600
  5.428119e-01   8.614322e-18   2.428192e-04   4.104351e-19   876
  5.435417e-01   1.160249e-17   1.091788e-04   1.251912e-18   264
  5.445477e-01   6.940725e-18   2.118499e-04   5.001286e-19   560
  5.453563e-01   7.848086e-18   1.439565e-04   4.261795e-19   840
  5.463378e-01   6.966963e-18   2.219395e-04   3.311139e-19   1008
  5.472454e-01   7.179318e-18   9.928084e-05   4.559160e-19   456
  5.480744e-01   8.009302e-18   1.286043e-04   5.143906e-19   576
  5.488407e-01   7.790326e-18   1.976142e-04   4.589256e-19   612
  5.498512e-01   7.633033e-18   1.765015e-04   3.755291e-19   780
  5.506755e-01   7.699889e-18   2.022627e-04   4.253621e-19   648
  5.515194e-01   6.236042e-18   9.425702e-05   4.494273e-19   312
  5.520587e-01   6.701406e-18   2.394916e-04   4.793592e-19   528
  5.529931e-01   4.979304e-18   3.127641e-04   2.237281e-19   720
  5.538866e-01   6.719089e-18   3.137436e-04   4.527448e-19   576
  5.549699e-01   6.770030e-18   2.706443e-04   4.143481e-19   444
  5.556439e-01   6.644379e-18   2.654148e-04   3.375704e-19   996
  5.564699e-01   5.530078e-18   2.217012e-04   4.474614e-19   432
  5.572506e-01   6.644666e-18   2.427192e-04   5.903427e-19   504
  5.579250e-01   4.746905e-18   1.094306e-04   2.457812e-19   504
  5.588852e-01   6.870751e-18   2.153608e-04   3.390411e-19   876
  5.597541e-01   5.284871e-18   2.478597e-04   2.977232e-19   504
  5.606589e-01   5.205489e-18   1.580720e-04   3.365124e-19   696
  5.614066e-01   5.549528e-18   1.351349e-04   2.978761e-19   492
  5.624240e-01   4.892619e-18   1.934522e-04   2.949340e-19   432
  5.631776e-01   5.691237e-18   1.811468e-04   3.568595e-19   768
  5.640708e-01   4.727813e-18   2.256427e-04   3.130574e-19   648
  5.649237e-01   5.083049e-18   1.472076e-04   3.925908e-19   456
  5.659038e-01   6.567060e-18   2.024344e-04   4.333698e-19   552
  5.665845e-01   4.796784e-18   1.387487e-04   2.388166e-19   648
  5.675213e-01   4.646512e-18   2.261525e-04   1.933864e-19   840
  5.684363e-01   4.933403e-18   1.078474e-04   3.164388e-19   432
  5.693524e-01   4.870310e-18   1.320946e-04   3.243379e-19   600
  5.699896e-01   4.723812e-18   1.407382e-04   3.143201e-19   432
  5.710598e-01   5.044215e-18   1.401185e-04   3.158457e-19   560
  5.717846e-01   4.708085e-18   2.217929e-04   2.235929e-19   840
  5.726922e-01   4.944465e-18   1.313712e-04   3.469508e-19   504
  5.734129e-01   4.899516e-18   2.681208e-04   2.808558e-19   696
  5.744289e-01   5.929186e-18   1.464380e-04   4.525580e-19   384
  5.752203e-01   3.276864e-18   2.145144e-04   1.505431e-19   576
  5.761776e-01   4.377838e-18   1.323876e-04   2.872782e-19   360
  5.769491e-01   4.887349e-18   1.971572e-04   2.618747e-19   828
  5.777814e-01   3.186689e-18   1.756051e-04   2.207510e-19   372
  5.785440e-01   4.493960e-18   2.681827e-04   2.671510e-19   576
  5.795542e-01   4.597969e-18   1.123146e-04   2.812630e-19   636
  5.802740e-01   4.448009e-18   2.165136e-04   3.209111e-19   648
  5.812477e-01   3.335591e-18   1.760019e-04   2.204046e-19   576
  5.819467e-01   4.286479e-18   2.839096e-04   3.658749e-19   528
  5.828762e-01   3.776339e-18   1.213831e-04   3.364065e-19   360
  5.836457e-01   3.830760e-18   2.792266e-04   2.057902e-19   672
  5.846504e-01   3.793320e-18   1.430245e-04   2.271300e-19   804
  5.854866e-01   3.948812e-18   1.577731e-04   2.688873e-19   408
  5.864116e-01   4.851996e-18   9.752092e-05   3.692971e-19   384
  5.870345e-01   2.449780e-18   2.231653e-04   1.436403e-19   480
  5.879130e-01   3.346939e-18   1.441975e-04   2.155301e-19   432
  5.887557e-01   3.358092e-18   2.657252e-04   1.570706e-19   648
  5.897530e-01   2.988751e-18   1.648813e-04   1.494130e-19   624
  5.904826e-01   3.025599e-18   1.499734e-04   2.264251e-19   456
  5.914788e-01   2.871884e-18   2.048770e-04   1.397542e-19   588
  5.921465e-01   3.075301e-18   1.307107e-04   1.528210e-19   600
  5.931212e-01   2.799783e-18   2.038766e-04   1.548785e-19   708
  5.938912e-01   3.476874e-18   1.284383e-04   2.421878e-19   360
  5.947420e-01   2.917258e-18   1.476433e-04   1.597840e-19   552
  5.955576e-01   2.637057e-18   1.035752e-04   2.063548e-19   288
  5.963856e-01   2.820073e-18   1.947498e-04   1.913455e-19   528
  5.971636e-01   3.193896e-18   1.313872e-04   2.239982e-19   456
  5.980328e-01   2.645106e-18   2.329780e-04   1.698775e-19   608
  5.989070e-01   2.231148e-18   1.127174e-04   1.479686e-19   504
  5.998623e-01   2.330873e-18   2.419978e-04   1.496471e-19   540
  6.006113e-01   2.658096e-18   2.597778e-04   1.852173e-19   360
  6.014188e-01   2.974967e-18   1.176407e-04   1.842940e-19   540
  6.021329e-01   2.314179e-18   1.010085e-04   1.254681e-19   576
  6.031714e-01   2.120981e-18   2.342044e-04   1.122140e-19   588
  6.041588e-01   2.167595e-18   3.231314e-04   1.253300e-19   672
  6.050070e-01   2.741889e-18   2.469721e-04   1.805882e-19   552
  6.056908e-01   3.163704e-18   2.470970e-04   3.457397e-19   144
  6.065633e-01   2.243607e-18   2.099342e-04   1.181281e-19   600
  6.073906e-01   2.142260e-18   2.630934e-04   2.128558e-19   504
  6.083088e-01   2.298633e-18   2.702501e-04   1.955674e-19   336
  6.092745e-01   2.356123e-18   3.037623e-04   1.384280e-19   600
  6.101395e-01   1.692098e-18   1.960382e-04   9.111134e-20   636
  6.110731e-01   2.129614e-18   1.576165e-04   1.539523e-19   384
  6.117276e-01   2.095110e-18   2.198564e-04   1.443566e-19   504
  6.126710e-01   1.562512e-18   9.227064e-05   1.294823e-19   240
  6.134155e-01   2.211620e-18   2.167569e-04   1.118933e-19   744
  6.143088e-01   2.289388e-18   1.480120e-04   1.507405e-19   648
  6.151027e-01   2.398615e-18   9.825476e-05   2.188265e-19   120
  6.160331e-01   1.927187e-18   1.543455e-04   1.128226e-19   564
  6.167362e-01   1.943576e-18   2.424089e-04   1.374174e-19   432
  6.176746e-01   2.130887e-18   1.881572e-04   1.580425e-19   480
  6.183811e-01   1.403827e-18   1.384885e-04   9.363721e-20   456
  6.192152e-01   1.793469e-18   2.291780e-04   1.422867e-19   444
  6.201616e-01   1.647182e-18   3.506544e-04   1.140458e-19   528
  6.209930e-01   2.046271e-18   2.604238e-04   2.754393e-19   264
  6.217998e-01   1.755500e-18   2.668956e-04   1.096312e-19   444
  6.228852e-01   1.713314e-18   2.923449e-04   9.274644e-20   696
  6.237861e-01   1.452557e-18   1.563558e-04   1.052242e-19   384
  6.244450e-01   1.109107e-18   1.975687e-04   6.842147e-20   432
  6.254698e-01   1.471724e-18   1.365107e-04   8.442986e-20   488
  6.261352e-01   1.588043e-18   2.057386e-04   1.093417e-19   480
  6.270999e-01   1.246667e-18   2.294412e-04   8.409054e-20   480
  6.278471e-01   1.343315e-18   9.626648e-05   8.789028e-20   240
  6.286954e-01   1.330706e-18   2.248709e-04   8.219011e-20   600
  6.294955e-01   8.521179e-19   1.959519e-04   6.746648e-20   288
  6.303474e-01   1.567619e-18   1.884914e-04   1.142837e-19   480
  6.312103e-01   1.115777e-18   3.352926e-04   8.240242e-20   504
  6.320598e-01   1.235036e-18   1.438614e-04   1.215412e-19   216
  6.331433e-01   1.041076e-18   2.355240e-04   6.726211e-20   504
  6.339871e-01   1.158838e-18   1.894329e-04   7.894778e-20   456
  6.349107e-01   1.167012e-18   1.086430e-04   9.747144e-20   384
  6.355225e-01   1.069831e-18   2.205061e-04   8.608806e-20   480
  6.363918e-01   9.988438e-19   1.936290e-04   6.482696e-20   504
  6.371972e-01   1.040605e-18   1.228262e-04   8.238247e-20   312
  6.380652e-01   1.364460e-18   1.979302e-04   7.504943e-20   492
  6.388334e-01   1.157631e-18   1.855135e-04   9.291476e-20   312
  6.398223e-01   8.733754e-19   3.013519e-04   5.250754e-20   576
  6.406929e-01   9.244212e-19   2.781722e-04   8.869529e-20   336
  6.414159e-01   5.322971e-19   2.141797e-04   9.076794e-20   240
  6.424183e-01   1.094720e-18   2.839481e-04   8.196474e-20   468
  6.432837e-01   5.609392e-19   1.777925e-04   6.627927e-20   192
  6.441896e-01   6.969913e-19   1.783224e-04   6.156068e-20   324
  6.448535e-01   7.230215e-19   1.294235e-04   4.954422e-20   600
  6.457583e-01   6.378840e-19   2.099764e-04   4.601628e-20   456
  6.464302e-01   5.842550e-19   9.444737e-05   5.172447e-20   336
  6.475438e-01   7.888719e-19   2.828021e-04   5.300881e-20   612
  6.483539e-01   9.316597e-19   2.373399e-04   1.820401e-19   144
  6.491201e-01   6.925660e-19   2.770366e-04   4.513090e-20   552
  6.501620e-01   3.568677e-19   1.091004e-04   3.641871e-20   264
  6.507507e-01   6.756051e-19   2.525953e-04   5.809300e-20   336
  6.516793e-01   5.614178e-19   1.669063e-04   6.496453e-20   384
  6.524847e-01   6.379700e-19   9.395175e-05   5.945825e-20   216
  6.533762e-01   3.779886e-19   1.991971e-04   3.843413e-20   344
  6.541891e-01   5.899891e-19   2.972114e-04   5.228325e-20   408
  6.551797e-01   3.932990e-19   2.283876e-04   4.457616e-20   264
  6.560575e-01   4.885558e-19   3.183837e-04   3.508612e-20   612
  6.569345e-01   5.588218e-19   1.638646e-04   4.552032e-20   408
  6.578364e-01   4.536193e-19   1.641001e-04   4.296343e-20   444
  6.584991e-01   5.784184e-19   9.177996e-05   6.116951e-20   120
  6.593870e-01   5.024843e-19   2.535712e-04   3.655360e-20   336
  6.600460e-01   1.590168e-19   8.811499e-05   1.285139e-20   288
  6.609366e-01   4.236151e-19   2.742154e-04   3.220092e-20   552
  6.621610e-01   1.544034e-19   0.000000e+00   2.643411e-20   72
  6.627906e-01   3.960203e-19   2.723657e-04   4.268895e-20   504
  6.635259e-01   2.266291e-19   8.764464e-05   3.722423e-20   216
  6.644787e-01   3.067062e-19   1.564835e-04   3.722454e-20   312
  6.653340e-01   3.240944e-19   1.781811e-04   4.947054e-20   336
  6.661492e-01   2.756585e-19   2.469789e-04   3.629098e-20   204
  6.669611e-01   2.267291e-19   2.870270e-04   1.994598e-20   504
  6.678221e-01   3.523019e-19   2.733322e-04   3.717377e-20   396
  6.686501e-01   3.094688e-19   2.506599e-04   3.465406e-20   312
  6.696540e-01   3.424652e-19   1.531800e-04   3.410662e-20   216
  6.703613e-01   1.305824e-19   8.313373e-05   2.376771e-20   168
  6.712208e-01   2.549019e-19   2.099173e-04   2.713509e-20   588
  6.722017e-01   2.170820e-19   2.849381e-04   2.870747e-20   240
  6.729637e-01   1.566450e-19   2.516481e-04   2.506163e-20   264
  6.738575e-01   1.543636e-19   3.112147e-04   3.221528e-20   288
  6.746505e-01   2.095569e-19   1.554077e-04   2.400235e-20   288
  6.756555e-01   5.885327e-20   1.459525e-04   1.080890e-20   288
  6.763322e-01   1.090951e-19   1.690738e-04   1.719691e-20   192
  6.771836e-01   5.878740e-20   1.799115e-04   9.300957e-21   264
  6.779946e-01   1.236307e-19   2.959295e-04   1.013679e-20   372
  6.788675e-01   1.685183e-19   3.196167e-04   1.514786e-20   360
  6.799329e-01   2.107235e-19   1.352648e-04   2.610874e-20   144
  6.804835e-01   4.167350e-20   1.878769e-04   6.093829e-21   296
  6.813527e-01   5.617752e-20   2.024276e-04   1.247435e-20   288
  6.823478e-01   6.383286e-20   3.025230e-04   7.861723e-21   480
  6.832061e-01   7.780666e-20   2.513677e-04   1.844456e-20   192
  6.840407e-01   8.631338e-20   2.696262e-04   1.480521e-20   192
  6.847993e-01   3.308771e-20   1.718359e-04   1.038628e-20   288
  6.858544e-01   1.075030e-19   1.495808e-04   3.130612e-20   108
  6.863859e-01   3.287293e-20   1.438036e-04   5.826884e-21   240
  6.873243e-01   2.619440e-20   2.682690e-04   4.904697e-21   384
  6.882884e-01   8.970502e-21   3.272578e-04   2.192446e-21   108
  6.891409e-01   2.431690e-20   1.918773e-04   4.178930e-21   348
  6.900373e-01   2.170640e-20   2.002507e-04   3.471415e-21   312
  6.908379e-01   2.389818e-20   1.945855e-04   5.386660e-21   96
  6.915741e-01   1.040711e-20   2.590555e-04   2.143793e-21   384
  6.923987e-01   1.106999e-22   1.781778e-04   2.008614e-23   144
  6.932053e-01   1.226186e-20   2.737780e-04   1.675796e-21   408
  6.942079e-01   1.721947e-20   1.221243e-04   3.838260e-21   144
  6.951550e-01   1.308337e-20   2.347853e-04   2.662458e-21   192
  6.957167e-01   1.383942e-20   2.642552e-04   3.005260e-21   144
  6.966323e-01   8.296292e-23   2.148492e-04   1.023992e-23   144
  6.974962e-01   8.818045e-22   2.625805e-04   1.702295e-22   336
  6.985541e-01   8.028243e-22   1.942763e-04   1.914708e-22   240
  6.992249e-01   1.402748e-22   8.821915e-05   2.168221e-23   96
  7.001605e-01   2.491765e-22   2.587043e-04   2.939043e-23   372
  7.011070e-01   1.341613e-22   3.077232e-04   2.100894e-23   132
  7.019384e-01   6.235298e-23   1.904154e-04   4.274177e-24   264
  7.026821e-01   2.426587e-22   1.462304e-04   5.412835e-23   168
  7.034759e-01   1.389340e-22   2.337943e-04   1.400385e-23   216
  7.041771e-01   1.017343e-22   1.430383e-04   1.196869e-23   216
  7.051983e-01   6.483597e-23   2.624157e-04   6.751866e-24   96
  7.061249e-01   1.275832e-22   1.712023e-04   1.392656e-23   120
  7.069747e-01   7.356440e-23   2.176463e-04   5.507412e-24   216
  7.076747e-01   6.577844e-23   9.511215e-05   5.436461e-24   200
  7.086015e-01   1.474971e-22   2.462045e-04   2.121011e-23   288
  7.097902e-01   5.624067e-23   6.478119e-05   5.725010e-24   144
  7.102908e-01   1.140297e-22   2.015951e-04   1.770359e-23   168
  7.113130e-01   1.471844e-22   2.268765e-04   2.232115e-23   159
  7.121109e-01   5.323014e-23   2.380480e-04   4.956191e-24   174
  7.128831e-01   7.407712e-23   2.158536e-04   8.309812e-24   144
  7.138943e-01   1.068410e-22   1.246398e-04   1.251522e-23   222
  7.145705e-01   7.201617e-23   1.257726e-04   9.383772e-24   168
  7.157386e-01   1.370086e-22   2.758677e-04   4.204460e-23   30
  7.162211e-01   3.236563e-23   2.435709e-04   4.208732e-24   72
  7.171298e-01   8.441347e-23   2.173841e-04   1.408452e-23   258
  7.181290e-01   7.176218e-23   1.361533e-04   6.065752e-24   264
  7.186286e-01   5.160915e-23   1.468278e-08   7.194907e-24   72
  7.196697e-01   6.152972e-23   2.698616e-04   9.768043e-24   174
  7.206123e-01   6.536693e-23   2.873527e-04   7.652590e-24   168
  7.213701e-01   4.299592e-23   8.991328e-09   1.123518e-23   48
  7.221837e-01   5.841863e-23   1.622748e-04   9.071926e-24   150
  7.231270e-01   7.047059e-23   2.985162e-04   6.376926e-24   168
  7.240729e-01   4.501400e-23   1.818422e-04   4.379656e-24   144
  7.249427e-01   1.144699e-22   1.698820e-04   1.979988e-23   102
  7.255906e-01   5.056196e-23   2.514545e-04   7.377738e-24   96
  7.266185e-01   2.906288e-23   2.495518e-04   3.485878e-24   120
  7.273797e-01   3.400675e-23   2.676508e-04   2.547948e-24   168
  7.282031e-01   7.455729e-23   1.976389e-04   8.575265e-24   126
  7.289046e-01   6.178615e-23   1.490593e-04   7.625877e-24   168
  7.298711e-01   2.743409e-23   2.390167e-04   3.169050e-24   72
  7.307158e-01   4.129021e-23   2.993022e-04   3.708963e-24   168
  7.314557e-01   4.582456e-23   8.205344e-05   7.721359e-24   78
  7.324696e-01   3.664074e-23   1.347256e-04   5.432420e-24   60
  7.332860e-01   6.899019e-23   2.185468e-04   1.007542e-23   96
  7.341327e-01   3.988596e-23   2.651884e-04   4.261820e-24   168
  7.349284e-01   3.191465e-23   1.678009e-04   5.781056e-24   86
  7.357634e-01   1.598774e-23   1.499742e-04   1.935705e-24   120
  7.369601e-01   2.635760e-23   1.069515e-04   2.416278e-24   168
  7.376055e-01   3.267125e-23   0.000000e+00   3.454871e-24   48
  7.384747e-01   7.351375e-23   1.948541e-04   1.294829e-23   120
  7.389742e-01   3.547488e-23   1.421539e-04   4.981623e-24   126
  7.401935e-01   3.781154e-23   2.500091e-04   3.443295e-24   96
  7.409848e-01   3.960721e-23   7.209028e-05   4.787004e-24   96
  7.416089e-01   3.657411e-23   8.477105e-09   7.357261e-24   72
  7.429385e-01   2.934000e-23   8.991328e-09   7.208157e-24   24
  7.437683e-01   2.342233e-23   1.483601e-04   3.347043e-24   120
  7.444157e-01   5.015678e-23   2.164118e-04   6.598486e-24   126
  7.451355e-01   1.200993e-23   1.804085e-04   1.605281e-24   96
  7.459766e-01   2.052120e-23   3.117986e-04   3.426806e-24   72
  7.469132e-01   2.560385e-23   1.348634e-04   2.293121e-24   144
  7.476836e-01   3.849793e-23   7.778603e-05   4.123058e-24   72
  7.484533e-01   4.089345e-23   1.553665e-04   1.282144e-23   54
  7.491306e-01   3.791025e-23   1.369149e-04   4.798289e-24   108
  7.505382e-01   3.372956e-23   1.342120e-04   3.978513e-24   72
  7.509765e-01   4.441730e-23   7.744493e-05   6.162499e-24   72
  7.520162e-01   1.717226e-23   1.557344e-08   4.456823e-24   24
  7.529998e-01   7.379609e-24   1.638381e-04   7.368584e-25   48
  7.535971e-01   1.813311e-23   1.248023e-04   2.745791e-24   102
  7.544963e-01   2.063176e-23   2.822510e-04   3.074803e-24   168
  7.556711e-01   1.466041e-23   1.539331e-04   1.875631e-24   72
  7.561064e-01   1.902058e-23   0.000000e+00   2.521064e-24   48
  7.570195e-01   2.205220e-23   2.647743e-04   2.253347e-24   120
  7.582245e-01   2.154832e-23   1.627091e-04   2.577115e-24   96
  7.593627e-01   3.406777e-23   1.438612e-08   9.383578e-24   30
  7.607153e-01   3.710163e-23   7.644796e-05   5.619533e-24   72
  7.613097e-01   3.683421e-23   8.991328e-09   1.299934e-23   24
  7.620733e-01   7.947834e-24   1.133148e-04   6.743208e-25   56
  7.629285e-01   7.040958e-24   1.617059e-04   7.778138e-25   96
  7.639519e-01   1.165397e-23   1.785629e-04   1.180406e-24   144
  7.647411e-01   1.809448e-23   1.013810e-04   6.460179e-24   54
  7.658874e-01   2.064850e-23   1.518795e-04   2.390490e-24   108
  7.670409e-01   4.064012e-23   8.041947e-05   4.927155e-24   48
  7.681392e-01   1.610477e-23   3.028050e-04   2.154816e-24   72
  7.707744e-01   2.110751e-23   2.000642e-04   3.497612e-24   78
  7.715046e-01   4.275129e-24   1.507735e-04   6.226976e-25   72
  7.723570e-01   6.410235e-24   1.505863e-04   8.284874e-25   72
  7.732482e-01   1.089280e-23   3.633813e-04   1.671734e-24   96
  7.739527e-01   9.925695e-24   1.502759e-04   1.471270e-24   72
  7.748024e-01   3.606225e-24   0.000000e+00   6.668229e-25   24
  7.756510e-01   1.711895e-23   2.998733e-04   1.861423e-24   72
  7.775680e-01   1.648329e-23   1.904287e-04   3.983468e-24   30
  7.779804e-01   1.097251e-23   0.000000e+00   2.461684e-24   24
  7.801973e-01   3.659303e-24   1.581267e-04   4.002556e-25   48
  7.808927e-01   9.603461e-24   3.402886e-04   2.562661e-24   120
  7.818296e-01   6.954294e-24   1.487821e-04   9.564874e-25   72
  7.827758e-01   1.040688e-23   1.486022e-04   1.818697e-24   36
  7.834261e-01   8.742286e-24   2.937071e-04   1.099475e-24   78
  7.852411e-01   2.218373e-23   1.571111e-04   2.608617e-24   48
  7.875942e-01   1.495115e-23   1.271566e-08   2.753556e-24   24
  7.892707e-01   1.908746e-24   1.094089e-04   2.616951e-25   56
  7.901149e-01   3.195907e-24   1.683597e-04   3.986290e-25   102
  7.911888e-01   5.981795e-24   1.198844e-08   8.526970e-25   72
  7.918122e-01   3.188913e-24   8.991328e-09   6.129227e-25   24
  7.929021e-01   9.433110e-24   1.555930e-04   1.811442e-24   48
  7.949223e-01   2.199154e-23   0.000000e+00   2.991935e-24   24
  7.974016e-01   1.291738e-23   0.000000e+00   3.659773e-24   6
  7.981748e-01   1.183882e-24   0.000000e+00   2.546787e-25   24
  7.986898e-01   1.821331e-24   1.456409e-04   1.639905e-25   72
  7.996307e-01   2.371292e-24   2.717068e-04   2.868744e-25   84
  8.006440e-01   7.453817e-24   0.000000e+00   1.450583e-24   24
  8.009521e-01   6.182583e-24   1.271566e-08   1.965297e-24   24
  8.024909e-01   5.545271e-24   1.557344e-08   1.418979e-24   24
  8.046403e-01   2.649482e-23   0.000000e+00   5.178656e-24   6
  8.073954e-01   7.386356e-25   1.528000e-04   1.297207e-25   48
  8.080572e-01   1.230730e-24   2.878503e-04   1.196411e-25   72
  8.089220e-01   1.688327e-24   1.525117e-04   2.651877e-25   48
  8.102934e-01   4.245869e-24   0.000000e+00   1.150915e-24   24
  8.121184e-01   3.421132e-24   0.000000e+00   9.696765e-25   6
  8.162097e-01   3.937772e-25   0.000000e+00   1.029057e-25   8
  8.165120e-01   4.089738e-25   8.991328e-09   6.437071e-26   48
  8.172369e-01   1.158546e-24   1.479045e-04   1.349732e-25   60
  8.183231e-01   2.179086e-24   0.000000e+00   6.673670e-25   24
  8.198293e-01   9.699479e-24   0.000000e+00   5.157311e-24   6
  8.253784e-01   1.334521e-25   0.000000e+00   1.838773e-26   24
  8.258266e-01   2.783959e-25   1.493898e-04   4.268594e-26   48
  8.265733e-01   8.764749e-25   0.000000e+00   1.207821e-25   24
  8.277664e-01   1.867075e-24   0.000000e+00   8.480068e-25   6
  8.345448e-01   1.203188e-25   1.393664e-04   2.810368e-26   36
  8.350375e-01   3.527116e-25   0.000000e+00   9.169491e-26   24
  8.359234e-01   4.200884e-25   0.000000e+00   6.793862e-26   6
  8.436361e-01   3.246244e-26   1.266552e-04   6.560704e-27   32
  8.442939e-01   3.136436e-25   0.000000e+00   1.501850e-25   6
  8.525822e-01   1.114965e-27   0.000000e+00   2.554650e-28   12
  8.528715e-01   8.459890e-26   0.000000e+00   3.211877e-26   6
  8.616502e-01   9.922562e-28   0.000000e+00   4.069062e-28   6
