# power spectrum of pi_k
# redshift z=99.196868
# k              Pk             sigma(k)       sigma(Pk)      count
  1.570796e-02   1.025169e-10   0.000000e+00   4.132279e-11   6
  2.221441e-02   4.660702e-11   0.000000e+00   9.303820e-12   12
  2.720699e-02   2.864785e-11   2.980232e-10   5.829721e-12   8
  3.141593e-02   8.054034e-11   0.000000e+00   8.666724e-12   6
  3.512407e-02   4.869301e-11   5.619580e-10   1.552290e-11   24
  3.847649e-02   6.190014e-11   5.619580e-10   1.042866e-11   24
  4.442883e-02   2.308035e-11   0.000000e+00   1.038842e-11   12
  4.712389e-02   2.507733e-11   6.357829e-10   4.619558e-12   30
  4.967294e-02   2.968725e-11   0.000000e+00   6.542515e-12   24
  5.209742e-02   2.589934e-11   9.733398e-10   6.420013e-12   24
  5.441398e-02   2.913845e-11   5.960464e-10   5.906446e-12   8
  5.663587e-02   2.389198e-11   7.947286e-10   2.968217e-12   24
  5.877382e-02   2.186666e-11   0.000000e+00   3.072853e-12   48
  6.283185e-02   2.465062e-11   0.000000e+00   1.083838e-11   6
  6.476559e-02   1.932656e-11   7.947286e-10   2.713800e-12   48
  6.664324e-02   1.754913e-11   7.492773e-10   1.825076e-12   36
  6.846942e-02   2.474074e-11   7.947286e-10   5.173491e-12   24
  7.024815e-02   1.421371e-11   1.123916e-09   2.446951e-12   24
  7.198293e-02   1.246237e-11   0.000000e+00   1.694722e-12   48
  7.367688e-02   1.893710e-11   1.123916e-09   2.695520e-12   24
  7.695299e-02   1.441448e-11   1.123916e-09   2.267390e-12   24
  7.853982e-02   9.624340e-12   0.000000e+00   1.575327e-12   30
  8.009521e-02   1.003602e-11   0.000000e+00   1.108460e-12   72
  8.162097e-02   9.553782e-12   1.192093e-09   1.945026e-12   32
  8.458997e-02   1.217344e-11   0.000000e+00   1.411989e-12   72
  8.603606e-02   7.236304e-12   0.000000e+00   1.057925e-12   48
  8.885766e-02   3.677681e-12   0.000000e+00   1.093958e-12   12
  9.023538e-02   7.109763e-12   0.000000e+00   1.066347e-12   48
  9.159238e-02   6.148491e-12   0.000000e+00   6.120430e-13   48
  9.292956e-02   7.987585e-12   1.123916e-09   1.007612e-12   48
  9.424778e-02   9.411067e-12   1.271566e-09   1.649718e-12   30
  9.554781e-02   8.157655e-12   0.000000e+00   1.834837e-12   24
  9.683039e-02   8.273510e-12   2.369423e-09   8.318296e-13   72
  9.934588e-02   4.722582e-12   0.000000e+00   8.964420e-13   24
  1.005800e-01   7.128567e-12   0.000000e+00   7.063074e-13   96
  1.017992e-01   5.414904e-12   0.000000e+00   7.190511e-13   48
  1.030040e-01   4.465793e-12   1.946680e-09   1.096966e-12   24
  1.041948e-01   3.192644e-12   1.946680e-09   6.556069e-13   24
  1.053722e-01   7.558508e-12   0.000000e+00   9.227808e-13   72
  1.065366e-01   5.587344e-12   0.000000e+00   8.601154e-13   48
  1.088280e-01   4.784174e-12   1.192093e-09   1.428119e-12   8
  1.099557e-01   6.941248e-12   1.412851e-09   8.283634e-13   54
  1.110721e-01   4.650189e-12   0.000000e+00   8.132885e-13   84
  1.121773e-01   5.065017e-12   0.000000e+00   7.266193e-13   48
  1.132717e-01   3.126945e-12   1.589457e-09   5.578127e-13   24
  1.143557e-01   4.129506e-12   2.119276e-09   4.900195e-13   72
  1.154295e-01   5.399285e-12   0.000000e+00   6.146241e-13   96
  1.175476e-01   7.260550e-12   0.000000e+00   7.918952e-13   48
  1.185925e-01   3.945212e-12   0.000000e+00   3.696950e-13   48
  1.196283e-01   3.401308e-12   0.000000e+00   6.617706e-13   24
  1.206552e-01   3.846883e-12   0.000000e+00   4.141902e-13   72
  1.226831e-01   3.949216e-12   0.000000e+00   4.673841e-13   72
  1.236846e-01   3.820782e-12   0.000000e+00   4.355136e-13   96
  1.256637e-01   5.167268e-12   0.000000e+00   2.270923e-12   6
  1.266416e-01   4.233158e-12   0.000000e+00   4.098269e-13   96
  1.276121e-01   4.312127e-12   1.589457e-09   4.608628e-13   96
  1.285752e-01   2.878842e-12   0.000000e+00   6.844922e-13   24
  1.295312e-01   3.168982e-12   1.589457e-09   3.948267e-13   48
  1.304801e-01   3.165450e-12   0.000000e+00   3.199526e-13   96
  1.314222e-01   3.664976e-12   0.000000e+00   4.937023e-13   48
  1.332865e-01   3.182358e-12   1.498555e-09   5.971952e-13   36
  1.342089e-01   3.168754e-12   2.753021e-09   4.000846e-13   48
  1.351250e-01   3.470748e-12   3.114687e-09   3.115501e-13   120
  1.360350e-01   3.079615e-12   0.000000e+00   4.066231e-13   56
  1.369388e-01   1.710562e-12   1.589457e-09   2.993102e-13   24
  1.378368e-01   2.450090e-12   0.000000e+00   2.180065e-13   96
  1.387290e-01   2.566922e-12   0.000000e+00   3.312406e-13   48
  1.404963e-01   3.042549e-12   2.247832e-09   5.643738e-13   24
  1.413717e-01   3.280522e-12   0.000000e+00   3.282365e-13   102
  1.422417e-01   3.342345e-12   1.589457e-09   5.038501e-13   48
  1.431064e-01   3.033213e-12   0.000000e+00   3.022087e-13   72
  1.439659e-01   2.732990e-12   0.000000e+00   2.760659e-13   48
  1.448203e-01   2.894113e-12   0.000000e+00   5.362028e-13   48
  1.456697e-01   2.444423e-12   3.596531e-09   2.148327e-13   120
  1.473538e-01   3.787638e-12   2.247832e-09   6.340113e-13   24
  1.481886e-01   2.164850e-12   2.119276e-09   1.821396e-13   144
  1.490188e-01   2.198031e-12   2.543132e-09   2.113320e-13   120
  1.498444e-01   1.688838e-12   2.247832e-09   2.366392e-13   48
  1.514821e-01   2.480654e-12   2.247832e-09   3.308283e-13   48
  1.522944e-01   2.000251e-12   2.247832e-09   2.087335e-13   96
  1.544390e-01   2.574332e-12   3.768959e-04   3.160812e-13   72
  1.555009e-01   1.868455e-12   1.998073e-09   1.426694e-13   108
  1.562923e-01   2.192923e-12   0.000000e+00   2.349666e-13   72
  1.570796e-01   1.315653e-12   0.000000e+00   2.447094e-13   30
  1.578631e-01   2.190692e-12   0.000000e+00   1.740741e-13   168
  1.586427e-01   2.138440e-12   0.000000e+00   2.333920e-13   48
  1.601904e-01   1.445565e-12   0.000000e+00   1.694012e-13   72
  1.609587e-01   1.876667e-12   0.000000e+00   1.808756e-13   96
  1.617234e-01   1.824378e-12   4.238553e-09   2.802380e-13   72
  1.624844e-01   2.123984e-12   0.000000e+00   2.252023e-13   72
  1.637639e-01   1.871963e-12   3.480039e-04   1.371479e-13   104
  1.647465e-01   1.764347e-12   2.997109e-09   1.286782e-13   144
  1.669779e-01   1.201753e-12   5.026305e-09   1.128918e-13   96
  1.677152e-01   1.317266e-12   0.000000e+00   1.361242e-13   96
  1.688876e-01   1.774795e-12   3.580185e-04   1.651133e-13   120
  1.699076e-01   1.462965e-12   0.000000e+00   1.330800e-13   120
  1.706322e-01   1.743027e-12   0.000000e+00   1.889300e-13   72
  1.720721e-01   1.715540e-12   0.000000e+00   2.272248e-13   48
  1.727876e-01   1.824954e-12   3.912510e-09   2.082291e-13   78
  1.737029e-01   1.880115e-12   3.205713e-04   1.486889e-13   168
  1.756204e-01   1.709620e-12   3.670694e-09   1.477098e-13   144
  1.763215e-01   1.754160e-12   2.997109e-09   1.251504e-13   144
  1.783549e-01   1.561561e-12   1.846233e-04   1.327869e-13   156
  1.790983e-01   1.133027e-12   3.893359e-09   2.110949e-13   48
  1.797859e-01   1.399376e-12   2.543132e-09   1.372733e-13   120
  1.804708e-01   1.000501e-12   0.000000e+00   1.053475e-13   48
  1.816818e-01   1.478360e-12   2.825996e-04   1.003455e-13   216
  1.831848e-01   1.302790e-12   0.000000e+00   1.608775e-13   48
  1.838570e-01   1.194350e-12   2.247832e-09   1.050630e-13   96
  1.848128e-01   1.357592e-12   3.302618e-04   1.192134e-13   168
  1.858591e-01   1.082106e-12   2.247832e-09   1.547808e-13   48
  1.865217e-01   1.420875e-12   0.000000e+00   1.417930e-13   96
  1.871820e-01   1.368273e-12   0.000000e+00   2.490641e-13   48
  1.884956e-01   1.575445e-12   2.543132e-09   1.569780e-13   30
  1.891489e-01   9.946322e-13   0.000000e+00   8.076746e-14   96
  1.899298e-01   1.222382e-12   2.595564e-04   8.283529e-14   240
  1.909339e-01   1.675273e-12   2.800239e-04   2.308286e-13   32
  1.917401e-01   9.467726e-13   0.000000e+00   7.016322e-14   168
  1.923825e-01   1.119565e-12   0.000000e+00   1.097464e-13   120
  1.936608e-01   8.789913e-13   4.738846e-09   9.878389e-14   72
  1.942968e-01   1.428913e-12   2.119276e-09   1.312648e-13   144
  1.949307e-01   1.019685e-12   0.000000e+00   1.043423e-13   96
  1.955626e-01   1.342210e-12   0.000000e+00   1.074487e-13   96
  1.968202e-01   1.300733e-12   0.000000e+00   1.568574e-13   72
  1.974460e-01   1.089494e-12   3.178914e-09   1.055742e-13   96
  1.986918e-01   1.044862e-12   0.000000e+00   1.924143e-13   24
  1.993117e-01   1.209558e-12   0.000000e+00   8.928679e-14   192
  2.000418e-01   1.139381e-12   2.376333e-04   8.401977e-14   132
  2.011601e-01   1.209272e-12   0.000000e+00   1.093278e-13   96
  2.017724e-01   8.807945e-13   0.000000e+00   8.878400e-14   96
  2.023829e-01   1.148497e-12   2.543132e-09   9.789323e-14   120
  2.035985e-01   1.200383e-12   0.000000e+00   1.648947e-13   48
  2.045948e-01   7.683940e-13   2.879924e-04   5.033675e-14   222
  2.054083e-01   9.900563e-13   0.000000e+00   9.374135e-14   120
  2.060080e-01   1.103949e-12   3.893359e-09   2.224509e-13   24
  2.068812e-01   1.144632e-12   2.972500e-04   6.056977e-14   312
  2.087838e-01   1.237873e-12   2.786838e-04   1.378821e-13   72
  2.095704e-01   8.567626e-13   3.893359e-09   1.155261e-13   96
  2.103781e-01   1.035846e-12   2.838009e-04   7.831139e-14   192
  2.113290e-01   9.613443e-13   3.596531e-09   9.751231e-14   120
  2.119120e-01   9.524560e-13   0.000000e+00   9.784271e-14   144
  2.130732e-01   8.405620e-13   0.000000e+00   1.203914e-13   48
  2.138985e-01   8.272167e-13   2.853717e-04   4.817031e-14   336
  2.148032e-01   9.293861e-13   0.000000e+00   1.271626e-13   48
  2.159488e-01   8.308232e-13   0.000000e+00   7.266688e-14   192
  2.165193e-01   8.953817e-13   0.000000e+00   1.094194e-13   48
  2.181411e-01   8.811417e-13   1.980854e-04   1.066806e-13   56
  2.189475e-01   8.512909e-13   2.544090e-04   4.709220e-14   336
  2.199115e-01   8.394919e-13   2.825702e-09   1.195308e-13   54
  2.207512e-01   7.571974e-13   2.794324e-04   4.649451e-14   240
  2.224945e-01   7.510293e-13   2.675587e-04   5.561765e-14   228
  2.232521e-01   8.893560e-13   2.997109e-09   1.135927e-13   72
  2.239875e-01   8.755006e-13   2.595385e-04   6.500954e-14   144
  2.249038e-01   7.059796e-13   0.000000e+00   6.889517e-14   96
  2.254517e-01   7.262602e-13   3.596531e-09   4.554503e-14   240
  2.265435e-01   6.518643e-13   3.178914e-09   1.252641e-13   24
  2.272424e-01   7.616469e-13   2.451321e-04   4.537463e-14   336
  2.281713e-01   7.148548e-13   0.000000e+00   8.414235e-14   72
  2.290193e-01   8.458620e-13   2.666265e-04   6.105140e-14   168
  2.297877e-01   5.532577e-13   0.000000e+00   4.896315e-14   72
  2.308590e-01   8.475243e-13   0.000000e+00   7.769146e-14   96
  2.316886e-01   7.213324e-13   2.646263e-04   5.131343e-14   216
  2.324566e-01   5.418459e-13   0.000000e+00   4.032657e-14   96
  2.335157e-01   6.567270e-13   3.178914e-09   4.418990e-14   192
  2.340434e-01   6.420721e-13   2.997109e-09   5.007651e-14   144
  2.350953e-01   6.783729e-13   0.000000e+00   8.784953e-14   48
  2.358236e-01   6.974196e-13   2.551309e-04   4.735127e-14   246
  2.368131e-01   8.505899e-13   2.352347e-04   6.587053e-14   168
  2.377046e-01   6.634729e-13   6.229375e-09   6.624419e-14   120
  2.382231e-01   5.524580e-13   0.000000e+00   3.775515e-14   240
  2.392566e-01   3.906075e-13   0.000000e+00   7.933703e-14   24
  2.400800e-01   6.274492e-13   2.517980e-04   3.917568e-14   360
  2.411056e-01   5.812785e-13   2.507265e-04   4.328435e-14   120
  2.418210e-01   6.832745e-13   0.000000e+00   5.487482e-14   144
  2.423307e-01   6.687066e-13   0.000000e+00   5.901911e-14   96
  2.438532e-01   6.371199e-13   0.000000e+00   5.116926e-14   144
  2.443586e-01   6.821529e-13   0.000000e+00   5.824965e-14   132
  2.450688e-01   6.186427e-13   2.474633e-04   4.530114e-14   176
  2.460999e-01   6.097467e-13   2.498881e-04   3.100518e-14   312
  2.473693e-01   8.602173e-13   0.000000e+00   1.308842e-13   96
  2.478675e-01   5.802148e-13   0.000000e+00   5.062615e-14   144
  2.486319e-01   6.088827e-13   2.473817e-04   3.382366e-14   312
  2.498505e-01   7.123346e-13   0.000000e+00   7.061851e-14   48
  2.503437e-01   5.305245e-13   3.178914e-09   3.957903e-14   192
  2.513274e-01   1.759495e-13   0.000000e+00   5.422710e-14   6
  2.519810e-01   5.069512e-13   2.307253e-04   2.790617e-14   288
  2.530395e-01   4.890502e-13   2.437763e-04   3.472243e-14   192
  2.537699e-01   4.662685e-13   7.476104e-09   2.984458e-14   216
  2.542556e-01   5.860344e-13   0.000000e+00   7.952730e-14   72
  2.554657e-01   4.775927e-13   2.414611e-04   3.682224e-14   192
  2.562693e-01   6.225902e-13   1.792979e-04   3.677911e-14   288
  2.571504e-01   5.338099e-13   0.000000e+00   1.030519e-13   24
  2.578312e-01   5.729853e-13   2.362101e-04   2.478927e-14   456
  2.590624e-01   3.633953e-13   0.000000e+00   5.343031e-14   48
  2.598231e-01   5.184332e-13   2.326575e-04   3.798887e-14   240
  2.606974e-01   5.807070e-13   2.351266e-04   3.703254e-14   216
  2.614326e-01   4.562284e-13   0.000000e+00   5.595549e-14   72
  2.619041e-01   4.730821e-13   8.123736e-09   3.730757e-14   168
  2.632353e-01   5.483858e-13   1.747662e-04   3.320523e-14   288
  2.639818e-01   5.353131e-13   2.312456e-04   3.673056e-14   168
  2.651809e-01   6.039886e-13   0.000000e+00   4.175515e-14   192
  2.656458e-01   4.836213e-13   2.997109e-09   3.435108e-14   144
  2.665730e-01   5.943066e-13   2.997109e-09   7.381324e-14   36
  2.673593e-01   4.015873e-13   2.111764e-04   2.056626e-14   342
  2.681111e-01   4.748621e-13   2.168525e-04   3.596930e-14   144
  2.690776e-01   4.506990e-13   2.274240e-04   2.312828e-14   384
  2.702500e-01   5.273129e-13   6.229375e-09   4.797907e-14   120
  2.708303e-01   5.281719e-13   2.027960e-04   3.275346e-14   264
  2.716161e-01   4.503941e-13   1.005261e-08   3.281695e-14   192
  2.723561e-01   4.946096e-13   2.185515e-04   3.772236e-14   152
  2.729753e-01   4.501186e-13   5.994218e-09   4.062760e-14   144
  2.742778e-01   3.758784e-13   1.414487e-04   2.749697e-14   216
  2.748807e-01   4.843152e-13   1.890132e-04   2.642028e-14   312
  2.759419e-01   4.154786e-13   2.190625e-04   2.307877e-14   240
  2.765672e-01   5.000428e-13   3.178914e-09   5.174666e-14   96
  2.777541e-01   4.511917e-13   2.094396e-04   3.636007e-14   144
  2.784857e-01   4.301225e-13   2.058607e-04   2.073517e-14   456
  2.796723e-01   3.434871e-13   0.000000e+00   2.242809e-14   120
  2.801131e-01   3.727491e-13   0.000000e+00   3.422937e-14   144
  2.809926e-01   2.781064e-13   4.495664e-09   4.594309e-14   24
  2.815564e-01   4.286656e-13   1.978798e-04   2.162944e-14   336
  2.825316e-01   3.995945e-13   2.182345e-04   3.141562e-14   198
  2.834454e-01   3.936045e-13   2.122205e-04   2.059154e-14   432
  2.844833e-01   4.076294e-13   6.357829e-09   4.143475e-14   48
  2.850248e-01   4.548509e-13   1.873540e-04   2.348046e-14   384
  2.859970e-01   4.345669e-13   2.156842e-04   3.572235e-14   144
  2.868780e-01   4.217712e-13   2.141460e-04   2.419480e-14   264
  2.879317e-01   3.375381e-13   0.000000e+00   3.243052e-14   48
  2.886387e-01   3.942352e-13   2.036179e-04   2.377309e-14   276
  2.893208e-01   3.498089e-13   1.845741e-04   2.879359e-14   192
  2.902325e-01   3.679168e-13   2.074207e-04   1.544943e-14   552
  2.913393e-01   2.573079e-13   5.086263e-09   2.256443e-14   120
  2.919972e-01   4.012889e-13   2.099609e-04   2.704637e-14   216
  2.926069e-01   3.531133e-13   5.086263e-09   2.767601e-14   120
  2.936961e-01   4.062065e-13   2.067600e-04   2.075454e-14   408
  2.947075e-01   3.753083e-13   4.495664e-09   5.023405e-14   24
  2.953347e-01   3.275564e-13   2.088648e-04   1.836493e-14   384
  2.962106e-01   3.240805e-13   2.040684e-04   2.242236e-14   240
  2.969712e-01   3.154221e-13   2.055628e-04   2.144736e-14   168
  2.980376e-01   2.824175e-13   0.000000e+00   2.731735e-14   120
  2.987251e-01   3.411234e-13   2.142884e-04   1.725019e-14   350
  2.998430e-01   3.369499e-13   3.527601e-04   1.761159e-14   384
  3.005110e-01   3.626771e-13   0.000000e+00   3.256979e-14   144
  3.017401e-01   2.875623e-13   4.238553e-09   1.666594e-14   288
  3.023819e-01   2.983526e-13   2.019242e-04   1.427646e-14   336
  3.032549e-01   3.620337e-13   1.838353e-04   2.652852e-14   168
  3.037776e-01   3.185392e-13   1.204945e-08   1.880898e-14   336
  3.048586e-01   2.851340e-13   1.908100e-04   1.749657e-14   288
  3.055078e-01   2.903439e-13   1.797918e-04   1.771445e-14   264
  3.066072e-01   3.154915e-13   0.000000e+00   1.959164e-14   240
  3.070093e-01   3.095337e-13   0.000000e+00   2.577630e-14   96
  3.084525e-01   3.350219e-13   2.445048e-04   1.696714e-14   360
  3.091260e-01   3.260176e-13   1.802420e-04   2.729946e-14   168
  3.099770e-01   3.159858e-13   1.964825e-04   1.391489e-14   456
  3.110018e-01   2.887742e-13   5.651403e-09   2.601328e-14   108
  3.115782e-01   3.030134e-13   1.971449e-04   2.182059e-14   264
  3.122973e-01   2.838212e-13   1.758853e-04   1.797797e-14   264
  3.132820e-01   3.224915e-13   1.659735e-04   1.949881e-14   312
  3.145081e-01   3.150500e-13   1.233364e-04   2.006481e-14   270
  3.150220e-01   2.878081e-13   1.565911e-04   1.967944e-14   240
  3.159458e-01   2.933941e-13   1.937229e-04   1.420119e-14   384
  3.165067e-01   2.522221e-13   6.357829e-09   1.681969e-14   192
  3.175962e-01   3.053292e-13   1.554368e-04   2.154070e-14   240
  3.182281e-01   2.847245e-13   1.918342e-04   1.519217e-14   336
  3.194167e-01   2.948399e-13   1.931178e-04   1.313392e-14   480
  3.203808e-01   2.946104e-13   4.238553e-09   3.448514e-14   72
  3.209194e-01   3.000581e-13   1.883074e-04   1.877320e-14   240
  3.216520e-01   2.664577e-13   1.769831e-04   1.553303e-14   312
  3.224917e-01   2.535533e-13   1.912763e-04   1.758232e-14   240
  3.237607e-01   2.768714e-13   1.453205e-04   1.343680e-14   408
  3.242630e-01   2.601000e-13   1.330785e-04   1.493213e-14   336
  3.252448e-01   2.733306e-13   1.689770e-04   1.948474e-14   264
  3.257273e-01   3.302512e-13   0.000000e+00   2.745661e-14   144
  3.270696e-01   2.681392e-13   2.342121e-04   1.268335e-14   464
  3.277768e-01   2.067706e-13   1.862466e-04   1.477901e-14   168
  3.284751e-01   3.301691e-13   1.696301e-04   1.745524e-14   336
  3.297371e-01   2.562783e-13   1.782296e-04   1.291659e-14   414
  3.304484e-01   2.850643e-13   1.855264e-04   1.784644e-14   216
  3.313598e-01   2.540671e-13   4.495664e-09   2.522054e-14   96
  3.317320e-01   2.510406e-13   1.101208e-08   1.132306e-14   384
  3.330355e-01   2.654535e-13   1.851680e-04   1.314544e-14   492
  3.337341e-01   2.073508e-13   1.810784e-04   1.259213e-14   240
  3.345237e-01   2.098983e-13   1.838580e-04   1.197507e-14   312
  3.356141e-01   2.574909e-13   1.837975e-04   2.033275e-14   192
  3.363048e-01   2.528065e-13   1.781220e-04   1.144250e-14   504
  3.372212e-01   2.404140e-13   1.179198e-04   1.209568e-14   408
  3.379427e-01   2.758199e-13   3.612619e-04   2.157226e-14   168
  3.388456e-01   2.178057e-13   1.716026e-04   1.392242e-14   288
  3.396033e-01   2.245557e-13   1.790820e-04   1.499274e-14   288
  3.403794e-01   2.441653e-13   1.801128e-04   1.192206e-14   432
  3.415052e-01   2.551980e-13   1.703267e-04   1.707337e-14   216
  3.421068e-01   2.356055e-13   1.699674e-04   1.117472e-14   360
  3.431777e-01   2.502529e-13   1.658865e-04   1.409668e-14   312
  3.441442e-01   2.639895e-13   0.000000e+00   4.171029e-14   48
  3.447014e-01   2.284576e-13   1.778543e-04   1.133806e-14   432
  3.456992e-01   2.135556e-13   2.966627e-04   9.953084e-15   414
  3.462885e-01   2.168905e-13   6.776666e-09   1.207188e-14   312
  3.473878e-01   2.348048e-13   2.603051e-04   9.878694e-15   528
  3.481296e-01   2.335987e-13   1.366381e-04   1.454564e-14   264
  3.490209e-01   2.112029e-13   1.620153e-04   1.043053e-14   480
  3.501854e-01   2.162423e-13   0.000000e+00   1.144110e-14   288
  3.506883e-01   2.253817e-13   1.740804e-04   1.840980e-14   168
  3.516084e-01   2.183499e-13   2.755688e-04   9.111881e-15   504
  3.526429e-01   2.353036e-13   4.238553e-09   1.675566e-14   144
  3.532937e-01   2.044943e-13   1.769812e-04   9.386653e-15   464
  3.542716e-01   1.834076e-13   2.597299e-04   8.596649e-15   432
  3.547358e-01   2.391508e-13   4.495664e-09   1.664153e-14   192
  3.559351e-01   1.939437e-13   1.925466e-04   8.646242e-15   396
  3.566434e-01   2.057090e-13   1.729600e-04   1.230854e-14   288
  3.573592e-01   2.088399e-13   1.708549e-04   1.137456e-14   336
  3.585027e-01   1.929007e-13   1.081887e-04   8.351727e-15   432
  3.592283e-01   2.065333e-13   2.804101e-04   1.013588e-14   360
  3.600431e-01   2.039539e-13   1.658667e-04   9.791126e-15   384
  3.612003e-01   1.698132e-13   1.464092e-04   1.307113e-14   198
  3.617579e-01   1.966120e-13   1.664197e-04   7.521607e-15   552
  3.627976e-01   1.619506e-13   2.329761e-04   8.530691e-15   432
  3.636656e-01   2.119050e-13   8.899106e-09   1.593970e-14   168
  3.643942e-01   1.941044e-13   2.888052e-04   8.649138e-15   480
  3.653579e-01   1.448561e-13   0.000000e+00   1.314901e-14   120
  3.657917e-01   1.780987e-13   2.358836e-04   1.071181e-14   336
  3.668502e-01   1.934801e-13   1.664122e-04   6.766857e-15   672
  3.678969e-01   1.901265e-13   2.420693e-04   8.589686e-15   528
  3.683844e-01   1.796534e-13   7.266090e-09   1.143150e-14   168
  3.695106e-01   1.858372e-13   2.700266e-04   8.141715e-15   456
  3.701979e-01   2.059608e-13   1.649075e-04   1.837100e-14   168
  3.709113e-01   1.881585e-13   1.646115e-04   9.128299e-15   504
  3.720973e-01   1.770847e-13   2.118297e-04   9.820025e-15   336
  3.728144e-01   1.997389e-13   1.527042e-04   1.101046e-14   312
  3.736099e-01   1.878032e-13   1.492023e-04   8.232807e-15   504
  3.746568e-01   1.781207e-13   1.035207e-04   7.542607e-15   432
  3.751490e-01   1.621171e-13   1.599738e-04   9.332749e-15   312
  3.761721e-01   1.693276e-13   1.639809e-04   7.765020e-15   384
  3.772403e-01   1.922098e-13   1.393208e-04   1.777364e-14   126
  3.778999e-01   1.746216e-13   2.446141e-04   8.716168e-15   492
  3.787423e-01   1.774406e-13   1.566756e-04   7.280639e-15   528
  3.797950e-01   1.667225e-13   1.591488e-04   7.205075e-15   480
  3.804477e-01   1.756353e-13   2.198632e-04   8.122958e-15   432
  3.813922e-01   1.839939e-13   1.728933e-04   8.309795e-15   440
  3.824891e-01   1.617674e-13   8.597912e-05   9.325848e-15   312
  3.829007e-01   1.772012e-13   1.288469e-04   9.654964e-15   480
  3.837450e-01   1.611107e-13   2.522797e-04   8.312251e-15   408
  3.849786e-01   1.609162e-13   1.510870e-04   7.991436e-15   360
  3.854998e-01   1.569709e-13   1.457935e-04   7.822604e-15   408
  3.864656e-01   1.575870e-13   1.483633e-04   7.131298e-15   456
  3.875531e-01   1.666435e-13   1.417988e-04   9.831202e-15   264
  3.881567e-01   1.519837e-13   1.538873e-04   8.136654e-15   384
  3.890354e-01   1.600712e-13   2.590801e-04   6.290843e-15   672
  3.900512e-01   1.534543e-13   1.549634e-04   1.002210e-14   240
  3.906373e-01   1.608181e-13   1.572490e-04   9.315174e-15   264
  3.914646e-01   1.399497e-13   1.939407e-04   6.025253e-15   624
  3.926991e-01   1.718218e-13   0.000000e+00   1.323635e-14   150
  3.931386e-01   1.621886e-13   2.173259e-04   7.114501e-15   600
  3.940655e-01   1.388524e-13   1.499928e-04   5.796010e-15   672
  3.951151e-01   1.516835e-13   1.410788e-04   8.823228e-15   336
  3.956998e-01   1.529535e-13   1.534526e-04   7.651745e-15   408
  3.966340e-01   1.419608e-13   1.530911e-04   6.989840e-15   408
  3.976732e-01   1.344224e-13   7.741108e-05   6.872877e-15   360
  3.983137e-01   1.510566e-13   2.842286e-04   7.027810e-15   456
  3.990874e-01   1.388957e-13   1.545652e-04   6.274495e-15   384
  4.000722e-01   1.662244e-13   1.426833e-04   8.321374e-15   348
  4.006044e-01   1.416443e-13   1.759003e-04   5.889633e-15   576
  4.016040e-01   1.456482e-13   1.448308e-04   6.711063e-15   504
  4.026266e-01   1.409452e-13   2.042754e-04   6.450133e-15   432
  4.035193e-01   1.290960e-13   2.779157e-04   5.130287e-15   576
  4.041559e-01   1.382399e-13   0.000000e+00   7.997844e-15   264
  4.051657e-01   1.391677e-13   2.211515e-04   4.809743e-15   768
  4.060439e-01   1.639425e-13   2.977401e-04   1.098695e-14   240
  4.067421e-01   1.312278e-13   2.625786e-04   1.002565e-14   192
  4.077592e-01   1.307064e-13   1.932899e-04   5.444719e-15   504
  4.085134e-01   1.226173e-13   2.604655e-04   5.049804e-15   590
  4.092368e-01   1.265165e-13   2.918373e-04   6.256262e-15   384
  4.101438e-01   1.326300e-13   2.438900e-04   5.948706e-15   504
  4.112389e-01   1.389616e-13   2.347064e-04   5.101979e-15   648
  4.123011e-01   1.319053e-13   6.374317e-05   5.734562e-15   504
  4.127294e-01   1.359595e-13   1.454101e-04   6.974504e-15   312
  4.134855e-01   1.177238e-13   2.095003e-04   4.460917e-15   576
  4.145236e-01   1.243012e-13   1.457924e-04   7.788335e-15   240
  4.151287e-01   1.212437e-13   1.473162e-04   4.923531e-15   552
  4.159853e-01   1.319459e-13   1.383265e-04   5.241488e-15   600
  4.172054e-01   1.220973e-13   1.689549e-04   4.444648e-15   600
  4.179389e-01   1.340082e-13   2.705679e-04   7.904000e-15   312
  4.186695e-01   1.305543e-13   2.356379e-04   5.726197e-15   480
  4.195820e-01   1.337809e-13   1.470154e-04   5.413586e-15   576
  4.203854e-01   1.273342e-13   2.367268e-04   6.433814e-15   408
  4.210983e-01   1.284475e-13   2.761527e-04   7.932726e-15   216
  4.220194e-01   1.063473e-13   2.115019e-04   4.761937e-15   516
  4.230063e-01   1.273991e-13   2.017943e-04   4.991672e-15   744
  4.240243e-01   1.179999e-13   1.347808e-04   5.433102e-15   462
  4.245995e-01   1.265852e-13   1.369852e-04   6.173038e-15   432
  4.254918e-01   1.265387e-13   1.270838e-04   4.482017e-15   648
  4.265409e-01   1.274903e-13   1.859472e-04   5.259905e-15   528
  4.273836e-01   1.081815e-13   2.239269e-04   4.518859e-15   600
  4.282256e-01   1.077291e-13   2.823132e-04   8.173010e-15   240
  4.290411e-01   1.101898e-13   2.162492e-04   3.993593e-15   720
  4.299890e-01   1.245561e-13   1.710922e-04   4.396538e-15   720
  4.310398e-01   1.016414e-13   0.000000e+00   7.482229e-15   144
  4.315927e-01   1.064948e-13   2.205891e-04   3.807447e-15   720
  4.323793e-01   1.297158e-13   1.322696e-04   7.072350e-15   384
  4.333641e-01   1.112952e-13   1.466278e-04   4.291038e-15   672
  4.342984e-01   1.119391e-13   2.567292e-04   5.856572e-15   336
  4.347447e-01   1.253346e-13   0.000000e+00   7.640391e-15   288
  4.358374e-01   1.078695e-13   2.031840e-04   3.752880e-15   776
  4.368489e-01   1.182464e-13   1.738547e-04   4.482698e-15   720
  4.376985e-01   1.131697e-13   1.400528e-04   5.852236e-15   432
  4.383780e-01   1.091275e-13   1.996629e-04   5.818557e-15   504
  4.391339e-01   1.030215e-13   1.398922e-04   4.564312e-15   528
  4.401917e-01   1.088056e-13   1.905949e-04   5.045520e-15   438
  4.410618e-01   9.827096e-14   2.218350e-04   3.954837e-15   624
  4.417176e-01   1.147917e-13   2.717180e-04   6.234489e-15   312
  4.426191e-01   1.072086e-13   1.463948e-04   3.838671e-15   696
  4.435512e-01   1.031223e-13   1.324608e-04   4.375911e-15   552
  4.445207e-01   9.578101e-14   1.024805e-04   3.917286e-15   516
  4.451205e-01   9.996295e-14   2.046970e-04   4.083438e-15   528
  4.458506e-01   1.003542e-13   1.331200e-04   4.657064e-15   528
  4.468878e-01   1.007330e-13   1.755583e-04   3.555429e-15   864
  4.475918e-01   8.995574e-14   2.404788e-04   4.187792e-15   408
  4.482965e-01   9.856164e-14   2.382549e-04   6.602756e-15   192
  4.492953e-01   1.020790e-13   1.971674e-04   3.746752e-15   720
  4.501385e-01   8.949211e-14   1.817980e-04   3.171791e-15   696
  4.511404e-01   1.004765e-13   1.963435e-04   3.609968e-15   720
  4.520570e-01   9.433101e-14   2.661201e-04   4.495983e-15   432
  4.525916e-01   8.850497e-14   1.566487e-04   5.390570e-15   264
  4.535534e-01   9.892662e-14   2.163249e-04   3.622284e-15   672
  4.544137e-01   9.684037e-14   2.214835e-04   3.845146e-15   600
  4.554346e-01   9.491024e-14   1.296784e-04   6.061200e-15   270
  4.559493e-01   9.443566e-14   1.952021e-04   4.192247e-15   528
  4.567673e-01   1.036126e-13   1.336675e-04   3.917123e-15   840
  4.578890e-01   9.659586e-14   2.555961e-04   3.345282e-15   888
  4.589254e-01   9.367981e-14   1.904380e-04   3.646936e-15   744
  4.598014e-01   1.023546e-13   9.785730e-05   5.047058e-15   456
  4.602370e-01   8.822628e-14   1.337280e-04   4.183888e-15   360
  4.609825e-01   9.118288e-14   1.158678e-04   4.276280e-15   384
  4.621264e-01   9.645397e-14   1.858509e-04   3.435648e-15   816
  4.629847e-01   9.576651e-14   2.696437e-04   3.218743e-15   824
  4.640279e-01   9.283848e-14   1.253432e-04   5.062445e-15   360
  4.645865e-01   1.050089e-13   1.849595e-04   4.291248e-15   624
  4.653553e-01   8.146752e-14   1.249856e-04   3.980448e-15   360
  4.663795e-01   9.222433e-14   1.700172e-04   3.045516e-15   876
  4.673045e-01   8.620393e-14   2.019296e-04   3.550382e-15   696
  4.682373e-01   9.686529e-14   1.303928e-04   5.194503e-15   336
  4.687264e-01   9.598998e-14   1.302463e-04   4.456799e-15   504
  4.695341e-01   8.925821e-14   1.313750e-04   3.244709e-15   672
  4.707324e-01   8.315454e-14   2.615370e-04   3.081538e-15   720
  4.715635e-01   8.118180e-14   1.975633e-04   3.221164e-15   774
  4.724808e-01   8.791306e-14   1.130801e-04   4.198053e-15   384
  4.729612e-01   8.682748e-14   2.176147e-04   3.832400e-15   528
  4.737068e-01   8.814416e-14   2.073989e-04   3.159607e-15   744
  4.749062e-01   8.901525e-14   1.710601e-04   3.155836e-15   768
  4.757025e-01   8.635815e-14   1.920278e-04   3.576816e-15   552
  4.766960e-01   8.051029e-14   2.092886e-04   3.068000e-15   696
  4.774351e-01   8.932062e-14   2.543221e-04   4.687135e-15   408
  4.780218e-01   8.264638e-14   1.098692e-04   3.720672e-15   504
  4.789519e-01   8.019161e-14   1.973758e-04   2.848242e-15   888
  4.798671e-01   7.752710e-14   2.051305e-04   3.041071e-15   648
  4.808184e-01   7.948880e-14   2.033722e-04   3.295616e-15   648
  4.817134e-01   8.194417e-14   2.192851e-04   2.883329e-15   792
  4.826614e-01   7.889982e-14   3.208291e-04   3.206209e-15   600
  4.833600e-01   7.647618e-14   2.174285e-04   3.633842e-15   456
  4.840953e-01   8.254915e-14   1.059654e-04   3.177560e-15   648
  4.850397e-01   7.603668e-14   2.066479e-04   2.417759e-15   936
  4.860593e-01   7.689046e-14   1.269084e-04   3.655209e-15   384
  4.869469e-01   2.035664e-41   0.000000e+00   7.953987e-42   198
  4.876318e-01   3.980485e-41   3.219776e-04   6.041991e-42   1224
  4.883707e-01   5.732945e-41   2.344988e-04   1.474331e-41   420
  4.892446e-01   1.693365e-41   2.269458e-04   1.845162e-42   792
  4.900991e-01   9.976667e-42   1.876648e-04   7.977757e-43   680
  4.910742e-01   1.744721e-41   1.723226e-04   2.091983e-42   600
  4.918588e-01   1.095058e-41   2.499151e-04   6.876980e-43   840
  4.929064e-01   3.077885e-41   1.179983e-04   9.494388e-42   432
  4.933067e-01   1.774418e-41   1.105800e-04   1.708662e-42   720
  4.941771e-01   9.066639e-42   2.214723e-04   5.183634e-43   960
  4.952596e-01   7.447289e-42   1.974263e-04   4.354511e-43   528
  4.960507e-01   1.226275e-41   2.018074e-04   1.433264e-42   624
  4.969923e-01   1.295144e-41   1.586192e-04   1.103298e-42   816
  4.979269e-01   6.570976e-42   2.608527e-04   3.529141e-43   696
  4.989597e-01   1.078032e-41   1.438612e-08   1.119048e-42   240
  4.993481e-01   1.815469e-41   1.538310e-04   2.081908e-42   672
  5.002149e-01   1.027304e-41   2.749181e-04   6.839203e-43   864
  5.011872e-01   1.021897e-41   2.109550e-04   7.736523e-43   816
  5.020636e-01   1.098792e-41   1.207434e-04   9.160027e-43   648
  5.030076e-01   4.686384e-41   1.234217e-04   1.870706e-41   843
  5.038089e-01   4.629957e-41   2.220660e-04   1.987342e-41   780
  5.047639e-01   2.124720e-41   1.191565e-04   5.696796e-42   216
  5.053529e-01   1.222340e-41   2.873328e-04   1.264397e-42   1056
  5.062588e-01   3.110010e-41   2.350705e-04   7.316941e-42   228
  5.070976e-01   1.741735e-41   2.926687e-04   1.997183e-42   924
  5.079587e-01   9.929506e-42   1.085637e-04   8.245272e-43   696
  5.088706e-01   8.616499e-42   1.932122e-04   5.667555e-43   996
  5.098035e-01   1.078042e-41   1.140687e-04   9.529684e-43   576
  5.107740e-01   9.939980e-42   1.760574e-04   6.877199e-43   552
  5.114815e-01   1.745151e-41   2.102064e-04   2.693148e-42   516
  5.121995e-01   1.072922e-41   3.056837e-04   7.315499e-43   744
  5.130199e-01   1.247892e-41   1.499561e-04   1.422313e-42   576
  5.137336e-01   1.110191e-41   1.543428e-04   1.049674e-42   792
  5.147477e-01   1.448130e-41   1.764424e-04   1.637171e-42   792
  5.154909e-01   1.245481e-41   1.902913e-04   1.015113e-42   720
  5.164960e-01   1.689345e-41   2.168883e-04   2.416743e-42   656
  5.174379e-01   8.807511e-42   2.368308e-04   6.085948e-43   816
  5.184034e-01   1.319967e-41   1.276952e-04   1.259142e-42   492
  5.189522e-01   7.555688e-42   1.836985e-04   3.546136e-43   552
  5.199822e-01   1.618709e-41   3.194294e-04   2.715384e-42   780
  5.206511e-01   1.199010e-41   1.962217e-04   1.296176e-42   528
  5.213718e-01   1.061706e-41   2.290504e-04   6.521303e-43   600
  5.224340e-01   2.030067e-41   1.903590e-04   2.374167e-42   900
  5.231662e-01   1.314175e-41   1.053860e-04   9.798731e-43   696
  5.241734e-01   8.053196e-42   2.664725e-04   4.179093e-43   696
  5.251479e-01   8.684854e-42   1.081054e-04   6.489198e-43   552
  5.259673e-01   8.702083e-42   1.257166e-04   4.118756e-43   708
  5.268258e-01   1.317813e-41   2.075652e-04   1.358986e-42   876
  5.277190e-01   1.897117e-41   1.102130e-04   2.527577e-42   216
  5.283184e-01   1.658607e-41   3.014475e-04   1.422995e-42   1032
  5.292161e-01   1.266401e-41   3.356286e-04   1.289720e-42   600
  5.301478e-01   8.233171e-42   1.601495e-04   3.987210e-43   600
  5.308585e-01   8.054539e-42   2.828090e-04   4.063254e-43   528
  5.316987e-01   1.668604e-41   1.552497e-04   3.644532e-42   732
  5.325837e-01   1.037959e-41   1.146378e-04   8.486363e-43   336
  5.336024e-01   1.106076e-41   1.633817e-04   7.782705e-43   912
  5.343638e-01   2.480488e-41   1.639857e-04   5.419193e-42   624
  5.351957e-01   1.221497e-41   1.381873e-04   7.590089e-43   768
  5.361666e-01   1.036859e-41   2.493171e-04   5.904190e-43   792
  5.371196e-01   1.649675e-41   1.236011e-04   3.059630e-42   660
  5.377977e-01   1.185988e-41   1.821461e-04   7.361084e-43   504
  5.384990e-01   8.749198e-42   2.975919e-04   5.692404e-43   480
  5.395501e-01   8.136369e-42   2.752337e-04   3.137524e-43   912
  5.403731e-01   2.326006e-41   3.065154e-04   5.203606e-42   432
  5.411504e-01   1.435715e-41   1.820016e-04   1.202562e-42   564
  5.418405e-01   1.744830e-41   1.742006e-04   2.251410e-42   600
  5.428119e-01   1.315900e-41   2.428192e-04   1.286665e-42   876
  5.435417e-01   9.164618e-42   1.091788e-04   6.652038e-43   264
  5.445477e-01   1.851382e-41   2.118499e-04   2.282179e-42   560
  5.453563e-01   1.165450e-41   1.439565e-04   6.763972e-43   840
  5.463378e-01   9.361055e-42   2.219395e-04   3.501464e-43   1008
  5.472454e-01   1.055989e-41   9.928084e-05   6.944845e-43   456
  5.480744e-01   2.805952e-41   1.286043e-04   5.223449e-42   576
  5.488407e-01   2.130542e-41   1.976142e-04   4.099348e-42   612
  5.498512e-01   1.609981e-41   1.765015e-04   1.257963e-42   780
  5.506755e-01   1.022584e-41   2.022627e-04   6.540025e-43   648
  5.515194e-01   1.082712e-41   9.425702e-05   7.038630e-43   312
  5.520587e-01   9.587124e-42   2.394916e-04   6.649448e-43   528
  5.529931e-01   1.050885e-41   3.127641e-04   8.793118e-43   720
  5.538866e-01   1.208580e-41   3.137436e-04   7.422278e-43   576
  5.549699e-01   1.946831e-41   2.706443e-04   7.134440e-42   444
  5.556439e-01   1.808371e-41   2.654148e-04   1.603956e-42   996
  5.564699e-01   1.434797e-41   2.217012e-04   1.309250e-42   432
  5.572506e-01   1.384059e-41   2.427192e-04   1.337957e-42   504
  5.579250e-01   1.366526e-41   1.094306e-04   1.286689e-42   504
  5.588852e-01   1.195792e-41   2.153608e-04   8.506468e-43   876
  5.597541e-01   1.214651e-41   2.478597e-04   8.512020e-43   504
  5.606589e-01   9.049347e-42   1.580720e-04   3.869030e-43   696
  5.614066e-01   1.803693e-41   1.351349e-04   4.563449e-42   492
  5.624240e-01   1.340591e-41   1.934522e-04   1.336344e-42   432
  5.631776e-01   1.438956e-41   1.811468e-04   1.330511e-42   768
  5.640708e-01   1.170401e-41   2.256427e-04   5.711764e-43   648
  5.649237e-01   9.019348e-42   1.472076e-04   5.002358e-43   456
  5.659038e-01   1.109147e-41   2.024344e-04   5.795883e-43   552
  5.665845e-01   2.000257e-41   1.387487e-04   1.871430e-42   648
  5.675213e-01   1.391214e-41   2.261525e-04   1.412623e-42   840
  5.684363e-01   1.099986e-41   1.078474e-04   6.062724e-43   432
  5.693524e-01   2.225666e-41   1.320946e-04   3.566787e-42   600
  5.699896e-01   1.732926e-41   1.407382e-04   1.394778e-42   432
  5.710598e-01   1.681555e-41   1.401185e-04   1.969527e-42   560
  5.717846e-01   1.464196e-41   2.217929e-04   1.358147e-42   840
  5.726922e-01   1.231459e-41   1.313712e-04   6.661780e-43   504
  5.734129e-01   1.192104e-41   2.681208e-04   4.672140e-43   696
  5.744289e-01   1.145050e-41   1.464380e-04   6.973884e-43   384
  5.752203e-01   1.254082e-41   2.145144e-04   1.239783e-42   576
  5.761776e-01   1.289903e-41   1.323876e-04   1.008760e-42   360
  5.769491e-01   1.348055e-41   1.971572e-04   9.742858e-43   828
  5.777814e-01   1.877334e-41   1.756051e-04   2.025921e-42   372
  5.785440e-01   1.405160e-41   2.681827e-04   8.938963e-43   576
  5.795542e-01   1.912015e-41   1.123146e-04   1.821880e-42   636
  5.802740e-01   1.220607e-41   2.165136e-04   5.995974e-43   648
  5.812477e-01   1.233599e-41   1.760019e-04   1.173915e-42   576
  5.819467e-01   1.127564e-41   2.839096e-04   8.350223e-43   528
  5.828762e-01   1.066663e-41   1.213831e-04   5.727586e-43   360
  5.836457e-01   1.034538e-41   2.792266e-04   4.165427e-43   672
  5.846504e-01   2.003129e-41   1.430245e-04   1.692070e-42   804
  5.854866e-01   1.486824e-41   1.577731e-04   1.533507e-42   408
  5.864116e-01   1.379443e-41   9.752092e-05   8.951105e-43   384
  5.870345e-01   1.109743e-41   2.231653e-04   5.230506e-43   480
  5.879130e-01   1.372520e-41   1.441975e-04   1.203917e-42   432
  5.887557e-01   1.829712e-41   2.657252e-04   1.987061e-42   648
  5.897530e-01   1.829487e-41   1.648813e-04   2.024908e-42   624
  5.904826e-01   1.396744e-41   1.499734e-04   8.694649e-43   456
  5.914788e-01   1.902152e-41   2.048770e-04   3.091065e-42   588
  5.921465e-01   1.178898e-41   1.307107e-04   6.818685e-43   600
  5.931212e-01   1.332758e-41   2.038766e-04   7.829359e-43   708
  5.938912e-01   2.091347e-41   1.284383e-04   2.502094e-42   360
  5.947420e-01   1.302746e-41   1.476433e-04   7.467030e-43   552
  5.955576e-01   1.244627e-41   1.035752e-04   9.214751e-43   288
  5.963856e-01   1.146651e-41   1.947498e-04   5.771231e-43   528
  5.971636e-01   1.778969e-41   1.313872e-04   2.036035e-42   456
  5.980328e-01   1.187525e-41   2.329780e-04   5.972549e-43   608
  5.989070e-01   1.060435e-41   1.127174e-04   5.335415e-43   504
  5.998623e-01   1.828502e-41   2.419978e-04   1.727837e-42   540
  6.006113e-01   1.612529e-41   2.597778e-04   1.176928e-42   360
  6.014188e-01   1.920371e-41   1.176407e-04   1.650786e-42   540
  6.021329e-01   1.194180e-41   1.010085e-04   5.085032e-43   576
  6.031714e-01   1.707810e-41   2.342044e-04   1.732564e-42   588
  6.041588e-01   1.495205e-41   3.231314e-04   7.755237e-43   672
  6.050070e-01   1.220780e-41   2.469721e-04   5.820953e-43   552
  6.056908e-01   1.155205e-41   2.470970e-04   1.226842e-42   144
  6.065633e-01   2.174415e-41   2.099342e-04   3.120861e-42   600
  6.073906e-01   1.103961e-41   2.630934e-04   6.010603e-43   504
  6.083088e-01   1.429120e-41   2.702501e-04   9.435089e-43   336
  6.092745e-01   1.468614e-41   3.037623e-04   7.276201e-43   600
  6.101395e-01   1.913982e-41   1.960382e-04   3.024502e-42   636
  6.110731e-01   2.412995e-41   1.576165e-04   4.174281e-42   384
  6.117276e-01   1.781111e-41   2.198564e-04   1.672678e-42   504
  6.126710e-01   1.433770e-41   9.227064e-05   2.647907e-42   240
  6.134155e-01   1.878706e-41   2.167569e-04   1.666822e-42   744
  6.143088e-01   1.423199e-41   1.480120e-04   8.440330e-43   648
  6.151027e-01   1.184297e-41   9.825476e-05   1.202236e-42   120
  6.160331e-01   2.397156e-41   1.543455e-04   4.877618e-42   564
  6.167362e-01   1.562776e-41   2.424089e-04   9.236222e-43   432
  6.176746e-01   1.275077e-41   1.881572e-04   6.173814e-43   480
  6.183811e-01   9.361571e-42   1.384885e-04   4.236929e-43   456
  6.192152e-01   1.607866e-41   2.291780e-04   1.067314e-42   444
  6.201616e-01   1.234435e-41   3.506544e-04   6.060153e-43   528
  6.209930e-01   1.411189e-41   2.604238e-04   8.924397e-43   264
  6.217998e-01   1.594956e-41   2.668956e-04   1.153729e-42   444
  6.228852e-01   1.615054e-41   2.923449e-04   1.206976e-42   696
  6.237861e-01   2.191648e-41   1.563558e-04   2.741197e-42   384
  6.244450e-01   1.327919e-41   1.975687e-04   8.231218e-43   432
  6.254698e-01   1.764971e-41   1.365107e-04   2.298443e-42   488
  6.261352e-01   1.620008e-41   2.057386e-04   1.291080e-42   480
  6.270999e-01   1.370011e-41   2.294412e-04   6.105512e-43   480
  6.278471e-01   1.414757e-41   9.626648e-05   1.141569e-42   240
  6.286954e-01   1.699552e-41   2.248709e-04   8.918084e-43   600
  6.294955e-01   1.105318e-41   1.959519e-04   6.867863e-43   288
  6.303474e-01   1.483059e-41   1.884914e-04   9.106386e-43   480
  6.312103e-01   1.658753e-41   3.352926e-04   1.018841e-42   504
  6.320598e-01   1.384705e-41   1.438614e-04   1.178519e-42   216
  6.331433e-01   2.333278e-41   2.355240e-04   3.640139e-42   504
  6.339871e-01   2.262773e-41   1.894329e-04   2.853266e-42   456
  6.349107e-01   1.496204e-41   1.086430e-04   1.263388e-42   384
  6.355225e-01   2.467656e-41   2.205061e-04   2.580887e-42   480
  6.363918e-01   1.882168e-41   1.936290e-04   2.578007e-42   504
  6.371972e-01   1.506121e-41   1.228262e-04   9.420969e-43   312
  6.380652e-01   2.877581e-41   1.979302e-04   8.045793e-42   492
  6.388334e-01   1.628721e-41   1.855135e-04   1.221881e-42   312
  6.398223e-01   1.309531e-41   3.013519e-04   7.900880e-43   576
  6.406929e-01   1.680491e-41   2.781722e-04   1.240984e-42   336
  6.414159e-01   1.301510e-41   2.141797e-04   8.929948e-43   240
  6.424183e-01   1.452473e-41   2.839481e-04   7.445551e-43   468
  6.432837e-01   1.765509e-41   1.777925e-04   1.805484e-42   192
  6.441896e-01   1.977692e-41   1.783224e-04   1.834935e-42   324
  6.448535e-01   2.184802e-41   1.294235e-04   1.831302e-42   600
  6.457583e-01   2.561095e-41   2.099764e-04   3.742430e-42   456
  6.464302e-01   2.151796e-41   9.444737e-05   3.067345e-42   336
  6.475438e-01   1.984044e-41   2.828021e-04   1.648761e-42   612
  6.483539e-01   1.990934e-41   2.373399e-04   2.842480e-42   144
  6.491201e-01   1.460356e-41   2.770366e-04   6.344830e-43   552
  6.501620e-01   1.382889e-41   1.091004e-04   1.042066e-42   264
  6.507507e-01   1.622244e-41   2.525953e-04   9.323290e-43   336
  6.516793e-01   1.801166e-41   1.669063e-04   1.206547e-42   384
  6.524847e-01   1.357781e-41   9.395175e-05   9.498096e-43   216
  6.533762e-01   1.612866e-41   1.991971e-04   1.088454e-42   344
  6.541891e-01   1.532383e-41   2.972114e-04   8.931608e-43   408
  6.551797e-01   3.080969e-41   2.283876e-04   7.539675e-42   264
  6.560575e-01   2.780009e-41   3.183837e-04   2.891357e-42   612
  6.569345e-01   2.340471e-41   1.638646e-04   2.693888e-42   408
  6.578364e-01   1.637740e-41   1.641001e-04   9.616321e-43   444
  6.584991e-01   1.954599e-41   9.177996e-05   2.638126e-42   120
  6.593870e-01   1.825326e-41   2.535712e-04   1.070048e-42   336
  6.600460e-01   1.369132e-41   8.811499e-05   8.368703e-43   288
  6.609366e-01   1.496494e-41   2.742154e-04   7.447517e-43   552
  6.621610e-01   1.402366e-41   0.000000e+00   1.585962e-42   72
  6.627906e-01   1.495208e-41   2.723657e-04   7.083621e-43   504
  6.635259e-01   1.496374e-41   8.764464e-05   1.126422e-42   216
  6.644787e-01   1.409469e-41   1.564835e-04   8.511741e-43   312
  6.653340e-01   1.570677e-41   1.781811e-04   1.077078e-42   336
  6.661492e-01   2.820493e-41   2.469789e-04   5.455807e-42   204
  6.669611e-01   3.165956e-41   2.870270e-04   4.010226e-42   504
  6.678221e-01   3.213754e-41   2.733322e-04   4.567359e-42   396
  6.686501e-01   1.768079e-41   2.506599e-04   1.620728e-42   312
  6.696540e-01   1.723299e-41   1.531800e-04   1.442489e-42   216
  6.703613e-01   1.837285e-41   8.313373e-05   2.535410e-42   168
  6.712208e-01   1.688781e-41   2.099173e-04   8.377245e-43   588
  6.722017e-01   1.956593e-41   2.849381e-04   1.377498e-42   240
  6.729637e-01   1.471957e-41   2.516481e-04   8.840467e-43   264
  6.738575e-01   1.682826e-41   3.112147e-04   2.086362e-42   288
  6.746505e-01   1.749301e-41   1.554077e-04   1.222521e-42   288
  6.756555e-01   1.447207e-41   1.459525e-04   9.871723e-43   288
  6.763322e-01   2.185305e-41   1.690738e-04   2.247830e-42   192
  6.771836e-01   1.558577e-41   1.799115e-04   1.167273e-42   264
  6.779946e-01   5.624064e-41   2.959295e-04   8.037014e-42   372
  6.788675e-01   2.830107e-41   3.196167e-04   2.847069e-42   360
  6.799329e-01   2.185477e-41   1.352648e-04   1.702301e-42   144
  6.804835e-01   1.913229e-41   1.878769e-04   1.178589e-42   296
  6.813527e-01   1.706497e-41   2.024276e-04   1.077643e-42   288
  6.823478e-01   1.881573e-41   3.025230e-04   9.890545e-43   480
  6.832061e-01   1.688242e-41   2.513677e-04   1.431159e-42   192
  6.840407e-01   1.885866e-41   2.696262e-04   1.120497e-42   192
  6.847993e-01   1.425876e-41   1.718359e-04   1.152024e-42   288
  6.858544e-01   1.973184e-41   1.495808e-04   3.553265e-42   108
  6.863859e-01   2.206718e-41   1.438036e-04   2.353346e-42   240
  6.873243e-01   1.472645e-41   2.682690e-04   7.356528e-43   384
  6.882884e-01   4.954425e-41   3.272578e-04   1.703536e-41   108
  6.891409e-01   4.791890e-41   1.918773e-04   1.031200e-41   348
  6.900373e-01   2.431134e-41   2.002507e-04   2.206919e-42   312
  6.908379e-01   1.963964e-41   1.945855e-04   1.764547e-42   96
  6.915741e-01   1.937606e-41   2.590555e-04   1.074790e-42   384
  6.923987e-01   1.899430e-41   1.781778e-04   1.725208e-42   144
  6.932053e-01   1.961139e-41   2.737780e-04   1.047770e-42   408
  6.942079e-01   2.207620e-41   1.221243e-04   2.134329e-42   144
  6.951550e-01   1.833905e-41   2.347853e-04   1.556004e-42   192
  6.957167e-01   2.516908e-41   2.642552e-04   2.202130e-42   144
  6.966323e-01   2.025951e-41   2.148492e-04   1.755012e-42   144
  6.974962e-01   2.088716e-41   2.625805e-04   1.153486e-42   336
  6.985541e-01   1.969282e-41   1.942763e-04   1.819601e-42   240
  6.992249e-01   1.896074e-41   8.821915e-05   2.108075e-42   96
  7.001605e-01   2.810662e-41   2.587043e-04   3.019675e-42   372
  7.011070e-01   2.290219e-41   3.077232e-04   2.163121e-42   132
  7.019384e-01   1.885437e-41   1.904154e-04   1.591802e-42   264
  7.026821e-01   2.187925e-41   1.462304e-04   1.597595e-42   168
  7.034759e-01   2.370646e-41   2.337943e-04   1.587866e-42   216
  7.041771e-01   2.410676e-41   1.430383e-04   2.430246e-42   216
  7.051983e-01   1.618895e-41   2.624157e-04   1.459261e-42   96
  7.061249e-01   2.184730e-41   1.712023e-04   1.643053e-42   120
  7.069747e-01   1.711969e-41   2.176463e-04   1.763965e-42   216
  7.076747e-01   1.549947e-41   9.511215e-05   1.226026e-42   200
  7.086015e-01   2.300880e-41   2.462045e-04   1.342886e-42   288
  7.097902e-01   2.253885e-41   6.478119e-05   2.297953e-42   144
  7.102908e-01   1.829539e-41   2.015951e-04   1.693247e-42   168
  7.113130e-01   2.948744e-41   2.268765e-04   3.382037e-42   159
  7.121109e-01   2.684901e-41   2.380480e-04   2.068076e-42   174
  7.128831e-01   2.365963e-41   2.158536e-04   2.409049e-42   144
  7.138943e-01   2.467478e-41   1.246398e-04   1.981643e-42   222
  7.145705e-01   1.380573e-41   1.257726e-04   1.185903e-42   168
  7.157386e-01   2.177906e-41   2.758677e-04   3.802179e-42   30
  7.162211e-01   1.303422e-41   2.435709e-04   1.417922e-42   72
  7.171298e-01   2.281329e-41   2.173841e-04   1.410395e-42   258
  7.181290e-01   2.060676e-41   1.361533e-04   1.312135e-42   264
  7.186286e-01   1.831937e-41   1.468278e-08   2.181294e-42   72
  7.196697e-01   2.341463e-41   2.698616e-04   2.302799e-42   174
  7.206123e-01   1.755353e-41   2.873527e-04   1.156361e-42   168
  7.213701e-01   1.617016e-41   8.991328e-09   2.130310e-42   48
  7.221837e-01   2.398220e-41   1.622748e-04   2.568426e-42   150
  7.231270e-01   2.803809e-41   2.985162e-04   2.806852e-42   168
  7.240729e-01   1.652734e-41   1.818422e-04   1.305140e-42   144
  7.249427e-01   2.705509e-41   1.698820e-04   4.111773e-42   102
  7.255906e-01   1.809559e-41   2.514545e-04   2.592092e-42   96
  7.266185e-01   1.900797e-41   2.495518e-04   1.587300e-42   120
  7.273797e-01   1.788720e-41   2.676508e-04   1.505988e-42   168
  7.282031e-01   2.833911e-41   1.976389e-04   2.698577e-42   126
  7.289046e-01   2.524353e-41   1.490593e-04   2.181779e-42   168
  7.298711e-01   1.966857e-41   2.390167e-04   2.191691e-42   72
  7.307158e-01   1.741461e-41   2.993022e-04   1.291143e-42   168
  7.314557e-01   2.608905e-41   8.205344e-05   3.879112e-42   78
  7.324696e-01   2.257427e-41   1.347256e-04   4.460943e-42   60
  7.332860e-01   3.130365e-41   2.185468e-04   2.926682e-42   96
  7.341327e-01   2.327278e-41   2.651884e-04   2.465591e-42   168
  7.349284e-01   2.323443e-41   1.678009e-04   2.492430e-42   86
  7.357634e-01   2.052028e-41   1.499742e-04   2.720517e-42   120
  7.369601e-01   2.014288e-41   1.069515e-04   1.642703e-42   168
  7.376055e-01   2.502239e-41   0.000000e+00   3.366149e-42   48
  7.384747e-01   2.149463e-41   1.948541e-04   2.051166e-42   120
  7.389742e-01   2.929932e-41   1.421539e-04   3.572375e-42   126
  7.401935e-01   1.867615e-41   2.500091e-04   1.834740e-42   96
  7.409848e-01   2.493924e-41   7.209028e-05   3.091240e-42   96
  7.416089e-01   2.724561e-41   8.477105e-09   3.228789e-42   72
  7.429385e-01   1.928690e-41   8.991328e-09   5.800712e-42   24
  7.437683e-01   2.515744e-41   1.483601e-04   2.642334e-42   120
  7.444157e-01   2.099486e-41   2.164118e-04   1.895832e-42   126
  7.451355e-01   1.547472e-41   1.804085e-04   1.612992e-42   96
  7.459766e-01   1.263647e-41   3.117986e-04   1.085038e-42   72
  7.469132e-01   2.301974e-41   1.348634e-04   1.860645e-42   144
  7.476836e-01   2.386059e-41   7.778603e-05   2.572732e-42   72
  7.484533e-01   3.210683e-41   1.553665e-04   7.663463e-42   54
  7.491306e-01   2.501931e-41   1.369149e-04   3.260753e-42   108
  7.505382e-01   2.216135e-41   1.342120e-04   2.681101e-42   72
  7.509765e-01   2.564982e-41   7.744493e-05   3.966037e-42   72
  7.520162e-01   1.799338e-41   1.557344e-08   3.610953e-42   24
  7.529998e-01   1.499357e-41   1.638381e-04   1.633630e-42   48
  7.535971e-01   2.740633e-41   1.248023e-04   3.096325e-42   102
  7.544963e-01   3.237517e-41   2.822510e-04   3.623523e-42   168
  7.556711e-01   1.722189e-41   1.539331e-04   1.494970e-42   72
  7.561064e-01   2.724763e-41   0.000000e+00   3.479688e-42   48
  7.570195e-01   2.996778e-41   2.647743e-04   2.693975e-42   120
  7.582245e-01   2.732743e-41   1.627091e-04   3.068406e-42   96
  7.593627e-01   2.027066e-41   1.438612e-08   2.432607e-42   30
  7.607153e-01   2.145989e-41   7.644796e-05   2.150970e-42   72
  7.613097e-01   4.109704e-41   8.991328e-09   7.574493e-42   24
  7.620733e-01   1.642288e-41   1.133148e-04   2.173318e-42   56
  7.629285e-01   1.963046e-41   1.617059e-04   2.352806e-42   96
  7.639519e-01   2.030232e-41   1.785629e-04   2.257558e-42   144
  7.647411e-01   2.888680e-41   1.013810e-04   6.280290e-42   54
  7.658874e-01   3.794266e-41   1.518795e-04   4.853106e-42   108
  7.670409e-01   5.479373e-41   8.041947e-05   8.504928e-42   48
  7.681392e-01   2.848439e-41   3.028050e-04   3.686169e-42   72
  7.707744e-01   2.534520e-41   2.000642e-04   2.833493e-42   78
  7.715046e-01   2.610040e-41   1.507735e-04   2.529555e-42   72
  7.723570e-01   2.352790e-41   1.505863e-04   2.480031e-42   72
  7.732482e-01   2.641407e-41   3.633813e-04   2.907040e-42   96
  7.739527e-01   2.835348e-41   1.502759e-04   3.473199e-42   72
  7.748024e-01   5.367551e-41   0.000000e+00   1.004502e-41   24
  7.756510e-01   4.484080e-41   2.998733e-04   4.895008e-42   72
  7.775680e-01   2.234793e-41   1.904287e-04   6.377516e-42   30
  7.779804e-01   2.255527e-41   0.000000e+00   3.511639e-42   24
  7.801973e-01   1.954313e-41   1.581267e-04   2.612678e-42   48
  7.808927e-01   2.670386e-41   3.402886e-04   2.897338e-42   120
  7.818296e-01   2.780636e-41   1.487821e-04   3.710107e-42   72
  7.827758e-01   4.865028e-41   1.486022e-04   1.155962e-41   36
  7.834261e-01   2.597781e-41   2.937071e-04   3.199457e-42   78
  7.852411e-01   4.075432e-41   1.571111e-04   1.152097e-41   48
  7.875942e-01   3.214058e-41   1.271566e-08   8.479247e-42   24
  7.892707e-01   1.970137e-41   1.094089e-04   2.423229e-42   56
  7.901149e-01   2.360101e-41   1.683597e-04   1.734689e-42   102
  7.911888e-01   3.129121e-41   1.198844e-08   3.919113e-42   72
  7.918122e-01   3.518191e-41   8.991328e-09   6.724479e-42   24
  7.929021e-01   3.461469e-41   1.555930e-04   4.658261e-42   48
  7.949223e-01   4.961282e-41   0.000000e+00   9.266724e-42   24
  7.974016e-01   6.955494e-41   0.000000e+00   3.548435e-41   6
  7.981748e-01   2.302719e-41   0.000000e+00   3.693156e-42   24
  7.986898e-01   2.537695e-41   1.456409e-04   4.134584e-42   72
  7.996307e-01   1.892038e-41   2.717068e-04   2.527174e-42   84
  8.006440e-01   4.138820e-41   0.000000e+00   8.790800e-42   24
  8.009521e-01   4.345681e-41   1.271566e-08   7.339712e-42   24
  8.024909e-01   3.869214e-41   1.557344e-08   9.544093e-42   24
  8.046403e-01   9.622578e-41   0.000000e+00   5.259825e-41   6
  8.073954e-01   2.475117e-41   1.528000e-04   4.088240e-42   48
  8.080572e-01   3.317286e-41   2.878503e-04   4.162702e-42   72
  8.089220e-01   2.834694e-41   1.525117e-04   2.984440e-42   48
  8.102934e-01   3.541813e-41   0.000000e+00   7.591938e-42   24
  8.121184e-01   8.658912e-41   0.000000e+00   2.072046e-41   6
  8.162097e-01   3.664217e-41   0.000000e+00   8.634291e-42   8
  8.165120e-01   4.154477e-41   8.991328e-09   4.412942e-42   48
  8.172369e-01   3.906039e-41   1.479045e-04   6.097577e-42   60
  8.183231e-01   4.179449e-41   0.000000e+00   9.835816e-42   24
  8.198293e-01   7.655254e-41   0.000000e+00   4.158323e-41   6
  8.253784e-01   2.435047e-41   0.000000e+00   3.714830e-42   24
  8.258266e-01   4.143988e-41   1.493898e-04   5.138282e-42   48
  8.265733e-01   6.921140e-41   0.000000e+00   1.704724e-41   24
  8.277664e-01   5.161207e-41   0.000000e+00   1.506547e-41   6
  8.345448e-01   3.223073e-41   1.393664e-04   4.419155e-42   36
  8.350375e-01   3.407983e-41   0.000000e+00   6.590722e-42   24
  8.359234e-01   9.098500e-41   0.000000e+00   2.716946e-41   6
  8.436361e-01   3.414585e-41   1.266552e-04   7.108568e-42   32
  8.442939e-01   1.242730e-40   0.000000e+00   5.513292e-41   6
  8.525822e-01   5.893207e-41   0.000000e+00   1.761648e-41   12
  8.528715e-01   6.394158e-41   0.000000e+00   4.801055e-43   6
  8.616502e-01   4.395144e-41   0.000000e+00   2.184488e-41   6
