# power spectrum of zeta
# redshift z=99.798305
# k              Pk             sigma(k)       sigma(Pk)      count
  1.570796e-02   3.492984e-20   0.000000e+00   1.407962e-20   6
  2.221441e-02   6.349307e-20   0.000000e+00   1.267466e-20   12
  2.720699e-02   8.788063e-20   2.980232e-10   1.788335e-20   8
  3.141593e-02   4.396253e-19   0.000000e+00   4.730687e-20   6
  3.512407e-02   4.154840e-19   5.619580e-10   1.324526e-19   24
  3.847649e-02   7.605915e-19   5.619580e-10   1.281411e-19   24
  4.442883e-02   5.037130e-19   0.000000e+00   2.267201e-19   12
  4.712389e-02   6.920583e-19   6.357829e-10   1.274858e-19   30
  4.967294e-02   1.010374e-18   0.000000e+00   2.226674e-19   24
  5.209742e-02   1.065408e-18   9.733398e-10   2.640968e-19   24
  5.441398e-02   1.424923e-18   5.960464e-10   2.888360e-19   8
  5.663587e-02   1.369732e-18   7.947286e-10   1.701685e-19   24
  5.877382e-02   1.452508e-18   0.000000e+00   2.041164e-19   48
  6.283185e-02   2.135391e-18   0.000000e+00   9.388882e-19   6
  6.476559e-02   1.888952e-18   7.947286e-10   2.652432e-19   48
  6.664324e-02   1.922169e-18   7.492773e-10   1.999018e-19   36
  6.846942e-02   3.018505e-18   7.947286e-10   6.311941e-19   24
  7.024815e-02   1.921236e-18   1.123916e-09   3.307489e-19   24
  7.198293e-02   1.857142e-18   0.000000e+00   2.525475e-19   48
  7.367688e-02   3.097457e-18   1.123916e-09   4.408942e-19   24
  7.695299e-02   2.807170e-18   1.123916e-09   4.415663e-19   24
  7.853982e-02   2.034450e-18   0.000000e+00   3.330020e-19   30
  8.009521e-02   2.295494e-18   0.000000e+00   2.535332e-19   72
  8.162097e-02   2.357556e-18   1.192093e-09   4.799679e-19   32
  8.458997e-02   3.468831e-18   0.000000e+00   4.023473e-19   72
  8.603606e-02   2.207735e-18   0.000000e+00   3.227639e-19   48
  8.885766e-02   1.277845e-18   0.000000e+00   3.801062e-19   12
  9.023538e-02   2.628344e-18   0.000000e+00   3.942080e-19   48
  9.159238e-02   2.413829e-18   0.000000e+00   2.402812e-19   48
  9.292956e-02   3.324269e-18   1.123916e-09   4.193475e-19   48
  9.424778e-02   4.145095e-18   1.271566e-09   7.266168e-19   30
  9.554781e-02   3.796504e-18   0.000000e+00   8.539177e-19   24
  9.683039e-02   4.062331e-18   2.369423e-09   4.084321e-19   72
  9.934588e-02   2.570119e-18   0.000000e+00   4.878608e-19   24
  1.005800e-01   4.076217e-18   0.000000e+00   4.038767e-19   96
  1.017992e-01   3.249271e-18   0.000000e+00   4.314742e-19   48
  1.030040e-01   2.808788e-18   1.946680e-09   6.899437e-19   24
  1.041948e-01   2.102357e-18   1.946680e-09   4.317173e-19   24
  1.053722e-01   5.205440e-18   0.000000e+00   6.355063e-19   72
  1.065366e-01   4.020181e-18   0.000000e+00   6.188665e-19   48
  1.088280e-01   3.746498e-18   1.192093e-09   1.118363e-18   8
  1.099557e-01   5.663057e-18   1.412851e-09   6.758250e-19   54
  1.110721e-01   3.949198e-18   0.000000e+00   6.906897e-19   84
  1.121773e-01   4.473912e-18   0.000000e+00   6.418204e-19   48
  1.132717e-01   2.870474e-18   1.589457e-09   5.120611e-19   24
  1.143557e-01   3.936726e-18   2.119276e-09   4.671436e-19   72
  1.154295e-01   5.341534e-18   0.000000e+00   6.080500e-19   96
  1.175476e-01   7.719677e-18   0.000000e+00   8.419714e-19   48
  1.185925e-01   4.344452e-18   0.000000e+00   4.071068e-19   48
  1.196283e-01   3.876880e-18   0.000000e+00   7.542996e-19   24
  1.206552e-01   4.535894e-18   0.000000e+00   4.883754e-19   72
  1.226831e-01   4.974886e-18   0.000000e+00   5.887706e-19   72
  1.236846e-01   4.970982e-18   0.000000e+00   5.666196e-19   96
  1.256637e-01   7.160474e-18   0.000000e+00   3.146902e-18   6
  1.266416e-01   6.049729e-18   0.000000e+00   5.856955e-19   96
  1.276121e-01   6.352705e-18   1.589457e-09   6.789515e-19   96
  1.285752e-01   4.370097e-18   0.000000e+00   1.039063e-18   24
  1.295312e-01   4.954685e-18   1.589457e-09   6.173092e-19   48
  1.304801e-01   5.095399e-18   0.000000e+00   5.150250e-19   96
  1.314222e-01   6.071400e-18   0.000000e+00   8.178675e-19   48
  1.332865e-01   5.577251e-18   1.498555e-09   1.046616e-18   36
  1.342089e-01   5.708835e-18   2.753021e-09   7.207933e-19   48
  1.351250e-01   6.425644e-18   3.114687e-09   5.767949e-19   120
  1.360350e-01   5.857002e-18   0.000000e+00   7.733408e-19   56
  1.369388e-01   3.340852e-18   1.589457e-09   5.845745e-19   24
  1.378368e-01   4.912441e-18   0.000000e+00   4.371040e-19   96
  1.387290e-01   5.281843e-18   0.000000e+00   6.815793e-19   48
  1.404963e-01   6.587482e-18   2.247832e-09   1.221937e-18   24
  1.413717e-01   7.282537e-18   0.000000e+00   7.286629e-19   102
  1.422417e-01   7.605393e-18   1.589457e-09   1.146494e-18   48
  1.431064e-01   7.072592e-18   0.000000e+00   7.046649e-19   72
  1.439659e-01   6.528240e-18   0.000000e+00   6.594332e-19   48
  1.448203e-01   7.080039e-18   0.000000e+00   1.311744e-18   48
  1.456697e-01   6.122669e-18   3.596531e-09   5.381024e-19   120
  1.473538e-01   9.937497e-18   2.247832e-09   1.663434e-18   24
  1.481886e-01   5.810849e-18   2.119276e-09   4.888957e-19   144
  1.490188e-01   6.034458e-18   2.543132e-09   5.801894e-19   120
  1.498444e-01   4.741078e-18   2.247832e-09   6.643175e-19   48
  1.514821e-01   7.276256e-18   2.247832e-09   9.703860e-19   48
  1.522944e-01   5.995120e-18   2.247832e-09   6.256125e-19   96
  1.544390e-01   8.173386e-18   3.768959e-04   1.004165e-18   72
  1.555009e-01   6.090938e-18   1.998073e-09   4.650852e-19   108
  1.562923e-01   7.296352e-18   0.000000e+00   7.817872e-19   72
  1.570796e-01   4.466956e-18   0.000000e+00   8.308466e-19   30
  1.578631e-01   7.588352e-18   0.000000e+00   6.029765e-19   168
  1.586427e-01   7.555601e-18   0.000000e+00   8.246275e-19   48
  1.601904e-01   5.310741e-18   0.000000e+00   6.223491e-19   72
  1.609587e-01   7.028257e-18   0.000000e+00   6.773928e-19   96
  1.617234e-01   6.963601e-18   4.238553e-09   1.069660e-18   72
  1.624844e-01   8.261248e-18   0.000000e+00   8.759254e-19   72
  1.637639e-01   7.509840e-18   3.480039e-04   5.509649e-19   104
  1.647465e-01   7.253088e-18   2.997109e-09   5.289859e-19   144
  1.669779e-01   5.213183e-18   5.026305e-09   4.897224e-19   96
  1.677152e-01   5.815615e-18   0.000000e+00   6.009766e-19   96
  1.688876e-01   8.042250e-18   3.580185e-04   7.459222e-19   120
  1.699076e-01   6.802046e-18   0.000000e+00   6.187546e-19   120
  1.706322e-01   8.242674e-18   0.000000e+00   8.934391e-19   72
  1.720721e-01   8.388488e-18   0.000000e+00   1.111063e-18   48
  1.727876e-01   9.071886e-18   3.912510e-09   1.035111e-18   78
  1.737029e-01   9.546406e-18   3.205713e-04   7.558417e-19   168
  1.756204e-01   9.065514e-18   3.670694e-09   7.832533e-19   144
  1.763215e-01   9.449949e-18   2.997109e-09   6.742057e-19   144
  1.783549e-01   8.810171e-18   1.846233e-04   7.496554e-19   156
  1.790983e-01   6.494111e-18   3.893359e-09   1.209922e-18   48
  1.797859e-01   8.143519e-18   2.543132e-09   7.988475e-19   120
  1.804708e-01   5.910765e-18   0.000000e+00   6.223725e-19   48
  1.816818e-01   8.972642e-18   2.825996e-04   6.095475e-19   216
  1.831848e-01   8.166097e-18   0.000000e+00   1.008406e-18   48
  1.838570e-01   7.595965e-18   2.247832e-09   6.681919e-19   96
  1.848128e-01   8.814288e-18   3.302618e-04   7.722068e-19   168
  1.858591e-01   7.184375e-18   2.247832e-09   1.027629e-18   48
  1.865217e-01   9.567822e-18   0.000000e+00   9.547990e-19   96
  1.871820e-01   9.343871e-18   0.000000e+00   1.700847e-18   48
  1.884956e-01   1.106194e-17   2.543132e-09   1.102216e-18   30
  1.891489e-01   7.080566e-18   0.000000e+00   5.749657e-19   96
  1.899298e-01   8.848356e-18   2.595564e-04   6.013074e-19   240
  1.909339e-01   1.238022e-17   2.800239e-04   1.707732e-18   32
  1.917401e-01   7.115057e-18   0.000000e+00   5.272810e-19   168
  1.923825e-01   8.526513e-18   0.000000e+00   8.358192e-19   120
  1.936608e-01   6.873532e-18   4.738846e-09   7.724698e-19   72
  1.942968e-01   1.132103e-17   2.119276e-09   1.039988e-18   144
  1.949307e-01   8.184590e-18   0.000000e+00   8.375122e-19   96
  1.955626e-01   1.091361e-17   0.000000e+00   8.736733e-19   96
  1.968202e-01   1.085101e-17   0.000000e+00   1.308540e-18   72
  1.974460e-01   9.205023e-18   3.178914e-09   8.919856e-19   96
  1.986918e-01   9.053115e-18   0.000000e+00   1.667158e-18   24
  1.993117e-01   1.061178e-17   0.000000e+00   7.833370e-19   192
  2.000418e-01   1.014681e-17   2.376333e-04   7.485198e-19   132
  2.011601e-01   1.100948e-17   0.000000e+00   9.953437e-19   96
  2.017724e-01   8.117403e-18   0.000000e+00   8.182334e-19   96
  2.023829e-01   1.071377e-17   2.543132e-09   9.131987e-19   120
  2.035985e-01   1.147056e-17   0.000000e+00   1.575692e-18   48
  2.045948e-01   7.483718e-18   2.879924e-04   4.905139e-19   222
  2.054083e-01   9.803582e-18   0.000000e+00   9.282311e-19   120
  2.060080e-01   1.106037e-17   3.893359e-09   2.228716e-18   24
  2.068812e-01   1.166113e-17   2.972500e-04   6.161006e-19   312
  2.087838e-01   1.309986e-17   2.786838e-04   1.461723e-18   72
  2.095704e-01   9.197491e-18   3.893359e-09   1.240192e-18   96
  2.103781e-01   1.128358e-17   2.838009e-04   8.527448e-19   192
  2.113290e-01   1.067374e-17   3.596531e-09   1.082672e-18   120
  2.119120e-01   1.069314e-17   0.000000e+00   1.098472e-18   144
  2.130732e-01   9.647100e-18   0.000000e+00   1.381728e-18   48
  2.138985e-01   9.647765e-18   2.853717e-04   5.622544e-19   336
  2.148032e-01   1.101988e-17   0.000000e+00   1.507788e-18   48
  2.159488e-01   1.006463e-17   0.000000e+00   8.802896e-19   192
  2.165193e-01   1.096261e-17   0.000000e+00   1.339676e-18   48
  2.181411e-01   1.112540e-17   1.980854e-04   1.348130e-18   56
  2.189475e-01   1.090337e-17   2.544090e-04   6.027522e-19   336
  2.199115e-01   1.094221e-17   2.825702e-09   1.558003e-18   54
  2.207512e-01   1.002189e-17   2.794324e-04   6.154832e-19   240
  2.224945e-01   1.026244e-17   2.675587e-04   7.613895e-19   228
  2.232521e-01   1.231646e-17   2.997109e-09   1.573116e-18   72
  2.239875e-01   1.229142e-17   2.595385e-04   9.134610e-19   144
  2.249038e-01   1.007054e-17   0.000000e+00   9.827646e-19   96
  2.254517e-01   1.046145e-17   3.596531e-09   6.560555e-19   240
  2.265435e-01   9.573460e-18   3.178914e-09   1.839663e-18   24
  2.272424e-01   1.132257e-17   2.451321e-04   6.746662e-19   336
  2.281713e-01   1.080405e-17   0.000000e+00   1.271696e-18   72
  2.290193e-01   1.296807e-17   2.666265e-04   9.357319e-19   168
  2.297877e-01   8.601280e-18   0.000000e+00   7.612108e-19   72
  2.308590e-01   1.342341e-17   0.000000e+00   1.230506e-18   96
  2.316886e-01   1.159488e-17   2.646263e-04   8.252876e-19   216
  2.324566e-01   8.821624e-18   0.000000e+00   6.565443e-19   96
  2.335157e-01   1.088768e-17   3.178914e-09   7.326111e-19   192
  2.340434e-01   1.074100e-17   2.997109e-09   8.377127e-19   144
  2.350953e-01   1.155302e-17   0.000000e+00   1.496120e-18   48
  2.358236e-01   1.202872e-17   2.551309e-04   8.167232e-19   246
  2.368131e-01   1.491205e-17   2.352347e-04   1.154639e-18   168
  2.377046e-01   1.180728e-17   6.229375e-09   1.178893e-18   120
  2.382231e-01   9.917285e-18   0.000000e+00   6.777502e-19   240
  2.392566e-01   7.133722e-18   0.000000e+00   1.448944e-18   24
  2.400800e-01   1.161856e-17   2.517980e-04   7.260027e-19   360
  2.411056e-01   1.094568e-17   2.507265e-04   8.144692e-19   120
  2.418210e-01   1.301925e-17   0.000000e+00   1.045596e-18   144
  2.423307e-01   1.284878e-17   0.000000e+00   1.134015e-18   96
  2.438532e-01   1.255061e-17   0.000000e+00   1.007982e-18   144
  2.443586e-01   1.354881e-17   0.000000e+00   1.156945e-18   132
  2.450688e-01   1.242755e-17   2.474633e-04   9.105041e-19   176
  2.460999e-01   1.245477e-17   2.498881e-04   6.327829e-19   312
  2.473693e-01   1.793814e-17   0.000000e+00   2.729333e-18   96
  2.478675e-01   1.219644e-17   0.000000e+00   1.064190e-18   144
  2.486319e-01   1.295317e-17   2.473817e-04   7.187479e-19   312
  2.498505e-01   1.545588e-17   0.000000e+00   1.532245e-18   48
  2.503437e-01   1.160176e-17   3.178914e-09   8.655326e-19   192
  2.513274e-01   3.908282e-18   0.000000e+00   1.204521e-18   6
  2.519810e-01   1.138158e-17   2.307253e-04   6.274438e-19   288
  2.530395e-01   1.115974e-17   2.437763e-04   7.917723e-19   192
  2.537699e-01   1.076386e-17   7.476104e-09   6.889655e-19   216
  2.542556e-01   1.363219e-17   0.000000e+00   1.849944e-18   72
  2.554657e-01   1.132302e-17   2.414611e-04   8.742052e-19   192
  2.562693e-01   1.494736e-17   1.792979e-04   8.831224e-19   288
  2.571504e-01   1.299103e-17   0.000000e+00   2.507917e-18   24
  2.578312e-01   1.408796e-17   2.362101e-04   6.089234e-19   456
  2.590624e-01   9.109302e-18   0.000000e+00   1.339348e-18   48
  2.598231e-01   1.314950e-17   2.326575e-04   9.628306e-19   240
  2.606974e-01   1.491875e-17   2.351266e-04   9.497760e-19   216
  2.614326e-01   1.186057e-17   0.000000e+00   1.454675e-18   72
  2.619041e-01   1.238773e-17   8.123736e-09   9.769046e-19   168
  2.632353e-01   1.465365e-17   1.747662e-04   8.877352e-19   288
  2.639818e-01   1.446107e-17   2.312456e-04   9.914461e-19   168
  2.651809e-01   1.662331e-17   0.000000e+00   1.149208e-18   192
  2.656458e-01   1.340429e-17   2.997109e-09   9.520920e-19   144
  2.665730e-01   1.670393e-17   2.997109e-09   2.074638e-18   36
  2.673593e-01   1.141652e-17   2.111764e-04   5.841772e-19   342
  2.681111e-01   1.365298e-17   2.168525e-04   1.033213e-18   144
  2.690776e-01   1.315510e-17   2.274240e-04   6.756362e-19   384
  2.702500e-01   1.565888e-17   6.229375e-09   1.424768e-18   120
  2.708303e-01   1.581695e-17   2.027960e-04   9.803938e-19   264
  2.716161e-01   1.364846e-17   1.005261e-08   9.944640e-19   192
  2.723561e-01   1.515922e-17   2.185515e-04   1.156130e-18   152
  2.729753e-01   1.391658e-17   5.994218e-09   1.256107e-18   144
  2.742778e-01   1.184300e-17   1.414487e-04   8.651582e-19   216
  2.748807e-01   1.539961e-17   1.890132e-04   8.400469e-19   312
  2.759419e-01   1.341845e-17   2.190625e-04   7.455738e-19   240
  2.765672e-01   1.629465e-17   3.178914e-09   1.686243e-18   96
  2.777541e-01   1.495064e-17   2.094396e-04   1.203889e-18   144
  2.784857e-01   1.440968e-17   2.058607e-04   6.948321e-19   456
  2.796723e-01   1.170702e-17   0.000000e+00   7.644136e-19   120
  2.801131e-01   1.278505e-17   0.000000e+00   1.174045e-18   144
  2.809926e-01   9.659855e-18   4.495664e-09   1.595805e-18   24
  2.815564e-01   1.500958e-17   1.978798e-04   7.573783e-19   336
  2.825316e-01   1.418622e-17   2.182345e-04   1.114910e-18   198
  2.834454e-01   1.416149e-17   2.122205e-04   7.409410e-19   432
  2.844833e-01   1.487911e-17   6.357829e-09   1.512434e-18   48
  2.850248e-01   1.673131e-17   1.873540e-04   8.639584e-19   384
  2.859970e-01   1.620670e-17   2.156842e-04   1.332518e-18   144
  2.868780e-01   1.592594e-17   2.141460e-04   9.138381e-19   264
  2.879317e-01   1.293141e-17   0.000000e+00   1.242445e-18   48
  2.886387e-01   1.525983e-17   2.036179e-04   9.210011e-19   276
  2.893208e-01   1.365317e-17   1.845741e-04   1.123063e-18   192
  2.902325e-01   1.455147e-17   2.074207e-04   6.107008e-19   552
  2.913393e-01   1.033386e-17   5.086263e-09   9.062204e-19   120
  2.919972e-01   1.625958e-17   2.099609e-04   1.095648e-18   216
  2.926069e-01   1.443031e-17   5.086263e-09   1.131006e-18   120
  2.936961e-01   1.684960e-17   2.067600e-04   8.604860e-19   408
  2.947075e-01   1.578280e-17   4.495664e-09   2.112488e-18   24
  2.953347e-01   1.389088e-17   2.088648e-04   7.783981e-19   384
  2.962106e-01   1.390276e-17   2.040684e-04   9.610008e-19   240
  2.969712e-01   1.367593e-17   2.055628e-04   9.296566e-19   168
  2.980376e-01   1.242230e-17   0.000000e+00   1.201569e-18   120
  2.987251e-01   1.514221e-17   2.142884e-04   7.652047e-19   350
  2.998430e-01   1.518658e-17   3.527601e-04   7.936421e-19   384
  3.005110e-01   1.648797e-17   0.000000e+00   1.480683e-18   144
  3.017401e-01   1.328784e-17   4.238553e-09   7.701091e-19   288
  3.023819e-01   1.390398e-17   2.019242e-04   6.651486e-19   336
  3.032549e-01   1.706631e-17   1.838353e-04   1.250309e-18   168
  3.037776e-01   1.511976e-17   1.204945e-08   8.927854e-19   336
  3.048586e-01   1.372201e-17   1.908100e-04   8.415715e-19   288
  3.055078e-01   1.409286e-17   1.797918e-04   8.590324e-19   264
  3.066072e-01   1.553923e-17   0.000000e+00   9.649675e-19   240
  3.070093e-01   1.532568e-17   0.000000e+00   1.276240e-18   96
  3.084525e-01   1.689588e-17   2.445048e-04   8.554372e-19   360
  3.091260e-01   1.658078e-17   1.802420e-04   1.387364e-18   168
  3.099770e-01   1.625433e-17   1.964825e-04   7.156027e-19   456
  3.110018e-01   1.505384e-17   5.651403e-09   1.356076e-18   108
  3.115782e-01   1.592047e-17   1.971449e-04   1.147154e-18   264
  3.122973e-01   1.504429e-17   1.758853e-04   9.531613e-19   264
  3.132820e-01   1.730834e-17   1.659735e-04   1.047120e-18   312
  3.145081e-01   1.717622e-17   1.233364e-04   1.094342e-18   270
  3.150220e-01   1.579432e-17   1.565911e-04   1.080054e-18   240
  3.159458e-01   1.629062e-17   1.937229e-04   7.887864e-19   384
  3.165067e-01   1.410138e-17   6.357829e-09   9.403649e-19   192
  3.175962e-01   1.730109e-17   1.554368e-04   1.219911e-18   240
  3.182281e-01   1.626576e-17   1.918342e-04   8.679646e-19   336
  3.194167e-01   1.710032e-17   1.931178e-04   7.619797e-19   480
  3.203808e-01   1.729120e-17   4.238553e-09   2.023993e-18   72
  3.209194e-01   1.772768e-17   1.883074e-04   1.108979e-18   240
  3.216520e-01   1.589135e-17   1.769831e-04   9.270612e-19   312
  3.224917e-01   1.527290e-17   1.912763e-04   1.059149e-18   240
  3.237607e-01   1.694637e-17   1.453205e-04   8.221630e-19   408
  3.242630e-01   1.601578e-17   1.330785e-04   9.191682e-19   336
  3.252448e-01   1.704003e-17   1.689770e-04   1.215077e-18   264
  3.257273e-01   2.070880e-17   0.000000e+00   1.721700e-18   144
  3.270696e-01   1.709275e-17   2.342121e-04   8.084591e-19   464
  3.277768e-01   1.329690e-17   1.862466e-04   9.507740e-19   168
  3.284751e-01   2.141137e-17   1.696301e-04   1.132182e-18   336
  3.297371e-01   1.687587e-17   1.782296e-04   8.503079e-19   414
  3.304484e-01   1.894069e-17   1.855264e-04   1.186342e-18   216
  3.313598e-01   1.706382e-17   4.495664e-09   1.693878e-18   96
  3.317320e-01   1.693657e-17   1.101208e-08   7.639158e-19   384
  3.330355e-01   1.819220e-17   1.851680e-04   9.004957e-19   492
  3.337341e-01   1.432768e-17   1.810784e-04   8.696535e-19   240
  3.345237e-01   1.464615e-17   1.838580e-04   8.353119e-19   312
  3.356141e-01   1.819297e-17   1.837975e-04   1.434948e-18   192
  3.363048e-01   1.802082e-17   1.781220e-04   8.157323e-19   504
  3.372212e-01   1.732341e-17   1.179198e-04   8.717146e-19   408
  3.379427e-01   2.003621e-17   3.612619e-04   1.565029e-18   168
  3.388456e-01   1.600007e-17   1.716026e-04   1.022244e-18   288
  3.396033e-01   1.664768e-17   1.790820e-04   1.111975e-18   288
  3.403794e-01   1.826377e-17   1.801128e-04   8.917838e-19   432
  3.415052e-01   1.934787e-17   1.703267e-04   1.294652e-18   216
  3.421068e-01   1.798902e-17   1.699674e-04   8.534897e-19   360
  3.431777e-01   1.934943e-17   1.658865e-04   1.090128e-18   312
  3.441442e-01   2.063889e-17   0.000000e+00   3.260939e-18   48
  3.447014e-01   1.797621e-17   1.778543e-04   8.922295e-19   432
  3.456992e-01   1.699733e-17   2.966627e-04   7.924122e-19   414
  3.462885e-01   1.738475e-17   6.776666e-09   9.676160e-19   312
  3.473878e-01   1.905994e-17   2.603051e-04   8.020834e-19   528
  3.481296e-01   1.912858e-17   1.366381e-04   1.191586e-18   264
  3.490209e-01   1.747436e-17   1.620153e-04   8.632450e-19   480
  3.501854e-01   1.812893e-17   0.000000e+00   9.591781e-19   288
  3.506883e-01   1.900324e-17   1.740804e-04   1.552178e-18   168
  3.516084e-01   1.861180e-17   2.755688e-04   7.775324e-19   504
  3.526429e-01   2.028804e-17   4.238553e-09   1.444685e-18   144
  3.532937e-01   1.775931e-17   1.769812e-04   8.149970e-19   464
  3.542716e-01   1.611076e-17   2.597299e-04   7.550704e-19   432
  3.547358e-01   2.111468e-17   4.495664e-09   1.469285e-18   192
  3.559351e-01   1.735653e-17   1.925466e-04   7.735172e-19   396
  3.566434e-01   1.855523e-17   1.729600e-04   1.109960e-18   288
  3.573592e-01   1.899440e-17   1.708549e-04   1.034910e-18   336
  3.585027e-01   1.776680e-17   1.081887e-04   7.692538e-19   432
  3.592283e-01   1.918535e-17   2.804101e-04   9.422431e-19   360
  3.600431e-01   1.910946e-17   1.658667e-04   9.169901e-19   384
  3.612003e-01   1.611755e-17   1.464092e-04   1.240495e-18   198
  3.617579e-01   1.877161e-17   1.664197e-04   7.177260e-19   552
  3.627976e-01   1.564492e-17   2.329761e-04   8.240206e-19   432
  3.636656e-01   2.066764e-17   8.899106e-09   1.554640e-18   168
  3.643942e-01   1.908327e-17   2.888052e-04   8.498511e-19   480
  3.653579e-01   1.439301e-17   0.000000e+00   1.306495e-18   120
  3.657917e-01   1.777659e-17   2.358836e-04   1.068674e-18   336
  3.668502e-01   1.954216e-17   1.664122e-04   6.835984e-19   672
  3.678969e-01   1.941851e-17   2.420693e-04   8.769750e-19   528
  3.683844e-01   1.844902e-17   7.266090e-09   1.173926e-18   168
  3.695106e-01   1.931946e-17   2.700266e-04   8.459611e-19   456
  3.701979e-01   2.156519e-17   1.649075e-04   1.921884e-18   168
  3.709113e-01   1.985304e-17   1.646115e-04   9.630980e-19   504
  3.720973e-01   1.892736e-17   2.118297e-04   1.049102e-18   336
  3.728144e-01   2.151105e-17   1.527042e-04   1.185631e-18   312
  3.736099e-01   2.040263e-17   1.492023e-04   8.944493e-19   504
  3.746568e-01   1.956975e-17   1.035207e-04   8.288739e-19   432
  3.751490e-01   1.790351e-17   1.599738e-04   1.030952e-18   312
  3.761721e-01   1.890245e-17   1.639809e-04   8.665279e-19   384
  3.772403e-01   2.169951e-17   1.393208e-04   2.007421e-18   126
  3.778999e-01   1.985555e-17   2.446141e-04   9.907128e-19   492
  3.787423e-01   2.035839e-17   1.566756e-04   8.355121e-19   528
  3.797950e-01   1.934010e-17   1.591488e-04   8.356880e-19   480
  3.804477e-01   2.052155e-17   2.198632e-04   9.497605e-19   432
  3.813922e-01   2.170565e-17   1.728933e-04   9.801630e-19   440
  3.824891e-01   1.930364e-17   8.597912e-05   1.112819e-18   312
  3.829007e-01   2.123589e-17   1.288469e-04   1.157254e-18   480
  3.837450e-01   1.947754e-17   2.522797e-04   1.005073e-18   408
  3.849786e-01   1.970555e-17   1.510870e-04   9.782688e-19   360
  3.854998e-01   1.932578e-17   1.457935e-04   9.626394e-19   408
  3.864656e-01   1.959929e-17   1.483633e-04   8.869419e-19   456
  3.875531e-01   2.095772e-17   1.417988e-04   1.235508e-18   264
  3.881567e-01   1.923524e-17   1.538873e-04   1.029838e-18   384
  3.890354e-01   2.044580e-17   2.590801e-04   8.036413e-19   672
  3.900512e-01   1.979682e-17   1.549634e-04   1.292093e-18   240
  3.906373e-01   2.088290e-17   1.572490e-04   1.210327e-18   264
  3.914646e-01   1.832459e-17   1.939407e-04   7.888534e-19   624
  3.926991e-01   2.278216e-17   0.000000e+00   1.755031e-18   150
  3.931386e-01   2.160045e-17   2.173259e-04   9.474343e-19   600
  3.940655e-01   1.866951e-17   1.499928e-04   7.794212e-19   672
  3.951151e-01   2.061036e-17   1.410788e-04   1.198842e-18   336
  3.956998e-01   2.090921e-17   1.534526e-04   1.045961e-18   408
  3.966340e-01   1.958874e-17   1.530911e-04   9.643958e-19   408
  3.976732e-01   1.874631e-17   7.741108e-05   9.585765e-19   360
  3.983137e-01   2.120753e-17   2.842286e-04   9.868259e-19   456
  3.990874e-01   1.964968e-17   1.545652e-04   8.878128e-19   384
  4.000722e-01   2.374377e-17   1.426833e-04   1.188532e-18   348
  4.006044e-01   2.034351e-17   1.759003e-04   8.457237e-19   576
  4.016040e-01   2.112764e-17   1.448308e-04   9.738022e-19   504
  4.026266e-01   2.065487e-17   2.042754e-04   9.448781e-19   432
  4.035193e-01   1.908490e-17   2.779157e-04   7.581552e-19   576
  4.041559e-01   2.056818e-17   0.000000e+00   1.189968e-18   264
  4.051657e-01   2.091383e-17   2.211515e-04   7.226672e-19   768
  4.060439e-01   2.484867e-17   2.977401e-04   1.664953e-18   240
  4.067421e-01   2.003467e-17   2.625786e-04   1.531437e-18   192
  4.077592e-01   2.015397e-17   1.932899e-04   8.398126e-19   504
  4.085134e-01   1.904294e-17   2.604655e-04   7.838630e-19   590
  4.092368e-01   1.979203e-17   2.918373e-04   9.789465e-19   384
  4.101438e-01   2.093811e-17   2.438900e-04   9.395777e-19   504
  4.112389e-01   2.216955e-17   2.347064e-04   8.140235e-19   648
  4.123011e-01   2.126072e-17   6.374317e-05   9.243350e-19   504
  4.127294e-01   2.200265e-17   1.454101e-04   1.128825e-18   312
  4.134855e-01   1.919528e-17   2.095003e-04   7.275246e-19   576
  4.145236e-01   2.047195e-17   1.457924e-04   1.283058e-18   240
  4.151287e-01   2.008695e-17   1.473162e-04   8.158760e-19   552
  4.159853e-01   2.203882e-17   1.383265e-04   8.756051e-19   600
  4.172054e-01   2.063957e-17   1.689549e-04   7.515156e-19   600
  4.179389e-01   2.280381e-17   2.705679e-04   1.344531e-18   312
  4.186695e-01   2.237249e-17   2.356379e-04   9.809714e-19   480
  4.195820e-01   2.313109e-17   1.470154e-04   9.360395e-19   576
  4.203854e-01   2.218204e-17   2.367268e-04   1.119957e-18   408
  4.210983e-01   2.252580e-17   2.761527e-04   1.391164e-18   216
  4.220194e-01   1.882427e-17   2.115019e-04   8.432538e-19   516
  4.230063e-01   2.275590e-17   2.017943e-04   8.915098e-19   744
  4.240243e-01   2.128517e-17   1.347808e-04   9.801315e-19   462
  4.245995e-01   2.295594e-17   1.369852e-04   1.119390e-18   432
  4.254918e-01   2.314172e-17   1.270838e-04   8.198320e-19   648
  4.265409e-01   2.354557e-17   1.859472e-04   9.714292e-19   528
  4.273836e-01   2.013764e-17   2.239269e-04   8.411868e-19   600
  4.282256e-01   2.020457e-17   2.823132e-04   1.530843e-18   240
  4.290411e-01   2.083566e-17   2.162492e-04   7.554435e-19   720
  4.299890e-01   2.375891e-17   1.710922e-04   8.386765e-19   720
  4.310398e-01   1.957621e-17   0.000000e+00   1.441083e-18   144
  4.315927e-01   2.061717e-17   2.205891e-04   7.374303e-19   720
  4.323793e-01   2.529707e-17   1.322696e-04   1.379574e-18   384
  4.333641e-01   2.189948e-17   1.466278e-04   8.443805e-19   672
  4.342984e-01   2.221671e-17   2.567292e-04   1.161585e-18   336
  4.347447e-01   2.498091e-17   0.000000e+00   1.522835e-18   288
  4.358374e-01   2.171645e-17   2.031840e-04   7.553716e-19   776
  4.368489e-01   2.402519e-17   1.738547e-04   9.107133e-19   720
  4.376985e-01   2.317707e-17   1.400528e-04   1.198086e-18   432
  4.383780e-01   2.248724e-17   1.996629e-04   1.199122e-18   504
  4.391339e-01   2.137688e-17   1.398922e-04   9.471722e-19   528
  4.401917e-01   2.279551e-17   1.905949e-04   1.057456e-18   438
  4.410618e-01   2.075290e-17   2.218350e-04   8.353616e-19   624
  4.417176e-01   2.438935e-17   2.717180e-04   1.324759e-18   312
  4.426191e-01   2.296109e-17   1.463948e-04   8.222233e-19   696
  4.435512e-01   2.227310e-17   1.324608e-04   9.451791e-19   552
  4.445207e-01   2.086738e-17   1.024805e-04   8.534719e-19   516
  4.451205e-01   2.189425e-17   2.046970e-04   8.942480e-19   528
  4.458506e-01   2.212537e-17   1.331200e-04   1.026748e-18   528
  4.468878e-01   2.241609e-17   1.755583e-04   7.914130e-19   864
  4.475918e-01   2.014562e-17   2.404788e-04   9.379237e-19   408
  4.482965e-01   2.221088e-17   2.382549e-04   1.486790e-18   192
  4.492953e-01   2.320684e-17   1.971674e-04   8.513287e-19   720
  4.501385e-01   2.050144e-17   1.817980e-04   7.265904e-19   696
  4.511404e-01   2.322324e-17   1.963435e-04   8.344088e-19   720
  4.520570e-01   2.198247e-17   2.661201e-04   1.048328e-18   432
  4.525916e-01   2.071991e-17   1.566487e-04   1.261849e-18   264
  4.535534e-01   2.336190e-17   2.163249e-04   8.553007e-19   672
  4.544137e-01   2.304177e-17   2.214835e-04   9.146830e-19   600
  4.554346e-01   2.278487e-17   1.296784e-04   1.454522e-18   270
  4.559493e-01   2.277988e-17   1.952021e-04   1.011589e-18   528
  4.567673e-01   2.517205e-17   1.336675e-04   9.517402e-19   840
  4.578890e-01   2.369800e-17   2.555961e-04   8.205921e-19   888
  4.589254e-01   2.319006e-17   1.904380e-04   9.028656e-19   744
  4.598014e-01   2.552894e-17   9.785730e-05   1.258678e-18   456
  4.602370e-01   2.208950e-17   1.337280e-04   1.047482e-18   360
  4.609825e-01   2.297911e-17   1.158678e-04   1.077385e-18   384
  4.621264e-01   2.454518e-17   1.858509e-04   8.739694e-19   816
  4.629847e-01   2.455381e-17   2.696437e-04   8.252197e-19   824
  4.640279e-01   2.401977e-17   1.253432e-04   1.309721e-18   360
  4.645865e-01   2.729900e-17   1.849595e-04   1.115212e-18   624
  4.653553e-01   2.132275e-17   1.249856e-04   1.041761e-18   360
  4.663795e-01   2.435082e-17   1.700172e-04   8.042148e-19   876
  4.673045e-01   2.294405e-17   2.019296e-04   9.451154e-19   696
  4.682373e-01   2.598897e-17   1.303928e-04   1.393556e-18   336
  4.687264e-01   2.586135e-17   1.302463e-04   1.201216e-18   504
  4.695341e-01   2.421142e-17   1.313750e-04   8.801197e-19   672
  4.707324e-01   2.278860e-17   2.615370e-04   8.445704e-19   720
  4.715635e-01   2.240517e-17   1.975633e-04   8.890695e-19   774
  4.724808e-01   2.445574e-17   1.130801e-04   1.167966e-18   384
  4.729612e-01   2.425383e-17   2.176147e-04   1.070383e-18   528
  4.737068e-01   2.477440e-17   2.073989e-04   8.880289e-19   744
  4.749062e-01   2.527525e-17   1.710601e-04   8.961361e-19   768
  4.757025e-01   2.468598e-17   1.920278e-04   1.022617e-18   552
  4.766960e-01   2.320733e-17   2.092886e-04   8.845308e-19   696
  4.774351e-01   2.590340e-17   2.543221e-04   1.359261e-18   408
  4.780218e-01   2.408804e-17   1.098692e-04   1.084413e-18   504
  4.789519e-01   2.355893e-17   1.973758e-04   8.370411e-19   888
  4.798671e-01   2.294743e-17   2.051305e-04   8.997063e-19   648
  4.808184e-01   2.371045e-17   2.033722e-04   9.823981e-19   648
  4.817134e-01   2.463163e-17   2.192851e-04   8.666208e-19   792
  4.826614e-01   2.390557e-17   3.208291e-04   9.717007e-19   600
  4.833600e-01   2.330376e-17   2.174285e-04   1.107322e-18   456
  4.840953e-01   2.530841e-17   1.059654e-04   9.741638e-19   648
  4.850397e-01   2.349503e-17   2.066479e-04   7.471959e-19   936
  4.860593e-01   2.396227e-17   1.269084e-04   1.139094e-18   384
  4.869469e-01   4.149877e-48   0.000000e+00   4.618811e-49   198
  4.876318e-01   5.276179e-48   3.219776e-04   2.379304e-49   1224
  4.883707e-01   5.175757e-48   2.344988e-04   3.578785e-49   420
  4.892446e-01   4.964673e-48   2.269458e-04   2.371089e-49   792
  4.900991e-01   4.850235e-48   1.876648e-04   1.997568e-49   680
  4.910742e-01   5.164950e-48   1.723226e-04   2.871667e-49   600
  4.918588e-01   5.031608e-48   2.499151e-04   2.242408e-49   840
  4.929064e-01   4.772717e-48   1.179983e-04   2.275552e-49   432
  4.933067e-01   5.537928e-48   1.105800e-04   2.479927e-49   720
  4.941771e-01   4.611910e-48   2.214723e-04   1.868886e-49   960
  4.952596e-01   5.736524e-48   1.974263e-04   3.315737e-49   528
  4.960507e-01   4.570440e-48   2.018074e-04   2.108568e-49   624
  4.969923e-01   4.972282e-48   1.586192e-04   2.089631e-49   816
  4.979269e-01   5.024146e-48   2.608527e-04   2.481433e-49   696
  4.989597e-01   5.588573e-48   1.438612e-08   3.609290e-49   240
  4.993481e-01   5.126236e-48   1.538310e-04   2.061196e-49   672
  5.002149e-01   4.923592e-48   2.749181e-04   1.939274e-49   864
  5.011872e-01   5.033785e-48   2.109550e-04   1.774685e-49   816
  5.020636e-01   4.898705e-48   1.207434e-04   2.285975e-49   648
  5.030076e-01   5.079500e-48   1.234217e-04   2.026891e-49   843
  5.038089e-01   5.271727e-48   2.220660e-04   2.419678e-49   780
  5.047639e-01   6.186815e-48   1.191565e-04   4.523074e-49   216
  5.053529e-01   5.511697e-48   2.873328e-04   2.444175e-49   1056
  5.062588e-01   5.365097e-48   2.350705e-04   4.186786e-49   228
  5.070976e-01   5.392636e-48   2.926687e-04   2.355380e-49   924
  5.079587e-01   4.983814e-48   1.085637e-04   2.183597e-49   696
  5.088706e-01   4.924542e-48   1.932122e-04   1.819537e-49   996
  5.098035e-01   5.453601e-48   1.140687e-04   2.643688e-49   576
  5.107740e-01   5.059086e-48   1.760574e-04   2.335584e-49   552
  5.114815e-01   5.309555e-48   2.102064e-04   2.316453e-49   516
  5.121995e-01   5.756007e-48   3.056837e-04   2.518518e-49   744
  5.130199e-01   4.974769e-48   1.499561e-04   2.550328e-49   576
  5.137336e-01   5.119693e-48   1.543428e-04   2.274613e-49   792
  5.147477e-01   5.421385e-48   1.764424e-04   2.118047e-49   792
  5.154909e-01   5.345789e-48   1.902913e-04   2.354282e-49   720
  5.164960e-01   4.813206e-48   2.168883e-04   2.238112e-49   656
  5.174379e-01   6.261729e-48   2.368308e-04   2.512306e-49   816
  5.184034e-01   4.654323e-48   1.276952e-04   2.369251e-49   492
  5.189522e-01   5.319499e-48   1.836985e-04   2.638069e-49   552
  5.199822e-01   5.271529e-48   3.194294e-04   2.012560e-49   780
  5.206511e-01   5.183221e-48   1.962217e-04   2.526787e-49   528
  5.213718e-01   5.431359e-48   2.290504e-04   2.221350e-49   600
  5.224340e-01   5.087824e-48   1.903590e-04   1.815352e-49   900
  5.231662e-01   5.451997e-48   1.053860e-04   2.469569e-49   696
  5.241734e-01   5.447082e-48   2.664725e-04   2.318457e-49   696
  5.251479e-01   5.333730e-48   1.081054e-04   2.361264e-49   552
  5.259673e-01   4.976808e-48   1.257166e-04   2.146238e-49   708
  5.268258e-01   5.062986e-48   2.075652e-04   1.884336e-49   876
  5.277190e-01   4.400907e-48   1.102130e-04   3.056709e-49   216
  5.283184e-01   5.579182e-48   3.014475e-04   2.109090e-49   1032
  5.292161e-01   5.325121e-48   3.356286e-04   2.362397e-49   600
  5.301478e-01   5.343353e-48   1.601495e-04   2.450944e-49   600
  5.308585e-01   5.485849e-48   2.828090e-04   2.495901e-49   528
  5.316987e-01   5.765928e-48   1.552497e-04   2.051938e-49   732
  5.325837e-01   5.590765e-48   1.146378e-04   3.378168e-49   336
  5.336024e-01   5.330747e-48   1.633817e-04   1.908726e-49   912
  5.343638e-01   5.624457e-48   1.639857e-04   2.441781e-49   624
  5.351957e-01   4.979285e-48   1.381873e-04   1.973192e-49   768
  5.361666e-01   5.585912e-48   2.493171e-04   2.180876e-49   792
  5.371196e-01   5.301531e-48   1.236011e-04   2.193378e-49   660
  5.377977e-01   5.774773e-48   1.821461e-04   2.545232e-49   504
  5.384990e-01   5.680333e-48   2.975919e-04   2.606269e-49   480
  5.395501e-01   5.626178e-48   2.752337e-04   2.044174e-49   912
  5.403731e-01   5.612783e-48   3.065154e-04   3.161798e-49   432
  5.411504e-01   4.628843e-48   1.820016e-04   2.203660e-49   564
  5.418405e-01   5.253035e-48   1.742006e-04   2.631032e-49   600
  5.428119e-01   6.374519e-48   2.428192e-04   2.430368e-49   876
  5.435417e-01   5.213657e-48   1.091788e-04   3.589017e-49   264
  5.445477e-01   5.353948e-48   2.118499e-04   2.461322e-49   560
  5.453563e-01   5.680250e-48   1.439565e-04   2.155605e-49   840
  5.463378e-01   5.711221e-48   2.219395e-04   2.086308e-49   1008
  5.472454e-01   5.935851e-48   9.928084e-05   2.634001e-49   456
  5.480744e-01   5.464665e-48   1.286043e-04   2.700141e-49   576
  5.488407e-01   5.968803e-48   1.976142e-04   2.485219e-49   612
  5.498512e-01   5.912972e-48   1.765015e-04   2.217781e-49   780
  5.506755e-01   6.231701e-48   2.022627e-04   2.598569e-49   648
  5.515194e-01   5.009794e-48   9.425702e-05   2.925678e-49   312
  5.520587e-01   5.775213e-48   2.394916e-04   2.412815e-49   528
  5.529931e-01   5.984200e-48   3.127641e-04   2.287701e-49   720
  5.538866e-01   5.503213e-48   3.137436e-04   2.403781e-49   576
  5.549699e-01   5.338591e-48   2.706443e-04   3.100156e-49   444
  5.556439e-01   5.076759e-48   2.654148e-04   1.845063e-49   996
  5.564699e-01   5.787161e-48   2.217012e-04   2.989868e-49   432
  5.572506e-01   6.677303e-48   2.427192e-04   3.266469e-49   504
  5.579250e-01   5.430466e-48   1.094306e-04   3.156158e-49   504
  5.588852e-01   5.737137e-48   2.153608e-04   2.162516e-49   876
  5.597541e-01   5.793117e-48   2.478597e-04   2.790299e-49   504
  5.606589e-01   5.597789e-48   1.580720e-04   2.356691e-49   696
  5.614066e-01   6.325911e-48   1.351349e-04   3.159425e-49   492
  5.624240e-01   7.208143e-48   1.934522e-04   3.761072e-49   432
  5.631776e-01   5.979400e-48   1.811468e-04   2.408847e-49   768
  5.640708e-01   6.053402e-48   2.256427e-04   2.539610e-49   648
  5.649237e-01   5.756929e-48   1.472076e-04   2.649065e-49   456
  5.659038e-01   5.722432e-48   2.024344e-04   2.701197e-49   552
  5.665845e-01   5.606154e-48   1.387487e-04   2.215550e-49   648
  5.675213e-01   5.706908e-48   2.261525e-04   2.080900e-49   840
  5.684363e-01   7.174327e-48   1.078474e-04   3.769921e-49   432
  5.693524e-01   5.685966e-48   1.320946e-04   2.549621e-49   600
  5.699896e-01   5.454136e-48   1.407382e-04   2.710744e-49   432
  5.710598e-01   6.130872e-48   1.401185e-04   2.794174e-49   560
  5.717846e-01   6.450168e-48   2.217929e-04   2.274536e-49   840
  5.726922e-01   6.198823e-48   1.313712e-04   2.737005e-49   504
  5.734129e-01   6.003653e-48   2.681208e-04   2.847101e-49   696
  5.744289e-01   5.339025e-48   1.464380e-04   3.001038e-49   384
  5.752203e-01   5.860972e-48   2.145144e-04   2.830996e-49   576
  5.761776e-01   5.482110e-48   1.323876e-04   3.197314e-49   360
  5.769491e-01   5.457646e-48   1.971572e-04   2.189246e-49   828
  5.777814e-01   5.958616e-48   1.756051e-04   3.315391e-49   372
  5.785440e-01   6.656138e-48   2.681827e-04   3.392898e-49   576
  5.795542e-01   7.007305e-48   1.123146e-04   3.027461e-49   636
  5.802740e-01   6.659225e-48   2.165136e-04   3.133613e-49   648
  5.812477e-01   6.253061e-48   1.760019e-04   2.738641e-49   576
  5.819467e-01   6.267677e-48   2.839096e-04   3.001136e-49   528
  5.828762e-01   6.972761e-48   1.213831e-04   4.031950e-49   360
  5.836457e-01   6.053699e-48   2.792266e-04   2.123926e-49   672
  5.846504e-01   6.189844e-48   1.430245e-04   2.752180e-49   804
  5.854866e-01   7.610918e-48   1.577731e-04   4.050120e-49   408
  5.864116e-01   6.439191e-48   9.752092e-05   3.864870e-49   384
  5.870345e-01   5.845163e-48   2.231653e-04   2.939289e-49   480
  5.879130e-01   6.726083e-48   1.441975e-04   3.305969e-49   432
  5.887557e-01   6.258636e-48   2.657252e-04   2.891044e-49   648
  5.897530e-01   6.567905e-48   1.648813e-04   2.998284e-49   624
  5.904826e-01   6.868984e-48   1.499734e-04   3.425349e-49   456
  5.914788e-01   6.754548e-48   2.048770e-04   2.840960e-49   588
  5.921465e-01   5.816783e-48   1.307107e-04   2.379298e-49   600
  5.931212e-01   5.959511e-48   2.038766e-04   2.136121e-49   708
  5.938912e-01   5.830021e-48   1.284383e-04   3.696095e-49   360
  5.947420e-01   6.979783e-48   1.476433e-04   3.383983e-49   552
  5.955576e-01   6.415089e-48   1.035752e-04   3.975001e-49   288
  5.963856e-01   6.380661e-48   1.947498e-04   3.004726e-49   528
  5.971636e-01   6.994124e-48   1.313872e-04   3.157867e-49   456
  5.980328e-01   6.701116e-48   2.329780e-04   2.872893e-49   608
  5.989070e-01   7.697197e-48   1.127174e-04   3.915595e-49   504
  5.998623e-01   5.712390e-48   2.419978e-04   2.544431e-49   540
  6.006113e-01   8.040817e-48   2.597778e-04   4.697866e-49   360
  6.014188e-01   6.578356e-48   1.176407e-04   3.115814e-49   540
  6.021329e-01   6.851705e-48   1.010085e-04   3.355812e-49   576
  6.031714e-01   6.917834e-48   2.342044e-04   3.100054e-49   588
  6.041588e-01   6.461577e-48   3.231314e-04   2.857850e-49   672
  6.050070e-01   6.294813e-48   2.469721e-04   2.930261e-49   552
  6.056908e-01   6.814736e-48   2.470970e-04   4.829173e-49   144
  6.065633e-01   6.186533e-48   2.099342e-04   2.459203e-49   600
  6.073906e-01   6.475198e-48   2.630934e-04   3.027875e-49   504
  6.083088e-01   6.942650e-48   2.702501e-04   4.410758e-49   336
  6.092745e-01   6.744030e-48   3.037623e-04   3.104696e-49   600
  6.101395e-01   7.064200e-48   1.960382e-04   3.051435e-49   636
  6.110731e-01   6.459420e-48   1.576165e-04   3.963495e-49   384
  6.117276e-01   7.062813e-48   2.198564e-04   3.065989e-49   504
  6.126710e-01   7.976815e-48   9.227064e-05   5.690981e-49   240
  6.134155e-01   7.295233e-48   2.167569e-04   3.383491e-49   744
  6.143088e-01   7.395361e-48   1.480120e-04   3.102918e-49   648
  6.151027e-01   8.228465e-48   9.825476e-05   7.665373e-49   120
  6.160331e-01   6.611591e-48   1.543455e-04   3.212772e-49   564
  6.167362e-01   6.787543e-48   2.424089e-04   4.228309e-49   432
  6.176746e-01   6.934839e-48   1.881572e-04   3.699891e-49   480
  6.183811e-01   6.610615e-48   1.384885e-04   3.506949e-49   456
  6.192152e-01   7.825094e-48   2.291780e-04   5.264175e-49   444
  6.201616e-01   6.763445e-48   3.506544e-04   3.196613e-49   528
  6.209930e-01   6.814287e-48   2.604238e-04   4.222178e-49   264
  6.217998e-01   7.963233e-48   2.668956e-04   3.983599e-49   444
  6.228852e-01   7.305092e-48   2.923449e-04   2.884371e-49   696
  6.237861e-01   6.929290e-48   1.563558e-04   4.041196e-49   384
  6.244450e-01   6.876004e-48   1.975687e-04   3.373112e-49   432
  6.254698e-01   7.367627e-48   1.365107e-04   3.255852e-49   488
  6.261352e-01   7.132183e-48   2.057386e-04   3.936007e-49   480
  6.270999e-01   7.791491e-48   2.294412e-04   3.747130e-49   480
  6.278471e-01   6.085097e-48   9.626648e-05   3.697742e-49   240
  6.286954e-01   6.765008e-48   2.248709e-04   2.934197e-49   600
  6.294955e-01   6.867967e-48   1.959519e-04   4.017828e-49   288
  6.303474e-01   6.934313e-48   1.884914e-04   3.158186e-49   480
  6.312103e-01   6.297829e-48   3.352926e-04   2.873338e-49   504
  6.320598e-01   6.572090e-48   1.438614e-04   4.513908e-49   216
  6.331433e-01   7.156871e-48   2.355240e-04   3.107856e-49   504
  6.339871e-01   7.580422e-48   1.894329e-04   4.100187e-49   456
  6.349107e-01   7.038325e-48   1.086430e-04   3.729100e-49   384
  6.355225e-01   7.338474e-48   2.205061e-04   3.886943e-49   480
  6.363918e-01   6.939380e-48   1.936290e-04   3.304083e-49   504
  6.371972e-01   6.918626e-48   1.228262e-04   3.832215e-49   312
  6.380652e-01   7.319500e-48   1.979302e-04   4.044514e-49   492
  6.388334e-01   8.362807e-48   1.855135e-04   4.749637e-49   312
  6.398223e-01   6.991469e-48   3.013519e-04   2.899083e-49   576
  6.406929e-01   7.254053e-48   2.781722e-04   3.986889e-49   336
  6.414159e-01   7.660994e-48   2.141797e-04   4.206766e-49   240
  6.424183e-01   6.984327e-48   2.839481e-04   3.139619e-49   468
  6.432837e-01   6.418607e-48   1.777925e-04   6.799632e-49   192
  6.441896e-01   6.643421e-48   1.783224e-04   3.463201e-49   324
  6.448535e-01   7.275148e-48   1.294235e-04   3.476904e-49   600
  6.457583e-01   8.315322e-48   2.099764e-04   4.494887e-49   456
  6.464302e-01   8.338227e-48   9.444737e-05   4.499460e-49   336
  6.475438e-01   7.572015e-48   2.828021e-04   3.313206e-49   612
  6.483539e-01   7.378011e-48   2.373399e-04   6.560847e-49   144
  6.491201e-01   7.451495e-48   2.770366e-04   3.367281e-49   552
  6.501620e-01   7.817780e-48   1.091004e-04   4.689757e-49   264
  6.507507e-01   7.121466e-48   2.525953e-04   4.092469e-49   336
  6.516793e-01   7.623801e-48   1.669063e-04   4.153639e-49   384
  6.524847e-01   7.384234e-48   9.395175e-05   4.646121e-49   216
  6.533762e-01   7.349321e-48   1.991971e-04   4.357652e-49   344
  6.541891e-01   7.756262e-48   2.972114e-04   4.660014e-49   408
  6.551797e-01   8.013442e-48   2.283876e-04   5.222989e-49   264
  6.560575e-01   8.292625e-48   3.183837e-04   3.874329e-49   612
  6.569345e-01   7.068023e-48   1.638646e-04   4.249981e-49   408
  6.578364e-01   6.873577e-48   1.641001e-04   3.206898e-49   444
  6.584991e-01   8.126912e-48   9.177996e-05   6.959373e-49   120
  6.593870e-01   6.619207e-48   2.535712e-04   3.769633e-49   336
  6.600460e-01   8.021917e-48   8.811499e-05   5.589431e-49   288
  6.609366e-01   7.716723e-48   2.742154e-04   3.343419e-49   552
  6.621610e-01   9.203914e-48   0.000000e+00   1.633311e-48   72
  6.627906e-01   7.058121e-48   2.723657e-04   3.017599e-49   504
  6.635259e-01   7.116770e-48   8.764464e-05   5.476304e-49   216
  6.644787e-01   7.931250e-48   1.564835e-04   3.931957e-49   312
  6.653340e-01   7.579092e-48   1.781811e-04   4.156592e-49   336
  6.661492e-01   6.701931e-48   2.469789e-04   4.762638e-49   204
  6.669611e-01   8.383845e-48   2.870270e-04   4.262262e-49   504
  6.678221e-01   8.042477e-48   2.733322e-04   4.424778e-49   396
  6.686501e-01   8.596032e-48   2.506599e-04   5.109087e-49   312
  6.696540e-01   7.690769e-48   1.531800e-04   5.816051e-49   216
  6.703613e-01   8.114172e-48   8.313373e-05   6.507431e-49   168
  6.712208e-01   7.256129e-48   2.099173e-04   3.136338e-49   588
  6.722017e-01   7.778960e-48   2.849381e-04   4.630151e-49   240
  6.729637e-01   8.975060e-48   2.516481e-04   6.710274e-49   264
  6.738575e-01   8.011703e-48   3.112147e-04   4.809251e-49   288
  6.746505e-01   6.508588e-48   1.554077e-04   3.328990e-49   288
  6.756555e-01   8.223420e-48   1.459525e-04   5.266202e-49   288
  6.763322e-01   6.007003e-48   1.690738e-04   3.871203e-49   192
  6.771836e-01   7.680429e-48   1.799115e-04   4.712720e-49   264
  6.779946e-01   1.014338e-47   2.959295e-04   5.450817e-49   372
  6.788675e-01   8.283293e-48   3.196167e-04   4.815258e-49   360
  6.799329e-01   8.954076e-48   1.352648e-04   7.550954e-49   144
  6.804835e-01   6.692665e-48   1.878769e-04   3.175006e-49   296
  6.813527e-01   7.701024e-48   2.024276e-04   4.660207e-49   288
  6.823478e-01   6.793843e-48   3.025230e-04   2.813308e-49   480
  6.832061e-01   7.333832e-48   2.513677e-04   5.621558e-49   192
  6.840407e-01   7.747330e-48   2.696262e-04   5.924733e-49   192
  6.847993e-01   7.196910e-48   1.718359e-04   4.855159e-49   288
  6.858544e-01   8.541297e-48   1.495808e-04   7.515376e-49   108
  6.863859e-01   8.403391e-48   1.438036e-04   5.485822e-49   240
  6.873243e-01   6.940900e-48   2.682690e-04   3.615952e-49   384
  6.882884e-01   8.612172e-48   3.272578e-04   8.996386e-49   108
  6.891409e-01   8.080438e-48   1.918773e-04   4.290410e-49   348
  6.900373e-01   8.248099e-48   2.002507e-04   4.794963e-49   312
  6.908379e-01   6.987226e-48   1.945855e-04   6.753130e-49   96
  6.915741e-01   7.455330e-48   2.590555e-04   4.207215e-49   384
  6.923987e-01   9.405059e-48   1.781778e-04   8.467660e-49   144
  6.932053e-01   8.799264e-48   2.737780e-04   4.322749e-49   408
  6.942079e-01   6.241157e-48   1.221243e-04   4.883244e-49   144
  6.951550e-01   8.823283e-48   2.347853e-04   7.039061e-49   192
  6.957167e-01   8.572931e-48   2.642552e-04   6.490335e-49   144
  6.966323e-01   6.852126e-48   2.148492e-04   6.957349e-49   144
  6.974962e-01   7.353876e-48   2.625805e-04   3.954408e-49   336
  6.985541e-01   6.944452e-48   1.942763e-04   4.188922e-49   240
  6.992249e-01   8.619288e-48   8.821915e-05   8.434347e-49   96
  7.001605e-01   7.824020e-48   2.587043e-04   4.024547e-49   372
  7.011070e-01   7.253829e-48   3.077232e-04   6.339243e-49   132
  7.019384e-01   8.326743e-48   1.904154e-04   5.260021e-49   264
  7.026821e-01   9.024987e-48   1.462304e-04   6.339925e-49   168
  7.034759e-01   8.230224e-48   2.337943e-04   6.401085e-49   216
  7.041771e-01   8.270850e-48   1.430383e-04   5.169439e-49   216
  7.051983e-01   7.013152e-48   2.624157e-04   7.452787e-49   96
  7.061249e-01   7.390077e-48   1.712023e-04   6.376029e-49   120
  7.069747e-01   7.110059e-48   2.176463e-04   4.579077e-49   216
  7.076747e-01   7.372625e-48   9.511215e-05   4.997985e-49   200
  7.086015e-01   8.156942e-48   2.462045e-04   4.730858e-49   288
  7.097902e-01   9.707752e-48   6.478119e-05   8.040646e-49   144
  7.102908e-01   7.740863e-48   2.015951e-04   5.838020e-49   168
  7.113130e-01   7.877627e-48   2.268765e-04   6.292723e-49   159
  7.121109e-01   8.795100e-48   2.380480e-04   7.008265e-49   174
  7.128831e-01   8.421960e-48   2.158536e-04   6.705636e-49   144
  7.138943e-01   8.555642e-48   1.246398e-04   5.508670e-49   222
  7.145705e-01   8.820728e-48   1.257726e-04   7.143624e-49   168
  7.157386e-01   4.926200e-48   2.758677e-04   8.014063e-49   30
  7.162211e-01   8.078667e-48   2.435709e-04   8.782619e-49   72
  7.171298e-01   8.673894e-48   2.173841e-04   5.525108e-49   258
  7.181290e-01   8.428013e-48   1.361533e-04   4.563428e-49   264
  7.186286e-01   8.461114e-48   1.468278e-08   8.801073e-49   72
  7.196697e-01   8.335019e-48   2.698616e-04   6.363952e-49   174
  7.206123e-01   8.584035e-48   2.873527e-04   7.261283e-49   168
  7.213701e-01   7.140460e-48   8.991328e-09   9.028187e-49   48
  7.221837e-01   9.557919e-48   1.622748e-04   6.956433e-49   150
  7.231270e-01   8.234992e-48   2.985162e-04   6.507116e-49   168
  7.240729e-01   9.461411e-48   1.818422e-04   7.533576e-49   144
  7.249427e-01   8.177168e-48   1.698820e-04   8.890438e-49   102
  7.255906e-01   7.195497e-48   2.514545e-04   7.565908e-49   96
  7.266185e-01   6.838859e-48   2.495518e-04   8.315024e-49   120
  7.273797e-01   1.006170e-47   2.676508e-04   7.250421e-49   168
  7.282031e-01   1.022290e-47   1.976389e-04   9.621943e-49   126
  7.289046e-01   8.252336e-48   1.490593e-04   5.739564e-49   168
  7.298711e-01   8.629951e-48   2.390167e-04   1.210230e-48   72
  7.307158e-01   8.007890e-48   2.993022e-04   5.600994e-49   168
  7.314557e-01   9.255594e-48   8.205344e-05   1.010921e-48   78
  7.324696e-01   8.410386e-48   1.347256e-04   1.047852e-48   60
  7.332860e-01   7.250510e-48   2.185468e-04   8.158953e-49   96
  7.341327e-01   8.776473e-48   2.651884e-04   6.384678e-49   168
  7.349284e-01   1.051500e-47   1.678009e-04   1.036069e-48   86
  7.357634e-01   8.464227e-48   1.499742e-04   7.219077e-49   120
  7.369601e-01   9.919835e-48   1.069515e-04   7.338378e-49   168
  7.376055e-01   7.809042e-48   0.000000e+00   1.288078e-48   48
  7.384747e-01   7.622722e-48   1.948541e-04   7.103930e-49   120
  7.389742e-01   9.097708e-48   1.421539e-04   7.815287e-49   126
  7.401935e-01   1.226893e-47   2.500091e-04   1.153409e-48   96
  7.409848e-01   8.063743e-48   7.209028e-05   8.201543e-49   96
  7.416089e-01   9.512237e-48   8.477105e-09   9.655876e-49   72
  7.429385e-01   5.969233e-48   8.991328e-09   9.170473e-49   24
  7.437683e-01   9.396262e-48   1.483601e-04   7.489093e-49   120
  7.444157e-01   6.402742e-48   2.164118e-04   4.454645e-49   126
  7.451355e-01   9.220008e-48   1.804085e-04   8.000562e-49   96
  7.459766e-01   9.551184e-48   3.117986e-04   1.298524e-48   72
  7.469132e-01   9.113649e-48   1.348634e-04   6.849758e-49   144
  7.476836e-01   9.036081e-48   7.778603e-05   9.138142e-49   72
  7.484533e-01   8.572271e-48   1.553665e-04   1.465658e-48   54
  7.491306e-01   1.106876e-47   1.369149e-04   9.254086e-49   108
  7.505382e-01   1.022855e-47   1.342120e-04   1.454571e-48   72
  7.509765e-01   1.044476e-47   7.744493e-05   1.160119e-48   72
  7.520162e-01   6.780361e-48   1.557344e-08   1.225643e-48   24
  7.529998e-01   9.463479e-48   1.638381e-04   1.556928e-48   48
  7.535971e-01   9.928314e-48   1.248023e-04   7.764947e-49   102
  7.544963e-01   8.088064e-48   2.822510e-04   6.712753e-49   168
  7.556711e-01   6.793398e-48   1.539331e-04   9.813708e-49   72
  7.561064e-01   1.071633e-47   0.000000e+00   1.656310e-48   48
  7.570195e-01   1.058263e-47   2.647743e-04   9.347037e-49   120
  7.582245e-01   9.758736e-48   1.627091e-04   9.067799e-49   96
  7.593627e-01   9.248532e-48   1.438612e-08   1.728228e-48   30
  7.607153e-01   1.044726e-47   7.644796e-05   1.438888e-48   72
  7.613097e-01   7.514979e-48   8.991328e-09   1.095589e-48   24
  7.620733e-01   5.737643e-48   1.133148e-04   6.443413e-49   56
  7.629285e-01   1.069204e-47   1.617059e-04   9.753574e-49   96
  7.639519e-01   8.905957e-48   1.785629e-04   5.964330e-49   144
  7.647411e-01   8.447930e-48   1.013810e-04   9.369540e-49   54
  7.658874e-01   9.569989e-48   1.518795e-04   8.443425e-49   108
  7.670409e-01   6.445704e-48   8.041947e-05   7.012947e-49   48
  7.681392e-01   1.148446e-47   3.028050e-04   1.480185e-48   72
  7.707744e-01   9.037793e-48   2.000642e-04   8.955437e-49   78
  7.715046e-01   8.506045e-48   1.507735e-04   1.020170e-48   72
  7.723570e-01   1.026853e-47   1.505863e-04   1.279792e-48   72
  7.732482e-01   7.427640e-48   3.633813e-04   6.061459e-49   96
  7.739527e-01   1.060347e-47   1.502759e-04   1.488808e-48   72
  7.748024e-01   6.384424e-48   0.000000e+00   1.833298e-48   24
  7.756510e-01   1.050286e-47   2.998733e-04   1.473713e-48   72
  7.775680e-01   6.616268e-48   1.904287e-04   1.090885e-48   30
  7.779804e-01   9.896864e-48   0.000000e+00   1.519727e-48   24
  7.801973e-01   7.088649e-48   1.581267e-04   8.060512e-49   48
  7.808927e-01   1.057020e-47   3.402886e-04   9.993627e-49   120
  7.818296e-01   1.047058e-47   1.487821e-04   1.394740e-48   72
  7.827758e-01   8.104799e-48   1.486022e-04   1.191219e-48   36
  7.834261e-01   8.959557e-48   2.937071e-04   1.019464e-48   78
  7.852411e-01   1.045558e-47   1.571111e-04   1.228024e-48   48
  7.875942e-01   9.533117e-48   1.271566e-08   1.481116e-48   24
  7.892707e-01   1.174862e-47   1.094089e-04   1.741787e-48   56
  7.901149e-01   8.411203e-48   1.683597e-04   7.686422e-49   102
  7.911888e-01   1.075466e-47   1.198844e-08   1.319459e-48   72
  7.918122e-01   1.068252e-47   8.991328e-09   2.054257e-48   24
  7.929021e-01   1.095299e-47   1.555930e-04   1.587983e-48   48
  7.949223e-01   8.550250e-48   0.000000e+00   1.696713e-48   24
  7.974016e-01   5.376565e-48   0.000000e+00   2.624403e-48   6
  7.981748e-01   1.378868e-47   0.000000e+00   1.750983e-48   24
  7.986898e-01   1.113586e-47   1.456409e-04   1.128168e-48   72
  7.996307e-01   9.100082e-48   2.717068e-04   1.177961e-48   84
  8.006440e-01   9.131143e-48   0.000000e+00   1.462682e-48   24
  8.009521e-01   1.004079e-47   1.271566e-08   1.851468e-48   24
  8.024909e-01   4.491153e-48   1.557344e-08   4.989917e-49   24
  8.046403e-01   8.823684e-48   0.000000e+00   2.344590e-48   6
  8.073954e-01   1.328858e-47   1.528000e-04   2.235686e-48   48
  8.080572e-01   1.139929e-47   2.878503e-04   9.798804e-49   72
  8.089220e-01   1.864795e-47   1.525117e-04   2.988097e-48   48
  8.102934e-01   7.869475e-48   0.000000e+00   1.613357e-48   24
  8.121184e-01   9.825369e-48   0.000000e+00   1.164692e-48   6
  8.162097e-01   2.315696e-47   0.000000e+00   5.066458e-48   8
  8.165120e-01   1.213688e-47   8.991328e-09   1.499143e-48   48
  8.172369e-01   1.144075e-47   1.479045e-04   1.059612e-48   60
  8.183231e-01   9.689084e-48   0.000000e+00   2.580079e-48   24
  8.198293e-01   2.621470e-48   0.000000e+00   2.371778e-49   6
  8.253784e-01   1.057554e-47   0.000000e+00   1.665151e-48   24
  8.258266e-01   1.077776e-47   1.493898e-04   1.469790e-48   48
  8.265733e-01   1.174860e-47   0.000000e+00   2.155825e-48   24
  8.277664e-01   1.448964e-47   0.000000e+00   1.242244e-48   6
  8.345448e-01   1.125879e-47   1.393664e-04   1.327165e-48   36
  8.350375e-01   9.656178e-48   0.000000e+00   1.587112e-48   24
  8.359234e-01   2.181284e-47   0.000000e+00   7.866319e-48   6
  8.436361e-01   1.257665e-47   1.266552e-04   3.186741e-48   32
  8.442939e-01   1.173792e-47   0.000000e+00   1.380226e-48   6
  8.525822e-01   1.504768e-47   0.000000e+00   3.877485e-48   12
  8.528715e-01   1.956395e-47   0.000000e+00   2.548072e-48   6
  8.616502e-01   2.168258e-47   0.000000e+00   3.911070e-48   6
