# power spectrum of phi
# redshift z=99.597220
# k              Pk             sigma(k)       sigma(Pk)      count
  1.570796e-02   2.209657e-10   0.000000e+00   8.906745e-11   6
  2.221441e-02   1.001380e-10   0.000000e+00   1.998988e-11   12
  2.720699e-02   6.133025e-11   2.980232e-10   1.248279e-11   8
  3.141593e-02   1.722303e-10   0.000000e+00   1.853318e-11   6
  3.512407e-02   1.039515e-10   5.619580e-10   3.313935e-11   24
  3.847649e-02   1.320265e-10   5.619580e-10   2.224675e-11   24
  4.442883e-02   4.925888e-11   0.000000e+00   2.217112e-11   12
  4.712389e-02   5.359090e-11   6.357829e-10   9.864788e-12   30
  4.967294e-02   6.364020e-11   0.000000e+00   1.402338e-11   24
  5.209742e-02   5.558223e-11   9.733398e-10   1.377925e-11   24
  5.441398e-02   6.253155e-11   5.960464e-10   1.267028e-11   8
  5.663587e-02   5.142060e-11   7.947286e-10   6.391026e-12   24
  5.877382e-02   4.711304e-11   0.000000e+00   6.622284e-12   48
  6.283185e-02   5.341411e-11   0.000000e+00   2.348515e-11   6
  6.476559e-02   4.181454e-11   7.947286e-10   5.871472e-12   48
  6.664324e-02   3.802367e-11   7.492773e-10   3.956951e-12   36
  6.846942e-02   5.353302e-11   7.947286e-10   1.119690e-11   24
  7.024815e-02   3.081506e-11   1.123916e-09   5.301454e-12   24
  7.198293e-02   2.700426e-11   0.000000e+00   3.670231e-12   48
  7.367688e-02   4.090690e-11   1.123916e-09   5.823207e-12   24
  7.695299e-02   3.119222e-11   1.123916e-09   4.903226e-12   24
  7.853982e-02   2.079650e-11   0.000000e+00   3.404755e-12   30
  8.009521e-02   2.170788e-11   0.000000e+00   2.395833e-12   72
  8.162097e-02   2.068594e-11   1.192093e-09   4.215875e-12   32
  8.458997e-02   2.623866e-11   0.000000e+00   3.042088e-12   72
  8.603606e-02   1.561963e-11   0.000000e+00   2.283850e-12   48
  8.885766e-02   7.901519e-12   0.000000e+00   2.350349e-12   12
  9.091388e-02   1.424287e-11   6.784996e-04   1.323904e-12   96
  9.292956e-02   1.713895e-11   1.123916e-09   2.164398e-12   48
  9.424778e-02   2.019466e-11   1.271566e-09   3.539666e-12   30
  9.650974e-02   1.773992e-11   5.553727e-04   1.668692e-12   96
  9.934588e-02   1.015415e-11   0.000000e+00   1.928308e-12   24
  1.009864e-01   1.404792e-11   5.747348e-04   1.140250e-12   144
  1.030040e-01   9.553398e-12   1.946680e-09   2.343851e-12   24
  1.050779e-01   1.385796e-11   5.098206e-04   1.577822e-12   96
  1.065366e-01   1.201035e-11   0.000000e+00   1.847694e-12   48
  1.098102e-01   1.433267e-11   3.780724e-04   1.618030e-12   62
  1.114740e-01   1.032649e-11   5.316623e-04   1.246887e-12   132
  1.132717e-01   6.739683e-12   1.589457e-09   1.200232e-12   24
  1.149693e-01   1.047570e-11   5.313863e-04   8.890996e-13   168
  1.180701e-01   1.207874e-11   5.224442e-04   1.009171e-12   96
  1.203984e-01   8.085836e-12   4.446482e-04   7.637021e-13   96
  1.232554e-01   8.380473e-12   4.956196e-04   6.911421e-13   168
  1.256637e-01   1.132012e-11   0.000000e+00   4.974893e-12   6
  1.266416e-01   9.182829e-12   0.000000e+00   8.913046e-13   96
  1.278047e-01   8.736562e-12   3.852495e-04   8.618420e-13   120
  1.301638e-01   6.883282e-12   4.473436e-04   5.441279e-13   144
  1.314222e-01   7.908658e-12   0.000000e+00   1.067730e-12   48
  1.338136e-01   6.892046e-12   4.564740e-04   7.421705e-13   84
  1.351250e-01   7.532776e-12   3.114687e-09   6.755207e-13   120
  1.363061e-01   5.782643e-12   4.142175e-04   6.655178e-13   80
  1.381342e-01   5.389797e-12   4.205668e-04   3.951169e-13   144
  1.404963e-01   6.631650e-12   2.247832e-09   1.228875e-12   24
  1.416501e-01   7.170854e-12   4.058285e-04   5.989184e-13   150
  1.434502e-01   6.323875e-12   4.210699e-04   4.613876e-13   120
  1.454270e-01   5.596293e-12   3.837166e-04   4.738161e-13   168
  1.473538e-01   8.134200e-12   2.247832e-09   1.356567e-12   24
  1.485660e-01   4.713203e-12   4.133786e-04   2.991889e-13   264
  1.498444e-01   3.683520e-12   2.247832e-09   5.170105e-13   48
  1.520236e-01   4.665345e-12   3.828947e-04   3.846860e-13   144
  1.544390e-01   5.528249e-12   3.768959e-04   6.761789e-13   72
  1.558174e-01   4.310637e-12   3.876848e-04   2.747611e-13   180
  1.577444e-01   4.440508e-12   2.809042e-04   3.312133e-13   198
  1.586427e-01   4.652923e-12   0.000000e+00   5.098664e-13   48
  1.606295e-01   3.663171e-12   3.802118e-04   2.760345e-13   168
  1.621039e-01   4.258582e-12   3.805277e-04   3.887934e-13   144
  1.643345e-01   3.911367e-12   5.346625e-04   2.043772e-13   248
  1.673465e-01   2.713434e-12   3.686065e-04   1.909152e-13   192
  1.693976e-01   3.490038e-12   5.693667e-04   2.291869e-13   240
  1.706322e-01   3.773572e-12   0.000000e+00   4.096045e-13   72
  1.725150e-01   3.858593e-12   3.474519e-04   3.369546e-13   126
  1.737029e-01   4.058510e-12   3.205713e-04   3.202738e-13   168
  1.759709e-01   3.757011e-12   3.505411e-04   2.095478e-13   288
  1.783549e-01   3.383514e-12   1.846233e-04   2.888664e-13   156
  1.795894e-01   2.876184e-12   3.105899e-04   2.505325e-13   168
  1.814616e-01   3.018703e-12   5.324516e-04   1.850224e-13   264
  1.831848e-01   2.795034e-12   0.000000e+00   3.444289e-13   48
  1.844652e-01   2.812489e-12   5.299184e-04   1.842662e-13   264
  1.863009e-01   2.844781e-12   3.123533e-04   2.360991e-13   144
  1.876872e-01   3.131088e-12   6.390593e-04   3.569871e-13   78
  1.897067e-01   2.524265e-12   4.154149e-04   1.393922e-13   336
  1.916111e-01   2.317761e-12   3.160631e-04   1.569399e-13   200
  1.928618e-01   2.239691e-12   6.188557e-04   1.705708e-13   192
  1.945503e-01   2.751714e-12   3.105574e-04   1.953266e-13   240
  1.961016e-01   2.897116e-12   6.223754e-04   1.998542e-13   168
  1.976952e-01   2.356937e-12   4.982915e-04   2.029214e-13   120
  1.996091e-01   2.569843e-12   3.894583e-04   1.368758e-13   324
  2.014663e-01   2.267741e-12   3.061804e-04   1.543499e-13   192
  2.027302e-01   2.516565e-12   5.491178e-04   1.815201e-13   168
  2.048802e-01   1.850199e-12   4.522690e-04   1.013446e-13   342
  2.068188e-01   2.491248e-12   3.641675e-04   1.280033e-13   336
  2.087838e-01   2.698776e-12   2.786838e-04   2.979581e-13   72
  2.101088e-01   2.129692e-12   4.457174e-04   1.416095e-13   288
  2.116470e-01   2.079029e-12   2.902819e-04   1.504797e-13   264
  2.137954e-01   1.804072e-12   3.817923e-04   9.770233e-14   384
  2.157197e-01   1.852190e-12   4.582500e-04   1.384576e-13   240
  2.165193e-01   1.924564e-12   0.000000e+00   2.344085e-13   48
  2.188323e-01   1.853773e-12   3.751076e-04   9.344935e-14   392
  2.205970e-01   1.678642e-12   4.116619e-04   9.535690e-14   294
  2.224945e-01   1.635018e-12   2.675587e-04   1.215811e-13   228
  2.237424e-01   1.910665e-12   4.063271e-04   1.247000e-13   216
  2.252951e-01   1.569090e-12   2.475063e-04   8.290518e-14   336
  2.271958e-01   1.640033e-12   2.940781e-04   9.347468e-14   360
  2.287649e-01   1.747806e-12   4.480490e-04   1.077661e-13   240
  2.303999e-01   1.582895e-12   5.301447e-04   1.109952e-13   168
  2.319249e-01   1.441295e-12   4.172883e-04   8.188945e-14   312
  2.337418e-01   1.417618e-12   2.611535e-04   7.204938e-14   336
  2.357046e-01   1.508436e-12   3.562619e-04   9.162470e-14   294
  2.371846e-01   1.681377e-12   4.748243e-04   1.034133e-13   288
  2.383170e-01   1.173742e-12   2.971134e-04   7.656411e-14   264
  2.403364e-01   1.345361e-12   5.103645e-04   6.793569e-14   480
  2.420249e-01   1.480789e-12   2.496686e-04   8.820485e-14   240
  2.440949e-01   1.443127e-12   2.524589e-04   8.417839e-14   276
  2.457280e-01   1.335938e-12   5.541970e-04   5.600673e-14   488
  2.476682e-01   1.499991e-12   2.440802e-04   1.322872e-13   240
  2.487944e-01   1.357846e-12   4.739408e-04   6.755894e-14   360
  2.503735e-01   1.138094e-12   1.686210e-04   8.441011e-14   198
  2.524044e-01   1.093367e-12   5.697771e-04   4.746098e-14   480
  2.538913e-01   1.087829e-12   2.103076e-04   6.576518e-14   288
  2.559478e-01   1.238327e-12   4.445422e-04   5.877007e-14   480
  2.577972e-01   1.247505e-12   2.738942e-04   5.309384e-14   480
  2.596963e-01   1.080645e-12   3.542367e-04   7.212598e-14   288
  2.608812e-01   1.211828e-12   3.779053e-04   6.915692e-14   288
  2.627448e-01   1.136825e-12   6.569890e-04   5.499139e-14   456
  2.646214e-01   1.250595e-12   6.187305e-04   6.183513e-14   360
  2.658312e-01   1.106529e-12   3.708853e-04   6.862019e-14   180
  2.675821e-01   9.256223e-13   4.039393e-04   3.940989e-14   486
  2.693567e-01   1.029719e-12   5.373692e-04   4.625497e-14   504
  2.711612e-01   1.087380e-12   4.175087e-04   5.140591e-14   456
  2.726573e-01   1.030167e-12   3.468761e-04   6.034114e-14   296
  2.746340e-01   9.632313e-13   3.422861e-04   4.223418e-14   528
  2.761206e-01   9.630326e-13   3.377476e-04   4.854648e-14   336
  2.783101e-01   9.499432e-13   3.746254e-04   3.929405e-14   600
  2.799128e-01   7.851695e-13   2.194755e-04   4.666608e-14   264
  2.815189e-01   9.142604e-13   2.373367e-04   4.480288e-14   360
  2.831582e-01   8.675647e-13   4.751715e-04   3.781708e-14   630
  2.849646e-01   9.917724e-13   2.452791e-04   4.698071e-14   432
  2.865671e-01   9.397170e-13   4.725907e-04   4.464042e-14   408
  2.885340e-01   8.447473e-13   3.136768e-04   4.554179e-14   324
  2.899972e-01   7.973196e-13   4.470278e-04   2.995074e-14   744
  2.917622e-01   7.598515e-13   3.573689e-04   4.236254e-14   336
  2.934486e-01   8.647280e-13   4.912911e-04   3.764189e-14   528
  2.952978e-01   7.247009e-13   2.506716e-04   3.899810e-14   408
  2.965238e-01   7.028597e-13   4.266433e-04   3.459133e-14   408
  2.985496e-01   7.168240e-13   3.522079e-04   3.241210e-14   470
  3.000252e-01   7.596740e-13   4.231156e-04   3.449701e-14   528
  3.020857e-01   6.458968e-13   3.525700e-04   2.403544e-14   624
  3.036033e-01   7.344831e-13   2.682725e-04   3.407540e-14   504
  3.051691e-01   6.325929e-13   3.736837e-04   2.716633e-14   552
  3.067221e-01   6.875659e-13   1.816539e-04   3.460232e-14   336
  3.086668e-01   7.305119e-13   3.866695e-04   3.209425e-14   528
  3.101733e-01   6.833691e-13   4.402305e-04   2.709204e-14   564
  3.119378e-01   6.400911e-13   4.051859e-04   3.077761e-14   528
  3.138508e-01   7.030462e-13   6.290633e-04   3.065096e-14   582
  3.155905e-01   6.439055e-13   4.842838e-04   2.565742e-14   624
  3.171120e-01   6.231432e-13   5.536295e-04   3.139749e-14   432
  3.189273e-01   6.435772e-13   6.158164e-04   2.189492e-14   816
  3.207951e-01   6.578146e-13   2.806614e-04   3.644860e-14   312
  3.220171e-01   5.731414e-13   4.548743e-04   2.537947e-14   552
  3.239876e-01   5.945982e-13   2.864905e-04   2.206282e-14   744
  3.254151e-01   6.434165e-13   2.676404e-04   3.497796e-14   408
  3.272576e-01   5.559921e-13   3.835404e-04   2.258398e-14   632
  3.291717e-01   6.353486e-13   6.513489e-04   2.358281e-14   750
  3.307289e-01   6.216953e-13   4.480796e-04   3.306991e-14   312
  3.324641e-01   5.724150e-13   6.615270e-04   1.963706e-14   876
  3.341804e-01   4.659721e-13   4.319379e-04   1.926979e-14   552
  3.361143e-01   5.569114e-13   3.572110e-04   2.186896e-14   696
  3.374317e-01   5.553218e-13   3.942932e-04   2.381815e-14   576
  3.392245e-01   4.932914e-13   4.174616e-04   2.283003e-14   576
  3.407547e-01   5.448587e-13   5.593999e-04   2.145564e-14   648
  3.426040e-01   5.354773e-13   5.599242e-04   1.964259e-14   672
  3.446457e-01   5.128234e-13   2.374990e-04   2.436123e-14   480
  3.459524e-01   4.744764e-13   3.677960e-04   1.695676e-14   726
  3.476351e-01   5.191711e-13   4.167607e-04   1.827709e-14   792
  3.494576e-01   4.733923e-13   5.781572e-04   1.733320e-14   768
  3.513784e-01   4.895942e-13   4.725059e-04   1.833674e-14   672
  3.531396e-01   4.699832e-13   3.169470e-04   1.825243e-14   608
  3.544145e-01   4.423351e-13   3.042788e-04   1.740372e-14   624
  3.562333e-01   4.379219e-13   3.954077e-04   1.584022e-14   684
  3.580024e-01   4.407991e-13   5.840631e-04   1.518867e-14   768
  3.596489e-01   4.544605e-13   4.669543e-04   1.554514e-14   744
  3.616107e-01   4.202905e-13   2.940222e-04   1.448632e-14   750
  3.630406e-01   3.918322e-13   4.370248e-04   1.711372e-14   600
  3.645869e-01   4.119906e-13   4.640415e-04   1.669014e-14   600
  3.664974e-01   4.176251e-13   5.347792e-04   1.284537e-14   1008
  3.680145e-01   4.181465e-13   2.966070e-04   1.576318e-14   696
  3.696957e-01   4.261476e-13   3.918311e-04   1.739578e-14   624
  3.713857e-01   4.070073e-13   6.097387e-04   1.504987e-14   840
  3.733058e-01   4.273409e-13   4.148780e-04   1.473867e-14   816
  3.748632e-01   3.789121e-13   2.755717e-04   1.297459e-14   744
  3.764360e-01   3.866948e-13   4.871654e-04   1.621323e-14   510
  3.783359e-01   3.916648e-13   4.677188e-04   1.250968e-14   1020
  3.801042e-01   3.827244e-13   3.774027e-04   1.220990e-14   912
  3.818473e-01   3.906497e-13   5.591433e-04   1.389603e-14   752
  3.832886e-01   3.775816e-13   4.639583e-04   1.455275e-14   888
  3.852555e-01   3.560513e-13   2.993905e-04   1.249668e-14   768
  3.868644e-01   3.568727e-13   5.440188e-04   1.280102e-14   720
  3.887159e-01   3.513556e-13   4.795683e-04   1.123292e-14   1056
  3.903582e-01   3.515739e-13   3.317856e-04   1.530595e-14   504
  3.917039e-01   3.202250e-13   5.180898e-04   1.209717e-14   774
  3.936283e-01   3.366350e-13   4.982654e-04   1.024826e-14   1272
  3.954358e-01   3.421864e-13   3.264422e-04   1.305758e-14   744
  3.971211e-01   3.115553e-13   5.330594e-04   1.116138e-14   768
  3.986674e-01   3.259907e-13   4.508988e-04   1.080005e-14   840
  4.004039e-01   3.356327e-13   3.056972e-04   1.074563e-14   924
  4.020760e-01   3.200258e-13   5.389435e-04   1.044828e-14   936
  4.037194e-01   2.941568e-13   3.745454e-04   9.601169e-15   840
  4.053748e-01   3.222572e-13   4.452908e-04   1.002316e-14   1008
  4.074786e-01   2.913882e-13   5.026919e-04   1.075197e-14   696
  4.087986e-01   2.800280e-13   4.468063e-04   8.972186e-15   974
  4.107598e-01   3.053467e-13   5.934108e-04   8.722490e-15   1152
  4.124648e-01   2.970324e-13   2.322032e-04   9.913866e-15   816
  4.137908e-01   2.709032e-13   5.108209e-04   8.913701e-15   816
  4.155748e-01   2.849427e-13   4.510778e-04   8.225677e-15   1152
  4.174563e-01   2.826196e-13   4.061247e-04   8.991117e-15   912
  4.191672e-01   2.962241e-13   4.934415e-04   8.925643e-15   1056
  4.206322e-01   2.844585e-13   4.219808e-04   1.147037e-14   624
  4.226021e-01   2.670259e-13   5.271094e-04   7.977855e-15   1260
  4.243023e-01   2.736851e-13   3.179301e-04   9.130864e-15   894
  4.259628e-01   2.852782e-13   5.447273e-04   7.736090e-15   1176
  4.276242e-01   2.451968e-13   4.508728e-04   9.080505e-15   840
  4.295151e-01   2.629629e-13   5.124827e-04   6.655422e-15   1440
  4.315006e-01   2.378117e-13   2.881208e-04   7.673388e-15   864
  4.330060e-01   2.652298e-13   4.944294e-04   8.425856e-15   1056
  4.345044e-01   2.673230e-13   2.915091e-04   1.087640e-14   624
  4.363242e-01   2.514979e-13   5.398245e-04   6.451755e-15   1496
  4.380644e-01   2.493835e-13   3.811353e-04   9.420771e-15   936
  4.396135e-01   2.366771e-13   5.517639e-04   7.602736e-15   966
  4.412804e-01   2.341483e-13   3.911127e-04   7.585863e-15   936
  4.430314e-01   2.401015e-13   4.837854e-04   6.577581e-15   1248
  4.448240e-01   2.221772e-13   3.410472e-04   6.503105e-15   1044
  4.464944e-01   2.249700e-13   5.282931e-04   6.337721e-15   1392
  4.478173e-01   2.117588e-13   4.068922e-04   8.112600e-15   600
  4.497097e-01   2.150484e-13   4.622723e-04   5.544108e-15   1416
  4.514841e-01   2.213997e-13   4.975797e-04   6.360493e-15   1152
  4.532821e-01   2.155020e-13   4.773496e-04   6.814128e-15   936
  4.547305e-01   2.161603e-13   5.119809e-04   7.323112e-15   870
  4.564516e-01   2.259595e-13   4.292755e-04   6.523440e-15   1368
  4.583615e-01   2.154817e-13   5.643853e-04   5.528261e-15   1632
  4.599936e-01   2.216092e-13   2.450244e-04   7.751951e-15   816
  4.617604e-01   2.125359e-13   5.590000e-04   6.031946e-15   1200
  4.633019e-01   2.136347e-13   5.344699e-04   6.072737e-15   1184
  4.648678e-01   2.199080e-13   4.056277e-04   7.064313e-15   984
  4.667890e-01   2.018657e-13   4.952299e-04   5.241095e-15   1572
  4.685308e-01   2.183554e-13   2.727317e-04   7.772311e-15   840
  4.701539e-01   1.933674e-13   6.342482e-04   5.072622e-15   1392
  4.718677e-01   1.896318e-13   4.656646e-04   5.840574e-15   1158
  4.733973e-01   2.002168e-13   4.240237e-04   5.619915e-15   1272
  4.752392e-01   2.013237e-13   4.321181e-04   5.493431e-15   1320
  4.769691e-01   1.897813e-13   4.228227e-04   5.852305e-15   1104
  4.786151e-01   1.854847e-13   4.785761e-04   5.216602e-15   1392
  4.803427e-01   1.777188e-13   5.176282e-04   5.076060e-15   1296
  4.821220e-01   1.812201e-13   5.404894e-04   4.829809e-15   1392
  4.837916e-01   1.808001e-13   3.964922e-04   5.437656e-15   1104
  4.853363e-01   1.739756e-13   4.994197e-04   4.600095e-15   1320
  4.875364e-01   1.754204e-13   3.813995e-04   4.677589e-15   1422
  4.889418e-01   1.717127e-13   4.750117e-04   5.072794e-15   1212
  4.905562e-01   1.666552e-13   5.190595e-04   4.502945e-15   1280
  4.922146e-01   1.792015e-13   5.404823e-04   5.005900e-15   1272
  4.938041e-01   1.801343e-13   4.677338e-04   4.434713e-15   1680
  4.956881e-01   1.556306e-13   4.419216e-04   4.657223e-15   1152
  4.974225e-01   1.633540e-13   5.117608e-04   3.985072e-15   1512
  4.992459e-01   1.592337e-13   2.160634e-04   5.391702e-15   912
  5.006872e-01   1.656898e-13   5.446515e-04   3.840174e-15   1680
  5.026041e-01   1.453220e-13   4.824972e-04   3.666333e-15   1518
  5.040250e-01   1.635895e-13   4.467006e-04   4.796671e-15   1056
  5.055216e-01   1.560951e-13   4.510442e-04   3.963847e-15   1344
  5.074562e-01   1.745521e-13   4.843229e-04   4.196169e-15   1680
  5.092067e-01   1.525369e-13   4.772500e-04   3.858424e-15   1656
  5.111194e-01   1.481079e-13   4.056700e-04   4.800807e-15   1140
  5.125554e-01   1.480290e-13   4.697351e-04   4.176626e-15   1368
  5.142450e-01   1.485811e-13   5.343264e-04   3.736634e-15   1656
  5.159625e-01   1.523333e-13   5.472649e-04   4.221082e-15   1448
  5.178320e-01   1.446616e-13   5.141193e-04   3.677726e-15   1422
  5.195587e-01   1.495238e-13   5.675668e-04   3.838203e-15   1512
  5.210354e-01   1.492808e-13   4.326963e-04   4.277265e-15   1296
  5.227440e-01   1.404297e-13   3.950802e-04   3.389664e-15   1824
  5.245911e-01   1.404492e-13   5.122810e-04   3.570421e-15   1464
  5.264571e-01   1.315976e-13   4.571373e-04   2.916881e-15   1824
  5.281889e-01   1.418797e-13   3.634473e-04   3.693487e-15   1416
  5.296954e-01   1.360542e-13   5.323525e-04   3.638035e-15   1392
  5.313218e-01   1.332307e-13   4.912467e-04   3.427631e-15   1464
  5.333061e-01   1.231061e-13   4.802698e-04   3.314883e-15   1524
  5.348395e-01   1.290695e-13   4.425765e-04   3.279995e-15   1686
  5.366116e-01   1.287099e-13   5.269753e-04   3.211297e-15   1800
  5.381347e-01   1.381710e-13   4.183682e-04   4.091985e-15   1344
  5.398246e-01   1.326277e-13   4.881086e-04   3.538756e-15   1656
  5.415187e-01   1.304488e-13   3.897299e-04   3.235480e-15   1488
  5.429907e-01   1.322836e-13   3.890952e-04   3.337790e-15   1536
  5.450417e-01   1.239740e-13   4.322407e-04   3.082173e-15   1760
  5.466309e-01   1.214003e-13   4.807835e-04   2.792922e-15   1824
  5.484686e-01   1.293801e-13   4.034669e-04   3.249051e-15   1560
  5.502369e-01   1.250974e-13   4.634195e-04   2.965284e-15   1926
  5.519000e-01   1.253167e-13   3.295522e-04   3.536019e-15   1272
  5.534180e-01   1.177623e-13   5.538121e-04   2.763140e-15   1848
  5.554133e-01   1.230952e-13   4.474326e-04   2.733406e-15   1908
  5.569309e-01   1.183937e-13   4.364115e-04   3.065219e-15   1488
  5.585322e-01   1.117144e-13   4.921783e-04   2.765698e-15   1800
  5.602682e-01   1.131177e-13   4.926635e-04   2.730887e-15   1752
  5.619310e-01   1.098236e-13   5.238690e-04   2.903647e-15   1368
  5.635951e-01   1.142472e-13   4.923362e-04   2.400939e-15   2016
  5.654253e-01   1.172615e-13   5.200281e-04   2.969782e-15   1542
  5.671144e-01   1.087629e-13   5.092480e-04   2.479532e-15   2184
  5.689840e-01   1.136329e-13   4.658463e-04   2.613637e-15   1776
  5.705991e-01   1.079348e-13   5.325328e-04   3.018763e-15   1568
  5.721386e-01   1.115358e-13   4.865284e-04   2.537934e-15   2040
  5.738138e-01   1.136793e-13   5.201423e-04   2.747009e-15   1704
  5.755673e-01   1.027562e-13   5.214047e-04   2.648766e-15   1512
  5.772206e-01   1.066898e-13   4.447597e-04   2.358727e-15   2028
  5.790782e-01   1.052291e-13   5.364945e-04   2.302183e-15   1968
  5.807766e-01   1.011804e-13   5.441935e-04   2.272379e-15   1854
  5.824386e-01   1.000900e-13   5.187839e-04   2.367932e-15   1632
  5.841419e-01   1.029645e-13   5.330949e-04   2.031438e-15   2424
  5.859073e-01   9.931435e-14   5.336494e-04   2.462279e-15   1560
  5.873997e-01   1.017401e-13   5.042981e-04   2.305253e-15   1728
  5.892030e-01   9.750238e-14   5.383151e-04   2.243811e-15   2088
  5.910182e-01   9.241277e-14   5.124183e-04   2.104595e-15   1968
  5.926879e-01   9.563904e-14   5.073434e-04   2.164487e-15   2256
  5.943623e-01   9.665436e-14   4.510844e-04   2.210191e-15   1728
  5.961102e-01   9.456024e-14   4.446730e-04   2.586420e-15   1416
  5.976587e-01   9.912485e-14   4.687744e-04   2.070832e-15   2246
  5.994119e-01   9.298460e-14   5.191625e-04   2.148043e-15   2148
  6.010893e-01   9.593311e-14   4.385384e-04   2.410476e-15   1680
  6.026682e-01   9.208768e-14   5.544042e-04   1.773691e-15   2280
  6.045659e-01   9.300432e-14   5.162727e-04   1.869476e-15   2352
  6.063384e-01   9.032760e-14   4.337978e-04   2.223052e-15   1632
  6.077406e-01   9.097184e-14   4.963799e-04   2.087857e-15   1968
  6.096649e-01   8.630606e-14   5.092860e-04   1.942407e-15   2112
  6.114492e-01   8.596197e-14   3.825636e-04   1.964662e-15   2208
  6.131831e-01   8.564613e-14   3.857391e-04   1.868089e-15   1974
  6.145516e-01   8.400650e-14   3.773577e-04   1.917646e-15   1944
  6.164004e-01   8.904700e-14   4.269369e-04   1.916717e-15   2160
  6.180028e-01   8.490324e-14   3.992823e-04   1.945987e-15   2040
  6.197345e-01   8.715393e-14   5.586051e-04   1.895139e-15   2352
  6.215106e-01   8.792935e-14   4.640665e-04   2.006604e-15   1836
  6.231317e-01   8.277325e-14   4.950444e-04   1.672886e-15   2352
  6.249518e-01   7.950183e-14   5.192346e-04   1.758488e-15   2008
  6.266203e-01   8.082431e-14   5.108010e-04   1.705485e-15   2464
  6.284808e-01   8.003949e-14   4.119834e-04   1.699752e-15   2118
  6.300068e-01   7.913920e-14   4.141467e-04   1.872490e-15   1848
  6.315775e-01   8.615755e-14   5.480513e-04   1.961518e-15   2280
  6.334747e-01   8.202982e-14   5.213278e-04   1.697629e-15   2472
  6.352475e-01   7.614206e-14   3.483875e-04   1.640897e-15   2280
  6.367358e-01   8.286675e-14   4.258450e-04   1.951608e-15   1992
  6.383407e-01   7.950870e-14   4.476942e-04   1.595866e-15   2184
  6.401915e-01   7.128793e-14   5.400739e-04   1.515718e-15   2352
  6.419748e-01   7.640470e-14   5.691414e-04   1.537645e-15   2496
  6.437210e-01   7.190045e-14   5.315847e-04   1.733097e-15   1770
  6.452872e-01   7.851879e-14   4.586736e-04   1.603117e-15   2568
  6.471700e-01   7.599778e-14   5.625819e-04   1.502362e-15   2712
  6.488816e-01   7.659458e-14   4.467713e-04   1.619428e-15   2448
  6.505906e-01   7.673593e-14   3.766053e-04   1.675813e-15   2064
  6.520083e-01   7.159111e-14   3.975154e-04   1.747798e-15   1944
  6.538465e-01   7.038162e-14   4.910776e-04   1.474702e-15   2480
  6.557218e-01   7.103316e-14   5.334543e-04   1.354770e-15   2880
  6.573828e-01   7.079656e-14   5.117233e-04   1.494439e-15   2304
  6.591177e-01   7.062119e-14   4.701472e-04   1.601153e-15   1806
  6.606561e-01   7.029472e-14   4.610710e-04   1.327870e-15   2856
  6.625838e-01   7.197778e-14   4.421809e-04   1.474873e-15   2568
  6.640509e-01   6.597107e-14   4.436302e-04   1.487522e-15   2112
  6.656475e-01   6.918152e-14   4.272941e-04   1.660215e-15   2028
  6.673605e-01   6.711871e-14   5.057904e-04   1.275493e-15   2712
  6.690998e-01   6.916604e-14   5.449093e-04   1.298392e-15   2952
  6.709691e-01   6.735717e-14   4.210349e-04   1.439509e-15   2112
  6.724803e-01   6.570391e-14   4.934314e-04   1.293572e-15   2520
  6.742956e-01   6.351128e-14   4.759244e-04   1.319054e-15   2376
  6.759489e-01   6.631728e-14   3.815168e-04   1.336272e-15   2526
  6.776650e-01   6.798167e-14   4.747876e-04   1.365450e-15   2664
  6.793642e-01   6.742311e-14   5.662862e-04   1.407569e-15   2408
  6.809929e-01   6.491469e-14   4.536173e-04   1.338175e-15   2568
  6.826540e-01   6.653054e-14   4.276796e-04   1.217466e-15   2904
  6.844561e-01   6.346593e-14   4.798687e-04   1.242164e-15   2544
  6.861681e-01   6.359616e-14   3.534563e-04   1.399346e-15   2160
  6.877835e-01   6.647589e-14   6.110852e-04   1.341986e-15   2652
  6.895681e-01   6.018345e-14   4.838537e-04   1.149389e-15   2784
  6.912854e-01   6.400223e-14   4.778196e-04   1.184401e-15   2694
  6.930647e-01   5.963396e-14   4.294263e-04   1.131580e-15   2952
  6.946107e-01   6.398456e-14   4.067448e-04   1.350341e-15   2208
  6.961857e-01   6.123563e-14   4.335098e-04   1.278355e-15   2304
  6.979438e-01   5.789514e-14   5.637316e-04   9.415242e-16   3504
  6.999941e-01   6.042913e-14   4.564735e-04   1.257998e-15   2616
  7.015932e-01   5.956471e-14   4.459377e-04   1.188553e-15   2664
  7.031336e-01   5.804293e-14   4.143151e-04   1.173761e-15   2448
  7.046858e-01   5.941682e-14   5.770045e-04   1.185717e-15   2472
  7.065119e-01   5.927836e-14   4.587514e-04   1.063528e-15   3134
  7.082307e-01   5.900834e-14   5.017392e-04   1.176156e-15   2616
  7.099467e-01   5.557481e-14   4.064282e-04   1.118029e-15   2712
  7.117121e-01   5.630339e-14   4.661143e-04   1.022411e-15   3204
  7.133994e-01   5.506837e-14   5.368237e-04   1.106404e-15   2760
  7.150019e-01   5.415726e-14   4.683701e-04   1.055731e-15   2688
  7.167690e-01   5.550256e-14   4.428424e-04   1.103689e-15   2760
  7.183316e-01   5.256104e-14   3.656620e-04   1.079016e-15   2568
  7.201311e-01   5.241370e-14   5.678551e-04   9.088305e-16   3336
  7.218583e-01   5.434803e-14   4.806270e-04   1.115489e-15   2334
  7.236024e-01   5.224346e-14   5.318655e-04   9.452457e-16   3264
  7.252322e-01   5.515245e-14   3.867069e-04   1.131278e-15   2760
  7.269038e-01   5.153628e-14   4.670323e-04   9.216705e-16   3192
  7.286057e-01   5.246516e-14   4.848795e-04   1.045975e-15   2904
  7.304158e-01   5.148825e-14   4.865095e-04   1.007866e-15   2784
  7.319309e-01   5.425532e-14   4.004063e-04   1.118917e-15   2592
  7.336545e-01   4.988207e-14   5.458110e-04   8.712834e-16   3284
  7.354862e-01   5.089026e-14   5.482421e-04   9.417965e-16   3168
  7.371250e-01   5.082923e-14   4.523390e-04   9.896125e-16   2616
  7.388477e-01   4.762223e-14   4.370713e-04   8.990807e-16   3222
  7.405235e-01   4.992538e-14   4.904075e-04   8.606517e-16   3240
  7.421464e-01   5.121903e-14   4.961262e-04   1.070395e-15   2568
  7.439914e-01   5.145377e-14   4.552202e-04   9.859376e-16   3120
  7.455341e-01   5.136534e-14   5.004475e-04   9.643020e-16   3168
  7.471932e-01   4.791102e-14   4.381038e-04   9.296040e-16   3240
  7.490082e-01   4.730995e-14   4.494836e-04   8.451144e-16   3144
  7.507715e-01   4.602864e-14   4.284362e-04   8.582043e-16   2856
  7.524381e-01   4.719514e-14   4.575871e-04   8.238976e-16   3264
  7.543240e-01   4.752795e-14   5.056132e-04   8.507175e-16   3318
  7.558082e-01   4.877709e-14   3.541030e-04   1.080093e-15   2556
  7.575771e-01   4.606548e-14   6.048733e-04   7.504388e-16   4008
  7.593679e-01   4.721331e-14   4.465021e-04   9.331278e-16   2904
  7.609000e-01   4.491735e-14   4.565641e-04   7.970608e-16   3144
  7.626441e-01   4.400753e-14   4.759726e-04   8.252954e-16   3200
  7.644490e-01   4.402703e-14   4.694243e-04   7.875896e-16   3312
  7.660670e-01   4.604593e-14   3.783351e-04   8.977585e-16   2832
  7.678735e-01   4.444344e-14   5.444478e-04   7.296513e-16   3984
  7.695508e-01   4.751097e-14   4.426103e-04   1.047822e-15   2238
  7.710821e-01   4.455405e-14   5.208763e-04   7.582633e-16   3984
  7.729819e-01   4.334008e-14   4.949876e-04   7.887547e-16   3384
  7.745602e-01   4.656114e-14   4.626797e-04   8.961870e-16   3048
  7.762081e-01   4.174451e-14   4.248302e-04   7.860536e-16   3096
  7.779294e-01   4.444078e-14   4.815324e-04   7.303660e-16   3708
  7.796408e-01   4.157189e-14   4.564274e-04   8.245923e-16   2784
  7.812306e-01   4.461856e-14   4.740872e-04   7.806134e-16   3648
  7.830363e-01   4.238373e-14   4.879380e-04   7.388956e-16   3888
  7.849582e-01   4.053835e-14   5.208881e-04   7.454339e-16   2958
  7.863930e-01   4.107618e-14   4.446264e-04   7.147993e-16   3264
  7.881221e-01   4.406237e-14   4.908549e-04   8.222452e-16   3160
  7.897556e-01   3.972640e-14   4.448554e-04   6.870647e-16   3736
  7.913039e-01   4.090615e-14   4.053674e-04   7.879007e-16   3216
  7.931298e-01   4.125052e-14   4.967559e-04   6.724471e-16   4032
  7.950340e-01   4.041973e-14   4.535292e-04   6.794064e-16   3528
  7.966578e-01   4.090930e-14   4.003367e-04   7.380166e-16   3192
  7.982809e-01   3.897903e-14   4.384400e-04   6.964471e-16   3456
  8.000418e-01   3.924903e-14   4.546161e-04   7.384592e-16   3060
  8.018067e-01   3.959000e-14   5.405908e-04   6.373749e-16   4518
  8.035265e-01   3.936770e-14   4.815963e-04   6.734882e-16   3528
  8.051074e-01   4.012448e-14   4.044568e-04   7.914875e-16   3024
  8.067928e-01   3.738550e-14   5.476184e-04   6.398344e-16   3672
  8.085097e-01   3.841061e-14   4.700229e-04   6.718850e-16   3864
  8.104158e-01   3.724889e-14   4.982178e-04   6.181603e-16   3816
  8.119748e-01   3.722971e-14   4.532681e-04   6.499078e-16   3456
  8.134695e-01   3.776538e-14   4.103104e-04   7.405468e-16   2688
  8.152303e-01   3.737964e-14   4.868254e-04   5.850762e-16   4248
  8.169761e-01   3.718110e-14   4.662855e-04   6.321047e-16   3926
  8.187297e-01   3.645963e-14   4.923174e-04   6.381777e-16   3504
  8.204236e-01   3.759943e-14   4.401391e-04   6.148559e-16   3960
  8.222939e-01   3.573211e-14   4.954941e-04   6.128505e-16   3684
  8.238979e-01   3.463670e-14   4.954609e-04   5.792452e-16   4104
  8.255014e-01   3.639751e-14   4.699173e-04   6.606395e-16   3144
  8.272241e-01   3.519886e-14   5.147213e-04   5.647032e-16   4224
  8.291182e-01   3.440109e-14   4.568598e-04   5.527084e-16   4008
  8.307364e-01   3.529709e-14   5.026181e-04   6.154106e-16   3312
  8.324026e-01   3.462626e-14   4.999111e-04   6.100748e-16   3726
  8.341747e-01   3.470957e-14   5.134700e-04   5.834143e-16   3936
  8.357483e-01   3.566686e-14   5.292866e-04   6.225261e-16   3888
  8.373814e-01   3.458490e-14   5.004911e-04   5.803802e-16   3864
  8.390804e-01   3.364967e-14   5.320643e-04   5.752007e-16   3888
  8.408304e-01   3.211235e-14   5.018185e-04   5.352230e-16   4080
  8.425581e-01   3.361441e-14   5.325821e-04   5.967903e-16   3400
  8.443209e-01   3.314625e-14   4.884316e-04   5.110668e-16   4588
  8.461032e-01   3.316933e-14   4.834464e-04   5.668253e-16   3816
  8.476608e-01   3.314615e-14   4.581060e-04   5.527185e-16   3534
  8.493098e-01   3.422678e-14   4.524863e-04   5.532897e-16   4080
  8.510347e-01   3.373015e-14   4.729764e-04   5.398387e-16   4248
  8.527671e-01   3.308932e-14   4.766165e-04   6.104006e-16   3528
  8.543656e-01   3.348351e-14   4.872753e-04   5.386191e-16   4248
  8.559814e-01   3.166723e-14   4.766042e-04   5.434115e-16   3696
  8.577808e-01   3.223424e-14   4.945438e-04   4.951134e-16   4560
  8.594872e-01   3.185226e-14   4.632233e-04   5.302683e-16   3864
  8.612397e-01   3.074005e-14   5.043791e-04   4.809525e-16   4440
  8.629007e-01   3.070863e-14   4.705976e-04   5.832448e-16   3432
  8.646460e-01   3.083904e-14   4.614307e-04   4.885730e-16   4470
  8.663629e-01   3.135609e-14   4.100586e-04   5.090951e-16   4188
  8.680505e-01   3.107038e-14   5.253427e-04   4.869119e-16   4392
  8.697265e-01   3.175431e-14   4.064025e-04   5.606576e-16   3960
  8.714695e-01   3.128373e-14   4.591166e-04   5.031814e-16   4328
  8.731579e-01   3.010022e-14   4.778042e-04   4.864239e-16   4320
  8.748643e-01   3.011620e-14   4.996345e-04   4.708213e-16   4152
  8.764467e-01   3.233067e-14   4.179518e-04   5.843355e-16   3528
  8.782362e-01   2.927859e-14   4.523689e-04   4.419148e-16   4512
  8.799104e-01   2.998006e-14   4.624323e-04   5.038152e-16   4134
  8.816110e-01   3.091553e-14   4.926455e-04   4.502779e-16   5208
  8.832465e-01   3.026625e-14   4.292145e-04   5.437861e-16   3240
  8.849385e-01   3.144488e-14   4.734040e-04   4.927139e-16   4680
  8.866607e-01   2.916891e-14   4.687083e-04   4.753195e-16   4440
  8.883848e-01   2.742393e-14   5.311226e-04   4.408043e-16   4260
  8.900384e-01   2.844735e-14   4.336102e-04   4.806050e-16   4056
  8.917415e-01   2.803950e-14   4.807328e-04   4.246226e-16   4704
  8.935289e-01   2.940473e-14   5.594147e-04   4.537448e-16   4800
  8.954185e-01   2.802694e-14   4.846897e-04   4.183006e-16   4806
  8.970513e-01   3.129383e-14   4.831585e-04   5.791866e-16   3552
  8.986064e-01   2.746637e-14   4.844541e-04   4.664191e-16   4304
  9.003622e-01   2.792547e-14   4.698109e-04   4.070482e-16   5280
  9.020984e-01   2.766025e-14   4.507040e-04   4.369976e-16   4320
  9.037419e-01   2.713797e-14   5.089629e-04   4.375600e-16   4296
  9.054750e-01   2.793673e-14   5.658401e-04   4.168268e-16   4608
  9.072277e-01   2.760497e-14   5.421052e-04   4.155349e-16   4824
  9.089629e-01   2.672127e-14   5.117857e-04   4.228401e-16   4488
  9.108250e-01   2.782551e-14   4.778070e-04   4.486393e-16   4530
  9.123625e-01   2.641720e-14   4.665391e-04   4.151553e-16   4464
  9.139010e-01   2.723921e-14   4.396785e-04   4.418791e-16   4104
  9.156673e-01   2.595703e-14   4.740652e-04   3.697755e-16   5424
  9.174048e-01   2.658583e-14   5.103023e-04   4.135623e-16   4392
  9.191730e-01   2.709984e-14   4.996065e-04   4.177071e-16   4896
  9.207787e-01   2.606178e-14   4.897165e-04   4.253181e-16   4104
  9.224542e-01   2.716999e-14   4.415951e-04   4.283828e-16   4824
  9.242220e-01   2.499772e-14   4.220615e-04   3.927772e-16   4680
  9.257621e-01   2.497856e-14   4.316766e-04   3.943392e-16   4328
  9.275497e-01   2.540588e-14   4.976114e-04   3.725109e-16   5118
  9.293459e-01   2.621133e-14   5.765145e-04   3.901333e-16   5304
  9.309669e-01   2.689735e-14   4.539783e-04   4.330304e-16   4392
  9.327330e-01   2.569987e-14   4.556524e-04   4.034544e-16   4476
  9.342775e-01   2.451383e-14   4.525170e-04   3.774106e-16   4704
  9.359960e-01   2.499550e-14   5.477178e-04   3.581672e-16   5208
  9.378023e-01   2.389444e-14   4.618178e-04   3.646110e-16   5304
  9.394666e-01   2.473206e-14   4.946712e-04   3.928025e-16   4296
  9.411731e-01   2.518088e-14   4.690760e-04   3.855426e-16   4752
  9.429662e-01   2.376291e-14   4.708758e-04   3.573821e-16   4950
  9.445778e-01   2.438248e-14   4.921918e-04   3.685725e-16   5064
  9.461898e-01   2.454478e-14   4.123928e-04   3.835817e-16   4872
  9.478198e-01   2.392017e-14   4.341367e-04   4.192727e-16   4224
  9.495602e-01   2.420769e-14   4.795584e-04   3.379755e-16   6120
  9.514124e-01   2.300553e-14   5.275753e-04   3.439813e-16   4968
  9.530925e-01   2.413270e-14   4.668582e-04   3.819950e-16   4424
  9.548307e-01   2.405394e-14   5.963123e-04   3.625539e-16   5436
  9.565477e-01   2.300477e-14   5.084086e-04   3.544202e-16   4896
  9.582076e-01   2.226100e-14   4.867456e-04   3.389251e-16   5214
  9.598077e-01   2.403498e-14   4.137593e-04   3.798879e-16   4656
  9.615856e-01   2.396094e-14   5.260613e-04   3.674600e-16   5448
  9.632845e-01   2.327115e-14   4.442976e-04   3.691638e-16   4992
  9.649480e-01   2.356694e-14   4.917143e-04   3.665527e-16   5400
  9.667765e-01   2.348732e-14   5.449716e-04   3.407407e-16   5328
  9.684613e-01   2.201283e-14   4.873046e-04   3.372682e-16   4776
  9.700464e-01   2.230022e-14   4.579033e-04   3.367223e-16   4800
  9.718074e-01   2.238683e-14   5.888402e-04   2.968467e-16   6552
  9.736499e-01   2.265043e-14   4.448607e-04   4.017961e-16   3942
  9.752465e-01   2.177027e-14   5.606963e-04   3.102519e-16   6072
  9.770144e-01   2.264775e-14   4.354574e-04   3.824576e-16   4692
  9.784966e-01   2.256196e-14   4.546106e-04   3.380547e-16   4944
  9.802329e-01   2.182969e-14   4.879373e-04   2.988325e-16   5840
  9.820155e-01   2.128462e-14   5.223166e-04   3.246287e-16   5712
  9.837706e-01   2.131669e-14   4.377350e-04   3.376651e-16   4800
  9.853717e-01   2.130461e-14   5.797155e-04   3.178507e-16   5688
  9.871255e-01   2.126041e-14   4.573834e-04   3.307773e-16   4848
  9.888635e-01   1.732136e-14   5.090949e-04   2.987357e-16   5406
  9.905131e-01   2.408130e-17   4.595406e-04   3.983842e-19   5568
  9.921693e-01   2.464452e-17   4.130962e-04   4.009261e-19   5736
  9.939592e-01   2.365282e-17   5.130390e-04   4.190166e-19   5280
  9.955835e-01   2.373816e-17   4.743420e-04   3.964377e-19   5592
  9.972555e-01   2.242068e-17   5.429960e-04   3.931063e-19   4968
  9.990231e-01   2.207641e-17   4.868684e-04   3.495534e-19   5964
  1.000748e+00   2.263702e-17   4.891308e-04   3.730618e-19   5376
  1.002315e+00   2.274048e-17   4.722860e-04   3.820932e-19   5472
  1.004131e+00   2.056110e-17   4.485360e-04   3.357276e-19   5472
  1.005792e+00   2.082494e-17   5.099708e-04   3.818252e-19   5415
  1.007402e+00   2.006852e-17   4.485810e-04   3.440983e-19   5096
  1.009144e+00   1.905102e-17   5.768639e-04   2.932649e-19   6372
  1.010906e+00   2.015645e-17   4.682720e-04   3.787718e-19   4656
  1.012485e+00   1.952723e-17   5.112031e-04   3.038215e-19   5844
  1.014184e+00   1.830875e-17   4.494662e-04   2.991238e-19   5508
  1.015984e+00   1.910975e-17   5.098811e-04   2.903568e-19   6324
  1.017751e+00   1.838949e-17   4.379885e-04   3.193233e-19   4752
  1.019366e+00   1.707434e-17   4.903645e-04   2.758359e-19   5676
  1.021114e+00   1.768382e-17   4.485894e-04   2.954343e-19   5472
  1.022773e+00   1.787838e-17   5.059962e-04   2.938736e-19   5556
  1.024555e+00   1.650236e-17   4.930836e-04   2.598833e-19   5436
  1.026276e+00   1.704628e-17   5.047054e-04   2.751654e-19   5916
  1.028042e+00   1.679585e-17   5.251158e-04   2.791054e-19   5520
  1.029633e+00   1.527232e-17   4.775682e-04   2.535740e-19   5280
  1.031263e+00   1.646199e-17   4.692535e-04   2.836183e-19   4416
  1.033102e+00   1.541047e-17   4.574075e-04   2.295222e-19   6260
  1.034829e+00   1.575978e-17   5.439134e-04   2.391114e-19   5940
  1.036394e+00   1.547410e-17   4.259730e-04   2.735199e-19   4188
  1.038117e+00   1.551211e-17   5.446427e-04   2.263460e-19   6360
  1.039928e+00   1.452054e-17   4.857983e-04   2.237202e-19   5256
  1.041610e+00   1.445089e-17   4.592395e-04   2.488760e-19   4848
  1.043051e+00   1.383045e-17   4.163245e-04   2.281680e-19   4704
  1.044826e+00   1.449944e-17   5.107218e-04   2.214896e-19   5784
  1.046631e+00   1.350033e-17   5.404027e-04   2.052913e-19   5820
  1.048373e+00   1.392246e-17   4.840851e-04   2.071979e-19   5700
  1.050126e+00   1.337907e-17   4.489220e-04   2.145846e-19   5232
  1.051881e+00   1.410988e-17   4.981175e-04   2.184736e-19   4932
  1.053436e+00   1.327542e-17   4.287490e-04   2.180598e-19   4716
  1.055070e+00   1.428190e-17   5.461338e-04   2.261131e-19   5616
  1.056750e+00   1.273416e-17   4.823163e-04   1.977854e-19   5184
  1.058484e+00   1.245143e-17   4.865387e-04   1.961340e-19   5064
  1.060119e+00   1.267415e-17   4.981922e-04   1.911940e-19   5544
  1.061933e+00   1.212152e-17   5.001009e-04   1.838797e-19   5192
  1.063583e+00   1.220227e-17   4.494186e-04   1.892788e-19   5244
  1.065317e+00   1.194990e-17   4.862760e-04   1.826490e-19   5112
  1.067042e+00   1.233923e-17   4.462536e-04   1.999596e-19   5040
  1.068625e+00   1.234906e-17   4.691536e-04   1.891572e-19   5124
  1.070473e+00   1.173037e-17   5.266881e-04   1.711461e-19   5952
  1.072179e+00   1.211122e-17   4.614857e-04   1.876471e-19   4824
  1.073726e+00   1.146173e-17   4.658121e-04   1.814414e-19   4536
  1.075516e+00   1.127532e-17   4.951157e-04   1.603550e-19   5712
  1.077355e+00   1.145470e-17   5.417917e-04   1.750680e-19   5352
  1.079089e+00   1.167384e-17   4.719205e-04   1.738086e-19   5004
  1.080639e+00   1.166115e-17   4.720490e-04   1.833470e-19   4800
  1.082304e+00   1.103244e-17   5.072809e-04   1.621178e-19   5148
  1.084148e+00   1.089053e-17   5.268770e-04   1.567658e-19   5664
  1.085815e+00   1.062611e-17   4.732118e-04   1.646147e-19   4692
  1.087355e+00   1.069935e-17   4.396196e-04   1.792744e-19   4008
  1.089151e+00   1.105578e-17   5.038991e-04   1.573506e-19   5852
  1.090977e+00   1.028567e-17   4.771455e-04   1.460942e-19   5784
  1.092599e+00   1.097583e-17   4.398451e-04   1.825312e-19   4392
  1.094269e+00   1.043330e-17   4.314460e-04   1.588622e-19   4944
  1.096021e+00   9.987165e-18   5.086676e-04   1.527386e-19   4776
  1.097674e+00   9.757218e-18   4.893660e-04   1.412470e-19   5244
  1.099467e+00   9.905667e-18   4.885027e-04   1.430979e-19   4884
  1.100972e+00   1.001523e-17   4.142882e-04   1.613075e-19   4488
  1.102723e+00   1.026240e-17   4.922838e-04   1.516553e-19   5160
  1.104485e+00   9.817418e-18   5.012137e-04   1.419562e-19   5316
  1.106182e+00   1.009259e-17   5.067620e-04   1.588206e-19   4896
  1.107837e+00   9.708676e-18   4.708705e-04   1.628170e-19   4188
  1.109505e+00   9.282412e-18   5.135922e-04   1.375997e-19   4836
  1.111208e+00   9.601037e-18   5.094880e-04   1.367839e-19   5316
  1.112933e+00   9.561124e-18   4.715930e-04   1.413106e-19   4920
  1.114546e+00   9.906693e-18   4.750945e-04   1.670605e-19   4128
  1.116277e+00   9.545493e-18   5.110912e-04   1.393788e-19   5348
  1.117980e+00   9.188763e-18   4.434734e-04   1.393715e-19   4836
  1.119607e+00   9.173808e-18   4.778570e-04   1.468122e-19   4392
  1.121359e+00   9.222439e-18   4.198363e-04   1.440018e-19   4632
  1.122936e+00   9.444828e-18   4.691003e-04   1.530259e-19   4596
  1.124747e+00   8.851370e-18   4.717453e-04   1.275682e-19   5424
  1.126539e+00   8.629592e-18   4.855768e-04   1.214697e-19   5256
  1.128385e+00   8.729932e-18   4.931611e-04   1.364248e-19   4524
  1.129923e+00   8.863561e-18   4.690936e-04   1.444627e-19   4440
  1.131645e+00   8.635306e-18   4.011353e-04   1.303956e-19   4380
  1.133330e+00   8.666524e-18   5.249545e-04   1.330369e-19   4812
  1.135123e+00   8.634098e-18   5.214039e-04   1.270831e-19   5376
  1.136763e+00   8.368596e-18   4.164623e-04   1.372557e-19   3888
  1.138335e+00   8.608685e-18   4.768975e-04   1.272111e-19   4896
  1.140088e+00   8.513470e-18   5.032049e-04   1.291161e-19   4608
  1.141929e+00   8.584880e-18   4.749944e-04   1.323565e-19   4448
  1.143531e+00   7.976903e-18   4.903240e-04   1.204114e-19   4752
  1.145220e+00   8.457205e-18   5.135838e-04   1.365490e-19   4356
  1.146995e+00   8.355885e-18   4.942288e-04   1.248210e-19   5232
  1.148760e+00   7.819375e-18   4.980587e-04   1.269429e-19   4548
  1.150472e+00   7.874982e-18   4.841761e-04   1.170245e-19   4608
  1.152143e+00   8.197452e-18   4.398349e-04   1.411777e-19   3936
  1.153720e+00   7.892221e-18   5.257306e-04   1.310473e-19   4260
  1.155493e+00   7.851850e-18   4.713251e-04   1.182535e-19   5004
  1.157113e+00   8.175871e-18   4.657489e-04   1.394264e-19   4224
  1.158890e+00   7.907779e-18   5.031939e-04   1.239991e-19   4788
  1.160616e+00   7.929079e-18   5.291946e-04   1.314098e-19   4428
  1.162298e+00   7.598141e-18   4.422133e-04   1.268951e-19   4080
  1.163917e+00   7.971616e-18   4.835200e-04   1.200095e-19   4632
  1.165621e+00   7.405757e-18   5.028239e-04   1.276185e-19   4056
  1.167413e+00   7.569526e-18   4.734174e-04   1.260858e-19   4536
  1.169050e+00   7.699621e-18   4.828546e-04   1.233306e-19   4668
  1.170843e+00   7.301935e-18   5.175340e-04   1.194346e-19   4604
  1.172589e+00   7.300291e-18   4.650093e-04   1.216927e-19   4152
  1.174201e+00   7.422477e-18   4.506678e-04   1.221994e-19   4224
  1.175909e+00   7.199391e-18   4.332835e-04   1.203806e-19   4152
  1.177615e+00   7.612483e-18   4.914860e-04   1.276603e-19   4224
  1.179275e+00   7.512865e-18   4.545253e-04   1.329174e-19   3960
  1.180873e+00   7.188430e-18   4.690415e-04   1.152467e-19   4656
  1.182619e+00   6.934739e-18   5.060863e-04   1.135318e-19   4452
  1.184409e+00   6.858486e-18   5.145201e-04   1.176444e-19   4056
  1.186074e+00   6.961021e-18   5.098269e-04   1.146910e-19   4212
  1.187762e+00   7.176457e-18   4.236875e-04   1.350976e-19   3432
  1.189472e+00   7.062170e-18   5.420199e-04   1.068746e-19   5352
  1.191144e+00   7.097040e-18   3.969648e-04   1.313703e-19   3600
  1.192963e+00   6.792222e-18   4.378593e-04   1.121181e-19   4584
  1.194552e+00   6.916196e-18   4.365700e-04   1.236963e-19   3768
  1.196188e+00   6.763723e-18   4.660449e-04   1.252688e-19   3848
  1.197821e+00   6.592511e-18   4.273101e-04   1.235943e-19   3720
  1.199674e+00   6.440628e-18   5.363373e-04   1.025096e-19   4764
  1.201309e+00   6.886192e-18   4.319005e-04   1.221405e-19   3864
  1.202988e+00   6.964974e-18   5.349608e-04   1.177689e-19   4332
  1.204820e+00   6.723426e-18   4.567279e-04   1.215608e-19   3792
  1.206456e+00   6.188617e-18   5.180648e-04   1.037067e-19   4284
  1.208191e+00   6.144168e-18   4.905502e-04   1.152728e-19   3840
  1.209832e+00   5.967429e-18   4.669396e-04   1.205008e-19   3480
  1.211499e+00   6.200433e-18   5.210148e-04   1.023608e-19   4380
  1.213302e+00   6.278706e-18   4.894021e-04   1.089734e-19   4200
  1.215072e+00   6.576585e-18   4.704049e-04   1.113878e-19   4056
  1.216717e+00   6.115537e-18   4.727759e-04   1.160309e-19   3600
  1.218257e+00   6.159032e-18   4.710469e-04   1.168571e-19   3492
  1.220057e+00   5.919037e-18   5.500764e-04   9.956745e-20   4500
  1.221894e+00   6.310828e-18   4.819412e-04   1.159642e-19   3516
  1.223472e+00   6.601848e-18   5.038249e-04   1.245723e-19   3968
  1.225242e+00   6.082231e-18   4.842193e-04   1.152862e-19   3648
  1.226808e+00   5.983584e-18   4.630474e-04   1.154973e-19   4224
  1.228583e+00   5.564141e-18   5.197289e-04   1.101072e-19   3588
  1.230249e+00   5.866028e-18   4.793892e-04   1.137418e-19   3456
  1.231925e+00   5.536935e-18   4.257569e-04   1.045032e-19   3660
  1.233657e+00   5.927427e-18   4.673180e-04   1.124022e-19   3768
  1.235272e+00   5.949693e-18   4.725964e-04   1.111956e-19   3744
  1.237006e+00   5.711718e-18   5.187522e-04   1.005915e-19   4176
  1.238850e+00   5.906014e-18   4.784920e-04   1.139127e-19   3612
  1.240375e+00   5.785453e-18   5.199888e-04   1.177604e-19   3216
  1.242119e+00   5.572708e-18   5.027406e-04   1.118228e-19   3624
  1.243874e+00   5.610396e-18   4.727415e-04   1.068594e-19   3744
  1.245569e+00   5.796144e-18   5.044114e-04   1.142897e-19   3672
  1.247242e+00   5.657038e-18   4.574137e-04   1.076249e-19   3852
  1.248969e+00   5.696969e-18   4.707839e-04   1.061684e-19   3672
  1.250806e+00   5.715589e-18   4.587010e-04   1.319275e-19   3248
  1.252340e+00   5.090983e-18   4.695129e-04   1.075929e-19   3336
  1.254015e+00   5.033589e-18   4.779221e-04   9.845153e-20   3576
  1.255728e+00   5.442034e-18   4.057129e-04   1.091677e-19   3336
  1.257472e+00   5.365292e-18   4.819158e-04   1.010936e-19   3936
  1.259194e+00   5.605428e-18   5.132539e-04   1.128260e-19   3408
  1.260901e+00   5.553888e-18   4.521849e-04   1.197374e-19   3336
  1.262560e+00   4.406275e-18   5.079072e-04   9.531587e-20   3312
  1.264219e+00   5.029926e-18   5.142616e-04   1.046420e-19   3432
  1.265985e+00   5.356228e-18   4.458442e-04   1.148943e-19   3144
  1.267597e+00   5.152570e-18   4.840083e-04   1.076908e-19   3456
  1.269411e+00   5.131279e-18   4.651874e-04   1.011155e-19   3792
  1.271049e+00   5.320338e-18   4.569446e-04   1.211963e-19   2868
  1.272819e+00   4.835525e-18   4.733929e-04   9.018915e-20   3888
  1.274473e+00   4.569059e-18   4.110524e-04   1.056027e-19   2784
  1.276101e+00   4.830656e-18   4.694335e-04   1.202848e-19   2964
  1.277880e+00   4.953711e-18   4.834244e-04   1.061324e-19   3432
  1.279573e+00   4.882716e-18   5.003929e-04   1.023002e-19   3416
  1.281287e+00   4.821093e-18   5.348762e-04   1.020955e-19   3528
  1.283040e+00   5.204044e-18   4.292762e-04   1.209203e-19   2904
  1.284592e+00   4.494128e-18   4.813445e-04   1.017626e-19   3072
  1.286396e+00   4.516961e-18   5.406051e-04   9.942572e-20   3216
  1.288199e+00   4.453160e-18   4.378327e-04   1.072180e-19   2844
  1.289782e+00   4.535331e-18   5.010192e-04   1.008487e-19   3432
  1.291408e+00   4.979621e-18   4.027010e-04   1.182626e-19   2880
  1.293224e+00   4.508703e-18   5.334351e-04   1.005334e-19   3576
  1.294934e+00   4.783352e-18   4.768162e-04   1.215417e-19   2700
  1.296572e+00   4.323473e-18   5.355829e-04   9.530911e-20   3000
  1.298287e+00   4.077160e-18   4.446934e-04   9.918965e-20   2556
  1.299953e+00   4.573160e-18   4.766228e-04   1.019022e-19   3360
  1.301675e+00   4.511603e-18   4.631149e-04   1.000813e-19   3120
  1.303530e+00   4.486747e-18   5.452330e-04   1.074712e-19   3216
  1.305127e+00   4.767972e-18   3.845380e-04   1.214067e-19   2628
  1.306923e+00   4.265058e-18   5.083038e-04   1.053323e-19   3200
  1.308561e+00   3.937502e-18   4.795357e-04   1.044379e-19   2232
  1.310215e+00   3.870756e-18   5.473750e-04   9.651400e-20   3108
  1.311862e+00   4.735516e-18   4.808374e-04   1.279351e-19   2604
  1.313547e+00   4.492135e-18   5.179979e-04   1.056205e-19   3096
  1.315401e+00   4.222434e-18   4.719641e-04   9.766970e-20   3084
  1.317009e+00   3.979727e-18   4.816320e-04   1.002117e-19   2664
  1.318667e+00   4.203009e-18   4.247239e-04   1.164561e-19   2232
  1.320292e+00   3.500011e-18   5.231957e-04   8.452030e-20   2808
  1.322070e+00   4.162368e-18   4.942393e-04   1.152490e-19   2592
  1.323731e+00   4.581096e-18   5.073960e-04   1.165092e-19   2952
  1.325476e+00   3.944820e-18   4.790441e-04   1.068753e-19   2772
  1.327172e+00   3.905218e-18   5.151819e-04   9.699983e-20   3036
  1.328948e+00   3.675566e-18   4.997289e-04   1.090345e-19   2136
  1.330566e+00   3.590968e-18   3.985350e-04   1.016091e-19   2496
  1.332228e+00   4.210847e-18   5.308189e-04   1.221609e-19   2228
  1.333960e+00   4.349800e-18   4.948933e-04   1.193635e-19   3048
  1.335685e+00   3.946236e-18   4.727366e-04   1.114023e-19   2676
  1.337399e+00   3.544141e-18   4.709500e-04   8.893042e-20   2784
  1.339037e+00   3.653200e-18   4.575289e-04   1.098680e-19   1920
  1.340680e+00   3.379989e-18   4.882940e-04   9.312700e-20   2400
  1.342460e+00   3.269508e-18   4.478664e-04   8.669520e-20   2532
  1.344301e+00   3.793230e-18   4.974724e-04   1.090669e-19   2544
  1.345957e+00   4.182452e-18   5.204236e-04   1.151456e-19   2772
  1.347589e+00   3.435883e-18   4.874611e-04   1.151530e-19   2160
  1.349209e+00   3.659700e-18   5.250420e-04   1.076654e-19   2304
  1.351084e+00   3.360895e-18   5.137807e-04   1.050311e-19   2328
  1.352765e+00   2.931531e-18   4.926073e-04   8.650129e-20   2304
  1.354322e+00   2.997918e-18   4.658284e-04   9.391695e-20   1908
  1.356093e+00   4.036994e-18   5.209991e-04   1.254534e-19   2736
  1.357799e+00   3.667725e-18   4.936463e-04   1.141843e-19   2448
  1.359613e+00   3.779364e-18   4.615326e-04   1.190447e-19   2040
  1.361255e+00   2.770301e-18   4.805496e-04   9.858732e-20   2120
  1.362833e+00   3.383306e-18   3.984242e-04   1.028407e-19   2040
  1.364532e+00   2.808839e-18   4.943170e-04   9.956436e-20   2208
  1.366455e+00   3.741924e-18   4.438218e-04   1.219098e-19   2208
  1.368013e+00   4.245756e-18   4.918393e-04   1.316510e-19   2196
  1.369622e+00   2.627192e-18   4.326531e-04   8.789816e-20   1848
  1.371260e+00   3.217395e-18   4.906859e-04   1.100764e-19   2124
  1.373092e+00   3.000901e-18   5.147189e-04   9.751827e-20   2328
  1.374881e+00   2.835024e-18   5.240287e-04   9.850114e-20   1920
  1.376620e+00   2.734716e-18   4.810523e-04   9.989326e-20   1548
  1.378167e+00   3.671219e-18   5.276994e-04   1.179454e-19   2388
  1.379991e+00   2.815861e-18   4.883236e-04   1.031535e-19   2160
  1.381662e+00   2.962431e-18   4.444671e-04   1.194813e-19   1704
  1.383263e+00   2.755299e-18   5.007315e-04   1.091491e-19   1776
  1.384777e+00   2.730282e-18   4.683711e-04   9.881751e-20   1800
  1.386692e+00   2.365490e-18   5.406913e-04   8.752256e-20   1700
  1.388481e+00   3.363768e-18   4.868276e-04   1.206073e-19   2292
  1.390146e+00   2.898845e-18   4.519205e-04   1.170655e-19   1704
  1.391718e+00   2.821767e-18   5.053229e-04   1.106200e-19   1728
  1.393439e+00   2.424781e-18   4.676878e-04   1.017177e-19   1728
  1.395126e+00   3.067129e-18   4.672479e-04   1.199373e-19   1680
  1.396921e+00   1.986087e-18   5.382835e-04   7.795923e-20   1704
  1.398708e+00   2.199910e-18   4.227137e-04   7.710024e-20   1752
  1.400307e+00   2.918483e-18   5.025262e-04   1.174594e-19   1872
  1.402036e+00   2.741259e-18   4.925311e-04   1.192115e-19   1500
  1.403790e+00   2.339747e-18   4.312830e-04   9.624867e-20   1656
  1.405494e+00   2.632987e-18   4.624173e-04   1.020537e-19   1464
  1.407008e+00   1.843489e-18   4.050313e-04   9.262144e-20   1488
  1.408865e+00   2.062514e-18   4.888426e-04   7.949803e-20   1680
  1.410562e+00   2.330030e-18   5.107180e-04   9.584251e-20   1692
  1.412151e+00   2.323159e-18   4.890383e-04   1.170536e-19   1128
  1.413913e+00   2.273238e-18   4.709016e-04   1.009721e-19   1536
  1.415632e+00   1.856481e-18   4.908676e-04   9.985281e-20   1616
  1.417373e+00   1.882669e-18   4.733501e-04   8.648663e-20   1476
  1.419127e+00   1.787710e-18   5.209335e-04   9.822670e-20   1176
  1.420693e+00   1.902351e-18   5.596875e-04   7.524575e-20   1656
  1.422399e+00   2.097315e-18   4.916336e-04   1.408665e-19   891
  1.424157e+00   1.660065e-18   5.240858e-04   6.312334e-20   1596
  1.425870e+00   1.605726e-18   4.570168e-04   8.209662e-20   1422
  1.427560e+00   1.634299e-18   4.382484e-04   7.498848e-20   1254
  1.429149e+00   1.277542e-18   4.477206e-04   5.649249e-20   918
  1.430852e+00   1.683349e-18   4.900032e-04   6.268956e-20   1614
  1.432567e+00   1.310608e-18   4.232714e-04   7.781306e-20   798
  1.434273e+00   1.280685e-18   5.425837e-04   5.480839e-20   1458
  1.436002e+00   1.401995e-18   4.968256e-04   5.471946e-20   1374
  1.437711e+00   1.137361e-18   4.243221e-04   5.917832e-20   984
  1.439407e+00   1.299195e-18   5.838085e-04   5.597645e-20   1062
  1.441134e+00   1.486345e-18   4.948879e-04   6.472332e-20   1246
  1.442811e+00   9.690380e-19   4.588833e-04   4.903626e-20   1072
  1.444603e+00   1.025382e-18   4.969413e-04   5.845724e-20   1110
  1.446258e+00   1.283497e-18   5.383636e-04   5.141545e-20   1254
  1.447998e+00   1.094628e-18   5.109355e-04   5.901907e-20   1032
  1.449895e+00   1.195440e-18   4.733780e-04   7.504150e-20   786
  1.451337e+00   1.170680e-18   4.853147e-04   4.834171e-20   1152
  1.453026e+00   9.700370e-19   5.289446e-04   4.514517e-20   1086
  1.454785e+00   6.974311e-19   4.772261e-04   2.663460e-20   912
  1.456411e+00   1.459121e-18   4.783749e-04   6.550739e-20   1062
  1.458071e+00   8.624349e-19   4.768243e-04   3.380527e-20   912
  1.459989e+00   7.233821e-19   5.322923e-04   3.731639e-20   750
  1.461484e+00   1.105876e-18   5.128675e-04   4.599743e-20   1200
  1.463214e+00   8.593981e-19   4.644419e-04   4.670446e-20   918
  1.464934e+00   7.328096e-19   4.820751e-04   3.530762e-20   876
  1.466681e+00   1.099032e-18   4.212369e-04   4.825197e-20   870
  1.468211e+00   8.913711e-19   4.913058e-04   4.170046e-20   768
  1.470005e+00   5.821948e-19   4.503077e-04   2.651056e-20   830
  1.471666e+00   8.631210e-19   4.662337e-04   3.904777e-20   1080
  1.473387e+00   7.958021e-19   5.245740e-04   3.766560e-20   840
  1.475121e+00   6.082138e-19   5.051070e-04   2.668424e-20   798
  1.477088e+00   1.051662e-18   4.009113e-04   5.457823e-20   792
  1.478613e+00   6.453972e-19   4.675924e-04   3.147951e-20   726
  1.480213e+00   5.101387e-19   5.239634e-04   1.750912e-20   864
  1.481966e+00   7.010377e-19   4.485006e-04   3.698104e-20   900
  1.483743e+00   5.403808e-19   4.984474e-04   2.138333e-20   726
  1.485268e+00   5.761330e-19   4.313846e-04   2.540816e-20   576
  1.487302e+00   6.703067e-19   4.489324e-04   3.333489e-20   840
  1.488733e+00   5.602852e-19   4.660199e-04   3.019215e-20   750
  1.490428e+00   5.039834e-19   4.674350e-04   2.247168e-20   720
  1.492027e+00   6.638332e-19   4.728813e-04   3.566109e-20   702
  1.493895e+00   5.784832e-19   5.164499e-04   2.694792e-20   696
  1.495432e+00   5.815486e-19   4.618675e-04   3.350901e-20   480
  1.497243e+00   5.627960e-19   4.376385e-04   2.854355e-20   830
  1.498847e+00   5.149827e-19   5.091155e-04   2.294557e-20   756
  1.500643e+00   5.119963e-19   4.888404e-04   2.535584e-20   624
  1.502229e+00   4.786777e-19   5.165284e-04   2.684162e-20   582
  1.504104e+00   5.854331e-19   3.964472e-04   3.316278e-20   576
  1.505725e+00   4.360527e-19   5.309724e-04   2.021239e-20   624
  1.507388e+00   4.837475e-19   4.336450e-04   2.343766e-20   702
  1.509034e+00   4.489756e-19   4.988077e-04   2.194609e-20   624
  1.510988e+00   4.946149e-19   4.825630e-04   2.317534e-20   672
  1.512580e+00   3.506892e-19   3.612436e-04   1.997705e-20   342
  1.514329e+00   4.657177e-19   4.516021e-04   2.663248e-20   660
  1.515937e+00   3.496909e-19   4.642274e-04   2.221246e-20   576
  1.517597e+00   3.913872e-19   4.513226e-04   2.327713e-20   600
  1.519276e+00   3.468905e-19   5.220166e-04   2.052491e-20   510
  1.521163e+00   4.201222e-19   4.890514e-04   2.070573e-20   600
  1.522619e+00   3.075803e-19   3.895108e-04   2.024482e-20   216
  1.524315e+00   3.387621e-19   4.741021e-04   1.554251e-20   758
  1.526291e+00   3.033586e-19   5.190411e-04   1.735406e-20   576
  1.528024e+00   3.777122e-19   4.406517e-04   1.870562e-20   528
  1.529587e+00   3.274959e-19   3.034519e-04   2.399679e-20   318
  1.531266e+00   3.965195e-19   5.242157e-04   1.988547e-20   540
  1.533252e+00   1.810666e-19   3.706126e-04   1.072362e-20   384
  1.534598e+00   3.297560e-19   5.120576e-04   1.839235e-20   576
  1.536349e+00   2.422744e-19   4.184460e-04   1.344444e-20   414
  1.538006e+00   3.456745e-19   4.672675e-04   1.998406e-20   504
  1.539775e+00   3.147823e-19   5.129507e-04   1.675813e-20   312
  1.541474e+00   3.001701e-19   4.647396e-04   2.020728e-20   414
  1.543160e+00   2.080161e-19   4.293448e-04   1.130483e-20   432
  1.544729e+00   2.446109e-19   5.686055e-04   1.318345e-20   504
  1.546545e+00   2.801539e-19   5.476310e-04   1.614541e-20   432
  1.548245e+00   2.497694e-19   4.485920e-04   1.382455e-20   354
  1.549977e+00   2.755832e-19   6.527560e-04   2.086396e-20   200
  1.551463e+00   2.029711e-19   4.631515e-04   1.133818e-20   480
  1.553470e+00   2.068055e-19   5.292520e-04   1.082662e-20   552
  1.555311e+00   2.147074e-19   3.296817e-04   1.455741e-20   366
  1.556730e+00   2.674304e-19   3.509628e-04   2.641194e-20   240
  1.558291e+00   2.603060e-19   4.906603e-04   1.421897e-20   288
  1.560489e+00   2.000766e-19   3.372103e-04   1.269709e-20   366
  1.561910e+00   1.593904e-19   5.467244e-04   8.940035e-21   408
  1.563496e+00   1.789474e-19   4.109956e-04   1.292271e-20   360
  1.565137e+00   1.968310e-19   3.831167e-04   1.174917e-20   324
  1.566729e+00   2.012250e-19   4.524730e-04   1.581514e-20   174
  1.568624e+00   1.815691e-19   5.198279e-04   1.328859e-20   264
  1.570404e+00   1.581326e-19   4.741086e-04   1.017621e-20   456
  1.572178e+00   1.609086e-19   4.767346e-04   9.740851e-21   360
  1.573637e+00   1.474570e-19   5.251690e-04   1.131064e-20   270
  1.575423e+00   1.964928e-19   5.743787e-04   1.501054e-20   240
  1.577661e+00   2.440901e-19   4.185669e-04   2.005528e-20   120
  1.578762e+00   7.968578e-20   4.369696e-04   5.249171e-21   320
  1.580538e+00   1.370058e-19   5.406748e-04   6.516502e-21   462
  1.582398e+00   1.391227e-19   3.145683e-04   8.459199e-21   276
  1.584014e+00   1.597057e-19   3.568730e-04   1.373394e-20   144
  1.585571e+00   2.084878e-19   3.747862e-04   2.033121e-20   120
  1.587640e+00   9.009466e-20   2.838118e-04   4.848316e-21   294
  1.589204e+00   1.164311e-19   5.034972e-04   7.180186e-21   384
  1.590663e+00   1.053655e-19   3.333119e-04   7.010257e-21   216
  1.592060e+00   1.627924e-19   3.095363e-04   1.309266e-20   168
  1.593638e+00   1.313703e-19   3.682988e-04   1.329894e-20   102
  1.595919e+00   1.100547e-19   5.587821e-04   9.187071e-21   168
  1.597518e+00   1.019447e-19   4.890688e-04   5.851912e-21   384
  1.599271e+00   1.141335e-19   4.969061e-04   9.119889e-21   300
  1.600903e+00   1.145147e-19   5.320788e-04   7.988648e-21   144
  1.602742e+00   1.248694e-19   5.449239e-04   1.229174e-20   102
  1.604949e+00   1.398696e-19   1.289956e-04   1.474431e-20   56
  1.606006e+00   6.508816e-20   4.199761e-04   4.284267e-21   288
  1.607665e+00   7.816939e-20   5.465449e-04   3.668264e-21   360
  1.609470e+00   8.153787e-20   2.931840e-04   5.736624e-21   126
  1.610992e+00   8.058606e-20   1.443964e-04   9.297809e-21   72
  1.612650e+00   1.363753e-19   7.650143e-05   1.626230e-20   48
  1.614814e+00   5.500084e-20   3.094846e-04   4.196496e-21   240
  1.616236e+00   7.970067e-20   4.591937e-04   4.467648e-21   306
  1.617691e+00   8.840289e-20   2.552095e-04   7.897758e-21   120
  1.619368e+00   1.132139e-19   6.281048e-04   1.227954e-20   96
  1.620587e+00   1.353694e-19   0.000000e+00   1.903648e-20   24
  1.623325e+00   4.421524e-20   5.439228e-04   4.432166e-21   120
  1.624667e+00   5.344781e-20   4.703935e-04   3.070292e-21   318
  1.626308e+00   7.811769e-20   5.026794e-04   5.087009e-21   168
  1.628106e+00   1.021810e-19   5.394313e-04   9.412666e-21   72
  1.630075e+00   7.844131e-20   0.000000e+00   1.148176e-20   24
  1.632193e+00   7.476192e-20   2.618418e-04   1.795308e-20   14
  1.633200e+00   3.738974e-20   4.129830e-04   2.181774e-21   288
  1.634765e+00   5.303358e-20   4.968411e-04   4.446953e-21   204
  1.636571e+00   8.674695e-20   7.538327e-05   1.134014e-20   48
  1.638002e+00   1.460452e-19   0.000000e+00   2.794162e-20   24
  1.639659e+00   5.108785e-20   0.000000e+00   1.089156e-20   6
  1.642039e+00   3.433670e-20   3.087683e-04   2.564637e-21   216
  1.643266e+00   5.392425e-20   4.111948e-04   3.777709e-21   192
  1.644767e+00   4.414096e-20   7.500762e-05   7.969472e-21   48
  1.646341e+00   9.599752e-20   5.993235e-04   1.327537e-20   30
  1.650794e+00   3.361566e-20   1.239342e-04   3.327556e-21   96
  1.651708e+00   3.029184e-20   4.061000e-04   1.869291e-21   228
  1.653445e+00   5.748306e-20   5.310492e-04   6.991394e-21   72
  1.655533e+00   8.486329e-20   0.000000e+00   3.946147e-20   6
  1.660288e+00   3.071609e-20   4.009709e-04   1.935286e-21   248
  1.661805e+00   3.697051e-20   4.589321e-04   4.088736e-21   72
  1.663636e+00   3.723611e-20   2.543132e-08   9.848560e-21   6
  1.669168e+00   2.345536e-20   2.849355e-04   1.705362e-21   180
  1.670272e+00   3.569998e-20   3.876996e-04   3.470854e-21   72
  1.671847e+00   1.954343e-20   0.000000e+00   5.624977e-21   6
  1.677997e+00   2.042194e-20   1.219250e-04   2.202143e-21   96
  1.678732e+00   2.337144e-20   3.347351e-04   2.544499e-21   96
  1.680165e+00   8.918070e-20   0.000000e+00   1.336773e-20   6
  1.687272e+00   1.902678e-20   3.203674e-04   1.633163e-21   140
  1.688588e+00   1.578192e-20   0.000000e+00   4.646107e-21   6
  1.696205e+00   1.586827e-20   2.151411e-04   1.641873e-21   96
  1.697114e+00   1.627078e-20   0.000000e+00   4.145307e-21   6
  1.705164e+00   1.794762e-20   1.294251e-04   1.842678e-21   60
  1.705743e+00   1.977939e-20   0.000000e+00   5.158023e-21   6
  1.714199e+00   8.153575e-21   1.312104e-04   1.212494e-21   38
  1.723205e+00   8.749738e-21   6.749794e-05   2.487299e-21   18
  1.732226e+00   4.017209e-21   2.543132e-08   1.471384e-21   6
