# power spectrum of phi
# redshift z=48.420863
# k              Pk             sigma(k)       sigma(Pk)      count
  1.570796e-02   2.166414e-10   0.000000e+00   8.732671e-11   6
  2.221441e-02   9.787855e-11   0.000000e+00   1.953928e-11   12
  2.720699e-02   5.976701e-11   2.980232e-10   1.217769e-11   8
  3.141593e-02   1.693163e-10   0.000000e+00   1.822009e-11   6
  3.512407e-02   1.016353e-10   5.619580e-10   3.240030e-11   24
  3.847649e-02   1.285099e-10   5.619580e-10   2.167708e-11   24
  4.442883e-02   4.780407e-11   0.000000e+00   2.150526e-11   12
  4.712389e-02   5.189902e-11   6.357829e-10   9.511528e-12   30
  4.967294e-02   6.244387e-11   0.000000e+00   1.375336e-11   24
  5.209742e-02   5.419183e-11   9.733398e-10   1.344244e-11   24
  5.441398e-02   6.000530e-11   5.960464e-10   1.214556e-11   8
  5.663587e-02   4.982958e-11   7.947286e-10   6.205936e-12   24
  5.877382e-02   4.546027e-11   0.000000e+00   6.395618e-12   48
  6.283185e-02   5.296321e-11   0.000000e+00   2.328996e-11   6
  6.476559e-02   4.059935e-11   7.947286e-10   5.686610e-12   48
  6.664324e-02   3.708830e-11   7.492773e-10   3.879976e-12   36
  6.846942e-02   5.124047e-11   7.947286e-10   1.072919e-11   24
  7.024815e-02   2.995820e-11   1.123916e-09   5.138435e-12   24
  7.198293e-02   2.611410e-11   0.000000e+00   3.544090e-12   48
  7.367688e-02   3.863886e-11   1.123916e-09   5.498594e-12   24
  7.695299e-02   2.984205e-11   1.123916e-09   4.684500e-12   24
  7.853982e-02   1.988780e-11   0.000000e+00   3.256408e-12   30
  8.009521e-02   2.089307e-11   0.000000e+00   2.288903e-12   72
  8.162097e-02   2.034476e-11   1.192093e-09   4.169513e-12   32
  8.458997e-02   2.489797e-11   0.000000e+00   2.867965e-12   72
  8.603606e-02   1.518487e-11   0.000000e+00   2.221236e-12   48
  8.885766e-02   7.472716e-12   0.000000e+00   2.219274e-12   12
  9.023538e-02   1.450640e-11   0.000000e+00   2.171430e-12   48
  9.159238e-02   1.244058e-11   0.000000e+00   1.227098e-12   48
  9.292956e-02   1.630197e-11   1.123916e-09   2.061083e-12   48
  9.424778e-02   1.909125e-11   1.271566e-09   3.341795e-12   30
  9.554781e-02   1.765743e-11   0.000000e+00   3.967356e-12   24
  9.683039e-02   1.718722e-11   2.369423e-09   1.767138e-12   72
  9.934588e-02   9.975690e-12   0.000000e+00   1.897249e-12   24
  1.005800e-01   1.442302e-11   0.000000e+00   1.407125e-12   96
  1.017992e-01   1.085546e-11   0.000000e+00   1.449802e-12   48
  1.030040e-01   8.834182e-12   1.946680e-09   2.164078e-12   24
  1.041948e-01   6.581701e-12   1.946680e-09   1.355358e-12   24
  1.053722e-01   1.517602e-11   0.000000e+00   1.849173e-12   72
  1.065366e-01   1.150365e-11   0.000000e+00   1.769351e-12   48
  1.088280e-01   9.229092e-12   1.192093e-09   2.738372e-12   8
  1.099557e-01   1.428756e-11   1.412851e-09   1.740305e-12   54
  1.110721e-01   9.257150e-12   0.000000e+00   1.583637e-12   84
  1.121773e-01   1.053508e-11   0.000000e+00   1.520642e-12   48
  1.132717e-01   6.343908e-12   1.589457e-09   1.127155e-12   24
  1.143557e-01   8.509413e-12   2.119276e-09   1.000744e-12   72
  1.154295e-01   1.103987e-11   0.000000e+00   1.249485e-12   96
  1.175476e-01   1.440817e-11   0.000000e+00   1.572154e-12   48
  1.185925e-01   7.963326e-12   0.000000e+00   7.502068e-13   48
  1.196283e-01   7.149946e-12   0.000000e+00   1.392537e-12   24
  1.206552e-01   7.836931e-12   0.000000e+00   8.520094e-13   72
  1.226831e-01   7.758950e-12   0.000000e+00   9.154928e-13   72
  1.236846e-01   7.713850e-12   0.000000e+00   8.797764e-13   96
  1.256637e-01   1.172243e-11   0.000000e+00   5.141789e-12   6
  1.266416e-01   8.652739e-12   0.000000e+00   8.591283e-13   96
  1.276121e-01   8.829722e-12   1.589457e-09   9.421737e-13   96
  1.285752e-01   5.729011e-12   0.000000e+00   1.364572e-12   24
  1.295312e-01   6.464769e-12   1.589457e-09   7.637777e-13   48
  1.304801e-01   6.592940e-12   0.000000e+00   6.624457e-13   96
  1.314222e-01   7.009842e-12   0.000000e+00   9.495203e-13   48
  1.332865e-01   6.469279e-12   1.498555e-09   1.171714e-12   36
  1.342089e-01   6.451137e-12   2.753021e-09   8.022789e-13   48
  1.351250e-01   7.008247e-12   3.114687e-09   6.255308e-13   120
  1.360350e-01   6.050007e-12   0.000000e+00   7.955089e-13   56
  1.369388e-01   3.298126e-12   1.589457e-09   5.798386e-13   24
  1.378368e-01   4.844478e-12   0.000000e+00   4.319206e-13   96
  1.387290e-01   5.014162e-12   0.000000e+00   6.450829e-13   48
  1.404963e-01   6.318997e-12   2.247832e-09   1.171360e-12   24
  1.413717e-01   6.519289e-12   0.000000e+00   6.519168e-13   102
  1.422417e-01   7.184044e-12   1.589457e-09   1.088841e-12   48
  1.431064e-01   6.153051e-12   0.000000e+00   6.222619e-13   72
  1.439659e-01   5.518572e-12   0.000000e+00   5.560443e-13   48
  1.448203e-01   6.185259e-12   0.000000e+00   1.132013e-12   48
  1.456697e-01   5.006809e-12   3.596531e-09   4.579809e-13   120
  1.473538e-01   6.936085e-12   2.247832e-09   1.152561e-12   24
  1.481886e-01   4.285142e-12   2.119276e-09   3.606824e-13   144
  1.490188e-01   4.293671e-12   2.543132e-09   4.198927e-13   120
  1.498444e-01   3.641806e-12   2.247832e-09   5.117489e-13   48
  1.514821e-01   4.843441e-12   2.247832e-09   6.474786e-13   48
  1.522944e-01   3.936637e-12   2.247832e-09   3.979364e-13   96
  1.544390e-01   4.838613e-12   3.768959e-04   5.734374e-13   72
  1.555009e-01   3.686529e-12   1.998073e-09   2.783031e-13   108
  1.562923e-01   4.181143e-12   0.000000e+00   4.464007e-13   72
  1.570796e-01   2.704258e-12   0.000000e+00   5.469076e-13   30
  1.578631e-01   4.261197e-12   0.000000e+00   3.289122e-13   168
  1.586427e-01   4.553205e-12   0.000000e+00   5.297156e-13   48
  1.601904e-01   2.892442e-12   0.000000e+00   3.439664e-13   72
  1.609587e-01   3.876906e-12   0.000000e+00   3.719539e-13   96
  1.617234e-01   3.620204e-12   4.238553e-09   5.566174e-13   72
  1.624844e-01   4.116881e-12   0.000000e+00   4.409745e-13   72
  1.637639e-01   3.775075e-12   3.480039e-04   2.911232e-13   104
  1.647465e-01   3.464035e-12   2.997109e-09   2.567796e-13   144
  1.669779e-01   2.407358e-12   5.026305e-09   2.295561e-13   96
  1.677152e-01   2.407055e-12   0.000000e+00   2.499232e-13   96
  1.688876e-01   3.373152e-12   3.580185e-04   3.127292e-13   120
  1.699076e-01   2.840673e-12   0.000000e+00   2.546232e-13   120
  1.706322e-01   3.429060e-12   0.000000e+00   3.721836e-13   72
  1.720721e-01   3.544498e-12   0.000000e+00   4.698095e-13   48
  1.727876e-01   3.480781e-12   3.912510e-09   4.114655e-13   78
  1.737029e-01   3.656640e-12   3.205713e-04   2.877286e-13   168
  1.756204e-01   3.312800e-12   3.670694e-09   2.831297e-13   144
  1.763215e-01   3.625043e-12   2.997109e-09   2.604660e-13   144
  1.783549e-01   3.050604e-12   1.846233e-04   2.701451e-13   156
  1.790983e-01   2.394109e-12   3.893359e-09   4.666544e-13   48
  1.797859e-01   2.755406e-12   2.543132e-09   2.594582e-13   120
  1.804708e-01   1.879374e-12   0.000000e+00   1.952433e-13   48
  1.816818e-01   2.876562e-12   2.825996e-04   2.029280e-13   216
  1.831848e-01   2.293596e-12   0.000000e+00   2.724380e-13   48
  1.838570e-01   2.285155e-12   2.247832e-09   1.969468e-13   96
  1.848128e-01   2.586563e-12   3.302618e-04   2.275402e-13   168
  1.858591e-01   2.056504e-12   2.247832e-09   2.948397e-13   48
  1.865217e-01   2.848652e-12   0.000000e+00   2.859025e-13   96
  1.871820e-01   2.403988e-12   0.000000e+00   4.375100e-13   48
  1.884956e-01   2.980752e-12   2.543132e-09   3.061184e-13   30
  1.891489e-01   1.979411e-12   0.000000e+00   1.627121e-13   96
  1.899298e-01   2.430987e-12   2.595564e-04   1.687449e-13   240
  1.909339e-01   3.710358e-12   2.800239e-04   5.360086e-13   32
  1.917401e-01   1.806312e-12   0.000000e+00   1.318760e-13   168
  1.923825e-01   2.129645e-12   0.000000e+00   2.065101e-13   120
  1.936608e-01   1.788213e-12   4.738846e-09   2.138619e-13   72
  1.942968e-01   2.672125e-12   2.119276e-09   2.471407e-13   144
  1.949307e-01   1.982711e-12   0.000000e+00   1.931409e-13   96
  1.955626e-01   2.456186e-12   0.000000e+00   1.979703e-13   96
  1.968202e-01   2.874346e-12   0.000000e+00   3.549634e-13   72
  1.974460e-01   2.056272e-12   3.178914e-09   2.023760e-13   96
  1.986918e-01   2.334121e-12   0.000000e+00   4.286970e-13   24
  1.993117e-01   2.282655e-12   0.000000e+00   1.611544e-13   192
  2.000418e-01   2.135044e-12   2.376333e-04   1.618522e-13   132
  2.011601e-01   2.334286e-12   0.000000e+00   2.021220e-13   96
  2.017724e-01   1.559589e-12   0.000000e+00   1.579173e-13   96
  2.023829e-01   1.996257e-12   2.543132e-09   1.644752e-13   120
  2.035985e-01   2.133965e-12   0.000000e+00   2.910740e-13   48
  2.045948e-01   1.549038e-12   2.879924e-04   9.676697e-14   222
  2.054083e-01   1.935388e-12   0.000000e+00   1.799372e-13   120
  2.060080e-01   1.842828e-12   3.893359e-09   3.743662e-13   24
  2.068812e-01   2.260358e-12   2.972500e-04   1.261021e-13   312
  2.087838e-01   2.409176e-12   2.786838e-04   2.545369e-13   72
  2.095704e-01   1.642608e-12   3.893359e-09   2.032258e-13   96
  2.103781e-01   2.031653e-12   2.838009e-04   1.614719e-13   192
  2.113290e-01   1.757716e-12   3.596531e-09   1.866386e-13   120
  2.119120e-01   1.792822e-12   0.000000e+00   1.757704e-13   144
  2.130732e-01   1.650336e-12   0.000000e+00   2.355986e-13   48
  2.138985e-01   1.559135e-12   2.853717e-04   9.412933e-14   336
  2.148032e-01   1.717362e-12   0.000000e+00   2.188686e-13   48
  2.159488e-01   1.592640e-12   0.000000e+00   1.478973e-13   192
  2.165193e-01   1.501949e-12   0.000000e+00   1.823890e-13   48
  2.181411e-01   1.545892e-12   1.980854e-04   1.878315e-13   56
  2.189475e-01   1.571093e-12   2.544090e-04   8.646099e-14   336
  2.199115e-01   1.592628e-12   2.825702e-09   2.359608e-13   54
  2.207512e-01   1.441963e-12   2.794324e-04   9.020401e-14   240
  2.224945e-01   1.455863e-12   2.675587e-04   1.149117e-13   228
  2.232521e-01   1.595020e-12   2.997109e-09   2.055493e-13   72
  2.239875e-01   1.663963e-12   2.595385e-04   1.231337e-13   144
  2.249038e-01   1.407272e-12   0.000000e+00   1.348452e-13   96
  2.254517e-01   1.367189e-12   3.596531e-09   9.064926e-14   240
  2.265435e-01   1.163639e-12   3.178914e-09   2.185617e-13   24
  2.272424e-01   1.411222e-12   2.451321e-04   8.136173e-14   336
  2.281713e-01   1.152390e-12   0.000000e+00   1.352946e-13   72
  2.290193e-01   1.606820e-12   2.666265e-04   1.175444e-13   168
  2.297877e-01   1.158506e-12   0.000000e+00   1.101012e-13   72
  2.308590e-01   1.721398e-12   0.000000e+00   1.681411e-13   96
  2.316886e-01   1.208360e-12   2.646263e-04   8.603144e-14   216
  2.324566e-01   9.952255e-13   0.000000e+00   7.588546e-14   96
  2.335157e-01   1.214701e-12   3.178914e-09   7.841370e-14   192
  2.340434e-01   1.227212e-12   2.997109e-09   9.638298e-14   144
  2.350953e-01   1.128264e-12   0.000000e+00   1.452019e-13   48
  2.358236e-01   1.289558e-12   2.551309e-04   9.062782e-14   246
  2.368131e-01   1.550877e-12   2.352347e-04   1.186984e-13   168
  2.377046e-01   1.254916e-12   6.229375e-09   1.412110e-13   120
  2.382231e-01   1.033364e-12   0.000000e+00   7.173898e-14   240
  2.392566e-01   8.224638e-13   0.000000e+00   1.675871e-13   24
  2.400800e-01   1.146025e-12   2.517980e-04   6.859022e-14   360
  2.411056e-01   1.243735e-12   2.507265e-04   9.749305e-14   120
  2.418210e-01   1.229795e-12   0.000000e+00   1.020206e-13   144
  2.423307e-01   1.351135e-12   0.000000e+00   1.166473e-13   96
  2.438532e-01   1.196691e-12   0.000000e+00   9.146250e-14   144
  2.443586e-01   1.322806e-12   0.000000e+00   1.155914e-13   132
  2.450688e-01   1.086701e-12   2.474633e-04   8.059053e-14   176
  2.460999e-01   1.107372e-12   2.498881e-04   5.918041e-14   312
  2.473693e-01   1.475655e-12   0.000000e+00   2.150000e-13   96
  2.478675e-01   9.771847e-13   0.000000e+00   8.731212e-14   144
  2.486319e-01   1.130706e-12   2.473817e-04   6.671421e-14   312
  2.498505e-01   1.148370e-12   0.000000e+00   1.146622e-13   48
  2.503437e-01   9.689382e-13   3.178914e-09   6.988194e-14   192
  2.513274e-01   4.896682e-13   0.000000e+00   1.505406e-13   6
  2.519810e-01   9.136607e-13   2.307253e-04   4.947883e-14   288
  2.530395e-01   9.499882e-13   2.437763e-04   7.038594e-14   192
  2.537699e-01   8.893739e-13   7.476104e-09   5.716688e-14   216
  2.542556e-01   1.067437e-12   0.000000e+00   1.432877e-13   72
  2.554657e-01   9.588001e-13   2.414611e-04   8.161214e-14   192
  2.562693e-01   1.138035e-12   1.792979e-04   7.050583e-14   288
  2.571504e-01   9.285196e-13   0.000000e+00   1.812470e-13   24
  2.578312e-01   1.029980e-12   2.362101e-04   5.025891e-14   456
  2.590624e-01   6.996682e-13   0.000000e+00   1.065685e-13   48
  2.598231e-01   9.608804e-13   2.326575e-04   6.833760e-14   240
  2.606974e-01   1.123771e-12   2.351266e-04   7.439312e-14   216
  2.614326e-01   8.559095e-13   0.000000e+00   1.033308e-13   72
  2.619041e-01   8.176518e-13   8.123736e-09   6.720681e-14   168
  2.632353e-01   9.642960e-13   1.747662e-04   6.143158e-14   288
  2.639818e-01   9.877210e-13   2.312456e-04   7.102069e-14   168
  2.651809e-01   1.050964e-12   0.000000e+00   8.028532e-14   192
  2.656458e-01   8.199152e-13   2.997109e-09   5.896755e-14   144
  2.665730e-01   1.210142e-12   2.997109e-09   1.558111e-13   36
  2.673593e-01   7.294655e-13   2.111764e-04   3.837953e-14   342
  2.681111e-01   8.545924e-13   2.168525e-04   7.243038e-14   144
  2.690776e-01   8.468619e-13   2.274240e-04   4.625221e-14   384
  2.702500e-01   9.978672e-13   6.229375e-09   9.572077e-14   120
  2.708303e-01   9.773688e-13   2.027960e-04   5.863055e-14   264
  2.716161e-01   8.051480e-13   1.005261e-08   5.853660e-14   192
  2.723561e-01   8.308206e-13   2.185515e-04   6.348844e-14   152
  2.729753e-01   7.793196e-13   5.994218e-09   7.182132e-14   144
  2.742778e-01   6.421358e-13   1.414487e-04   4.720470e-14   216
  2.748807e-01   9.031310e-13   1.890132e-04   4.916520e-14   312
  2.759419e-01   7.651824e-13   2.190625e-04   4.386218e-14   240
  2.765672e-01   8.527219e-13   3.178914e-09   8.717866e-14   96
  2.777541e-01   6.802621e-13   2.094396e-04   5.519419e-14   144
  2.784857e-01   7.680677e-13   2.058607e-04   3.834260e-14   456
  2.796723e-01   5.722167e-13   0.000000e+00   3.765827e-14   120
  2.801131e-01   6.592556e-13   0.000000e+00   6.072085e-14   144
  2.809926e-01   5.364155e-13   4.495664e-09   8.778440e-14   24
  2.815564e-01   7.163303e-13   1.978798e-04   3.661494e-14   336
  2.825316e-01   6.816987e-13   2.182345e-04   5.122194e-14   198
  2.834454e-01   7.335925e-13   2.122205e-04   4.252581e-14   432
  2.844833e-01   9.294280e-13   6.357829e-09   9.583590e-14   48
  2.850248e-01   8.581263e-13   1.873540e-04   4.566119e-14   384
  2.859970e-01   7.292652e-13   2.156842e-04   6.223465e-14   144
  2.868780e-01   8.639082e-13   2.141460e-04   6.108575e-14   264
  2.879317e-01   6.012590e-13   0.000000e+00   5.776785e-14   48
  2.886387e-01   6.996545e-13   2.036179e-04   4.316791e-14   276
  2.893208e-01   6.518286e-13   1.845741e-04   5.685126e-14   192
  2.902325e-01   6.537581e-13   2.074207e-04   2.791064e-14   552
  2.913393e-01   4.683020e-13   5.086263e-09   4.490066e-14   120
  2.919972e-01   6.055555e-13   2.099609e-04   4.181661e-14   216
  2.926069e-01   6.045514e-13   5.086263e-09   4.774996e-14   120
  2.936961e-01   7.295864e-13   2.067600e-04   3.663196e-14   408
  2.947075e-01   4.580920e-13   4.495664e-09   6.069191e-14   24
  2.953347e-01   5.931127e-13   2.088648e-04   3.781831e-14   384
  2.962106e-01   5.085304e-13   2.040684e-04   3.396761e-14   240
  2.969712e-01   5.902570e-13   2.055628e-04   4.147610e-14   168
  2.980376e-01   4.600607e-13   0.000000e+00   4.602538e-14   120
  2.987251e-01   6.175108e-13   2.142884e-04   3.465770e-14   350
  2.998430e-01   6.399471e-13   3.527601e-04   3.710312e-14   384
  3.005110e-01   7.003311e-13   0.000000e+00   7.186654e-14   144
  3.017401e-01   5.224000e-13   4.238553e-09   3.412300e-14   288
  3.023819e-01   5.448303e-13   2.019242e-04   3.023571e-14   336
  3.032549e-01   5.847934e-13   1.838353e-04   4.519717e-14   168
  3.037776e-01   6.126381e-13   1.204945e-08   4.101326e-14   336
  3.048586e-01   4.747428e-13   1.908100e-04   2.790177e-14   288
  3.055078e-01   5.404239e-13   1.797918e-04   3.242991e-14   264
  3.066072e-01   5.334541e-13   0.000000e+00   3.464433e-14   240
  3.070093e-01   5.261443e-13   0.000000e+00   4.549088e-14   96
  3.084525e-01   6.062212e-13   2.445048e-04   3.536100e-14   360
  3.091260e-01   5.596038e-13   1.802420e-04   5.464377e-14   168
  3.099770e-01   5.388347e-13   1.964825e-04   2.572506e-14   456
  3.110018e-01   4.859332e-13   5.651403e-09   4.307503e-14   108
  3.115782e-01   4.372686e-13   1.971449e-04   2.944079e-14   264
  3.122973e-01   4.772134e-13   1.758853e-04   3.428087e-14   264
  3.132820e-01   5.567174e-13   1.659735e-04   3.085416e-14   312
  3.145081e-01   5.560326e-13   1.233364e-04   3.995024e-14   270
  3.150220e-01   5.274600e-13   1.565911e-04   4.130163e-14   240
  3.159458e-01   5.440108e-13   1.937229e-04   3.162767e-14   384
  3.165067e-01   4.284374e-13   6.357829e-09   2.910492e-14   192
  3.175962e-01   5.633731e-13   1.554368e-04   4.365302e-14   240
  3.182281e-01   5.367768e-13   1.918342e-04   3.155557e-14   336
  3.194167e-01   5.131555e-13   1.931178e-04   2.305716e-14   480
  3.203808e-01   5.332595e-13   4.238553e-09   5.957292e-14   72
  3.209194e-01   5.248272e-13   1.883074e-04   4.141166e-14   240
  3.216520e-01   4.386973e-13   1.769831e-04   2.448687e-14   312
  3.224917e-01   4.008278e-13   1.912763e-04   2.659779e-14   240
  3.237607e-01   4.814703e-13   1.453205e-04   2.535421e-14   408
  3.242630e-01   4.459598e-13   1.330785e-04   2.622532e-14   336
  3.252448e-01   4.676479e-13   1.689770e-04   3.579297e-14   264
  3.257273e-01   4.587616e-13   0.000000e+00   3.837086e-14   144
  3.270696e-01   4.542337e-13   2.342121e-04   2.482381e-14   464
  3.277768e-01   3.487133e-13   1.862466e-04   2.526883e-14   168
  3.284751e-01   4.992680e-13   1.696301e-04   2.974870e-14   336
  3.297371e-01   4.495487e-13   1.782296e-04   2.670723e-14   414
  3.304484e-01   5.781599e-13   1.855264e-04   4.366620e-14   216
  3.313598e-01   6.392818e-13   4.495664e-09   6.792857e-14   96
  3.317320e-01   4.301257e-13   1.101208e-08   2.444946e-14   384
  3.330355e-01   4.644536e-13   1.851680e-04   2.339704e-14   492
  3.337341e-01   4.136617e-13   1.810784e-04   2.594426e-14   240
  3.345237e-01   3.762363e-13   1.838580e-04   2.129613e-14   312
  3.356141e-01   3.399432e-13   1.837975e-04   2.508084e-14   192
  3.363048e-01   4.344638e-13   1.781220e-04   2.167297e-14   504
  3.372212e-01   4.249462e-13   1.179198e-04   2.694955e-14   408
  3.379427e-01   4.321984e-13   3.612619e-04   3.579237e-14   168
  3.388456e-01   4.358139e-13   1.716026e-04   2.937191e-14   288
  3.396033e-01   3.783957e-13   1.790820e-04   2.625407e-14   288
  3.403794e-01   3.654611e-13   1.801128e-04   1.920333e-14   432
  3.415052e-01   4.312019e-13   1.703267e-04   2.919177e-14   216
  3.421068e-01   3.779449e-13   1.699674e-04   2.099651e-14   360
  3.431777e-01   4.237286e-13   1.658865e-04   2.603427e-14   312
  3.441442e-01   5.262883e-13   0.000000e+00   8.386321e-14   48
  3.447014e-01   3.744605e-13   1.778543e-04   1.974044e-14   432
  3.456992e-01   3.437158e-13   2.966627e-04   1.785263e-14   414
  3.462885e-01   3.716503e-13   6.776666e-09   2.395733e-14   312
  3.473878e-01   3.976905e-13   2.603051e-04   2.140211e-14   528
  3.481296e-01   4.204871e-13   1.366381e-04   3.381901e-14   264
  3.490209e-01   3.791939e-13   1.620153e-04   2.184894e-14   480
  3.501854e-01   3.699620e-13   0.000000e+00   2.182413e-14   288
  3.506883e-01   3.857075e-13   1.740804e-04   3.466355e-14   168
  3.516084e-01   3.944006e-13   2.755688e-04   1.877632e-14   504
  3.526429e-01   5.056267e-13   4.238553e-09   4.334973e-14   144
  3.532937e-01   3.201172e-13   1.769812e-04   1.557508e-14   464
  3.542716e-01   2.981307e-13   2.597299e-04   1.546850e-14   432
  3.547358e-01   3.952804e-13   4.495664e-09   2.897415e-14   192
  3.559351e-01   3.107603e-13   1.925466e-04   1.522000e-14   396
  3.566434e-01   3.204640e-13   1.729600e-04   2.038448e-14   288
  3.573592e-01   3.208957e-13   1.708549e-04   1.937240e-14   336
  3.585027e-01   3.098490e-13   1.081887e-04   1.605465e-14   432
  3.592283e-01   3.459243e-13   2.804101e-04   1.991778e-14   360
  3.600431e-01   3.260706e-13   1.658667e-04   1.567822e-14   384
  3.612003e-01   2.798658e-13   1.464092e-04   2.112276e-14   198
  3.617579e-01   3.264796e-13   1.664197e-04   1.545783e-14   552
  3.627976e-01   3.200797e-13   2.329761e-04   2.324834e-14   432
  3.636656e-01   3.506457e-13   8.899106e-09   2.834396e-14   168
  3.643942e-01   3.598546e-13   2.888052e-04   1.978874e-14   480
  3.653579e-01   2.387192e-13   0.000000e+00   2.305882e-14   120
  3.657917e-01   3.178902e-13   2.358836e-04   2.221495e-14   336
  3.668502e-01   3.138428e-13   1.664122e-04   1.364993e-14   672
  3.678969e-01   3.421011e-13   2.420693e-04   1.653299e-14   528
  3.683844e-01   2.466980e-13   7.266090e-09   1.661459e-14   168
  3.695106e-01   3.176631e-13   2.700266e-04   1.611559e-14   456
  3.701979e-01   3.892494e-13   1.649075e-04   4.800551e-14   168
  3.709113e-01   3.183543e-13   1.646115e-04   1.794274e-14   504
  3.720973e-01   2.571417e-13   2.118297e-04   1.755380e-14   336
  3.728144e-01   3.422509e-13   1.527042e-04   2.091038e-14   312
  3.736099e-01   3.122443e-13   1.492023e-04   1.735105e-14   504
  3.746568e-01   2.790015e-13   1.035207e-04   1.282363e-14   432
  3.751490e-01   2.443412e-13   1.599738e-04   1.350924e-14   312
  3.761721e-01   2.624039e-13   1.639809e-04   1.357925e-14   384
  3.772403e-01   3.363577e-13   1.393208e-04   4.009985e-14   126
  3.778999e-01   2.885872e-13   2.446141e-04   1.505711e-14   492
  3.787423e-01   3.140730e-13   1.566756e-04   1.672404e-14   528
  3.797950e-01   2.742919e-13   1.591488e-04   1.483050e-14   480
  3.804477e-01   3.265881e-13   2.198632e-04   1.916652e-14   432
  3.813922e-01   3.095366e-13   1.728933e-04   1.763079e-14   440
  3.824891e-01   3.015768e-13   8.597912e-05   1.873246e-14   312
  3.829007e-01   2.777051e-13   1.288469e-04   2.046484e-14   480
  3.837450e-01   2.783405e-13   2.522797e-04   1.794718e-14   408
  3.849786e-01   3.090409e-13   1.510870e-04   1.846094e-14   360
  3.854998e-01   2.608594e-13   1.457935e-04   1.539316e-14   408
  3.864656e-01   2.275820e-13   1.483633e-04   1.222225e-14   456
  3.875531e-01   2.827291e-13   1.417988e-04   1.732114e-14   264
  3.881567e-01   2.686503e-13   1.538873e-04   1.754299e-14   384
  3.890354e-01   2.576006e-13   2.590801e-04   1.232465e-14   672
  3.900512e-01   2.922684e-13   1.549634e-04   2.582820e-14   240
  3.906373e-01   2.437831e-13   1.572490e-04   1.423746e-14   264
  3.914646e-01   1.882864e-13   1.939407e-04   8.934335e-15   624
  3.926991e-01   2.271082e-13   0.000000e+00   2.207481e-14   150
  3.931386e-01   3.014179e-13   2.173259e-04   1.588380e-14   600
  3.940655e-01   2.430915e-13   1.499928e-04   1.189792e-14   672
  3.951151e-01   2.399130e-13   1.410788e-04   1.796099e-14   336
  3.956998e-01   3.009748e-13   1.534526e-04   1.924144e-14   408
  3.966340e-01   2.568289e-13   1.530911e-04   1.795105e-14   408
  3.976732e-01   2.370091e-13   7.741108e-05   1.402486e-14   360
  3.983137e-01   2.685201e-13   2.842286e-04   1.636269e-14   456
  3.990874e-01   2.365551e-13   1.545652e-04   1.451565e-14   384
  4.000722e-01   2.189590e-13   1.426833e-04   1.110804e-14   348
  4.006044e-01   2.619702e-13   1.759003e-04   1.403591e-14   576
  4.016040e-01   2.247553e-13   1.448308e-04   1.121495e-14   504
  4.026266e-01   2.293279e-13   2.042754e-04   1.319279e-14   432
  4.035193e-01   2.075122e-13   2.779157e-04   8.982900e-15   576
  4.041559e-01   2.104351e-13   0.000000e+00   1.592406e-14   264
  4.051657e-01   2.215418e-13   2.211515e-04   9.235194e-15   768
  4.060439e-01   1.947604e-13   2.977401e-04   1.351575e-14   240
  4.067421e-01   2.028602e-13   2.625786e-04   1.978534e-14   192
  4.077592e-01   1.952888e-13   1.932899e-04   9.051700e-15   504
  4.085134e-01   2.253718e-13   2.604655e-04   1.437487e-14   590
  4.092368e-01   2.298733e-13   2.918373e-04   1.553278e-14   384
  4.101438e-01   2.131711e-13   2.438900e-04   1.238679e-14   504
  4.112389e-01   2.528287e-13   2.347064e-04   1.258140e-14   648
  4.123011e-01   2.016821e-13   6.374317e-05   1.183767e-14   504
  4.127294e-01   2.092116e-13   1.454101e-04   1.243945e-14   312
  4.134855e-01   2.181822e-13   2.095003e-04   1.109408e-14   576
  4.145236e-01   2.364136e-13   1.457924e-04   2.112878e-14   240
  4.151287e-01   1.874809e-13   1.473162e-04   9.432609e-15   552
  4.159853e-01   2.373144e-13   1.383265e-04   1.421373e-14   600
  4.172054e-01   2.042540e-13   1.689549e-04   1.047540e-14   600
  4.179389e-01   2.022130e-13   2.705679e-04   1.316148e-14   312
  4.186695e-01   2.263494e-13   2.356379e-04   1.247443e-14   480
  4.195820e-01   2.002440e-13   1.470154e-04   1.165558e-14   576
  4.203854e-01   2.404086e-13   2.367268e-04   1.751534e-14   408
  4.210983e-01   1.317152e-13   2.761527e-04   8.204759e-15   216
  4.220194e-01   1.758294e-13   2.115019e-04   9.732065e-15   516
  4.230063e-01   1.989551e-13   2.017943e-04   8.922009e-15   744
  4.240243e-01   2.016580e-13   1.347808e-04   1.113426e-14   462
  4.245995e-01   1.949820e-13   1.369852e-04   1.315021e-14   432
  4.254918e-01   2.227381e-13   1.270838e-04   1.056100e-14   648
  4.265409e-01   2.095154e-13   1.859472e-04   1.285273e-14   528
  4.273836e-01   1.837125e-13   2.239269e-04   9.061403e-15   600
  4.282256e-01   2.672521e-13   2.823132e-04   3.085477e-14   240
  4.290411e-01   1.786560e-13   2.162492e-04   8.822258e-15   720
  4.299890e-01   1.966808e-13   1.710922e-04   8.897211e-15   720
  4.310398e-01   1.062919e-13   0.000000e+00   8.023514e-15   144
  4.315927e-01   1.891303e-13   2.205891e-04   8.637733e-15   720
  4.323793e-01   2.115533e-13   1.322696e-04   1.243776e-14   384
  4.333641e-01   1.722044e-13   1.466278e-04   8.112854e-15   672
  4.342984e-01   2.141199e-13   2.567292e-04   1.641601e-14   336
  4.347447e-01   2.108250e-13   0.000000e+00   1.757759e-14   288
  4.358374e-01   1.609805e-13   2.031840e-04   7.045877e-15   776
  4.368489e-01   1.667060e-13   1.738547e-04   7.079555e-15   720
  4.376985e-01   1.527009e-13   1.400528e-04   8.873971e-15   432
  4.383780e-01   1.944598e-13   1.996629e-04   1.528588e-14   504
  4.391339e-01   1.584984e-13   1.398922e-04   8.968508e-15   528
  4.401917e-01   1.734299e-13   1.905949e-04   1.104703e-14   438
  4.410618e-01   1.809129e-13   2.218350e-04   1.105371e-14   624
  4.417176e-01   1.934743e-13   2.717180e-04   1.388769e-14   312
  4.426191e-01   2.072243e-13   1.463948e-04   9.390307e-15   696
  4.435512e-01   1.784355e-13   1.324608e-04   1.067461e-14   552
  4.445207e-01   1.608105e-13   1.024805e-04   9.107410e-15   516
  4.451205e-01   1.955672e-13   2.046970e-04   1.227749e-14   528
  4.458506e-01   1.198751e-13   1.331200e-04   6.083865e-15   528
  4.468878e-01   1.720647e-13   1.755583e-04   8.694669e-15   864
  4.475918e-01   1.628388e-13   2.404788e-04   1.088692e-14   408
  4.482965e-01   2.065392e-13   2.382549e-04   1.438743e-14   192
  4.492953e-01   1.490504e-13   1.971674e-04   7.306257e-15   720
  4.501385e-01   1.394610e-13   1.817980e-04   6.711831e-15   696
  4.511404e-01   1.566183e-13   1.963435e-04   7.028180e-15   720
  4.520570e-01   1.518857e-13   2.661201e-04   8.819730e-15   432
  4.525916e-01   1.250525e-13   1.566487e-04   9.166293e-15   264
  4.535534e-01   1.500126e-13   2.163249e-04   6.891773e-15   672
  4.544137e-01   1.602240e-13   2.214835e-04   8.223232e-15   600
  4.554346e-01   1.123091e-13   1.296784e-04   8.169580e-15   270
  4.559493e-01   1.543861e-13   1.952021e-04   1.010316e-14   528
  4.567673e-01   1.753621e-13   1.336675e-04   7.760968e-15   840
  4.578890e-01   1.805766e-13   2.555961e-04   8.500353e-15   888
  4.589254e-01   1.387052e-13   1.904380e-04   6.428813e-15   744
  4.598014e-01   1.723753e-13   9.785730e-05   1.025298e-14   456
  4.602370e-01   2.053172e-13   1.337280e-04   1.193512e-14   360
  4.609825e-01   1.356693e-13   1.158678e-04   1.053428e-14   384
  4.621264e-01   1.491595e-13   1.858509e-04   6.358661e-15   816
  4.629847e-01   1.530718e-13   2.696437e-04   6.571830e-15   824
  4.640279e-01   1.393743e-13   1.253432e-04   1.071374e-14   360
  4.645865e-01   1.726164e-13   1.849595e-04   8.157664e-15   624
  4.653553e-01   1.523278e-13   1.249856e-04   1.031528e-14   360
  4.663795e-01   1.402017e-13   1.700172e-04   6.481223e-15   876
  4.673045e-01   1.316148e-13   2.019296e-04   6.916750e-15   696
  4.682373e-01   1.298037e-13   1.303928e-04   8.756332e-15   336
  4.687264e-01   1.661401e-13   1.302463e-04   1.199064e-14   504
  4.695341e-01   1.348155e-13   1.313750e-04   8.251672e-15   672
  4.707324e-01   1.174653e-13   2.615370e-04   5.345189e-15   720
  4.715635e-01   1.379532e-13   1.975633e-04   7.283968e-15   774
  4.724808e-01   1.925404e-13   1.130801e-04   1.660533e-14   384
  4.729612e-01   1.737217e-13   2.176147e-04   1.155274e-14   528
  4.737068e-01   1.495866e-13   2.073989e-04   7.336299e-15   744
  4.749062e-01   1.701527e-13   1.710601e-04   8.687618e-15   768
  4.757025e-01   1.476423e-13   1.920278e-04   1.024183e-14   552
  4.766960e-01   1.255420e-13   2.092886e-04   6.196659e-15   696
  4.774351e-01   1.712376e-13   2.543221e-04   1.189852e-14   408
  4.780218e-01   1.534107e-13   1.098692e-04   9.079390e-15   504
  4.789519e-01   1.319767e-13   1.973758e-04   6.573702e-15   888
  4.798671e-01   1.215547e-13   2.051305e-04   7.243868e-15   648
  4.808184e-01   1.215636e-13   2.033722e-04   6.188357e-15   648
  4.817134e-01   1.261638e-13   2.192851e-04   6.322666e-15   792
  4.826614e-01   1.136402e-13   3.208291e-04   6.215979e-15   600
  4.833600e-01   9.916680e-14   2.174285e-04   5.546463e-15   456
  4.840953e-01   1.290949e-13   1.059654e-04   6.801918e-15   648
  4.850397e-01   1.117575e-13   2.066479e-04   4.764097e-15   936
  4.860593e-01   1.461039e-13   1.269084e-04   8.461299e-15   384
  4.869469e-01   1.235172e-16   0.000000e+00   9.895320e-18   198
  4.876318e-01   1.224895e-16   3.219776e-04   4.033350e-18   1224
  4.883707e-01   1.085986e-16   2.344988e-04   5.841762e-18   420
  4.892446e-01   1.140696e-16   2.269458e-04   4.758540e-18   792
  4.900991e-01   1.182224e-16   1.876648e-04   4.855915e-18   680
  4.910742e-01   1.203205e-16   1.723226e-04   5.694369e-18   600
  4.918588e-01   1.179064e-16   2.499151e-04   4.248068e-18   840
  4.929064e-01   1.330637e-16   1.179983e-04   6.908544e-18   432
  4.933067e-01   1.149952e-16   1.105800e-04   4.673354e-18   720
  4.941771e-01   1.171152e-16   2.214723e-04   4.027214e-18   960
  4.952596e-01   1.273212e-16   1.974263e-04   6.638682e-18   528
  4.960507e-01   1.089897e-16   2.018074e-04   4.461281e-18   624
  4.969923e-01   1.167153e-16   1.586192e-04   4.499712e-18   816
  4.979269e-01   9.931038e-17   2.608527e-04   3.942652e-18   696
  4.989597e-01   1.177908e-16   1.438612e-08   7.899273e-18   240
  4.993481e-01   1.220071e-16   1.538310e-04   4.807539e-18   672
  5.002149e-01   1.036069e-16   2.749181e-04   3.536524e-18   864
  5.011872e-01   1.150442e-16   2.109550e-04   4.223407e-18   816
  5.020636e-01   1.083194e-16   1.207434e-04   4.543245e-18   648
  5.030076e-01   1.103734e-16   1.234217e-04   3.818326e-18   843
  5.038089e-01   1.037506e-16   2.220660e-04   4.350823e-18   780
  5.047639e-01   1.114113e-16   1.191565e-04   7.317396e-18   216
  5.053529e-01   1.001285e-16   2.873328e-04   3.123118e-18   1056
  5.062588e-01   1.281358e-16   2.350705e-04   8.151991e-18   228
  5.070976e-01   1.025829e-16   2.926687e-04   3.543084e-18   924
  5.079587e-01   9.848709e-17   1.085637e-04   3.496943e-18   696
  5.088706e-01   9.666645e-17   1.932122e-04   3.230662e-18   996
  5.098035e-01   1.030739e-16   1.140687e-04   4.365099e-18   576
  5.107740e-01   1.035911e-16   1.760574e-04   4.750184e-18   552
  5.114815e-01   1.064378e-16   2.102064e-04   5.000596e-18   516
  5.121995e-01   1.004734e-16   3.056837e-04   3.590207e-18   744
  5.130199e-01   1.143169e-16   1.499561e-04   5.650623e-18   576
  5.137336e-01   9.095894e-17   1.543428e-04   3.025856e-18   792
  5.147477e-01   9.481991e-17   1.764424e-04   3.418990e-18   792
  5.154909e-01   9.881133e-17   1.902913e-04   3.688198e-18   720
  5.164960e-01   8.871985e-17   2.168883e-04   3.294230e-18   656
  5.174379e-01   9.238003e-17   2.368308e-04   3.327831e-18   816
  5.184034e-01   9.211935e-17   1.276952e-04   4.159051e-18   492
  5.189522e-01   9.720198e-17   1.836985e-04   3.966229e-18   552
  5.199822e-01   9.069892e-17   3.194294e-04   4.011248e-18   780
  5.206511e-01   9.095935e-17   1.962217e-04   4.191463e-18   528
  5.213718e-01   9.019511e-17   2.290504e-04   3.619709e-18   600
  5.224340e-01   9.226253e-17   1.903590e-04   2.844405e-18   900
  5.231662e-01   9.278667e-17   1.053860e-04   3.605894e-18   696
  5.241734e-01   9.368187e-17   2.664725e-04   3.471505e-18   696
  5.251479e-01   9.689051e-17   1.081054e-04   4.115030e-18   552
  5.259673e-01   7.391144e-17   1.257166e-04   2.834433e-18   708
  5.268258e-01   9.078899e-17   2.075652e-04   3.468600e-18   876
  5.277190e-01   8.452793e-17   1.102130e-04   6.272255e-18   216
  5.283184e-01   8.164314e-17   3.014475e-04   2.561846e-18   1032
  5.292161e-01   8.699731e-17   3.356286e-04   3.669239e-18   600
  5.301478e-01   8.647194e-17   1.601495e-04   3.331765e-18   600
  5.308585e-01   8.322548e-17   2.828090e-04   4.147944e-18   528
  5.316987e-01   8.317697e-17   1.552497e-04   2.894687e-18   732
  5.325837e-01   7.165487e-17   1.146378e-04   3.305632e-18   336
  5.336024e-01   8.200865e-17   1.633817e-04   2.697773e-18   912
  5.343638e-01   7.611300e-17   1.639857e-04   3.011896e-18   624
  5.351957e-01   7.964112e-17   1.381873e-04   2.990978e-18   768
  5.361666e-01   8.872726e-17   2.493171e-04   3.425933e-18   792
  5.371196e-01   7.689236e-17   1.236011e-04   3.346000e-18   660
  5.377977e-01   7.380385e-17   1.821461e-04   3.446355e-18   504
  5.384990e-01   8.272457e-17   2.975919e-04   4.096819e-18   480
  5.395501e-01   6.327726e-17   2.752337e-04   2.211016e-18   912
  5.403731e-01   8.674762e-17   3.065154e-04   4.807984e-18   432
  5.411504e-01   7.058655e-17   1.820016e-04   3.226401e-18   564
  5.418405e-01   7.686175e-17   1.742006e-04   3.195856e-18   600
  5.428119e-01   7.659600e-17   2.428192e-04   2.702480e-18   876
  5.435417e-01   8.017105e-17   1.091788e-04   4.662860e-18   264
  5.445477e-01   8.118099e-17   2.118499e-04   3.571155e-18   560
  5.453563e-01   7.058058e-17   1.439565e-04   2.336416e-18   840
  5.463378e-01   7.230213e-17   2.219395e-04   2.562738e-18   1008
  5.472454e-01   8.061804e-17   9.928084e-05   3.729413e-18   456
  5.480744e-01   8.114372e-17   1.286043e-04   3.338972e-18   576
  5.488407e-01   7.641486e-17   1.976142e-04   3.209467e-18   612
  5.498512e-01   7.036205e-17   1.765015e-04   2.706720e-18   780
  5.506755e-01   7.277131e-17   2.022627e-04   2.956722e-18   648
  5.515194e-01   8.143597e-17   9.425702e-05   5.306927e-18   312
  5.520587e-01   7.035261e-17   2.394916e-04   3.196165e-18   528
  5.529931e-01   6.617185e-17   3.127641e-04   2.708142e-18   720
  5.538866e-01   6.616331e-17   3.137436e-04   3.104761e-18   576
  5.549699e-01   6.724593e-17   2.706443e-04   2.992041e-18   444
  5.556439e-01   7.110322e-17   2.654148e-04   2.319474e-18   996
  5.564699e-01   6.187110e-17   2.217012e-04   3.238832e-18   432
  5.572506e-01   7.086474e-17   2.427192e-04   3.413008e-18   504
  5.579250e-01   7.322696e-17   1.094306e-04   3.259608e-18   504
  5.588852e-01   7.434292e-17   2.153608e-04   2.963513e-18   876
  5.597541e-01   6.480961e-17   2.478597e-04   3.051412e-18   504
  5.606589e-01   5.852551e-17   1.580720e-04   2.327363e-18   696
  5.614066e-01   7.372179e-17   1.351349e-04   3.516484e-18   492
  5.624240e-01   6.080620e-17   1.934522e-04   3.077925e-18   432
  5.631776e-01   6.629485e-17   1.811468e-04   2.413665e-18   768
  5.640708e-01   6.067121e-17   2.256427e-04   2.936045e-18   648
  5.649237e-01   5.666894e-17   1.472076e-04   2.686199e-18   456
  5.659038e-01   5.833770e-17   2.024344e-04   2.532243e-18   552
  5.665845e-01   6.099637e-17   1.387487e-04   2.957835e-18   648
  5.675213e-01   5.752826e-17   2.261525e-04   2.009715e-18   840
  5.684363e-01   6.869529e-17   1.078474e-04   3.548372e-18   432
  5.693524e-01   5.640450e-17   1.320946e-04   2.446803e-18   600
  5.699896e-01   6.554418e-17   1.407382e-04   3.674494e-18   432
  5.710598e-01   5.955068e-17   1.401185e-04   2.790884e-18   560
  5.717846e-01   5.878179e-17   2.217929e-04   2.279828e-18   840
  5.726922e-01   6.540980e-17   1.313712e-04   3.150378e-18   504
  5.734129e-01   5.461367e-17   2.681208e-04   2.352613e-18   696
  5.744289e-01   6.400852e-17   1.464380e-04   3.401554e-18   384
  5.752203e-01   5.167358e-17   2.145144e-04   2.323043e-18   576
  5.761776e-01   5.342341e-17   1.323876e-04   3.427471e-18   360
  5.769491e-01   5.439270e-17   1.971572e-04   2.329012e-18   828
  5.777814e-01   5.368940e-17   1.756051e-04   2.710440e-18   372
  5.785440e-01   5.758924e-17   2.681827e-04   2.648525e-18   576
  5.795542e-01   5.828305e-17   1.123146e-04   2.477098e-18   636
  5.802740e-01   5.286749e-17   2.165136e-04   2.271171e-18   648
  5.812477e-01   5.760572e-17   1.760019e-04   2.714326e-18   576
  5.819467e-01   5.278378e-17   2.839096e-04   2.598494e-18   528
  5.828762e-01   5.054219e-17   1.213831e-04   2.939768e-18   360
  5.836457e-01   4.770129e-17   2.792266e-04   1.912934e-18   672
  5.846504e-01   5.131389e-17   1.430245e-04   2.020836e-18   804
  5.854866e-01   5.813784e-17   1.577731e-04   3.135876e-18   408
  5.864116e-01   4.716549e-17   9.752092e-05   2.312568e-18   384
  5.870345e-01   4.561474e-17   2.231653e-04   2.516149e-18   480
  5.879130e-01   4.992674e-17   1.441975e-04   2.474069e-18   432
  5.887557e-01   5.836863e-17   2.657252e-04   2.407835e-18   648
  5.897530e-01   5.228335e-17   1.648813e-04   2.482214e-18   624
  5.904826e-01   5.169047e-17   1.499734e-04   2.923985e-18   456
  5.914788e-01   4.626217e-17   2.048770e-04   2.577748e-18   588
  5.921465e-01   4.403036e-17   1.307107e-04   2.020399e-18   600
  5.931212e-01   4.517737e-17   2.038766e-04   1.764966e-18   708
  5.938912e-01   4.302457e-17   1.284383e-04   2.446294e-18   360
  5.947420e-01   4.961731e-17   1.476433e-04   2.484508e-18   552
  5.955576e-01   4.469868e-17   1.035752e-04   3.339330e-18   288
  5.963856e-01   4.086247e-17   1.947498e-04   1.837141e-18   528
  5.971636e-01   4.331608e-17   1.313872e-04   2.025405e-18   456
  5.980328e-01   4.667703e-17   2.329780e-04   2.130998e-18   608
  5.989070e-01   3.957099e-17   1.127174e-04   1.881059e-18   504
  5.998623e-01   3.776125e-17   2.419978e-04   2.022544e-18   540
  6.006113e-01   5.039978e-17   2.597778e-04   3.142541e-18   360
  6.014188e-01   5.131543e-17   1.176407e-04   2.328892e-18   540
  6.021329e-01   4.434608e-17   1.010085e-04   2.168241e-18   576
  6.031714e-01   4.198701e-17   2.342044e-04   1.841816e-18   588
  6.041588e-01   4.371442e-17   3.231314e-04   2.007191e-18   672
  6.050070e-01   4.765489e-17   2.469721e-04   2.327440e-18   552
  6.056908e-01   3.166137e-17   2.470970e-04   2.696448e-18   144
  6.065633e-01   4.409810e-17   2.099342e-04   2.041390e-18   600
  6.073906e-01   3.714235e-17   2.630934e-04   1.976662e-18   504
  6.083088e-01   4.170716e-17   2.702501e-04   2.966179e-18   336
  6.092745e-01   3.959194e-17   3.037623e-04   1.691541e-18   600
  6.101395e-01   3.792000e-17   1.960382e-04   1.804703e-18   636
  6.110731e-01   4.268307e-17   1.576165e-04   3.182758e-18   384
  6.117276e-01   4.239609e-17   2.198564e-04   2.560454e-18   504
  6.126710e-01   4.019942e-17   9.227064e-05   2.802314e-18   240
  6.134155e-01   4.126413e-17   2.167569e-04   1.614288e-18   744
  6.143088e-01   3.563929e-17   1.480120e-04   1.675605e-18   648
  6.151027e-01   6.115612e-17   9.825476e-05   5.162263e-18   120
  6.160331e-01   3.474642e-17   1.543455e-04   1.517625e-18   564
  6.167362e-01   4.471705e-17   2.424089e-04   2.408741e-18   432
  6.176746e-01   3.365634e-17   1.881572e-04   2.201440e-18   480
  6.183811e-01   2.880879e-17   1.384885e-04   1.693053e-18   456
  6.192152e-01   3.639055e-17   2.291780e-04   2.067325e-18   444
  6.201616e-01   3.417534e-17   3.506544e-04   1.768640e-18   528
  6.209930e-01   3.833454e-17   2.604238e-04   3.210296e-18   264
  6.217998e-01   3.395755e-17   2.668956e-04   1.863596e-18   444
  6.228852e-01   3.653179e-17   2.923449e-04   1.593745e-18   696
  6.237861e-01   3.735134e-17   1.563558e-04   2.160680e-18   384
  6.244450e-01   3.625982e-17   1.975687e-04   1.963885e-18   432
  6.254698e-01   4.524940e-17   1.365107e-04   2.947647e-18   488
  6.261352e-01   4.033919e-17   2.057386e-04   1.906896e-18   480
  6.270999e-01   3.355455e-17   2.294412e-04   2.023001e-18   480
  6.278471e-01   3.039809e-17   9.626648e-05   1.861650e-18   240
  6.286954e-01   3.557885e-17   2.248709e-04   1.780894e-18   600
  6.294955e-01   3.060737e-17   1.959519e-04   2.079536e-18   288
  6.303474e-01   3.456286e-17   1.884914e-04   2.034474e-18   480
  6.312103e-01   2.735541e-17   3.352926e-04   1.563243e-18   504
  6.320598e-01   3.968676e-17   1.438614e-04   2.692504e-18   216
  6.331433e-01   3.556296e-17   2.355240e-04   2.160572e-18   504
  6.339871e-01   3.054565e-17   1.894329e-04   1.815075e-18   456
  6.349107e-01   4.433262e-17   1.086430e-04   2.819431e-18   384
  6.355225e-01   4.179350e-17   2.205061e-04   2.441344e-18   480
  6.363918e-01   2.828664e-17   1.936290e-04   1.727811e-18   504
  6.371972e-01   3.489023e-17   1.228262e-04   2.428282e-18   312
  6.380652e-01   3.327587e-17   1.979302e-04   1.995575e-18   492
  6.388334e-01   3.537731e-17   1.855135e-04   2.106766e-18   312
  6.398223e-01   2.811734e-17   3.013519e-04   1.264391e-18   576
  6.406929e-01   3.751171e-17   2.781722e-04   2.922665e-18   336
  6.414159e-01   2.197765e-17   2.141797e-04   1.621168e-18   240
  6.424183e-01   2.993655e-17   2.839481e-04   1.681353e-18   468
  6.432837e-01   2.886708e-17   1.777925e-04   2.942463e-18   192
  6.441896e-01   2.382291e-17   1.783224e-04   1.677149e-18   324
  6.448535e-01   2.878869e-17   1.294235e-04   1.567608e-18   600
  6.457583e-01   2.958049e-17   2.099764e-04   1.651107e-18   456
  6.464302e-01   3.261267e-17   9.444737e-05   2.239610e-18   336
  6.475438e-01   3.048506e-17   2.828021e-04   1.619832e-18   612
  6.483539e-01   1.966397e-17   2.373399e-04   2.928569e-18   144
  6.491201e-01   3.219262e-17   2.770366e-04   1.777188e-18   552
  6.501620e-01   1.934712e-17   1.091004e-04   1.127300e-18   264
  6.507507e-01   2.625211e-17   2.525953e-04   1.892752e-18   336
  6.516793e-01   2.364606e-17   1.669063e-04   1.374428e-18   384
  6.524847e-01   2.477776e-17   9.395175e-05   2.219621e-18   216
  6.533762e-01   2.101686e-17   1.991971e-04   1.464138e-18   344
  6.541891e-01   1.990078e-17   2.972114e-04   1.261087e-18   408
  6.551797e-01   2.533922e-17   2.283876e-04   2.382814e-18   264
  6.560575e-01   2.496416e-17   3.183837e-04   1.313815e-18   612
  6.569345e-01   3.075652e-17   1.638646e-04   2.002957e-18   408
  6.578364e-01   2.369918e-17   1.641001e-04   1.805673e-18   444
  6.584991e-01   4.302488e-17   9.177996e-05   3.875110e-18   120
  6.593870e-01   2.761666e-17   2.535712e-04   2.052281e-18   336
  6.600460e-01   2.237287e-17   8.811499e-05   1.687183e-18   288
  6.609366e-01   2.327171e-17   2.742154e-04   1.241778e-18   552
  6.621610e-01   2.785564e-17   0.000000e+00   3.848977e-18   72
  6.627906e-01   2.275141e-17   2.723657e-04   1.303885e-18   504
  6.635259e-01   1.384585e-17   8.764464e-05   1.313472e-18   216
  6.644787e-01   2.001268e-17   1.564835e-04   1.489299e-18   312
  6.653340e-01   1.580372e-17   1.781811e-04   1.059044e-18   336
  6.661492e-01   1.873934e-17   2.469789e-04   1.616778e-18   204
  6.669611e-01   3.330326e-17   2.870270e-04   2.269252e-18   504
  6.678221e-01   3.005294e-17   2.733322e-04   1.920661e-18   396
  6.686501e-01   2.263144e-17   2.506599e-04   1.691234e-18   312
  6.696540e-01   3.310902e-17   1.531800e-04   3.001876e-18   216
  6.703613e-01   2.137243e-17   8.313373e-05   2.250471e-18   168
  6.712208e-01   2.209283e-17   2.099173e-04   1.242538e-18   588
  6.722017e-01   1.564115e-17   2.849381e-04   1.438761e-18   240
  6.729637e-01   1.628280e-17   2.516481e-04   1.557195e-18   264
  6.738575e-01   2.056582e-17   3.112147e-04   1.841051e-18   288
  6.746505e-01   2.218490e-17   1.554077e-04   1.928588e-18   288
  6.756555e-01   1.574326e-17   1.459525e-04   1.281916e-18   288
  6.763322e-01   1.817155e-17   1.690738e-04   1.423845e-18   192
  6.771836e-01   1.351350e-17   1.799115e-04   1.095780e-18   264
  6.779946e-01   3.312653e-17   2.959295e-04   2.342854e-18   372
  6.788675e-01   3.184811e-17   3.196167e-04   3.034176e-18   360
  6.799329e-01   2.801297e-17   1.352648e-04   3.913291e-18   144
  6.804835e-01   1.548491e-17   1.878769e-04   1.630996e-18   296
  6.813527e-01   1.823299e-17   2.024276e-04   1.747766e-18   288
  6.823478e-01   1.918090e-17   3.025230e-04   1.245208e-18   480
  6.832061e-01   1.766641e-17   2.513677e-04   3.114813e-18   192
  6.840407e-01   2.233217e-17   2.696262e-04   1.931042e-18   192
  6.847993e-01   1.520503e-17   1.718359e-04   1.307699e-18   288
  6.858544e-01   8.053763e-18   1.495808e-04   9.753907e-19   108
  6.863859e-01   1.658368e-17   1.438036e-04   1.565290e-18   240
  6.873243e-01   1.315721e-17   2.682690e-04   1.144184e-18   384
  6.882884e-01   1.959054e-17   3.272578e-04   2.133847e-18   108
  6.891409e-01   2.441472e-17   1.918773e-04   1.883470e-18   348
  6.900373e-01   1.472843e-17   2.002507e-04   1.743562e-18   312
  6.908379e-01   1.623729e-17   1.945855e-04   3.555564e-18   96
  6.915741e-01   1.696924e-17   2.590555e-04   1.367969e-18   384
  6.923987e-01   1.767067e-17   1.781778e-04   1.618889e-18   144
  6.932053e-01   1.789120e-17   2.737780e-04   1.393637e-18   408
  6.942079e-01   9.591286e-18   1.221243e-04   1.432249e-18   144
  6.951550e-01   1.738633e-17   2.347853e-04   2.052651e-18   192
  6.957167e-01   2.050304e-17   2.642552e-04   2.218767e-18   144
  6.966323e-01   1.117620e-17   2.148492e-04   1.092499e-18   144
  6.974962e-01   1.756841e-17   2.625805e-04   1.688626e-18   336
  6.985541e-01   8.379782e-18   1.942763e-04   6.188646e-19   240
  6.992249e-01   1.276520e-17   8.821915e-05   1.806087e-18   96
  7.001605e-01   1.855035e-17   2.587043e-04   1.590033e-18   372
  7.011070e-01   1.405855e-17   3.077232e-04   2.443714e-18   132
  7.019384e-01   9.386568e-18   1.904154e-04   7.114149e-19   264
  7.026821e-01   2.396182e-17   1.462304e-04   3.016940e-18   168
  7.034759e-01   1.568957e-17   2.337943e-04   1.320427e-18   216
  7.041771e-01   1.115252e-17   1.430383e-04   1.519001e-18   216
  7.051983e-01   5.955758e-18   2.624157e-04   6.428009e-19   96
  7.061249e-01   1.798257e-17   1.712023e-04   2.230201e-18   120
  7.069747e-01   1.137119e-17   2.176463e-04   1.235730e-18   216
  7.076747e-01   9.213243e-18   9.511215e-05   9.601407e-19   200
  7.086015e-01   1.338298e-17   2.462045e-04   1.889549e-18   288
  7.097902e-01   4.098144e-18   6.478119e-05   3.227823e-19   144
  7.102908e-01   1.364912e-17   2.015951e-04   2.403840e-18   168
  7.113130e-01   1.242665e-17   2.268765e-04   1.967201e-18   159
  7.121109e-01   8.483749e-18   2.380480e-04   6.920192e-19   174
  7.128831e-01   7.401287e-18   2.158536e-04   7.115643e-19   144
  7.138943e-01   1.281957e-17   1.246398e-04   1.228646e-18   222
  7.145705e-01   9.172106e-18   1.257726e-04   1.107690e-18   168
  7.157386e-01   1.365157e-17   2.758677e-04   3.336054e-18   30
  7.162211e-01   3.465640e-18   2.435709e-04   4.663371e-19   72
  7.171298e-01   9.191998e-18   2.173841e-04   1.035001e-18   258
  7.181290e-01   7.355297e-18   1.361533e-04   6.034339e-19   264
  7.186286e-01   9.403966e-18   1.468278e-08   1.560650e-18   72
  7.196697e-01   5.014066e-18   2.698616e-04   6.217332e-19   174
  7.206123e-01   9.938324e-18   2.873527e-04   1.472212e-18   168
  7.213701e-01   2.396555e-18   8.991328e-09   3.382982e-19   48
  7.221837e-01   5.155978e-18   1.622748e-04   6.896650e-19   150
  7.231270e-01   1.222462e-17   2.985162e-04   1.114691e-18   168
  7.240729e-01   5.428351e-18   1.818422e-04   5.819557e-19   144
  7.249427e-01   8.913894e-18   1.698820e-04   1.762789e-18   102
  7.255906e-01   2.796968e-18   2.514545e-04   2.341675e-19   96
  7.266185e-01   2.140889e-18   2.495518e-04   1.658557e-19   120
  7.273797e-01   2.117323e-18   2.676508e-04   1.650213e-19   168
  7.282031e-01   9.987559e-18   1.976389e-04   1.010632e-18   126
  7.289046e-01   5.919492e-18   1.490593e-04   8.614374e-19   168
  7.298711e-01   2.989254e-18   2.390167e-04   4.180059e-19   72
  7.307158e-01   3.191615e-18   2.993022e-04   2.778912e-19   168
  7.314557e-01   7.898063e-18   8.205344e-05   1.683583e-18   78
  7.324696e-01   2.968764e-18   1.347256e-04   3.749927e-19   60
  7.332860e-01   1.127382e-17   2.185468e-04   2.127873e-18   96
  7.341327e-01   3.830861e-18   2.651884e-04   3.139148e-19   168
  7.349284e-01   3.434334e-18   1.678009e-04   6.656572e-19   86
  7.357634e-01   2.417134e-18   1.499742e-04   3.322477e-19   120
  7.369601e-01   2.816083e-18   1.069515e-04   2.649814e-19   168
  7.376055e-01   1.635692e-18   0.000000e+00   1.795877e-19   48
  7.384747e-01   6.656231e-18   1.948541e-04   7.619108e-19   120
  7.389742e-01   4.217942e-18   1.421539e-04   5.999025e-19   126
  7.401935e-01   3.608768e-18   2.500091e-04   4.316409e-19   96
  7.409848e-01   3.424255e-18   7.209028e-05   3.355107e-19   96
  7.416089e-01   2.266940e-18   8.477105e-09   2.672041e-19   72
  7.429385e-01   2.703910e-18   8.991328e-09   4.996297e-19   24
  7.437683e-01   3.897560e-18   1.483601e-04   3.621931e-19   120
  7.444157e-01   3.126846e-18   2.164118e-04   4.291155e-19   126
  7.451355e-01   2.155922e-18   1.804085e-04   2.609217e-19   96
  7.459766e-01   1.295942e-18   3.117986e-04   1.433567e-19   72
  7.469132e-01   2.236890e-18   1.348634e-04   1.898795e-19   144
  7.476836e-01   2.320720e-18   7.778603e-05   3.070594e-19   72
  7.484533e-01   3.641976e-18   1.553665e-04   7.630957e-19   54
  7.491306e-01   3.447626e-18   1.369149e-04   4.006742e-19   108
  7.505382e-01   3.819687e-18   1.342120e-04   4.256420e-19   72
  7.509765e-01   2.810390e-18   7.744493e-05   3.166643e-19   72
  7.520162e-01   1.610884e-18   1.557344e-08   2.013634e-19   24
  7.529998e-01   8.932313e-19   1.638381e-04   1.386246e-19   48
  7.535971e-01   2.689234e-18   1.248023e-04   3.728679e-19   102
  7.544963e-01   1.793376e-18   2.822510e-04   1.500863e-19   168
  7.556711e-01   1.304759e-18   1.539331e-04   1.744530e-19   72
  7.561064e-01   1.528547e-18   0.000000e+00   2.370622e-19   48
  7.570195e-01   2.080123e-18   2.647743e-04   2.206502e-19   120
  7.582245e-01   1.911033e-18   1.627091e-04   1.597970e-19   96
  7.593627e-01   4.732244e-18   1.438612e-08   1.646462e-18   30
  7.607153e-01   2.771824e-18   7.644796e-05   3.970584e-19   72
  7.613097e-01   1.420327e-18   8.991328e-09   3.090452e-19   24
  7.620733e-01   6.611009e-19   1.133148e-04   1.109532e-19   56
  7.629285e-01   6.570766e-19   1.617059e-04   5.944414e-20   96
  7.639519e-01   1.483326e-18   1.785629e-04   1.382425e-19   144
  7.647411e-01   2.227271e-18   1.013810e-04   5.004795e-19   54
  7.658874e-01   1.388486e-18   1.518795e-04   1.423147e-19   108
  7.670409e-01   3.674887e-18   8.041947e-05   6.611547e-19   48
  7.681392e-01   1.483616e-18   3.028050e-04   1.476583e-19   72
  7.707744e-01   2.853188e-18   2.000642e-04   3.708790e-19   78
  7.715046e-01   6.541820e-19   1.507735e-04   7.502634e-20   72
  7.723570e-01   7.218162e-19   1.505863e-04   8.089323e-20   72
  7.732482e-01   1.394854e-18   3.633813e-04   1.260160e-19   96
  7.739527e-01   7.863231e-19   1.502759e-04   5.051679e-20   72
  7.748024e-01   1.119555e-18   0.000000e+00   1.786289e-19   24
  7.756510e-01   1.279804e-18   2.998733e-04   1.416484e-19   72
  7.775680e-01   1.605896e-18   1.904287e-04   3.206977e-19   30
  7.779804e-01   2.168647e-18   0.000000e+00   4.511686e-19   24
  7.801973e-01   5.539480e-19   1.581267e-04   7.516648e-20   48
  7.808927e-01   8.601554e-19   3.402886e-04   1.225997e-19   120
  7.818296e-01   5.560170e-19   1.487821e-04   7.465400e-20   72
  7.827758e-01   8.055802e-19   1.486022e-04   1.318847e-19   36
  7.834261e-01   8.844618e-19   2.937071e-04   1.074298e-19   78
  7.852411e-01   1.076127e-18   1.571111e-04   1.158255e-19   48
  7.875942e-01   1.511429e-18   1.271566e-08   1.969198e-19   24
  7.892707e-01   2.817847e-19   1.094089e-04   4.306981e-20   56
  7.901149e-01   3.588610e-19   1.683597e-04   3.571297e-20   102
  7.911888e-01   5.689080e-19   1.198844e-08   6.396101e-20   72
  7.918122e-01   6.873538e-19   8.991328e-09   1.068258e-19   24
  7.929021e-01   5.594468e-19   1.555930e-04   6.844930e-20   48
  7.949223e-01   7.528449e-19   0.000000e+00   1.591924e-19   24
  7.974016e-01   6.745958e-19   0.000000e+00   3.427244e-19   6
  7.981748e-01   1.854036e-19   0.000000e+00   3.660264e-20   24
  7.986898e-01   3.068853e-19   1.456409e-04   3.250398e-20   72
  7.996307e-01   2.905481e-19   2.717068e-04   2.661475e-20   84
  8.006440e-01   4.493163e-19   0.000000e+00   1.010138e-19   24
  8.009521e-01   5.245023e-19   1.271566e-08   6.663434e-20   24
  8.024909e-01   5.135328e-19   1.557344e-08   9.608027e-20   24
  8.046403e-01   5.300685e-19   0.000000e+00   1.468505e-19   6
  8.073954e-01   1.695155e-19   1.528000e-04   2.104345e-20   48
  8.080572e-01   2.354685e-19   2.878503e-04   2.341526e-20   72
  8.089220e-01   3.160914e-19   1.525117e-04   4.319899e-20   48
  8.102934e-01   6.024018e-19   0.000000e+00   9.607107e-20   24
  8.121184e-01   1.117593e-18   0.000000e+00   1.566139e-19   6
  8.162097e-01   9.354227e-20   0.000000e+00   1.883961e-20   8
  8.165120e-01   1.852217e-19   8.991328e-09   4.642588e-20   48
  8.172369e-01   2.086778e-19   1.479045e-04   3.091492e-20   60
  8.183231e-01   3.277248e-19   0.000000e+00   6.417415e-20   24
  8.198293e-01   2.642757e-19   0.000000e+00   6.782116e-20   6
  8.253784e-01   1.233825e-19   0.000000e+00   2.072904e-20   24
  8.258266e-01   1.312604e-19   1.493898e-04   1.333693e-20   48
  8.265733e-01   1.614242e-19   0.000000e+00   4.250607e-20   24
  8.277664e-01   5.020055e-20   0.000000e+00   9.336111e-21   6
  8.345448e-01   7.140229e-20   1.393664e-04   1.265884e-20   36
  8.350375e-01   1.256654e-19   0.000000e+00   3.248107e-20   24
  8.359234e-01   1.299597e-19   0.000000e+00   6.371910e-20   6
  8.436361e-01   9.362686e-20   1.266552e-04   1.188904e-20   32
  8.442939e-01   4.810021e-20   0.000000e+00   1.169248e-20   6
  8.525822e-01   6.971288e-20   0.000000e+00   1.411836e-20   12
  8.528715e-01   1.063275e-19   0.000000e+00   5.947870e-21   6
  8.616502e-01   3.117801e-20   0.000000e+00   4.074334e-21   6
