# power spectrum of zeta
# redshift z=9.951253
# k              Pk             sigma(k)       sigma(Pk)      count
  1.570796e-02   2.900856e-24   0.000000e+00   1.169285e-24   6
  2.221441e-02   2.100558e-24   0.000000e+00   4.193190e-25   12
  2.720699e-02   1.883900e-24   2.980232e-10   3.833661e-25   8
  3.141593e-02   7.278877e-24   0.000000e+00   7.832600e-25   6
  3.512407e-02   5.789070e-24   5.619580e-10   1.845504e-24   24
  3.847649e-02   9.364069e-24   5.619580e-10   1.577617e-24   24
  4.442883e-02   5.252731e-24   0.000000e+00   2.364243e-24   12
  4.712389e-02   6.807025e-24   6.357829e-10   1.253939e-24   30
  4.967294e-02   9.472316e-24   0.000000e+00   2.087521e-24   24
  5.209742e-02   9.595334e-24   9.733398e-10   2.378523e-24   24
  5.441398e-02   1.240339e-23   5.960464e-10   2.514202e-24   8
  5.663587e-02   1.157879e-23   7.947286e-10   1.438490e-24   24
  5.877382e-02   1.196971e-23   0.000000e+00   1.682066e-24   48
  6.283185e-02   1.687080e-23   0.000000e+00   7.417748e-24   6
  6.476559e-02   1.466270e-23   7.947286e-10   2.058910e-24   48
  6.664324e-02   1.468606e-23   7.492773e-10   1.527322e-24   36
  6.846942e-02   2.273507e-23   7.947286e-10   4.754090e-24   24
  7.024815e-02   1.428404e-23   1.123916e-09   2.459059e-24   24
  7.198293e-02   1.364522e-23   0.000000e+00   1.855574e-24   48
  7.367688e-02   2.251335e-23   1.123916e-09   3.204566e-24   24
  7.695299e-02   2.001722e-23   1.123916e-09   3.148697e-24   24
  7.853982e-02   1.438467e-23   0.000000e+00   2.354505e-24   30
  8.009521e-02   1.610327e-23   0.000000e+00   1.778577e-24   72
  8.162097e-02   1.641813e-23   1.192093e-09   3.342520e-24   32
  8.458997e-02   2.384065e-23   0.000000e+00   2.765261e-24   72
  8.603606e-02   1.508314e-23   0.000000e+00   2.205108e-24   48
  8.885766e-02   8.635945e-24   0.000000e+00   2.568837e-24   12
  9.091388e-02   1.691610e-23   6.784996e-04   1.552292e-24   96
  9.292956e-02   2.215319e-23   1.123916e-09   2.794565e-24   48
  9.424778e-02   2.750832e-23   1.271566e-09   4.822087e-24   30
  9.650974e-02   2.633827e-23   5.553727e-04   2.462960e-24   96
  9.934588e-02   1.680855e-23   0.000000e+00   3.190604e-24   24
  1.009864e-01   2.475424e-23   5.747348e-04   2.000130e-24   144
  1.030040e-01   1.820113e-23   1.946680e-09   4.470879e-24   24
  1.050779e-01   2.855728e-23   5.098206e-04   3.271166e-24   96
  1.065366e-01   2.584309e-23   0.000000e+00   3.978284e-24   48
  1.098102e-01   3.457702e-23   3.780724e-04   3.903666e-24   62
  1.114740e-01   2.634805e-23   5.316623e-04   3.171302e-24   132
  1.132717e-01   1.820896e-23   1.589457e-09   3.248279e-24   24
  1.149693e-01   2.997137e-23   5.313863e-04   2.557714e-24   168
  1.180701e-01   3.796359e-23   5.224442e-04   3.138105e-24   96
  1.203984e-01   2.740341e-23   4.446482e-04   2.589010e-24   96
  1.232554e-01   3.104600e-23   4.956196e-04   2.562676e-24   168
  1.256637e-01   4.455739e-23   0.000000e+00   1.958219e-23   6
  1.266416e-01   3.759690e-23   0.000000e+00   3.639889e-24   96
  1.278047e-01   3.696247e-23   3.852495e-04   3.637092e-24   120
  1.301638e-01   3.123563e-23   4.473436e-04   2.476666e-24   144
  1.314222e-01   3.750818e-23   0.000000e+00   5.052660e-24   48
  1.338136e-01   3.482393e-23   4.564740e-04   3.752476e-24   84
  1.351250e-01   3.953029e-23   3.114687e-09   3.548418e-24   120
  1.363061e-01   3.135151e-23   4.142175e-04   3.585787e-24   80
  1.381342e-01   3.087983e-23   4.205668e-04   2.267558e-24   144
  1.404963e-01   4.030179e-23   2.247832e-09   7.475730e-24   24
  1.416501e-01   4.513558e-23   4.058285e-04   3.768320e-24   150
  1.434502e-01   4.182096e-23   4.210699e-04   3.044229e-24   120
  1.454270e-01   3.895354e-23   3.837166e-04   3.276197e-24   168
  1.473538e-01   6.041782e-23   2.247832e-09   1.011332e-23   24
  1.485660e-01   3.590984e-23   4.133786e-04   2.278207e-24   264
  1.498444e-01   2.876517e-23   2.247832e-09   4.030561e-24   48
  1.520236e-01   3.889856e-23   3.828947e-04   3.211474e-24   144
  1.544390e-01   4.941186e-23   3.768959e-04   6.070518e-24   72
  1.558174e-01   3.969790e-23   3.876848e-04   2.544912e-24   180
  1.577444e-01   4.291438e-23   2.809042e-04   3.213568e-24   198
  1.586427e-01   4.554247e-23   0.000000e+00   4.970561e-24   48
  1.606295e-01   3.787541e-23   3.802118e-04   2.856849e-24   168
  1.621039e-01   4.577947e-23   3.805277e-04   4.170059e-24   144
  1.643345e-01   4.420577e-23   5.346625e-04   2.308667e-24   248
  1.673465e-01   3.305730e-23   3.686065e-04   2.327232e-24   192
  1.693976e-01   4.444459e-23   5.693667e-04   2.911858e-24   240
  1.706322e-01   4.932212e-23   0.000000e+00   5.346118e-24   72
  1.725150e-01   5.267266e-23   3.474519e-04   4.593858e-24   126
  1.737029e-01   5.703022e-23   3.205713e-04   4.515275e-24   168
  1.759709e-01   5.524243e-23   3.505411e-04   3.084232e-24   288
  1.783549e-01   5.251027e-23   1.846233e-04   4.468025e-24   156
  1.795894e-01   4.570158e-23   3.105899e-04   3.988773e-24   168
  1.814616e-01   5.008718e-23   5.324516e-04   3.073895e-24   264
  1.831848e-01   4.856471e-23   0.000000e+00   5.997106e-24   48
  1.844652e-01   4.975636e-23   5.299184e-04   3.265255e-24   264
  1.863009e-01   5.210538e-23   3.123533e-04   4.328781e-24   144
  1.876872e-01   5.938389e-23   6.390593e-04   6.727270e-24   78
  1.897067e-01   4.948220e-23   4.154149e-04   2.739222e-24   336
  1.916111e-01   4.716102e-23   3.160631e-04   3.188768e-24   200
  1.928618e-01   4.683709e-23   6.188557e-04   3.555155e-24   192
  1.945503e-01   5.959307e-23   3.105574e-04   4.233790e-24   240
  1.961016e-01   6.441163e-23   6.223754e-04   4.442035e-24   168
  1.976952e-01   5.425075e-23   4.982915e-04   4.657599e-24   120
  1.996091e-01   6.158725e-23   3.894583e-04   3.282929e-24   324
  2.014663e-01   5.647693e-23   3.061804e-04   3.854275e-24   192
  2.027302e-01   6.451861e-23   5.491178e-04   4.680923e-24   168
  2.048802e-01   4.894594e-23   4.522690e-04   2.709710e-24   342
  2.068188e-01   6.849174e-23   3.641675e-04   3.501179e-24   336
  2.087838e-01   7.717832e-23   2.786838e-04   8.611555e-24   72
  2.101088e-01   6.235685e-23   4.457174e-04   4.153719e-24   288
  2.116470e-01   6.289436e-23   2.902819e-04   4.564209e-24   264
  2.137954e-01   5.675667e-23   3.817923e-04   3.067372e-24   384
  2.157197e-01   6.030178e-23   4.582500e-04   4.506698e-24   240
  2.165193e-01   6.444397e-23   0.000000e+00   7.875321e-24   48
  2.188323e-01   6.424221e-23   3.751076e-04   3.239336e-24   392
  2.205970e-01   5.984324e-23   4.116619e-04   3.397622e-24   294
  2.224945e-01   6.023373e-23   2.675587e-04   4.468739e-24   228
  2.237424e-01   7.216913e-23   4.063271e-04   4.715347e-24   216
  2.252951e-01   6.070469e-23   2.475063e-04   3.204691e-24   336
  2.271958e-01   6.569700e-23   2.940781e-04   3.763423e-24   360
  2.287649e-01   7.219515e-23   4.480490e-04   4.458171e-24   240
  2.303999e-01   6.653061e-23   5.301447e-04   4.666998e-24   168
  2.319249e-01   6.290712e-23   4.172883e-04   3.574443e-24   312
  2.337418e-01   6.336934e-23   2.611535e-04   3.228600e-24   336
  2.357046e-01   6.993300e-23   3.562619e-04   4.247044e-24   294
  2.371846e-01   7.966639e-23   4.748243e-04   4.905180e-24   288
  2.383170e-01   5.652156e-23   2.971134e-04   3.696193e-24   264
  2.403364e-01   6.694041e-23   5.103645e-04   3.399481e-24   480
  2.420249e-01   7.568887e-23   2.496686e-04   4.524544e-24   240
  2.440949e-01   7.610841e-23   2.524589e-04   4.462982e-24   276
  2.457280e-01   7.268046e-23   5.541970e-04   3.043118e-24   488
  2.476682e-01   8.461263e-23   2.440802e-04   7.459642e-24   240
  2.487944e-01   7.755391e-23   4.739408e-04   3.835446e-24   360
  2.503735e-01   6.633923e-23   1.686210e-04   4.932641e-24   198
  2.524044e-01   6.587366e-23   5.697771e-04   2.869873e-24   480
  2.538913e-01   6.695384e-23   2.103076e-04   4.066516e-24   288
  2.559478e-01   7.868731e-23   4.445422e-04   3.731006e-24   480
  2.577972e-01   8.178550e-23   2.738942e-04   3.450302e-24   480
  2.596963e-01   7.268881e-23   3.542367e-04   4.879715e-24   288
  2.608812e-01   8.245162e-23   3.779053e-04   4.681203e-24   288
  2.627448e-01   8.047362e-23   6.569890e-04   3.891269e-24   456
  2.646214e-01   9.090384e-23   6.187305e-04   4.482973e-24   360
  2.658312e-01   8.186494e-23   3.708853e-04   5.081053e-24   180
  2.675821e-01   7.029281e-23   4.039393e-04   2.994893e-24   486
  2.693567e-01   8.000225e-23   5.373692e-04   3.597228e-24   504
  2.711612e-01   8.668730e-23   4.175087e-04   4.112901e-24   456
  2.726573e-01   8.463825e-23   3.468761e-04   4.958903e-24   296
  2.746340e-01   8.106859e-23   3.422861e-04   3.571750e-24   528
  2.761206e-01   8.277071e-23   3.377476e-04   4.194391e-24   336
  2.783101e-01   8.448678e-23   3.746254e-04   3.498257e-24   600
  2.799128e-01   7.142965e-23   2.194755e-04   4.237066e-24   264
  2.815189e-01   8.511100e-23   2.373367e-04   4.172197e-24   360
  2.831582e-01   8.228501e-23   4.751715e-04   3.584186e-24   630
  2.849646e-01   9.594743e-23   2.452791e-04   4.567177e-24   432
  2.865671e-01   9.302393e-23   4.725907e-04   4.385967e-24   408
  2.885340e-01   8.655944e-23   3.136768e-04   4.684384e-24   324
  2.899972e-01   8.309155e-23   4.470278e-04   3.122168e-24   744
  2.917622e-01   8.205118e-23   3.573689e-04   4.585825e-24   336
  2.934486e-01   9.454467e-23   4.912911e-04   4.142829e-24   528
  2.952978e-01   8.120190e-23   2.506716e-04   4.311166e-24   408
  2.965238e-01   8.007339e-23   4.266433e-04   3.958872e-24   408
  2.985496e-01   8.375703e-23   3.522079e-04   3.765168e-24   470
  3.000252e-01   9.008397e-23   4.231156e-04   4.085744e-24   528
  3.020857e-01   7.892768e-23   3.525700e-04   2.925049e-24   624
  3.036033e-01   9.136792e-23   2.682725e-04   4.216793e-24   504
  3.051691e-01   8.052475e-23   3.736837e-04   3.483999e-24   552
  3.067221e-01   8.965807e-23   1.816539e-04   4.516972e-24   336
  3.086668e-01   9.727159e-23   3.866695e-04   4.236457e-24   528
  3.101733e-01   9.279225e-23   4.402305e-04   3.674111e-24   564
  3.119378e-01   8.963855e-23   4.051859e-04   4.319010e-24   528
  3.138508e-01   9.983839e-23   6.290633e-04   4.381321e-24   582
  3.155905e-01   9.318241e-23   4.842838e-04   3.698217e-24   624
  3.171120e-01   9.189251e-23   5.536295e-04   4.629006e-24   432
  3.189273e-01   9.695675e-23   6.158164e-04   3.318052e-24   816
  3.207951e-01   1.019764e-22   2.806614e-04   5.626830e-24   312
  3.220171e-01   9.037076e-23   4.548743e-04   4.035998e-24   552
  3.239876e-01   9.558261e-23   2.864905e-04   3.545965e-24   744
  3.254151e-01   1.060316e-22   2.676404e-04   5.768376e-24   408
  3.272576e-01   9.299979e-23   3.835404e-04   3.750143e-24   632
  3.291717e-01   1.093131e-22   6.513489e-04   4.023648e-24   750
  3.307289e-01   1.061513e-22   4.480796e-04   5.630139e-24   312
  3.324641e-01   1.019675e-22   6.615270e-04   3.507974e-24   876
  3.341804e-01   8.384204e-23   4.319379e-04   3.495891e-24   552
  3.361143e-01   1.044046e-22   3.572110e-04   4.108862e-24   696
  3.374317e-01   1.046622e-22   3.942932e-04   4.446489e-24   576
  3.392245e-01   9.430336e-23   4.174616e-04   4.363648e-24   576
  3.407547e-01   1.075862e-22   5.593999e-04   4.245140e-24   648
  3.426040e-01   1.075462e-22   5.599242e-04   3.942284e-24   672
  3.446457e-01   1.053477e-22   2.374990e-04   5.009460e-24   480
  3.459524e-01   9.910987e-23   3.677960e-04   3.546199e-24   726
  3.476351e-01   1.101784e-22   4.167607e-04   3.845866e-24   792
  3.494576e-01   1.022965e-22   5.781572e-04   3.744016e-24   768
  3.513784e-01   1.079975e-22   4.725059e-04   4.043418e-24   672
  3.531396e-01   1.059573e-22   3.169470e-04   4.104882e-24   608
  3.544145e-01   1.018637e-22   3.042788e-04   4.024068e-24   624
  3.562333e-01   1.030689e-22   3.954077e-04   3.737395e-24   684
  3.580024e-01   1.056119e-22   5.840631e-04   3.615876e-24   768
  3.596489e-01   1.104609e-22   4.669543e-04   3.791414e-24   744
  3.616107e-01   1.042454e-22   2.940222e-04   3.593851e-24   750
  3.630406e-01   9.835487e-23   4.370248e-04   4.277631e-24   600
  3.645869e-01   1.046561e-22   4.640415e-04   4.224176e-24   600
  3.664974e-01   1.093066e-22   5.347792e-04   3.339303e-24   1008
  3.680145e-01   1.106288e-22   2.966070e-04   4.170945e-24   696
  3.696957e-01   1.148829e-22   3.918311e-04   4.654070e-24   624
  3.713857e-01   1.123282e-22   6.097387e-04   4.118486e-24   840
  3.733058e-01   1.200627e-22   4.148780e-04   4.121290e-24   816
  3.748632e-01   1.087808e-22   2.755717e-04   3.733348e-24   744
  3.764360e-01   1.129361e-22   4.871654e-04   4.733810e-24   510
  3.783359e-01   1.159356e-22   4.677188e-04   3.714976e-24   1020
  3.801042e-01   1.146798e-22   3.774027e-04   3.627561e-24   912
  3.818473e-01   1.193338e-22   5.591433e-04   4.249874e-24   752
  3.832886e-01   1.177057e-22   4.639583e-04   4.483334e-24   888
  3.852555e-01   1.123696e-22   2.993905e-04   3.957643e-24   768
  3.868644e-01   1.157804e-22   5.440188e-04   4.159731e-24   720
  3.887159e-01   1.152414e-22   4.795683e-04   3.652780e-24   1056
  3.903582e-01   1.173070e-22   3.317856e-04   5.090661e-24   504
  3.917039e-01   1.105188e-22   5.180898e-04   4.169910e-24   774
  3.936283e-01   1.154829e-22   4.982654e-04   3.507712e-24   1272
  3.954358e-01   1.196323e-22   3.264422e-04   4.542304e-24   744
  3.971211e-01   1.105231e-22   5.330594e-04   3.924998e-24   768
  3.986674e-01   1.180094e-22   4.508988e-04   3.872859e-24   840
  4.004039e-01   1.244994e-22   3.056972e-04   3.994078e-24   924
  4.020760e-01   1.203759e-22   5.389435e-04   3.926564e-24   936
  4.037194e-01   1.125479e-22   3.745454e-04   3.689201e-24   840
  4.053748e-01   1.257771e-22   4.452908e-04   3.917158e-24   1008
  4.074786e-01   1.158109e-22   5.026919e-04   4.262006e-24   696
  4.087986e-01   1.112995e-22   4.468063e-04   3.522351e-24   974
  4.107598e-01   1.244838e-22   5.934108e-04   3.542720e-24   1152
  4.124648e-01   1.239784e-22   2.322032e-04   4.119180e-24   816
  4.137908e-01   1.126151e-22   5.108209e-04   3.668983e-24   816
  4.155748e-01   1.214266e-22   4.510778e-04   3.460136e-24   1152
  4.174563e-01   1.230082e-22   4.061247e-04   3.890168e-24   912
  4.191672e-01   1.310908e-22   4.934415e-04   3.900375e-24   1056
  4.206322e-01   1.282923e-22   4.219808e-04   5.042041e-24   624
  4.226021e-01   1.216373e-22   5.271094e-04   3.635040e-24   1260
  4.243023e-01   1.270754e-22   3.179301e-04   4.265456e-24   894
  4.259628e-01   1.341453e-22   5.447273e-04   3.611790e-24   1176
  4.276242e-01   1.159273e-22   4.508728e-04   4.274266e-24   840
  4.295151e-01   1.282292e-22   5.124827e-04   3.253195e-24   1440
  4.315006e-01   1.175614e-22   2.881208e-04   3.794896e-24   864
  4.330060e-01   1.330310e-22   4.944294e-04   4.236956e-24   1056
  4.345044e-01   1.350797e-22   2.915091e-04   5.419111e-24   624
  4.363242e-01   1.312486e-22   5.398245e-04   3.384583e-24   1496
  4.380644e-01   1.311147e-22   3.811353e-04   4.887851e-24   936
  4.396135e-01   1.265921e-22   5.517639e-04   4.058710e-24   966
  4.412804e-01   1.262687e-22   3.911127e-04   4.098415e-24   936
  4.430314e-01   1.302381e-22   4.837854e-04   3.567344e-24   1248
  4.448240e-01   1.229303e-22   3.410472e-04   3.556021e-24   1044
  4.464944e-01   1.282066e-22   5.282931e-04   3.603150e-24   1392
  4.478173e-01   1.195841e-22   4.068922e-04   4.578799e-24   600
  4.497097e-01   1.257300e-22   4.622723e-04   3.231827e-24   1416
  4.514841e-01   1.307853e-22   4.975797e-04   3.754495e-24   1152
  4.532821e-01   1.299666e-22   4.773496e-04   4.084656e-24   936
  4.547305e-01   1.319454e-22   5.119809e-04   4.457356e-24   870
  4.564516e-01   1.393320e-22   4.292755e-04   4.042450e-24   1368
  4.583615e-01   1.348295e-22   5.643853e-04   3.489330e-24   1632
  4.599936e-01   1.379551e-22   2.450244e-04   4.847527e-24   816
  4.617604e-01   1.381348e-22   5.590000e-04   3.949072e-24   1200
  4.633019e-01   1.401246e-22   5.344699e-04   4.015073e-24   1184
  4.648678e-01   1.442612e-22   4.056277e-04   4.645057e-24   984
  4.667890e-01   1.363000e-22   4.952299e-04   3.523479e-24   1572
  4.685308e-01   1.488408e-22   2.727317e-04   5.233579e-24   840
  4.701539e-01   1.348373e-22   6.342482e-04   3.501927e-24   1392
  4.718677e-01   1.325892e-22   4.656646e-04   4.077234e-24   1158
  4.733973e-01   1.410447e-22   4.240237e-04   3.925855e-24   1272
  4.752392e-01   1.437401e-22   4.321181e-04   3.872938e-24   1320
  4.769691e-01   1.389951e-22   4.228227e-04   4.315969e-24   1104
  4.786151e-01   1.363869e-22   4.785761e-04   3.806251e-24   1392
  4.803427e-01   1.339603e-22   5.176282e-04   3.825196e-24   1296
  4.821220e-01   1.396373e-22   5.404894e-04   3.715209e-24   1392
  4.837916e-01   1.405601e-22   3.964922e-04   4.207632e-24   1104
  4.853363e-01   1.356777e-22   4.994197e-04   3.588162e-24   1320
  4.875364e-01   1.392708e-22   3.813995e-04   3.692721e-24   1422
  4.889418e-01   1.358513e-22   4.750117e-04   3.924783e-24   1212
  4.905562e-01   1.355384e-22   5.190595e-04   3.631918e-24   1280
  4.922146e-01   1.480071e-22   5.404823e-04   4.140063e-24   1272
  4.938041e-01   1.505364e-22   4.677338e-04   3.718854e-24   1680
  4.956881e-01   1.330374e-22   4.419216e-04   3.942526e-24   1152
  4.974225e-01   1.401260e-22   5.117608e-04   3.403633e-24   1512
  4.992459e-01   1.393128e-22   2.160634e-04   4.679370e-24   912
  5.006872e-01   1.476293e-22   5.446515e-04   3.389437e-24   1680
  5.026041e-01   1.298056e-22   4.824972e-04   3.251345e-24   1518
  5.040250e-01   1.480624e-22   4.467006e-04   4.358598e-24   1056
  5.055216e-01   1.427438e-22   4.510442e-04   3.652008e-24   1344
  5.074562e-01   1.607338e-22   4.843229e-04   3.857382e-24   1680
  5.092067e-01   1.443095e-22   4.772500e-04   3.635593e-24   1656
  5.111194e-01   1.398986e-22   4.056700e-04   4.405312e-24   1140
  5.125554e-01   1.430133e-22   4.697351e-04   4.030344e-24   1368
  5.142450e-01   1.461903e-22   5.343264e-04   3.652172e-24   1656
  5.159625e-01   1.518840e-22   5.472649e-04   4.226239e-24   1448
  5.178320e-01   1.466797e-22   5.141193e-04   3.729104e-24   1422
  5.195587e-01   1.510993e-22   5.675668e-04   3.845411e-24   1512
  5.210354e-01   1.522505e-22   4.326963e-04   4.346147e-24   1296
  5.227440e-01   1.452707e-22   3.950802e-04   3.477764e-24   1824
  5.245911e-01   1.483672e-22   5.122810e-04   3.778257e-24   1464
  5.264571e-01   1.420717e-22   4.571373e-04   3.133396e-24   1824
  5.281889e-01   1.526693e-22   3.634473e-04   3.976035e-24   1416
  5.296954e-01   1.518515e-22   5.323525e-04   4.056982e-24   1392
  5.313218e-01   1.483165e-22   4.912467e-04   3.774230e-24   1464
  5.333061e-01   1.385875e-22   4.802698e-04   3.700770e-24   1524
  5.348395e-01   1.470067e-22   4.425765e-04   3.698410e-24   1686
  5.366116e-01   1.479548e-22   5.269753e-04   3.690502e-24   1800
  5.381347e-01   1.585169e-22   4.183682e-04   4.587052e-24   1344
  5.398246e-01   1.579099e-22   4.881086e-04   4.219307e-24   1656
  5.415187e-01   1.553623e-22   3.897299e-04   3.832884e-24   1488
  5.429907e-01   1.587568e-22   3.890952e-04   4.033625e-24   1536
  5.450417e-01   1.523128e-22   4.322407e-04   3.717383e-24   1760
  5.466309e-01   1.536800e-22   4.807835e-04   3.526573e-24   1824
  5.484686e-01   1.617656e-22   4.034669e-04   4.011904e-24   1560
  5.502369e-01   1.572369e-22   4.634195e-04   3.623262e-24   1926
  5.519000e-01   1.595285e-22   3.295522e-04   4.419545e-24   1272
  5.534180e-01   1.526813e-22   5.538121e-04   3.538096e-24   1848
  5.554133e-01   1.630756e-22   4.474326e-04   3.580582e-24   1908
  5.569309e-01   1.556663e-22   4.364115e-04   3.991499e-24   1488
  5.585322e-01   1.512807e-22   4.921783e-04   3.724029e-24   1800
  5.602682e-01   1.551665e-22   4.926635e-04   3.732230e-24   1752
  5.619310e-01   1.510364e-22   5.238690e-04   3.996230e-24   1368
  5.635951e-01   1.607841e-22   4.923362e-04   3.378608e-24   2016
  5.654253e-01   1.647971e-22   5.200281e-04   4.096908e-24   1542
  5.671144e-01   1.548277e-22   5.092480e-04   3.477180e-24   2184
  5.689840e-01   1.632801e-22   4.658463e-04   3.752232e-24   1776
  5.705991e-01   1.577605e-22   5.325328e-04   4.520819e-24   1568
  5.721386e-01   1.646884e-22   4.865284e-04   3.652279e-24   2040
  5.738138e-01   1.695966e-22   5.201423e-04   4.088508e-24   1704
  5.755673e-01   1.563366e-22   5.214047e-04   4.035150e-24   1512
  5.772206e-01   1.638255e-22   4.447597e-04   3.646684e-24   2028
  5.790782e-01   1.626967e-22   5.364945e-04   3.527880e-24   1968
  5.807766e-01   1.603020e-22   5.441935e-04   3.552533e-24   1854
  5.824386e-01   1.555076e-22   5.187839e-04   3.623914e-24   1632
  5.841419e-01   1.641960e-22   5.330949e-04   3.171938e-24   2424
  5.859073e-01   1.586306e-22   5.336494e-04   3.903601e-24   1560
  5.873997e-01   1.657460e-22   5.042981e-04   3.747860e-24   1728
  5.892030e-01   1.606874e-22   5.383151e-04   3.649818e-24   2088
  5.910182e-01   1.563132e-22   5.124183e-04   3.564714e-24   1968
  5.926879e-01   1.626013e-22   5.073434e-04   3.588856e-24   2256
  5.943623e-01   1.665546e-22   4.510844e-04   3.802485e-24   1728
  5.961102e-01   1.647060e-22   4.446730e-04   4.550663e-24   1416
  5.976587e-01   1.731709e-22   4.687744e-04   3.637302e-24   2246
  5.994119e-01   1.627159e-22   5.191625e-04   3.725702e-24   2148
  6.010893e-01   1.701817e-22   4.385384e-04   4.233143e-24   1680
  6.026682e-01   1.658432e-22   5.544042e-04   3.188535e-24   2280
  6.045659e-01   1.691414e-22   5.162727e-04   3.340922e-24   2352
  6.063384e-01   1.687533e-22   4.337978e-04   4.181876e-24   1632
  6.077406e-01   1.691988e-22   4.963799e-04   3.900794e-24   1968
  6.096649e-01   1.659089e-22   5.092860e-04   3.648559e-24   2112
  6.114492e-01   1.620881e-22   3.825636e-04   3.617006e-24   2208
  6.131831e-01   1.660937e-22   3.857391e-04   3.598023e-24   1974
  6.145516e-01   1.612452e-22   3.773577e-04   3.655934e-24   1944
  6.164004e-01   1.741767e-22   4.269369e-04   3.744291e-24   2160
  6.180028e-01   1.685773e-22   3.992823e-04   3.820647e-24   2040
  6.197345e-01   1.735960e-22   5.586051e-04   3.712441e-24   2352
  6.215106e-01   1.784546e-22   4.640665e-04   4.103993e-24   1836
  6.231317e-01   1.706466e-22   4.950444e-04   3.367690e-24   2352
  6.249518e-01   1.672211e-22   5.192346e-04   3.707729e-24   2008
  6.266203e-01   1.686463e-22   5.108010e-04   3.559012e-24   2464
  6.284808e-01   1.707003e-22   4.119834e-04   3.586919e-24   2118
  6.300068e-01   1.694926e-22   4.141467e-04   3.949636e-24   1848
  6.315775e-01   1.821914e-22   5.480513e-04   4.052344e-24   2280
  6.334747e-01   1.771694e-22   5.213278e-04   3.614296e-24   2472
  6.352475e-01   1.705739e-22   3.483875e-04   3.682573e-24   2280
  6.367358e-01   1.846397e-22   4.258450e-04   4.339014e-24   1992
  6.383407e-01   1.794452e-22   4.476942e-04   3.534473e-24   2184
  6.401915e-01   1.624073e-22   5.400739e-04   3.415865e-24   2352
  6.419748e-01   1.745988e-22   5.691414e-04   3.473748e-24   2496
  6.437210e-01   1.669640e-22   5.315847e-04   4.039845e-24   1770
  6.452872e-01   1.822694e-22   4.586736e-04   3.661517e-24   2568
  6.471700e-01   1.784089e-22   5.625819e-04   3.459718e-24   2712
  6.488816e-01   1.805831e-22   4.467713e-04   3.741636e-24   2448
  6.505906e-01   1.858777e-22   3.766053e-04   3.993435e-24   2064
  6.520083e-01   1.716913e-22   3.975154e-04   4.073238e-24   1944
  6.538465e-01   1.732974e-22   4.910776e-04   3.612581e-24   2480
  6.557218e-01   1.788290e-22   5.334543e-04   3.389924e-24   2880
  6.573828e-01   1.797163e-22   5.117233e-04   3.672513e-24   2304
  6.591177e-01   1.787386e-22   4.701472e-04   3.945415e-24   1806
  6.606561e-01   1.785657e-22   4.610710e-04   3.282119e-24   2856
  6.625838e-01   1.833231e-22   4.421809e-04   3.694496e-24   2568
  6.640509e-01   1.707218e-22   4.436302e-04   3.792064e-24   2112
  6.656475e-01   1.796949e-22   4.272941e-04   4.154679e-24   2028
  6.673605e-01   1.801688e-22   5.057904e-04   3.340001e-24   2712
  6.690998e-01   1.849318e-22   5.449093e-04   3.415095e-24   2952
  6.709691e-01   1.861803e-22   4.210349e-04   3.989814e-24   2112
  6.724803e-01   1.813752e-22   4.934314e-04   3.541400e-24   2520
  6.742956e-01   1.779813e-22   4.759244e-04   3.674336e-24   2376
  6.759489e-01   1.838445e-22   3.815168e-04   3.704282e-24   2526
  6.776650e-01   1.892192e-22   4.747876e-04   3.724300e-24   2664
  6.793642e-01   1.874642e-22   5.662862e-04   3.765132e-24   2408
  6.809929e-01   1.878754e-22   4.536173e-04   3.788454e-24   2568
  6.826540e-01   1.926630e-22   4.276796e-04   3.531047e-24   2904
  6.844561e-01   1.858547e-22   4.798687e-04   3.626695e-24   2544
  6.861681e-01   1.865282e-22   3.534563e-04   3.989376e-24   2160
  6.877835e-01   1.988013e-22   6.110852e-04   3.888633e-24   2652
  6.895681e-01   1.840257e-22   4.838537e-04   3.504396e-24   2784
  6.912854e-01   1.937426e-22   4.778196e-04   3.536101e-24   2694
  6.930647e-01   1.818707e-22   4.294263e-04   3.352372e-24   2952
  6.946107e-01   1.986622e-22   4.067448e-04   4.118271e-24   2208
  6.961857e-01   1.856604e-22   4.335098e-04   3.839798e-24   2304
  6.979438e-01   1.821347e-22   5.637316e-04   2.902017e-24   3504
  6.999941e-01   1.934221e-22   4.564735e-04   4.031848e-24   2616
  7.015932e-01   1.941588e-22   4.459377e-04   3.812615e-24   2664
  7.031336e-01   1.892895e-22   4.143151e-04   3.755757e-24   2448
  7.046858e-01   1.950801e-22   5.770045e-04   3.863326e-24   2472
  7.065119e-01   1.957211e-22   4.587514e-04   3.454374e-24   3134
  7.082307e-01   1.952284e-22   5.017392e-04   3.849262e-24   2616
  7.099467e-01   1.847089e-22   4.064282e-04   3.630143e-24   2712
  7.117121e-01   1.882587e-22   4.661143e-04   3.344831e-24   3204
  7.133994e-01   1.885517e-22   5.368237e-04   3.766057e-24   2760
  7.150019e-01   1.876826e-22   4.683701e-04   3.587260e-24   2688
  7.167690e-01   1.932348e-22   4.428424e-04   3.847187e-24   2760
  7.183316e-01   1.867342e-22   3.656620e-04   3.747703e-24   2568
  7.201311e-01   1.869046e-22   5.678551e-04   3.188856e-24   3336
  7.218583e-01   1.941899e-22   4.806270e-04   3.867187e-24   2334
  7.236024e-01   1.859987e-22   5.318655e-04   3.293081e-24   3264
  7.252322e-01   1.960280e-22   3.867069e-04   3.770252e-24   2760
  7.269038e-01   1.893896e-22   4.670323e-04   3.337117e-24   3192
  7.286057e-01   1.928071e-22   4.848795e-04   3.703781e-24   2904
  7.304158e-01   1.925558e-22   4.865095e-04   3.715155e-24   2784
  7.319309e-01   2.021897e-22   4.004063e-04   4.115882e-24   2592
  7.336545e-01   1.914635e-22   5.458110e-04   3.237088e-24   3284
  7.354862e-01   1.985199e-22   5.482421e-04   3.639196e-24   3168
  7.371250e-01   1.972819e-22   4.523390e-04   3.829867e-24   2616
  7.388477e-01   1.860613e-22   4.370713e-04   3.374520e-24   3222
  7.405235e-01   1.932163e-22   4.904075e-04   3.187816e-24   3240
  7.421464e-01   1.989120e-22   4.961262e-04   4.054477e-24   2568
  7.439914e-01   2.037759e-22   4.552202e-04   3.637721e-24   3120
  7.455341e-01   2.056601e-22   5.004475e-04   3.746462e-24   3168
  7.471932e-01   1.935710e-22   4.381038e-04   3.494384e-24   3240
  7.490082e-01   1.941521e-22   4.494836e-04   3.394170e-24   3144
  7.507715e-01   1.911938e-22   4.284362e-04   3.500900e-24   2856
  7.524381e-01   1.965379e-22   4.575871e-04   3.366900e-24   3264
  7.543240e-01   2.007289e-22   5.056132e-04   3.500164e-24   3318
  7.558082e-01   2.015015e-22   3.541030e-04   4.285794e-24   2556
  7.575771e-01   1.976265e-22   6.048733e-04   3.054588e-24   4008
  7.593679e-01   2.007427e-22   4.465021e-04   3.816442e-24   2904
  7.609000e-01   1.958973e-22   4.565641e-04   3.382698e-24   3144
  7.626441e-01   1.914283e-22   4.759726e-04   3.484550e-24   3200
  7.644490e-01   1.987171e-22   4.694243e-04   3.471411e-24   3312
  7.660670e-01   2.074106e-22   3.783351e-04   3.969403e-24   2832
  7.678735e-01   2.000016e-22   5.444478e-04   3.185918e-24   3984
  7.695508e-01   2.162724e-22   4.426103e-04   4.707977e-24   2238
  7.710821e-01   2.019257e-22   5.208763e-04   3.260075e-24   3984
  7.729819e-01   1.980346e-22   4.949876e-04   3.512354e-24   3384
  7.745602e-01   2.109282e-22   4.626797e-04   3.867437e-24   3048
  7.762081e-01   1.969487e-22   4.248302e-04   3.570195e-24   3096
  7.779294e-01   2.091595e-22   4.815324e-04   3.319660e-24   3708
  7.796408e-01   1.981485e-22   4.564274e-04   3.865834e-24   2784
  7.812306e-01   2.135978e-22   4.740872e-04   3.579799e-24   3648
  7.830363e-01   2.056621e-22   4.879380e-04   3.412674e-24   3888
  7.849582e-01   2.018980e-22   5.208881e-04   3.586848e-24   2958
  7.863930e-01   1.987381e-22   4.446264e-04   3.414223e-24   3264
  7.881221e-01   2.128679e-22   4.908549e-04   3.771573e-24   3160
  7.897556e-01   1.969282e-22   4.448554e-04   3.300636e-24   3736
  7.913039e-01   2.066482e-22   4.053674e-04   3.744127e-24   3216
  7.931298e-01   2.077214e-22   4.967559e-04   3.285060e-24   4032
  7.950340e-01   2.082940e-22   4.535292e-04   3.488877e-24   3528
  7.966578e-01   2.109229e-22   4.003367e-04   3.682470e-24   3192
  7.982809e-01   2.043932e-22   4.384400e-04   3.532363e-24   3456
  8.000418e-01   2.097548e-22   4.546161e-04   3.907100e-24   3060
  8.018067e-01   2.071067e-22   5.405908e-04   3.172133e-24   4518
  8.035265e-01   2.089671e-22   4.815963e-04   3.417758e-24   3528
  8.051074e-01   2.063593e-22   4.044568e-04   3.795227e-24   3024
  8.067928e-01   1.991615e-22   5.476184e-04   3.281401e-24   3672
  8.085097e-01   2.095127e-22   4.700229e-04   3.559038e-24   3864
  8.104158e-01   2.025115e-22   4.982178e-04   3.206732e-24   3816
  8.119748e-01   2.099848e-22   4.532681e-04   3.601959e-24   3456
  8.134695e-01   2.116128e-22   4.103104e-04   4.130801e-24   2688
  8.152303e-01   2.116695e-22   4.868254e-04   3.275078e-24   4248
  8.169761e-01   2.076903e-22   4.662855e-04   3.287910e-24   3926
  8.187297e-01   2.040579e-22   4.923174e-04   3.320295e-24   3504
  8.204236e-01   2.123667e-22   4.401391e-04   3.315198e-24   3960
  8.222939e-01   2.055742e-22   4.954941e-04   3.358333e-24   3684
  8.238979e-01   2.021083e-22   4.954609e-04   3.245368e-24   4104
  8.255014e-01   2.115852e-22   4.699173e-04   3.759528e-24   3144
  8.272241e-01   2.103860e-22   5.147213e-04   3.244548e-24   4224
  8.291182e-01   2.095980e-22   4.568598e-04   3.303951e-24   4008
  8.307364e-01   2.127762e-22   5.026181e-04   3.625912e-24   3312
  8.324026e-01   2.083794e-22   4.999111e-04   3.455021e-24   3726
  8.341747e-01   2.110187e-22   5.134700e-04   3.385232e-24   3936
  8.357483e-01   2.147055e-22   5.292866e-04   3.458507e-24   3888
  8.373814e-01   2.122690e-22   5.004911e-04   3.338341e-24   3864
  8.390804e-01   2.066957e-22   5.320643e-04   3.316508e-24   3888
  8.408304e-01   2.007939e-22   5.018185e-04   3.159458e-24   4080
  8.425581e-01   2.109667e-22   5.325821e-04   3.629011e-24   3400
  8.443209e-01   2.118340e-22   4.884316e-04   3.093181e-24   4588
  8.461032e-01   2.168395e-22   4.834464e-04   3.568279e-24   3816
  8.476608e-01   2.174402e-22   4.581060e-04   3.512037e-24   3534
  8.493098e-01   2.200186e-22   4.524863e-04   3.381304e-24   4080
  8.510347e-01   2.185214e-22   4.729764e-04   3.340660e-24   4248
  8.527671e-01   2.134117e-22   4.766165e-04   3.644186e-24   3528
  8.543656e-01   2.233927e-22   4.872753e-04   3.481889e-24   4248
  8.559814e-01   2.135698e-22   4.766042e-04   3.567885e-24   3696
  8.577808e-01   2.208828e-22   4.945438e-04   3.336387e-24   4560
  8.594872e-01   2.146155e-22   4.632233e-04   3.458887e-24   3864
  8.612397e-01   2.132009e-22   5.043791e-04   3.228051e-24   4440
  8.629007e-01   2.122664e-22   4.705976e-04   3.783668e-24   3432
  8.646460e-01   2.112830e-22   4.614307e-04   3.147729e-24   4470
  8.663629e-01   2.156559e-22   4.100586e-04   3.342372e-24   4188
  8.680505e-01   2.183971e-22   5.253427e-04   3.278852e-24   4392
  8.697265e-01   2.216550e-22   4.064025e-04   3.675440e-24   3960
  8.714695e-01   2.216123e-22   4.591166e-04   3.400077e-24   4328
  8.731579e-01   2.177984e-22   4.778042e-04   3.415180e-24   4320
  8.748643e-01   2.182518e-22   4.996345e-04   3.227112e-24   4152
  8.764467e-01   2.351996e-22   4.179518e-04   3.974130e-24   3528
  8.782362e-01   2.178869e-22   4.523689e-04   3.189394e-24   4512
  8.799104e-01   2.190331e-22   4.624323e-04   3.397463e-24   4134
  8.816110e-01   2.253824e-22   4.926455e-04   3.053458e-24   5208
  8.832465e-01   2.234510e-22   4.292145e-04   3.852002e-24   3240
  8.849385e-01   2.363663e-22   4.734040e-04   3.520919e-24   4680
  8.866607e-01   2.198180e-22   4.687083e-04   3.363005e-24   4440
  8.883848e-01   2.093225e-22   5.311226e-04   3.171320e-24   4260
  8.900384e-01   2.211171e-22   4.336102e-04   3.504479e-24   4056
  8.917415e-01   2.226778e-22   4.807328e-04   3.273418e-24   4704
  8.935289e-01   2.291623e-22   5.594147e-04   3.254110e-24   4800
  8.954185e-01   2.205029e-22   4.846897e-04   3.091501e-24   4806
  8.970513e-01   2.362828e-22   4.831585e-04   4.143949e-24   3552
  8.986064e-01   2.202978e-22   4.844541e-04   3.511252e-24   4304
  9.003622e-01   2.205664e-22   4.698109e-04   3.024405e-24   5280
  9.020984e-01   2.234170e-22   4.507040e-04   3.368358e-24   4320
  9.037419e-01   2.192911e-22   5.089629e-04   3.351381e-24   4296
  9.054750e-01   2.339296e-22   5.658401e-04   3.373649e-24   4608
  9.072277e-01   2.283808e-22   5.421052e-04   3.322439e-24   4824
  9.089629e-01   2.281057e-22   5.117857e-04   3.368598e-24   4488
  9.108250e-01   2.309182e-22   4.778070e-04   3.487501e-24   4530
  9.123625e-01   2.216618e-22   4.665391e-04   3.233264e-24   4464
  9.139010e-01   2.289874e-22   4.396785e-04   3.564050e-24   4104
  9.156673e-01   2.171270e-22   4.740652e-04   2.957135e-24   5424
  9.174048e-01   2.276722e-22   5.103023e-04   3.210164e-24   4392
  9.191730e-01   2.354242e-22   4.996065e-04   3.410472e-24   4896
  9.207787e-01   2.291331e-22   4.897165e-04   3.583196e-24   4104
  9.224542e-01   2.368351e-22   4.415951e-04   3.443587e-24   4824
  9.242220e-01   2.259982e-22   4.220615e-04   3.412166e-24   4680
  9.257621e-01   2.243753e-22   4.316766e-04   3.359597e-24   4328
  9.275497e-01   2.271886e-22   4.976114e-04   3.166926e-24   5118
  9.293459e-01   2.323310e-22   5.765145e-04   3.181224e-24   5304
  9.309669e-01   2.319269e-22   4.539783e-04   3.367858e-24   4392
  9.327330e-01   2.364738e-22   4.556524e-04   3.488133e-24   4476
  9.342775e-01   2.235809e-22   4.525170e-04   3.194655e-24   4704
  9.359960e-01   2.318961e-22   5.477178e-04   3.182274e-24   5208
  9.378023e-01   2.224507e-22   4.618178e-04   3.139912e-24   5304
  9.394666e-01   2.368584e-22   4.946712e-04   3.699001e-24   4296
  9.411731e-01   2.388767e-22   4.690760e-04   3.473201e-24   4752
  9.429662e-01   2.215362e-22   4.708758e-04   3.136076e-24   4950
  9.445778e-01   2.301081e-22   4.921918e-04   3.236961e-24   5064
  9.461898e-01   2.306200e-22   4.123928e-04   3.318387e-24   4872
  9.478198e-01   2.263003e-22   4.341367e-04   3.631242e-24   4224
  9.495602e-01   2.317843e-22   4.795584e-04   2.961275e-24   6120
  9.514124e-01   2.263110e-22   5.275753e-04   3.166565e-24   4968
  9.530925e-01   2.359905e-22   4.668582e-04   3.437711e-24   4424
  9.548307e-01   2.414711e-22   5.963123e-04   3.281350e-24   5436
  9.565477e-01   2.300946e-22   5.084086e-04   3.397269e-24   4896
  9.582076e-01   2.270692e-22   4.867456e-04   3.147391e-24   5214
  9.598077e-01   2.345774e-22   4.137593e-04   3.427530e-24   4656
  9.615856e-01   2.375998e-22   5.260613e-04   3.352020e-24   5448
  9.632845e-01   2.355100e-22   4.442976e-04   3.294048e-24   4992
  9.649480e-01   2.359600e-22   4.917143e-04   3.210925e-24   5400
  9.667765e-01   2.404971e-22   5.449716e-04   3.215401e-24   5328
  9.684613e-01   2.260418e-22   4.873046e-04   3.107627e-24   4776
  9.700464e-01   2.406862e-22   4.579033e-04   3.388729e-24   4800
  9.718074e-01   2.370259e-22   5.888402e-04   2.901966e-24   6552
  9.736499e-01   2.337339e-22   4.448607e-04   3.652508e-24   3942
  9.752465e-01   2.310418e-22   5.606963e-04   3.029810e-24   6072
  9.770144e-01   2.303458e-22   4.354574e-04   3.441277e-24   4692
  9.784966e-01   2.435062e-22   4.546106e-04   3.388166e-24   4944
  9.802329e-01   2.367715e-22   4.879373e-04   2.990061e-24   5840
  9.820155e-01   2.312569e-22   5.223166e-04   3.143673e-24   5712
  9.837706e-01   2.311237e-22   4.377350e-04   3.287468e-24   4800
  9.853717e-01   2.353141e-22   5.797155e-04   3.166286e-24   5688
  9.871255e-01   2.424856e-22   4.573834e-04   3.601937e-24   4848
  9.888635e-01   1.977547e-22   5.090949e-04   3.159463e-24   5406
  9.905131e-01   5.765060e-52   4.595406e-04   8.667108e-54   5568
  9.921693e-01   5.615439e-52   4.130962e-04   7.472342e-54   5736
  9.939592e-01   5.590648e-52   5.130390e-04   7.601563e-54   5280
  9.955835e-01   5.565219e-52   4.743420e-04   7.854421e-54   5592
  9.972555e-01   5.475301e-52   5.429960e-04   7.996610e-54   4968
  9.990231e-01   5.646036e-52   4.868684e-04   7.494250e-54   5964
  1.000748e+00   5.638872e-52   4.891308e-04   7.611895e-54   5376
  1.002315e+00   5.614658e-52   4.722860e-04   7.732259e-54   5472
  1.004131e+00   5.590021e-52   4.485360e-04   7.705896e-54   5472
  1.005792e+00   5.838940e-52   5.099708e-04   8.406733e-54   5415
  1.007402e+00   5.682505e-52   4.485810e-04   8.098340e-54   5096
  1.009144e+00   5.794727e-52   5.768639e-04   7.294018e-54   6372
  1.010906e+00   5.744076e-52   4.682720e-04   8.426944e-54   4656
  1.012485e+00   5.874224e-52   5.112031e-04   7.548867e-54   5844
  1.014184e+00   5.982070e-52   4.494662e-04   8.081981e-54   5508
  1.015984e+00   5.789444e-52   5.098811e-04   7.395228e-54   6324
  1.017751e+00   5.821677e-52   4.379885e-04   8.306899e-54   4752
  1.019366e+00   5.936429e-52   4.903645e-04   8.027287e-54   5676
  1.021114e+00   5.903447e-52   4.485894e-04   7.883114e-54   5472
  1.022773e+00   5.926130e-52   5.059962e-04   7.735130e-54   5556
  1.024555e+00   6.012202e-52   4.930836e-04   8.096621e-54   5436
  1.026276e+00   6.118748e-52   5.047054e-04   8.199822e-54   5916
  1.028042e+00   6.047668e-52   5.251158e-04   8.219911e-54   5520
  1.029633e+00   6.147769e-52   4.775682e-04   8.596493e-54   5280
  1.031263e+00   5.996505e-52   4.692535e-04   9.069626e-54   4416
  1.033102e+00   6.201460e-52   4.574075e-04   7.795279e-54   6260
  1.034829e+00   6.135551e-52   5.439134e-04   8.070208e-54   5940
  1.036394e+00   6.168799e-52   4.259730e-04   9.613873e-54   4188
  1.038117e+00   6.142541e-52   5.446427e-04   7.616470e-54   6360
  1.039928e+00   6.116645e-52   4.857983e-04   8.474952e-54   5256
  1.041610e+00   6.166803e-52   4.592395e-04   8.828273e-54   4848
  1.043051e+00   6.109742e-52   4.163245e-04   8.966607e-54   4704
  1.044826e+00   6.125359e-52   5.107218e-04   8.031997e-54   5784
  1.046631e+00   6.375232e-52   5.404027e-04   8.180610e-54   5820
  1.048373e+00   6.294554e-52   4.840851e-04   8.331468e-54   5700
  1.050126e+00   6.575137e-52   4.489220e-04   9.162746e-54   5232
  1.051881e+00   6.445233e-52   4.981175e-04   9.259023e-54   4932
  1.053436e+00   6.540574e-52   4.287490e-04   9.549162e-54   4716
  1.055070e+00   6.550773e-52   5.461338e-04   8.954733e-54   5616
  1.056750e+00   6.523702e-52   4.823163e-04   8.731094e-54   5184
  1.058484e+00   6.412409e-52   4.865387e-04   9.053758e-54   5064
  1.060119e+00   6.675404e-52   4.981922e-04   9.033397e-54   5544
  1.061933e+00   6.756152e-52   5.001009e-04   9.430037e-54   5192
  1.063583e+00   6.694130e-52   4.494186e-04   9.251022e-54   5244
  1.065317e+00   6.596172e-52   4.862760e-04   9.102833e-54   5112
  1.067042e+00   6.641142e-52   4.462536e-04   9.390866e-54   5040
  1.068625e+00   6.786721e-52   4.691536e-04   9.629240e-54   5124
  1.070473e+00   6.537140e-52   5.266881e-04   8.289800e-54   5952
  1.072179e+00   6.839053e-52   4.614857e-04   9.869620e-54   4824
  1.073726e+00   6.918355e-52   4.658121e-04   9.849487e-54   4536
  1.075516e+00   6.773004e-52   4.951157e-04   8.801667e-54   5712
  1.077355e+00   6.720329e-52   5.417917e-04   9.205138e-54   5352
  1.079089e+00   7.076145e-52   4.719205e-04   1.008386e-53   5004
  1.080639e+00   6.966153e-52   4.720490e-04   1.013479e-53   4800
  1.082304e+00   6.754664e-52   5.072809e-04   9.332794e-54   5148
  1.084148e+00   6.915014e-52   5.268770e-04   9.129751e-54   5664
  1.085815e+00   7.271787e-52   4.732118e-04   1.068772e-53   4692
  1.087355e+00   7.341873e-52   4.396196e-04   1.194207e-53   4008
  1.089151e+00   7.056550e-52   5.038991e-04   8.886738e-54   5852
  1.090977e+00   7.252262e-52   4.771455e-04   9.753391e-54   5784
  1.092599e+00   6.752432e-52   4.398451e-04   1.016435e-53   4392
  1.094269e+00   7.041676e-52   4.314460e-04   1.016311e-53   4944
  1.096021e+00   7.129882e-52   5.086676e-04   1.056003e-53   4776
  1.097674e+00   7.106963e-52   4.893660e-04   9.902726e-54   5244
  1.099467e+00   7.315500e-52   4.885027e-04   1.035802e-53   4884
  1.100972e+00   7.372041e-52   4.142882e-04   1.098046e-53   4488
  1.102723e+00   7.265039e-52   4.922838e-04   1.008472e-53   5160
  1.104485e+00   7.588021e-52   5.012137e-04   1.042557e-53   5316
  1.106182e+00   7.665368e-52   5.067620e-04   1.079511e-53   4896
  1.107837e+00   7.517399e-52   4.708705e-04   1.163386e-53   4188
  1.109505e+00   7.600101e-52   5.135922e-04   1.086174e-53   4836
  1.111208e+00   7.397207e-52   5.094880e-04   1.025660e-53   5316
  1.112933e+00   7.465048e-52   4.715930e-04   1.047606e-53   4920
  1.114546e+00   7.509309e-52   4.750945e-04   1.187796e-53   4128
  1.116277e+00   7.645628e-52   5.110912e-04   1.048168e-53   5348
  1.117980e+00   7.657910e-52   4.434734e-04   1.099809e-53   4836
  1.119607e+00   7.347278e-52   4.778570e-04   1.056759e-53   4392
  1.121359e+00   7.452181e-52   4.198363e-04   1.128303e-53   4632
  1.122936e+00   7.470948e-52   4.691003e-04   1.084594e-53   4596
  1.124747e+00   7.780108e-52   4.717453e-04   1.040509e-53   5424
  1.126539e+00   7.583511e-52   4.855768e-04   1.037581e-53   5256
  1.128385e+00   7.913455e-52   4.931611e-04   1.161725e-53   4524
  1.129923e+00   7.803305e-52   4.690936e-04   1.136476e-53   4440
  1.131645e+00   7.820318e-52   4.011353e-04   1.141826e-53   4380
  1.133330e+00   8.190319e-52   5.249545e-04   1.234821e-53   4812
  1.135123e+00   7.831022e-52   5.214039e-04   1.068761e-53   5376
  1.136763e+00   7.972762e-52   4.164623e-04   1.318961e-53   3888
  1.138335e+00   7.949974e-52   4.768975e-04   1.127946e-53   4896
  1.140088e+00   8.145931e-52   5.032049e-04   1.210522e-53   4608
  1.141929e+00   8.197408e-52   4.749944e-04   1.188111e-53   4448
  1.143531e+00   8.086617e-52   4.903240e-04   1.177516e-53   4752
  1.145220e+00   7.954244e-52   5.135838e-04   1.198887e-53   4356
  1.146995e+00   8.067473e-52   4.942288e-04   1.108330e-53   5232
  1.148760e+00   8.403120e-52   4.980587e-04   1.195896e-53   4548
  1.150472e+00   8.405525e-52   4.841761e-04   1.218219e-53   4608
  1.152143e+00   8.270645e-52   4.398349e-04   1.311349e-53   3936
  1.153720e+00   8.041284e-52   5.257306e-04   1.239488e-53   4260
  1.155493e+00   8.356629e-52   4.713251e-04   1.203552e-53   5004
  1.157113e+00   8.637648e-52   4.657489e-04   1.335649e-53   4224
  1.158890e+00   8.746650e-52   5.031939e-04   1.244234e-53   4788
  1.160616e+00   8.314539e-52   5.291946e-04   1.207656e-53   4428
  1.162298e+00   8.575990e-52   4.422133e-04   1.279288e-53   4080
  1.163917e+00   8.210325e-52   4.835200e-04   1.173766e-53   4632
  1.165621e+00   8.635415e-52   5.028239e-04   1.342919e-53   4056
  1.167413e+00   8.539368e-52   4.734174e-04   1.217067e-53   4536
  1.169050e+00   8.652300e-52   4.828546e-04   1.286181e-53   4668
  1.170843e+00   8.585059e-52   5.175340e-04   1.278966e-53   4604
  1.172589e+00   8.415605e-52   4.650093e-04   1.294784e-53   4152
  1.174201e+00   8.832982e-52   4.506678e-04   1.342361e-53   4224
  1.175909e+00   8.964922e-52   4.332835e-04   1.455802e-53   4152
  1.177615e+00   8.927234e-52   4.914860e-04   1.350868e-53   4224
  1.179275e+00   9.009850e-52   4.545253e-04   1.409923e-53   3960
  1.180873e+00   9.165036e-52   4.690415e-04   1.346502e-53   4656
  1.182619e+00   9.224376e-52   5.060863e-04   1.338566e-53   4452
  1.184409e+00   8.887661e-52   5.145201e-04   1.359304e-53   4056
  1.186074e+00   8.824409e-52   5.098269e-04   1.369255e-53   4212
  1.187762e+00   9.104355e-52   4.236875e-04   1.538313e-53   3432
  1.189472e+00   8.997379e-52   5.420199e-04   1.237204e-53   5352
  1.191144e+00   8.904755e-52   3.969648e-04   1.547718e-53   3600
  1.192963e+00   9.099894e-52   4.378593e-04   1.396821e-53   4584
  1.194552e+00   9.118540e-52   4.365700e-04   1.465029e-53   3768
  1.196188e+00   9.195966e-52   4.660449e-04   1.454691e-53   3848
  1.197821e+00   9.482225e-52   4.273101e-04   1.555320e-53   3720
  1.199674e+00   9.349226e-52   5.363373e-04   1.353318e-53   4764
  1.201309e+00   9.631225e-52   4.319005e-04   1.572271e-53   3864
  1.202988e+00   9.175678e-52   5.349608e-04   1.382979e-53   4332
  1.204820e+00   9.457094e-52   4.567279e-04   1.504350e-53   3792
  1.206456e+00   9.124402e-52   5.180648e-04   1.398407e-53   4284
  1.208191e+00   9.212457e-52   4.905502e-04   1.530105e-53   3840
  1.209832e+00   9.800761e-52   4.669396e-04   1.627245e-53   3480
  1.211499e+00   9.620039e-52   5.210148e-04   1.447327e-53   4380
  1.213302e+00   9.528909e-52   4.894021e-04   1.491668e-53   4200
  1.215072e+00   9.498227e-52   4.704049e-04   1.452323e-53   4056
  1.216717e+00   9.512095e-52   4.727759e-04   1.609238e-53   3600
  1.218257e+00   9.449491e-52   4.710469e-04   1.562782e-53   3492
  1.220057e+00   1.005495e-51   5.500764e-04   1.497052e-53   4500
  1.221894e+00   1.042114e-51   4.819412e-04   1.736714e-53   3516
  1.223472e+00   9.433452e-52   5.038249e-04   1.480608e-53   3968
  1.225242e+00   9.735432e-52   4.842193e-04   1.593680e-53   3648
  1.226808e+00   9.977980e-52   4.630474e-04   1.537129e-53   4224
  1.228583e+00   1.005889e-51   5.197289e-04   1.681619e-53   3588
  1.230249e+00   1.033925e-51   4.793892e-04   1.702324e-53   3456
  1.231925e+00   1.026885e-51   4.257569e-04   1.733657e-53   3660
  1.233657e+00   9.928700e-52   4.673180e-04   1.608808e-53   3768
  1.235272e+00   1.043475e-51   4.725964e-04   1.727434e-53   3744
  1.237006e+00   9.978966e-52   5.187522e-04   1.581887e-53   4176
  1.238850e+00   1.019330e-51   4.784920e-04   1.689147e-53   3612
  1.240375e+00   1.020403e-51   5.199888e-04   1.831169e-53   3216
  1.242119e+00   1.042201e-51   5.027406e-04   1.694402e-53   3624
  1.243874e+00   1.002009e-51   4.727415e-04   1.638970e-53   3744
  1.245569e+00   1.065651e-51   5.044114e-04   1.830136e-53   3672
  1.247242e+00   1.056165e-51   4.574137e-04   1.691516e-53   3852
  1.248969e+00   1.034109e-51   4.707839e-04   1.700739e-53   3672
  1.250806e+00   1.074975e-51   4.587010e-04   1.937897e-53   3248
  1.252340e+00   1.110494e-51   4.695129e-04   1.959595e-53   3336
  1.254015e+00   1.059240e-51   4.779221e-04   1.789287e-53   3576
  1.255728e+00   1.013350e-51   4.057129e-04   1.738211e-53   3336
  1.257472e+00   1.053569e-51   4.819158e-04   1.698253e-53   3936
  1.259194e+00   1.072286e-51   5.132539e-04   1.803260e-53   3408
  1.260901e+00   1.059558e-51   4.521849e-04   1.872061e-53   3336
  1.262560e+00   1.027512e-51   5.079072e-04   1.821883e-53   3312
  1.264219e+00   1.091176e-51   5.142616e-04   1.902925e-53   3432
  1.265985e+00   1.071221e-51   4.458442e-04   1.939009e-53   3144
  1.267597e+00   1.125893e-51   4.840083e-04   1.962126e-53   3456
  1.269411e+00   1.095235e-51   4.651874e-04   1.821496e-53   3792
  1.271049e+00   1.135669e-51   4.569446e-04   2.029835e-53   2868
  1.272819e+00   1.093498e-51   4.733929e-04   1.769333e-53   3888
  1.274473e+00   1.147554e-51   4.110524e-04   2.296398e-53   2784
  1.276101e+00   1.096151e-51   4.694335e-04   1.973113e-53   2964
  1.277880e+00   1.137632e-51   4.834244e-04   1.949086e-53   3432
  1.279573e+00   1.110924e-51   5.003929e-04   1.939173e-53   3416
  1.281287e+00   1.104774e-51   5.348762e-04   1.911864e-53   3528
  1.283040e+00   1.136750e-51   4.292762e-04   2.059598e-53   2904
  1.284592e+00   1.133553e-51   4.813445e-04   2.121382e-53   3072
  1.286396e+00   1.116786e-51   5.406051e-04   1.902536e-53   3216
  1.288199e+00   1.165951e-51   4.378327e-04   2.229179e-53   2844
  1.289782e+00   1.151039e-51   5.010192e-04   2.005260e-53   3432
  1.291408e+00   1.155322e-51   4.027010e-04   2.161137e-53   2880
  1.293224e+00   1.110521e-51   5.334351e-04   1.839882e-53   3576
  1.294934e+00   1.154233e-51   4.768162e-04   2.266385e-53   2700
  1.296572e+00   1.092473e-51   5.355829e-04   2.051746e-53   3000
  1.298287e+00   1.169219e-51   4.446934e-04   2.299312e-53   2556
  1.299953e+00   1.154022e-51   4.766228e-04   1.987761e-53   3360
  1.301675e+00   1.155145e-51   4.631149e-04   2.000802e-53   3120
  1.303530e+00   1.141500e-51   5.452330e-04   1.980966e-53   3216
  1.305127e+00   1.138356e-51   3.845380e-04   2.350792e-53   2628
  1.306923e+00   1.209587e-51   5.083038e-04   2.148290e-53   3200
  1.308561e+00   1.229992e-51   4.795357e-04   2.537142e-53   2232
  1.310215e+00   1.153542e-51   5.473750e-04   2.136163e-53   3108
  1.311862e+00   1.225907e-51   4.808374e-04   2.549612e-53   2604
  1.313547e+00   1.239888e-51   5.179979e-04   2.264136e-53   3096
  1.315401e+00   1.185268e-51   4.719641e-04   2.100335e-53   3084
  1.317009e+00   1.203559e-51   4.816320e-04   2.270682e-53   2664
  1.318667e+00   1.217527e-51   4.247239e-04   2.646397e-53   2232
  1.320292e+00   1.217949e-51   5.231957e-04   2.343266e-53   2808
  1.322070e+00   1.172264e-51   4.942393e-04   2.333508e-53   2592
  1.323731e+00   1.232424e-51   5.073960e-04   2.414254e-53   2952
  1.325476e+00   1.209788e-51   4.790441e-04   2.235120e-53   2772
  1.327172e+00   1.260240e-51   5.151819e-04   2.309186e-53   3036
  1.328948e+00   1.241864e-51   4.997289e-04   2.768930e-53   2136
  1.330566e+00   1.228733e-51   3.985350e-04   2.532214e-53   2496
  1.332228e+00   1.271458e-51   5.308189e-04   2.672551e-53   2228
  1.333960e+00   1.233513e-51   4.948933e-04   2.285959e-53   3048
  1.335685e+00   1.271098e-51   4.727366e-04   2.550981e-53   2676
  1.337399e+00   1.264116e-51   4.709500e-04   2.363475e-53   2784
  1.339037e+00   1.276077e-51   4.575289e-04   2.830776e-53   1920
  1.340680e+00   1.266258e-51   4.882940e-04   2.610404e-53   2400
  1.342460e+00   1.297578e-51   4.478664e-04   2.563842e-53   2532
  1.344301e+00   1.263946e-51   4.974724e-04   2.403149e-53   2544
  1.345957e+00   1.307947e-51   5.204236e-04   2.458093e-53   2772
  1.347589e+00   1.302998e-51   4.874611e-04   2.750803e-53   2160
  1.349209e+00   1.302642e-51   5.250420e-04   2.687061e-53   2304
  1.351084e+00   1.276242e-51   5.137807e-04   2.603371e-53   2328
  1.352765e+00   1.309150e-51   4.926073e-04   2.751694e-53   2304
  1.354322e+00   1.361476e-51   4.658284e-04   2.894022e-53   1908
  1.356093e+00   1.362366e-51   5.209991e-04   2.592917e-53   2736
  1.357799e+00   1.284664e-51   4.936463e-04   2.440903e-53   2448
  1.359613e+00   1.336721e-51   4.615326e-04   3.094485e-53   2040
  1.361255e+00   1.321350e-51   4.805496e-04   2.990328e-53   2120
  1.362833e+00   1.282566e-51   3.984242e-04   2.799651e-53   2040
  1.364532e+00   1.282129e-51   4.943170e-04   2.884901e-53   2208
  1.366455e+00   1.356132e-51   4.438218e-04   2.945548e-53   2208
  1.368013e+00   1.329645e-51   4.918393e-04   2.716221e-53   2196
  1.369622e+00   1.357358e-51   4.326531e-04   3.433207e-53   1848
  1.371260e+00   1.405052e-51   4.906859e-04   2.952982e-53   2124
  1.373092e+00   1.284125e-51   5.147189e-04   2.612939e-53   2328
  1.374881e+00   1.385209e-51   5.240287e-04   3.192469e-53   1920
  1.376620e+00   1.442599e-51   4.810523e-04   3.581650e-53   1548
  1.378167e+00   1.384458e-51   5.276994e-04   2.914012e-53   2388
  1.379991e+00   1.344462e-51   4.883236e-04   2.886944e-53   2160
  1.381662e+00   1.401585e-51   4.444671e-04   3.582106e-53   1704
  1.383263e+00   1.391770e-51   5.007315e-04   3.510217e-53   1776
  1.384777e+00   1.378142e-51   4.683711e-04   3.327964e-53   1800
  1.386692e+00   1.473117e-51   5.406913e-04   3.681567e-53   1700
  1.388481e+00   1.364964e-51   4.868276e-04   2.926166e-53   2292
  1.390146e+00   1.502884e-51   4.519205e-04   3.544009e-53   1704
  1.391718e+00   1.485498e-51   5.053229e-04   3.580466e-53   1728
  1.393439e+00   1.360935e-51   4.676878e-04   3.222802e-53   1728
  1.395126e+00   1.459111e-51   4.672479e-04   3.410369e-53   1680
  1.396921e+00   1.431248e-51   5.382835e-04   3.385838e-53   1704
  1.398708e+00   1.436682e-51   4.227137e-04   3.267205e-53   1752
  1.400307e+00   1.406491e-51   5.025262e-04   3.290068e-53   1872
  1.402036e+00   1.461107e-51   4.925311e-04   3.814636e-53   1500
  1.403790e+00   1.446025e-51   4.312830e-04   3.798661e-53   1656
  1.405494e+00   1.430455e-51   4.624173e-04   3.708468e-53   1464
  1.407008e+00   1.434253e-51   4.050313e-04   3.436912e-53   1488
  1.408865e+00   1.444754e-51   4.888426e-04   3.377032e-53   1680
  1.410562e+00   1.558471e-51   5.107180e-04   3.814071e-53   1692
  1.412151e+00   1.454632e-51   4.890383e-04   4.884986e-53   1128
  1.413913e+00   1.490743e-51   4.709016e-04   3.836665e-53   1536
  1.415632e+00   1.294291e-51   4.908676e-04   3.161769e-53   1616
  1.417373e+00   1.495596e-51   4.733501e-04   3.657295e-53   1476
  1.419127e+00   1.591105e-51   5.209335e-04   4.565714e-53   1176
  1.420693e+00   1.472230e-51   5.596875e-04   3.488819e-53   1656
  1.422399e+00   1.585741e-51   4.916336e-04   5.329932e-53   891
  1.424157e+00   1.490554e-51   5.240858e-04   3.705037e-53   1596
  1.425870e+00   1.571922e-51   4.570168e-04   4.096103e-53   1422
  1.427560e+00   1.483800e-51   4.382484e-04   4.084494e-53   1254
  1.429149e+00   1.595979e-51   4.477206e-04   5.639735e-53   918
  1.430852e+00   1.537138e-51   4.900032e-04   3.823364e-53   1614
  1.432567e+00   1.471025e-51   4.232714e-04   4.896998e-53   798
  1.434273e+00   1.594403e-51   5.425837e-04   4.145238e-53   1458
  1.436002e+00   1.486560e-51   4.968256e-04   4.039323e-53   1374
  1.437711e+00   1.518137e-51   4.243221e-04   4.801861e-53   984
  1.439407e+00   1.617428e-51   5.838085e-04   5.104003e-53   1062
  1.441134e+00   1.570058e-51   4.948879e-04   4.519633e-53   1246
  1.442811e+00   1.538235e-51   4.588833e-04   4.680156e-53   1072
  1.444603e+00   1.539108e-51   4.969413e-04   4.490928e-53   1110
  1.446258e+00   1.474846e-51   5.383636e-04   4.095227e-53   1254
  1.447998e+00   1.607968e-51   5.109355e-04   5.132487e-53   1032
  1.449895e+00   1.642103e-51   4.733780e-04   5.997169e-53   786
  1.451337e+00   1.736114e-51   4.853147e-04   5.087113e-53   1152
  1.453026e+00   1.581211e-51   5.289446e-04   4.697793e-53   1086
  1.454785e+00   1.445516e-51   4.772261e-04   5.345424e-53   912
  1.456411e+00   1.663782e-51   4.783749e-04   5.090813e-53   1062
  1.458071e+00   1.615636e-51   4.768243e-04   5.248033e-53   912
  1.459989e+00   1.703847e-51   5.322923e-04   6.055206e-53   750
  1.461484e+00   1.684192e-51   5.128675e-04   5.091530e-53   1200
  1.463214e+00   1.509241e-51   4.644419e-04   5.161580e-53   918
  1.464934e+00   1.536840e-51   4.820751e-04   5.225398e-53   876
  1.466681e+00   1.738570e-51   4.212369e-04   5.882593e-53   870
  1.468211e+00   1.615580e-51   4.913058e-04   5.453373e-53   768
  1.470005e+00   1.710152e-51   4.503077e-04   5.928874e-53   830
  1.471666e+00   1.636864e-51   4.662337e-04   4.856274e-53   1080
  1.473387e+00   1.739901e-51   5.245740e-04   5.565196e-53   840
  1.475121e+00   1.617109e-51   5.051070e-04   5.808913e-53   798
  1.477088e+00   1.731577e-51   4.009113e-04   6.643275e-53   792
  1.478613e+00   1.738307e-51   4.675924e-04   6.661173e-53   726
  1.480213e+00   1.748809e-51   5.239634e-04   5.804787e-53   864
  1.481966e+00   1.710030e-51   4.485006e-04   5.600419e-53   900
  1.483743e+00   1.828300e-51   4.984474e-04   6.616677e-53   726
  1.485268e+00   1.710815e-51   4.313846e-04   6.976074e-53   576
  1.487302e+00   1.745195e-51   4.489324e-04   5.495524e-53   840
  1.488733e+00   1.745179e-51   4.660199e-04   6.039095e-53   750
  1.490428e+00   1.691419e-51   4.674350e-04   5.997969e-53   720
  1.492027e+00   1.678757e-51   4.728813e-04   5.953673e-53   702
  1.493895e+00   1.505666e-51   5.164499e-04   5.794439e-53   696
  1.495432e+00   1.702754e-51   4.618675e-04   7.581092e-53   480
  1.497243e+00   1.652327e-51   4.376385e-04   5.796789e-53   830
  1.498847e+00   1.889982e-51   5.091155e-04   6.712399e-53   756
  1.500643e+00   1.711265e-51   4.888404e-04   7.658629e-53   624
  1.502229e+00   1.738878e-51   5.165284e-04   7.026952e-53   582
  1.504104e+00   1.828476e-51   3.964472e-04   7.045053e-53   576
  1.505725e+00   1.776514e-51   5.309724e-04   7.063878e-53   624
  1.507388e+00   1.828949e-51   4.336450e-04   6.725548e-53   702
  1.509034e+00   1.656765e-51   4.988077e-04   6.132340e-53   624
  1.510988e+00   1.878103e-51   4.825630e-04   7.468635e-53   672
  1.512580e+00   1.723241e-51   3.612436e-04   9.285628e-53   342
  1.514329e+00   1.803050e-51   4.516021e-04   7.416891e-53   660
  1.515937e+00   2.059536e-51   4.642274e-04   8.388778e-53   576
  1.517597e+00   1.555411e-51   4.513226e-04   6.377761e-53   600
  1.519276e+00   1.927279e-51   5.220166e-04   7.899408e-53   510
  1.521163e+00   2.032272e-51   4.890514e-04   8.233690e-53   600
  1.522619e+00   1.650801e-51   3.895108e-04   1.133277e-52   216
  1.524315e+00   1.834415e-51   4.741021e-04   6.802778e-53   758
  1.526291e+00   1.888671e-51   5.190411e-04   6.852967e-53   576
  1.528024e+00   2.126088e-51   4.406517e-04   8.657122e-53   528
  1.529587e+00   1.607816e-51   3.034519e-04   8.768431e-53   318
  1.531266e+00   1.703498e-51   5.242157e-04   7.719122e-53   540
  1.533252e+00   1.875135e-51   3.706126e-04   9.898983e-53   384
  1.534598e+00   1.979605e-51   5.120576e-04   7.883226e-53   576
  1.536349e+00   2.047810e-51   4.184460e-04   9.442708e-53   414
  1.538006e+00   1.933810e-51   4.672675e-04   9.035169e-53   504
  1.539775e+00   1.975168e-51   5.129507e-04   1.061729e-52   312
  1.541474e+00   1.989016e-51   4.647396e-04   9.971887e-53   414
  1.543160e+00   1.806421e-51   4.293448e-04   9.392257e-53   432
  1.544729e+00   1.674011e-51   5.686055e-04   7.026071e-53   504
  1.546545e+00   2.004766e-51   5.476310e-04   9.177800e-53   432
  1.548245e+00   1.742806e-51   4.485920e-04   9.067514e-53   354
  1.549977e+00   1.984453e-51   6.527560e-04   1.400761e-52   200
  1.551463e+00   1.851867e-51   4.631515e-04   8.665833e-53   480
  1.553470e+00   1.960026e-51   5.292520e-04   8.023543e-53   552
  1.555311e+00   2.174698e-51   3.296817e-04   1.166073e-52   366
  1.556730e+00   2.014751e-51   3.509628e-04   1.196667e-52   240
  1.558291e+00   2.034968e-51   4.906603e-04   1.249641e-52   288
  1.560489e+00   1.963860e-51   3.372103e-04   8.338757e-53   366
  1.561910e+00   1.858982e-51   5.467244e-04   7.873252e-53   408
  1.563496e+00   2.138142e-51   4.109956e-04   1.160357e-52   360
  1.565137e+00   2.273704e-51   3.831167e-04   1.106282e-52   324
  1.566729e+00   2.272696e-51   4.524730e-04   1.513200e-52   174
  1.568624e+00   1.891924e-51   5.198279e-04   1.131348e-52   264
  1.570404e+00   1.926388e-51   4.741086e-04   8.105074e-53   456
  1.572178e+00   2.125124e-51   4.767346e-04   1.068354e-52   360
  1.573637e+00   1.850179e-51   5.251690e-04   1.057663e-52   270
  1.575423e+00   2.173400e-51   5.743787e-04   1.564547e-52   240
  1.577661e+00   2.054144e-51   4.185669e-04   1.365734e-52   120
  1.578762e+00   1.978525e-51   4.369696e-04   1.172285e-52   320
  1.580538e+00   2.139542e-51   5.406748e-04   9.530266e-53   462
  1.582398e+00   2.175260e-51   3.145683e-04   1.137226e-52   276
  1.584014e+00   2.285437e-51   3.568730e-04   2.329812e-52   144
  1.585571e+00   1.772218e-51   3.747862e-04   1.530778e-52   120
  1.587640e+00   2.112633e-51   2.838118e-04   1.229137e-52   294
  1.589204e+00   1.996940e-51   5.034972e-04   1.038661e-52   384
  1.590663e+00   1.806598e-51   3.333119e-04   1.069954e-52   216
  1.592060e+00   2.093109e-51   3.095363e-04   1.442422e-52   168
  1.593638e+00   2.208118e-51   3.682988e-04   1.849484e-52   102
  1.595919e+00   2.038120e-51   5.587821e-04   1.644728e-52   168
  1.597518e+00   1.965667e-51   4.890688e-04   1.111820e-52   384
  1.599271e+00   2.163582e-51   4.969061e-04   1.230102e-52   300
  1.600903e+00   1.942369e-51   5.320788e-04   1.421458e-52   144
  1.602742e+00   2.046959e-51   5.449239e-04   2.068599e-52   102
  1.604949e+00   2.254734e-51   1.289956e-04   2.650083e-52   56
  1.606006e+00   2.092587e-51   4.199761e-04   1.182104e-52   288
  1.607665e+00   1.964328e-51   5.465449e-04   1.037670e-52   360
  1.609470e+00   2.314942e-51   2.931840e-04   2.078859e-52   126
  1.610992e+00   2.543248e-51   1.443964e-04   2.840577e-52   72
  1.612650e+00   2.178646e-51   7.650143e-05   3.503480e-52   48
  1.614814e+00   2.459107e-51   3.094846e-04   1.785716e-52   240
  1.616236e+00   2.363369e-51   4.591937e-04   1.372684e-52   306
  1.617691e+00   1.790092e-51   2.552095e-04   1.540506e-52   120
  1.619368e+00   2.379920e-51   6.281048e-04   2.225544e-52   96
  1.620587e+00   9.488655e-52   0.000000e+00   2.077931e-52   24
  1.623325e+00   2.142603e-51   5.439228e-04   1.801698e-52   120
  1.624667e+00   1.841544e-51   4.703935e-04   9.312570e-53   318
  1.626308e+00   2.226353e-51   5.026794e-04   1.624865e-52   168
  1.628106e+00   2.165302e-51   5.394313e-04   2.362271e-52   72
  1.630075e+00   2.243612e-51   0.000000e+00   4.246676e-52   24
  1.632193e+00   3.113108e-51   2.618418e-04   5.216952e-52   14
  1.633200e+00   2.081929e-51   4.129830e-04   1.201735e-52   288
  1.634765e+00   2.178350e-51   4.968411e-04   1.480638e-52   204
  1.636571e+00   1.791074e-51   7.538327e-05   2.266463e-52   48
  1.638002e+00   1.748512e-51   0.000000e+00   2.788522e-52   24
  1.639659e+00   4.053057e-52   0.000000e+00   1.047587e-52   6
  1.642039e+00   2.536221e-51   3.087683e-04   1.634350e-52   216
  1.643266e+00   2.177617e-51   4.111948e-04   1.682586e-52   192
  1.644767e+00   2.547765e-51   7.500762e-05   3.258904e-52   48
  1.646341e+00   2.658141e-51   5.993235e-04   3.094308e-52   30
  1.650794e+00   2.519889e-51   1.239342e-04   2.400693e-52   96
  1.651708e+00   2.253117e-51   4.061000e-04   1.466699e-52   228
  1.653445e+00   2.444182e-51   5.310492e-04   2.303714e-52   72
  1.655533e+00   3.076551e-51   0.000000e+00   8.790648e-52   6
  1.660288e+00   1.881571e-51   4.009709e-04   1.129864e-52   248
  1.661805e+00   2.359229e-51   4.589321e-04   2.613332e-52   72
  1.663636e+00   1.694456e-51   2.543132e-08   6.108819e-52   6
  1.669168e+00   2.510510e-51   2.849355e-04   2.083239e-52   180
  1.670272e+00   2.454925e-51   3.876996e-04   2.410366e-52   72
  1.671847e+00   4.181190e-51   0.000000e+00   1.832623e-51   6
  1.677997e+00   2.508310e-51   1.219250e-04   2.130613e-52   96
  1.678732e+00   2.255460e-51   3.347351e-04   1.773831e-52   96
  1.680165e+00   2.877234e-51   0.000000e+00   9.262172e-52   6
  1.687272e+00   2.200058e-51   3.203674e-04   1.692941e-52   140
  1.688588e+00   2.461238e-51   0.000000e+00   2.200479e-52   6
  1.696205e+00   2.376960e-51   2.151411e-04   2.672182e-52   96
  1.697114e+00   2.841746e-51   0.000000e+00   1.199152e-51   6
  1.705164e+00   2.660511e-51   1.294251e-04   2.936136e-52   60
  1.705743e+00   1.297854e-51   0.000000e+00   6.849730e-52   6
  1.714199e+00   3.217389e-51   1.312104e-04   4.397548e-52   38
  1.723205e+00   3.616136e-51   6.749794e-05   5.122094e-52   18
  1.732226e+00   3.653600e-51   2.543132e-08   1.735408e-51   6
