# power spectrum of zeta
# redshift z=48.322258
# k              Pk             sigma(k)       sigma(Pk)      count
  1.570796e-02   1.172942e-21   0.000000e+00   4.727928e-22   6
  2.221441e-02   1.685709e-21   0.000000e+00   3.365058e-22   12
  2.720699e-02   2.143121e-21   2.980232e-10   4.361165e-22   8
  3.141593e-02   1.026069e-20   0.000000e+00   1.104125e-21   6
  3.512407e-02   9.441020e-21   5.619580e-10   3.009713e-21   24
  3.847649e-02   1.697400e-20   5.619580e-10   2.859706e-21   24
  4.442883e-02   1.098854e-20   0.000000e+00   4.945920e-21   12
  4.712389e-02   1.498264e-20   6.357829e-10   2.759990e-21   30
  4.967294e-02   2.174061e-20   0.000000e+00   4.791223e-21   24
  5.209742e-02   2.281007e-20   9.733398e-10   5.654235e-21   24
  5.441398e-02   3.037963e-20   5.960464e-10   6.158037e-21   8
  5.663587e-02   2.909937e-20   7.947286e-10   3.615156e-21   24
  5.877382e-02   3.076385e-20   0.000000e+00   4.323148e-21   48
  6.283185e-02   4.500263e-20   0.000000e+00   1.978675e-20   6
  6.476559e-02   3.972723e-20   7.947286e-10   5.578425e-21   48
  6.664324e-02   4.035182e-20   7.492773e-10   4.196510e-21   36
  6.846942e-02   6.326303e-20   7.947286e-10   1.322882e-20   24
  7.024815e-02   4.020642e-20   1.123916e-09   6.921706e-21   24
  7.198293e-02   3.881295e-20   0.000000e+00   5.278061e-21   48
  7.367688e-02   6.465550e-20   1.123916e-09   9.203109e-21   24
  7.695299e-02   5.847054e-20   1.123916e-09   9.197385e-21   24
  7.853982e-02   4.233549e-20   0.000000e+00   6.929540e-21   30
  8.009521e-02   4.772590e-20   0.000000e+00   5.271240e-21   72
  8.162097e-02   4.897653e-20   1.192093e-09   9.970987e-21   32
  8.458997e-02   7.195774e-20   0.000000e+00   8.346329e-21   72
  8.603606e-02   4.576745e-20   0.000000e+00   6.691058e-21   48
  8.885766e-02   2.645894e-20   0.000000e+00   7.870442e-21   12
  9.091388e-02   5.216052e-20   6.784996e-04   4.781796e-21   96
  9.292956e-02   6.872702e-20   1.123916e-09   8.669727e-21   48
  9.424778e-02   8.565833e-20   1.271566e-09   1.501553e-20   30
  9.650974e-02   8.251398e-20   5.553727e-04   7.714140e-21   96
  9.934588e-02   5.302770e-20   0.000000e+00   1.006573e-20   24
  1.009864e-01   7.838035e-20   5.747348e-04   6.331187e-21   144
  1.030040e-01   5.789479e-20   1.946680e-09   1.422113e-20   24
  1.050779e-01   9.125417e-20   5.098206e-04   1.045600e-20   96
  1.065366e-01   8.279305e-20   0.000000e+00   1.274516e-20   48
  1.098102e-01   1.114528e-19   3.780724e-04   1.258449e-20   62
  1.114740e-01   8.516978e-20   5.316623e-04   1.024821e-20   132
  1.132717e-01   5.903209e-20   1.589457e-09   1.053068e-20   24
  1.149693e-01   9.743631e-20   5.313863e-04   8.317285e-21   168
  1.180701e-01   1.239473e-19   5.224442e-04   1.024029e-20   96
  1.203984e-01   8.978156e-20   4.446482e-04   8.482851e-21   96
  1.232554e-01   1.020920e-19   4.956196e-04   8.427670e-21   168
  1.256637e-01   1.469581e-19   0.000000e+00   6.458550e-20   6
  1.266416e-01   1.241448e-19   0.000000e+00   1.201890e-20   96
  1.278047e-01   1.222068e-19   3.852495e-04   1.202438e-20   120
  1.301638e-01   1.035505e-19   4.473436e-04   8.211083e-21   144
  1.314222e-01   1.245119e-19   0.000000e+00   1.677277e-20   48
  1.338136e-01   1.158865e-19   4.564740e-04   1.248610e-20   84
  1.351250e-01   1.317187e-19   3.114687e-09   1.182367e-20   120
  1.363061e-01   1.045759e-19   4.142175e-04   1.195897e-20   80
  1.381342e-01   1.031893e-19   4.205668e-04   7.577674e-21   144
  1.404963e-01   1.349580e-19   2.247832e-09   2.503386e-20   24
  1.416501e-01   1.512965e-19   4.058285e-04   1.263189e-20   150
  1.434502e-01   1.403948e-19   4.210699e-04   1.021867e-20   120
  1.454270e-01   1.309769e-19   3.837166e-04   1.101437e-20   168
  1.473538e-01   2.034571e-19   2.247832e-09   3.405661e-20   24
  1.485660e-01   1.210375e-19   4.133786e-04   7.679096e-21   264
  1.498444e-01   9.704641e-20   2.247832e-09   1.359809e-20   48
  1.520236e-01   1.314338e-19   3.828947e-04   1.085092e-20   144
  1.544390e-01   1.672408e-19   3.768959e-04   2.054681e-20   72
  1.558174e-01   1.344825e-19   3.876848e-04   8.622025e-21   180
  1.577444e-01   1.455572e-19   2.809042e-04   1.090017e-20   198
  1.586427e-01   1.545525e-19   0.000000e+00   1.686805e-20   48
  1.606295e-01   1.286906e-19   3.802118e-04   9.707277e-21   168
  1.621039e-01   1.556777e-19   3.805277e-04   1.418006e-20   144
  1.643345e-01   1.505098e-19   5.346625e-04   7.860774e-21   248
  1.673465e-01   1.127351e-19   3.686065e-04   7.936851e-21   192
  1.693976e-01   1.517193e-19   5.693667e-04   9.939267e-21   240
  1.706322e-01   1.684793e-19   0.000000e+00   1.826179e-20   72
  1.725150e-01   1.800881e-19   3.474519e-04   1.570683e-20   126
  1.737029e-01   1.950946e-19   3.205713e-04   1.544667e-20   168
  1.759709e-01   1.891727e-19   3.505411e-04   1.056144e-20   288
  1.783549e-01   1.800055e-19   1.846233e-04   1.531661e-20   156
  1.795894e-01   1.567468e-19   3.105899e-04   1.368067e-20   168
  1.814616e-01   1.719248e-19   5.324516e-04   1.055196e-20   264
  1.831848e-01   1.668083e-19   0.000000e+00   2.059864e-20   48
  1.844652e-01   1.709891e-19   5.299184e-04   1.122144e-20   264
  1.863009e-01   1.791874e-19   3.123533e-04   1.488680e-20   144
  1.876872e-01   2.043239e-19   6.390593e-04   2.314403e-20   78
  1.897067e-01   1.703792e-19   4.154149e-04   9.432610e-21   336
  1.916111e-01   1.624892e-19   3.160631e-04   1.098618e-20   200
  1.928618e-01   1.614431e-19   6.188557e-04   1.225359e-20   192
  1.945503e-01   2.055299e-19   3.105574e-04   1.460140e-20   240
  1.961016e-01   2.222653e-19   6.223754e-04   1.532895e-20   168
  1.976952e-01   1.872992e-19   4.982915e-04   1.608010e-20   120
  1.996091e-01   2.127563e-19   3.894583e-04   1.134078e-20   324
  2.014663e-01   1.952106e-19   3.061804e-04   1.332192e-20   192
  2.027302e-01   2.230949e-19   5.491178e-04   1.618610e-20   168
  2.048802e-01   1.693543e-19   4.522690e-04   9.376069e-21   342
  2.068188e-01   2.371105e-19   3.641675e-04   1.212043e-20   336
  2.087838e-01   2.673316e-19   2.786838e-04   2.982960e-20   72
  2.101088e-01   2.160675e-19   4.457174e-04   1.439259e-20   288
  2.116470e-01   2.180185e-19   2.902819e-04   1.582161e-20   264
  2.137954e-01   1.968528e-19   3.817923e-04   1.063890e-20   384
  2.157197e-01   2.092471e-19   4.582500e-04   1.563845e-20   240
  2.165193e-01   2.236655e-19   0.000000e+00   2.733285e-20   48
  2.188323e-01   2.230898e-19   3.751076e-04   1.124901e-20   392
  2.205970e-01   2.078983e-19   4.116619e-04   1.180338e-20   294
  2.224945e-01   2.093466e-19   2.675587e-04   1.553178e-20   228
  2.237424e-01   2.508987e-19   4.063271e-04   1.639293e-20   216
  2.252951e-01   2.111132e-19   2.475063e-04   1.114501e-20   336
  2.271958e-01   2.285673e-19   2.940781e-04   1.309346e-20   360
  2.287649e-01   2.512577e-19   4.480490e-04   1.551567e-20   240
  2.303999e-01   2.316256e-19   5.301447e-04   1.624899e-20   168
  2.319249e-01   2.190712e-19   4.172883e-04   1.244757e-20   312
  2.337418e-01   2.207600e-19   2.611535e-04   1.124748e-20   336
  2.357046e-01   2.437178e-19   3.562619e-04   1.480114e-20   294
  2.371846e-01   2.777115e-19   4.748243e-04   1.709893e-20   288
  2.383170e-01   1.970720e-19   2.971134e-04   1.288731e-20   264
  2.403364e-01   2.334844e-19   5.103645e-04   1.185701e-20   480
  2.420249e-01   2.640767e-19   2.496686e-04   1.578595e-20   240
  2.440949e-01   2.656350e-19   2.524589e-04   1.557685e-20   276
  2.457280e-01   2.537390e-19   5.541970e-04   1.062391e-20   488
  2.476682e-01   2.954884e-19   2.440802e-04   2.605030e-20   240
  2.487944e-01   2.708891e-19   4.739408e-04   1.339667e-20   360
  2.503735e-01   2.317740e-19   1.686210e-04   1.723347e-20   198
  2.524044e-01   2.302207e-19   5.697771e-04   1.002995e-20   480
  2.538913e-01   2.340493e-19   2.103076e-04   1.421545e-20   288
  2.559478e-01   2.751515e-19   4.445422e-04   1.304667e-20   480
  2.577972e-01   2.860590e-19   2.738942e-04   1.206794e-20   480
  2.596963e-01   2.543126e-19   3.542367e-04   1.707245e-20   288
  2.608812e-01   2.885133e-19   3.779053e-04   1.638012e-20   288
  2.627448e-01   2.816686e-19   6.569890e-04   1.362019e-20   456
  2.646214e-01   3.182556e-19   6.187305e-04   1.569519e-20   360
  2.658312e-01   2.866568e-19   3.708853e-04   1.779183e-20   180
  2.675821e-01   2.461913e-19   4.039393e-04   1.048921e-20   486
  2.693567e-01   2.802630e-19   5.373692e-04   1.260196e-20   504
  2.711612e-01   3.037478e-19   4.175087e-04   1.441126e-20   456
  2.726573e-01   2.966244e-19   3.468761e-04   1.737907e-20   296
  2.746340e-01   2.841835e-19   3.422861e-04   1.252068e-20   528
  2.761206e-01   2.902016e-19   3.377476e-04   1.470612e-20   336
  2.783101e-01   2.962923e-19   3.746254e-04   1.226828e-20   600
  2.799128e-01   2.505482e-19   2.194755e-04   1.486220e-20   264
  2.815189e-01   2.985913e-19   2.373367e-04   1.463718e-20   360
  2.831582e-01   2.887293e-19   4.751715e-04   1.257651e-20   630
  2.849646e-01   3.367354e-19   2.452791e-04   1.602898e-20   432
  2.865671e-01   3.265309e-19   4.725907e-04   1.539552e-20   408
  2.885340e-01   3.039029e-19   3.136768e-04   1.644670e-20   324
  2.899972e-01   2.917698e-19   4.470278e-04   1.096318e-20   744
  2.917622e-01   2.881696e-19   3.573689e-04   1.610590e-20   336
  2.934486e-01   3.321024e-19   4.912911e-04   1.455241e-20   528
  2.952978e-01   2.852840e-19   2.506716e-04   1.514625e-20   408
  2.965238e-01   2.813520e-19   4.266433e-04   1.391002e-20   408
  2.985496e-01   2.943524e-19   3.522079e-04   1.323214e-20   470
  3.000252e-01   3.166308e-19   4.231156e-04   1.436078e-20   528
  3.020857e-01   2.774697e-19   3.525700e-04   1.028296e-20   624
  3.036033e-01   3.212460e-19   2.682725e-04   1.482608e-20   504
  3.051691e-01   2.831606e-19   3.736837e-04   1.225121e-20   552
  3.067221e-01   3.153202e-19   1.816539e-04   1.588579e-20   336
  3.086668e-01   3.421520e-19   3.866695e-04   1.490170e-20   528
  3.101733e-01   3.264373e-19   4.402305e-04   1.292525e-20   564
  3.119378e-01   3.153894e-19   4.051859e-04   1.519622e-20   528
  3.138508e-01   3.513311e-19   6.290633e-04   1.541789e-20   582
  3.155905e-01   3.279546e-19   4.842838e-04   1.301582e-20   624
  3.171120e-01   3.234537e-19   5.536295e-04   1.629388e-20   432
  3.189273e-01   3.413266e-19   6.158164e-04   1.168091e-20   816
  3.207951e-01   3.590480e-19   2.806614e-04   1.981145e-20   312
  3.220171e-01   3.182148e-19   4.548743e-04   1.421165e-20   552
  3.239876e-01   3.366156e-19   2.864905e-04   1.248789e-20   744
  3.254151e-01   3.734538e-19   2.676404e-04   2.031682e-20   408
  3.272576e-01   3.275962e-19   3.835404e-04   1.320999e-20   632
  3.291717e-01   3.851112e-19   6.513489e-04   1.417524e-20   750
  3.307289e-01   3.740143e-19   4.480796e-04   1.983730e-20   312
  3.324641e-01   3.593163e-19   6.615270e-04   1.236164e-20   876
  3.341804e-01   2.954791e-19   4.319379e-04   1.232034e-20   552
  3.361143e-01   3.679933e-19   3.572110e-04   1.448240e-20   696
  3.374317e-01   3.689334e-19   3.942932e-04   1.567385e-20   576
  3.392245e-01   3.324571e-19   4.174616e-04   1.538364e-20   576
  3.407547e-01   3.793212e-19   5.593999e-04   1.496729e-20   648
  3.426040e-01   3.792246e-19   5.599242e-04   1.390120e-20   672
  3.446457e-01   3.715178e-19   2.374990e-04   1.766628e-20   480
  3.459524e-01   3.495474e-19   3.677960e-04   1.250700e-20   726
  3.476351e-01   3.886239e-19   4.167607e-04   1.356526e-20   792
  3.494576e-01   3.608619e-19   5.781572e-04   1.320737e-20   768
  3.513784e-01   3.810150e-19   4.725059e-04   1.426518e-20   672
  3.531396e-01   3.738539e-19   3.169470e-04   1.448342e-20   608
  3.544145e-01   3.594371e-19   3.042788e-04   1.419941e-20   624
  3.562333e-01   3.637261e-19   3.954077e-04   1.318915e-20   684
  3.580024e-01   3.727358e-19   5.840631e-04   1.276145e-20   768
  3.596489e-01   3.898844e-19   4.669543e-04   1.338224e-20   744
  3.616107e-01   3.679843e-19   2.940222e-04   1.268619e-20   750
  3.630406e-01   3.472176e-19   4.370248e-04   1.510116e-20   600
  3.645869e-01   3.694905e-19   4.640415e-04   1.491345e-20   600
  3.664974e-01   3.859478e-19   5.347792e-04   1.179063e-20   1008
  3.680145e-01   3.906454e-19   2.966070e-04   1.472812e-20   696
  3.696957e-01   4.057015e-19   3.918311e-04   1.643557e-20   624
  3.713857e-01   3.967117e-19   6.097387e-04   1.454528e-20   840
  3.733058e-01   4.240672e-19   4.148780e-04   1.455658e-20   816
  3.748632e-01   3.842476e-19   2.755717e-04   1.318737e-20   744
  3.764360e-01   3.989553e-19   4.871654e-04   1.672264e-20   510
  3.783359e-01   4.095871e-19   4.677188e-04   1.312454e-20   1020
  3.801042e-01   4.051832e-19   3.774027e-04   1.281682e-20   912
  3.818473e-01   4.216587e-19   5.591433e-04   1.501665e-20   752
  3.832886e-01   4.159327e-19   4.639583e-04   1.584256e-20   888
  3.852555e-01   3.971112e-19   2.993905e-04   1.398619e-20   768
  3.868644e-01   4.091937e-19   5.440188e-04   1.470142e-20   720
  3.887159e-01   4.073213e-19   4.795683e-04   1.291078e-20   1056
  3.903582e-01   4.146504e-19   3.317856e-04   1.799419e-20   504
  3.917039e-01   3.906785e-19   5.180898e-04   1.474044e-20   774
  3.936283e-01   4.082573e-19   4.982654e-04   1.240050e-20   1272
  3.954358e-01   4.229580e-19   3.264422e-04   1.605923e-20   744
  3.971211e-01   3.907787e-19   5.330594e-04   1.387767e-20   768
  3.986674e-01   4.172741e-19   4.508988e-04   1.369416e-20   840
  4.004039e-01   4.402517e-19   3.056972e-04   1.412374e-20   924
  4.020760e-01   4.256979e-19   5.389435e-04   1.388589e-20   936
  4.037194e-01   3.980400e-19   3.745454e-04   1.304733e-20   840
  4.053748e-01   4.448547e-19   4.452908e-04   1.385444e-20   1008
  4.074786e-01   4.096378e-19   5.026919e-04   1.507525e-20   696
  4.087986e-01   3.936992e-19   4.468063e-04   1.245959e-20   974
  4.107598e-01   4.403680e-19   5.934108e-04   1.253257e-20   1152
  4.124648e-01   4.386062e-19   2.322032e-04   1.457269e-20   816
  4.137908e-01   3.984244e-19   5.108209e-04   1.298065e-20   816
  4.155748e-01   4.296258e-19   4.510778e-04   1.224252e-20   1152
  4.174563e-01   4.352500e-19   4.061247e-04   1.376495e-20   912
  4.191672e-01   4.638763e-19   4.934415e-04   1.380182e-20   1056
  4.206322e-01   4.539955e-19   4.219808e-04   1.784252e-20   624
  4.226021e-01   4.304744e-19   5.271094e-04   1.286445e-20   1260
  4.243023e-01   4.497444e-19   3.179301e-04   1.509629e-20   894
  4.259628e-01   4.747916e-19   5.447273e-04   1.278353e-20   1176
  4.276242e-01   4.103327e-19   4.508728e-04   1.512906e-20   840
  4.295151e-01   4.539042e-19   5.124827e-04   1.151565e-20   1440
  4.315006e-01   4.161676e-19   2.881208e-04   1.343397e-20   864
  4.330060e-01   4.709512e-19   4.944294e-04   1.499947e-20   1056
  4.345044e-01   4.782268e-19   2.915091e-04   1.918544e-20   624
  4.363242e-01   4.646891e-19   5.398245e-04   1.198322e-20   1496
  4.380644e-01   4.642388e-19   3.811353e-04   1.730646e-20   936
  4.396135e-01   4.482463e-19   5.517639e-04   1.437138e-20   966
  4.412804e-01   4.471230e-19   3.911127e-04   1.451270e-20   936
  4.430314e-01   4.612015e-19   4.837854e-04   1.263276e-20   1248
  4.448240e-01   4.353455e-19   3.410472e-04   1.259330e-20   1044
  4.464944e-01   4.540521e-19   5.282931e-04   1.276080e-20   1392
  4.478173e-01   4.235307e-19   4.068922e-04   1.621673e-20   600
  4.497097e-01   4.453202e-19   4.622723e-04   1.144670e-20   1416
  4.514841e-01   4.632485e-19   4.975797e-04   1.329862e-20   1152
  4.532821e-01   4.603712e-19   4.773496e-04   1.446879e-20   936
  4.547305e-01   4.673982e-19   5.119809e-04   1.578957e-20   870
  4.564516e-01   4.935871e-19   4.292755e-04   1.432051e-20   1368
  4.583615e-01   4.776602e-19   5.643853e-04   1.236165e-20   1632
  4.599936e-01   4.887535e-19   2.450244e-04   1.717401e-20   816
  4.617604e-01   4.894125e-19   5.590000e-04   1.399161e-20   1200
  4.633019e-01   4.964814e-19   5.344699e-04   1.422599e-20   1184
  4.648678e-01   5.111577e-19   4.056277e-04   1.645868e-20   984
  4.667890e-01   4.829723e-19   4.952299e-04   1.248529e-20   1572
  4.685308e-01   5.274326e-19   2.727317e-04   1.854574e-20   840
  4.701539e-01   4.778284e-19   6.342482e-04   1.240992e-20   1392
  4.718677e-01   4.698813e-19   4.656646e-04   1.444925e-20   1158
  4.733973e-01   4.998645e-19   4.240237e-04   1.391329e-20   1272
  4.752392e-01   5.094389e-19   4.321181e-04   1.372634e-20   1320
  4.769691e-01   4.926419e-19   4.228227e-04   1.529716e-20   1104
  4.786151e-01   4.834155e-19   4.785761e-04   1.349105e-20   1392
  4.803427e-01   4.748329e-19   5.176282e-04   1.355871e-20   1296
  4.821220e-01   4.949755e-19   5.404894e-04   1.316938e-20   1392
  4.837916e-01   4.982652e-19   3.964922e-04   1.491545e-20   1104
  4.853363e-01   4.809741e-19   4.994197e-04   1.271994e-20   1320
  4.875364e-01   4.937354e-19   3.813995e-04   1.309125e-20   1422
  4.889418e-01   4.816267e-19   4.750117e-04   1.391435e-20   1212
  4.905562e-01   4.805343e-19   5.190595e-04   1.287650e-20   1280
  4.922146e-01   5.247587e-19   5.404823e-04   1.467859e-20   1272
  4.938041e-01   5.337439e-19   4.677338e-04   1.318564e-20   1680
  4.956881e-01   4.717175e-19   4.419216e-04   1.397925e-20   1152
  4.974225e-01   4.968700e-19   5.117608e-04   1.206889e-20   1512
  4.992459e-01   4.940041e-19   2.160634e-04   1.659305e-20   912
  5.006872e-01   5.235095e-19   5.446515e-04   1.201932e-20   1680
  5.026041e-01   4.603222e-19   4.824972e-04   1.153007e-20   1518
  5.040250e-01   5.250796e-19   4.467006e-04   1.545705e-20   1056
  5.055216e-01   5.062329e-19   4.510442e-04   1.295164e-20   1344
  5.074562e-01   5.700544e-19   4.843229e-04   1.368050e-20   1680
  5.092067e-01   5.118214e-19   4.772500e-04   1.289433e-20   1656
  5.111194e-01   4.961952e-19   4.056700e-04   1.562484e-20   1140
  5.125554e-01   5.072561e-19   4.697351e-04   1.429529e-20   1368
  5.142450e-01   5.185411e-19   5.343264e-04   1.295435e-20   1656
  5.159625e-01   5.387536e-19   5.472649e-04   1.499105e-20   1448
  5.178320e-01   5.203105e-19   5.141193e-04   1.322810e-20   1422
  5.195587e-01   5.360041e-19   5.675668e-04   1.364105e-20   1512
  5.210354e-01   5.401028e-19   4.326963e-04   1.541779e-20   1296
  5.227440e-01   5.153578e-19   3.950802e-04   1.233761e-20   1824
  5.245911e-01   5.263592e-19   5.122810e-04   1.340405e-20   1464
  5.264571e-01   5.040410e-19   4.571373e-04   1.111664e-20   1824
  5.281889e-01   5.416551e-19   3.634473e-04   1.410655e-20   1416
  5.296954e-01   5.387674e-19   5.323525e-04   1.439413e-20   1392
  5.313218e-01   5.262398e-19   4.912467e-04   1.339129e-20   1464
  5.333061e-01   4.917362e-19   4.802698e-04   1.313106e-20   1524
  5.348395e-01   5.216222e-19   4.425765e-04   1.312301e-20   1686
  5.366116e-01   5.250020e-19   5.269753e-04   1.309536e-20   1800
  5.381347e-01   5.624941e-19   4.183682e-04   1.627706e-20   1344
  5.398246e-01   5.603555e-19   4.881086e-04   1.497253e-20   1656
  5.415187e-01   5.513299e-19   3.897299e-04   1.360165e-20   1488
  5.429907e-01   5.633887e-19   3.890952e-04   1.431431e-20   1536
  5.450417e-01   5.405377e-19   4.322407e-04   1.319248e-20   1760
  5.466309e-01   5.454031e-19   4.807835e-04   1.251563e-20   1824
  5.484686e-01   5.741147e-19   4.034669e-04   1.423845e-20   1560
  5.502369e-01   5.580567e-19   4.634195e-04   1.285949e-20   1926
  5.519000e-01   5.662043e-19   3.295522e-04   1.568601e-20   1272
  5.534180e-01   5.419137e-19   5.538121e-04   1.255781e-20   1848
  5.554133e-01   5.788236e-19   4.474326e-04   1.270898e-20   1908
  5.569309e-01   5.525369e-19   4.364115e-04   1.416781e-20   1488
  5.585322e-01   5.369825e-19   4.921783e-04   1.321874e-20   1800
  5.602682e-01   5.507895e-19   4.926635e-04   1.324819e-20   1752
  5.619310e-01   5.361419e-19   5.238690e-04   1.418564e-20   1368
  5.635951e-01   5.707565e-19   4.923362e-04   1.199349e-20   2016
  5.654253e-01   5.850172e-19   5.200281e-04   1.454371e-20   1542
  5.671144e-01   5.496393e-19   5.092480e-04   1.234402e-20   2184
  5.689840e-01   5.796600e-19   4.658463e-04   1.332079e-20   1776
  5.705991e-01   5.600768e-19   5.325328e-04   1.604965e-20   1568
  5.721386e-01   5.846846e-19   4.865284e-04   1.296650e-20   2040
  5.738138e-01   6.021232e-19   5.201423e-04   1.451553e-20   1704
  5.755673e-01   5.550588e-19   5.214047e-04   1.432643e-20   1512
  5.772206e-01   5.816597e-19   4.447597e-04   1.294748e-20   2028
  5.790782e-01   5.776659e-19   5.364945e-04   1.252598e-20   1968
  5.807766e-01   5.691761e-19   5.441935e-04   1.261380e-20   1854
  5.824386e-01   5.521641e-19   5.187839e-04   1.286752e-20   1632
  5.841419e-01   5.830266e-19   5.330949e-04   1.126291e-20   2424
  5.859073e-01   5.632776e-19   5.336494e-04   1.386120e-20   1560
  5.873997e-01   5.885544e-19   5.042981e-04   1.330844e-20   1728
  5.892030e-01   5.706040e-19   5.383151e-04   1.296057e-20   2088
  5.910182e-01   5.550836e-19   5.124183e-04   1.265865e-20   1968
  5.926879e-01   5.774246e-19   5.073434e-04   1.274463e-20   2256
  5.943623e-01   5.914753e-19   4.510844e-04   1.350354e-20   1728
  5.961102e-01   5.849229e-19   4.446730e-04   1.616083e-20   1416
  5.976587e-01   6.149952e-19   4.687744e-04   1.291744e-20   2246
  5.994119e-01   5.778773e-19   5.191625e-04   1.323163e-20   2148
  6.010893e-01   6.044035e-19   4.385384e-04   1.503409e-20   1680
  6.026682e-01   5.890062e-19   5.544042e-04   1.132435e-20   2280
  6.045659e-01   6.007328e-19   5.162727e-04   1.186582e-20   2352
  6.063384e-01   5.993667e-19   4.337978e-04   1.485290e-20   1632
  6.077406e-01   6.009581e-19   4.963799e-04   1.385479e-20   1968
  6.096649e-01   5.892858e-19   5.092860e-04   1.295918e-20   2112
  6.114492e-01   5.757260e-19   3.825636e-04   1.284737e-20   2208
  6.131831e-01   5.899647e-19   3.857391e-04   1.278017e-20   1974
  6.145516e-01   5.727514e-19   3.773577e-04   1.298607e-20   1944
  6.164004e-01   6.186971e-19   4.269369e-04   1.330019e-20   2160
  6.180028e-01   5.988174e-19   3.992823e-04   1.357164e-20   2040
  6.197345e-01   6.166561e-19   5.586051e-04   1.318751e-20   2352
  6.215106e-01   6.339269e-19   4.640665e-04   1.457866e-20   1836
  6.231317e-01   6.062006e-19   4.950444e-04   1.196329e-20   2352
  6.249518e-01   5.940431e-19   5.192346e-04   1.317148e-20   2008
  6.266203e-01   5.991162e-19   5.108010e-04   1.264339e-20   2464
  6.284808e-01   6.064244e-19   4.119834e-04   1.274277e-20   2118
  6.300068e-01   6.021431e-19   4.141467e-04   1.403157e-20   1848
  6.315775e-01   6.472674e-19   5.480513e-04   1.439668e-20   2280
  6.334747e-01   6.294376e-19   5.213278e-04   1.284067e-20   2472
  6.352475e-01   6.060159e-19   3.483875e-04   1.308347e-20   2280
  6.367358e-01   6.559986e-19   4.258450e-04   1.541590e-20   1992
  6.383407e-01   6.375532e-19   4.476942e-04   1.255768e-20   2184
  6.401915e-01   5.770289e-19   5.400739e-04   1.213648e-20   2352
  6.419748e-01   6.203556e-19   5.691414e-04   1.234235e-20   2496
  6.437210e-01   5.932386e-19   5.315847e-04   1.435396e-20   1770
  6.452872e-01   6.476297e-19   4.586736e-04   1.300990e-20   2568
  6.471700e-01   6.339242e-19   5.625819e-04   1.229311e-20   2712
  6.488816e-01   6.416592e-19   4.467713e-04   1.329502e-20   2448
  6.505906e-01   6.604827e-19   3.766053e-04   1.418994e-20   2064
  6.520083e-01   6.100815e-19   3.975154e-04   1.447370e-20   1944
  6.538465e-01   6.157988e-19   4.910776e-04   1.283703e-20   2480
  6.557218e-01   6.354657e-19   5.334543e-04   1.204604e-20   2880
  6.573828e-01   6.386281e-19   5.117233e-04   1.305040e-20   2304
  6.591177e-01   6.351635e-19   4.701472e-04   1.402038e-20   1806
  6.606561e-01   6.345573e-19   4.610710e-04   1.166345e-20   2856
  6.625838e-01   6.514745e-19   4.421809e-04   1.312912e-20   2568
  6.640509e-01   6.067008e-19   4.436302e-04   1.347600e-20   2112
  6.656475e-01   6.385976e-19   4.272941e-04   1.476485e-20   2028
  6.673605e-01   6.402908e-19   5.057904e-04   1.186982e-20   2712
  6.690998e-01   6.572274e-19   5.449093e-04   1.213688e-20   2952
  6.709691e-01   6.616746e-19   4.210349e-04   1.417958e-20   2112
  6.724803e-01   6.446058e-19   4.934314e-04   1.258610e-20   2520
  6.742956e-01   6.325534e-19   4.759244e-04   1.305875e-20   2376
  6.759489e-01   6.534002e-19   3.815168e-04   1.316536e-20   2526
  6.776650e-01   6.725113e-19   4.747876e-04   1.323668e-20   2664
  6.793642e-01   6.662831e-19   5.662862e-04   1.338199e-20   2408
  6.809929e-01   6.677531e-19   4.536173e-04   1.346505e-20   2568
  6.826540e-01   6.847786e-19   4.276796e-04   1.255034e-20   2904
  6.844561e-01   6.605892e-19   4.798687e-04   1.289047e-20   2544
  6.861681e-01   6.629917e-19   3.534563e-04   1.417975e-20   2160
  6.877835e-01   7.066240e-19   6.110852e-04   1.382185e-20   2652
  6.895681e-01   6.541140e-19   4.838537e-04   1.245628e-20   2784
  6.912854e-01   6.886615e-19   4.778196e-04   1.256913e-20   2694
  6.930647e-01   6.464713e-19   4.294263e-04   1.191623e-20   2952
  6.946107e-01   7.061657e-19   4.067448e-04   1.463883e-20   2208
  6.961857e-01   6.599573e-19   4.335098e-04   1.364912e-20   2304
  6.979438e-01   6.474332e-19   5.637316e-04   1.031578e-20   3504
  6.999941e-01   6.875670e-19   4.564735e-04   1.433221e-20   2616
  7.015932e-01   6.901935e-19   4.459377e-04   1.355304e-20   2664
  7.031336e-01   6.728916e-19   4.143151e-04   1.335107e-20   2448
  7.046858e-01   6.934838e-19   5.770045e-04   1.373360e-20   2472
  7.065119e-01   6.957716e-19   4.587514e-04   1.228000e-20   3134
  7.082307e-01   6.940287e-19   5.017392e-04   1.368396e-20   2616
  7.099467e-01   6.566402e-19   4.064282e-04   1.290516e-20   2712
  7.117121e-01   6.692679e-19   4.661143e-04   1.189102e-20   3204
  7.133994e-01   6.703174e-19   5.368237e-04   1.338865e-20   2760
  7.150019e-01   6.672349e-19   4.683701e-04   1.275315e-20   2688
  7.167690e-01   6.869819e-19   4.428424e-04   1.367739e-20   2760
  7.183316e-01   6.638781e-19   3.656620e-04   1.332385e-20   2568
  7.201311e-01   6.644921e-19   5.678551e-04   1.133717e-20   3336
  7.218583e-01   6.904011e-19   4.806270e-04   1.374896e-20   2334
  7.236024e-01   6.612867e-19   5.318655e-04   1.170799e-20   3264
  7.252322e-01   6.969516e-19   3.867069e-04   1.340463e-20   2760
  7.269038e-01   6.733572e-19   4.670323e-04   1.186481e-20   3192
  7.286057e-01   6.855152e-19   4.848795e-04   1.316859e-20   2904
  7.304158e-01   6.846298e-19   4.865095e-04   1.320919e-20   2784
  7.319309e-01   7.188898e-19   4.004063e-04   1.463410e-20   2592
  7.336545e-01   6.807601e-19   5.458110e-04   1.150967e-20   3284
  7.354862e-01   7.058576e-19   5.482421e-04   1.293954e-20   3168
  7.371250e-01   7.014632e-19   4.523390e-04   1.361762e-20   2616
  7.388477e-01   6.615736e-19   4.370713e-04   1.199870e-20   3222
  7.405235e-01   6.870218e-19   4.904075e-04   1.133496e-20   3240
  7.421464e-01   7.072812e-19   4.961262e-04   1.441670e-20   2568
  7.439914e-01   7.245840e-19   4.552202e-04   1.293496e-20   3120
  7.455341e-01   7.312907e-19   5.004475e-04   1.332175e-20   3168
  7.471932e-01   6.883109e-19   4.381038e-04   1.242552e-20   3240
  7.490082e-01   6.903847e-19   4.494836e-04   1.206932e-20   3144
  7.507715e-01   6.798724e-19   4.284362e-04   1.244897e-20   2856
  7.524381e-01   6.988826e-19   4.575871e-04   1.197259e-20   3264
  7.543240e-01   7.137933e-19   5.056132e-04   1.244661e-20   3318
  7.558082e-01   7.165472e-19   3.541030e-04   1.524045e-20   2556
  7.575771e-01   7.027747e-19   6.048733e-04   1.086234e-20   4008
  7.593679e-01   7.138633e-19   4.465021e-04   1.357169e-20   2904
  7.609000e-01   6.966384e-19   4.565641e-04   1.202935e-20   3144
  7.626441e-01   6.807528e-19   4.759726e-04   1.239167e-20   3200
  7.644490e-01   7.066802e-19   4.694243e-04   1.234507e-20   3312
  7.660670e-01   7.376029e-19   3.783351e-04   1.411617e-20   2832
  7.678735e-01   7.112619e-19   5.444478e-04   1.133002e-20   3984
  7.695508e-01   7.691322e-19   4.426103e-04   1.674303e-20   2238
  7.710821e-01   7.181171e-19   5.208763e-04   1.159395e-20   3984
  7.729819e-01   7.042865e-19   4.949876e-04   1.249127e-20   3384
  7.745602e-01   7.501473e-19   4.626797e-04   1.375419e-20   3048
  7.762081e-01   7.004367e-19   4.248302e-04   1.269719e-20   3096
  7.779294e-01   7.438703e-19   4.815324e-04   1.180629e-20   3708
  7.796408e-01   7.047163e-19   4.564274e-04   1.374886e-20   2784
  7.812306e-01   7.596682e-19   4.740872e-04   1.273168e-20   3648
  7.830363e-01   7.314516e-19   4.879380e-04   1.213741e-20   3888
  7.849582e-01   7.180714e-19   5.208881e-04   1.275700e-20   2958
  7.863930e-01   7.068383e-19   4.446264e-04   1.214313e-20   3264
  7.881221e-01   7.570993e-19   4.908549e-04   1.341421e-20   3160
  7.897556e-01   7.004132e-19   4.448554e-04   1.173935e-20   3736
  7.913039e-01   7.349901e-19   4.053674e-04   1.331681e-20   3216
  7.931298e-01   7.388136e-19   4.967559e-04   1.168414e-20   4032
  7.950340e-01   7.408574e-19   4.535292e-04   1.240919e-20   3528
  7.966578e-01   7.502138e-19   4.003367e-04   1.309787e-20   3192
  7.982809e-01   7.269949e-19   4.384400e-04   1.256406e-20   3456
  8.000418e-01   7.460715e-19   4.546161e-04   1.389707e-20   3060
  8.018067e-01   7.366591e-19   5.405908e-04   1.128298e-20   4518
  8.035265e-01   7.432822e-19   4.815963e-04   1.215674e-20   3528
  8.051074e-01   7.340123e-19   4.044568e-04   1.349948e-20   3024
  8.067928e-01   7.084156e-19   5.476184e-04   1.167191e-20   3672
  8.085097e-01   7.452409e-19   4.700229e-04   1.265957e-20   3864
  8.104158e-01   7.203439e-19   4.982178e-04   1.140651e-20   3816
  8.119748e-01   7.469322e-19   4.532681e-04   1.281244e-20   3456
  8.134695e-01   7.527284e-19   4.103104e-04   1.469368e-20   2688
  8.152303e-01   7.529362e-19   4.868254e-04   1.164988e-20   4248
  8.169761e-01   7.387878e-19   4.662855e-04   1.169562e-20   3926
  8.187297e-01   7.258724e-19   4.923174e-04   1.181092e-20   3504
  8.204236e-01   7.554341e-19   4.401391e-04   1.179288e-20   3960
  8.222939e-01   7.312778e-19   4.954941e-04   1.194642e-20   3684
  8.238979e-01   7.189543e-19   4.954609e-04   1.154466e-20   4104
  8.255014e-01   7.526716e-19   4.699173e-04   1.337376e-20   3144
  8.272241e-01   7.484111e-19   5.147213e-04   1.154191e-20   4224
  8.291182e-01   7.456142e-19   4.568598e-04   1.175333e-20   4008
  8.307364e-01   7.569257e-19   5.026181e-04   1.289874e-20   3312
  8.324026e-01   7.412898e-19   4.999111e-04   1.229091e-20   3726
  8.341747e-01   7.506846e-19   5.134700e-04   1.204273e-20   3936
  8.357483e-01   7.638053e-19   5.292866e-04   1.230348e-20   3888
  8.373814e-01   7.551430e-19   5.004911e-04   1.187608e-20   3864
  8.390804e-01   7.353212e-19   5.320643e-04   1.179850e-20   3888
  8.408304e-01   7.143311e-19   5.018185e-04   1.123988e-20   4080
  8.425581e-01   7.505264e-19   5.325821e-04   1.291042e-20   3400
  8.443209e-01   7.536176e-19   4.884316e-04   1.100426e-20   4588
  8.461032e-01   7.714305e-19   4.834464e-04   1.269455e-20   3816
  8.476608e-01   7.735728e-19   4.581060e-04   1.249454e-20   3534
  8.493098e-01   7.827509e-19   4.524863e-04   1.202952e-20   4080
  8.510347e-01   7.774299e-19   4.729764e-04   1.188501e-20   4248
  8.527671e-01   7.592566e-19   4.766165e-04   1.296494e-20   3528
  8.543656e-01   7.947710e-19   4.872753e-04   1.238762e-20   4248
  8.559814e-01   7.598288e-19   4.766042e-04   1.269365e-20   3696
  8.577808e-01   7.858524e-19   4.945438e-04   1.187013e-20   4560
  8.594872e-01   7.635597e-19   4.632233e-04   1.230604e-20   3864
  8.612397e-01   7.585319e-19   5.043791e-04   1.148485e-20   4440
  8.629007e-01   7.552123e-19   4.705976e-04   1.346172e-20   3432
  8.646460e-01   7.517184e-19   4.614307e-04   1.119923e-20   4470
  8.663629e-01   7.672819e-19   4.100586e-04   1.189182e-20   4188
  8.680505e-01   7.770397e-19   5.253427e-04   1.166590e-20   4392
  8.697265e-01   7.886362e-19   4.064025e-04   1.307701e-20   3960
  8.714695e-01   7.884896e-19   4.591166e-04   1.209737e-20   4328
  8.731579e-01   7.749246e-19   4.778042e-04   1.215118e-20   4320
  8.748643e-01   7.765427e-19   4.996345e-04   1.148211e-20   4152
  8.764467e-01   8.368482e-19   4.179518e-04   1.414009e-20   3528
  8.782362e-01   7.752543e-19   4.523689e-04   1.134805e-20   4512
  8.799104e-01   7.793372e-19   4.624323e-04   1.208844e-20   4134
  8.816110e-01   8.019334e-19   4.926455e-04   1.086452e-20   5208
  8.832465e-01   7.950662e-19   4.292145e-04   1.370589e-20   3240
  8.849385e-01   8.410253e-19   4.734040e-04   1.252794e-20   4680
  8.866607e-01   7.821492e-19   4.687083e-04   1.196613e-20   4440
  8.883848e-01   7.448090e-19   5.311226e-04   1.128416e-20   4260
  8.900384e-01   7.867808e-19   4.336102e-04   1.246967e-20   4056
  8.917415e-01   7.923388e-19   4.807328e-04   1.164758e-20   4704
  8.935289e-01   8.154175e-19   5.594147e-04   1.157895e-20   4800
  8.954185e-01   7.846102e-19   4.846897e-04   1.100041e-20   4806
  8.970513e-01   8.407644e-19   4.831585e-04   1.474540e-20   3552
  8.986064e-01   7.838891e-19   4.844541e-04   1.249414e-20   4304
  9.003622e-01   7.848498e-19   4.698109e-04   1.076186e-20   5280
  9.020984e-01   7.949979e-19   4.507040e-04   1.198583e-20   4320
  9.037419e-01   7.803208e-19   5.089629e-04   1.192548e-20   4296
  9.054750e-01   8.324149e-19   5.658401e-04   1.200479e-20   4608
  9.072277e-01   8.126748e-19   5.421052e-04   1.182264e-20   4824
  9.089629e-01   8.117007e-19   5.117857e-04   1.198696e-20   4488
  9.108250e-01   8.217141e-19   4.778070e-04   1.241014e-20   4530
  9.123625e-01   7.887794e-19   4.665391e-04   1.150551e-20   4464
  9.139010e-01   8.148517e-19   4.396785e-04   1.268267e-20   4104
  9.156673e-01   7.726508e-19   4.740652e-04   1.052302e-20   5424
  9.174048e-01   8.101807e-19   5.103023e-04   1.142350e-20   4392
  9.191730e-01   8.377713e-19   4.996065e-04   1.213637e-20   4896
  9.207787e-01   8.153881e-19   4.897165e-04   1.275108e-20   4104
  9.224542e-01   8.428008e-19   4.415951e-04   1.225434e-20   4824
  9.242220e-01   8.042412e-19   4.220615e-04   1.214259e-20   4680
  9.257621e-01   7.984700e-19   4.316766e-04   1.195558e-20   4328
  9.275497e-01   8.084860e-19   4.976114e-04   1.126999e-20   5118
  9.293459e-01   8.267906e-19   5.765145e-04   1.132094e-20   5304
  9.309669e-01   8.253565e-19   4.539783e-04   1.198517e-20   4392
  9.327330e-01   8.415423e-19   4.556524e-04   1.241326e-20   4476
  9.342775e-01   7.956637e-19   4.525170e-04   1.136891e-20   4704
  9.359960e-01   8.252597e-19   5.477178e-04   1.132491e-20   5208
  9.378023e-01   7.916504e-19   4.618178e-04   1.117422e-20   5304
  9.394666e-01   8.429281e-19   4.946712e-04   1.316395e-20   4296
  9.411731e-01   8.501154e-19   4.690760e-04   1.236044e-20   4752
  9.429662e-01   7.884079e-19   4.708758e-04   1.116074e-20   4950
  9.445778e-01   8.189178e-19   4.921918e-04   1.151983e-20   5064
  9.461898e-01   8.207434e-19   4.123928e-04   1.180967e-20   4872
  9.478198e-01   8.053744e-19   4.341367e-04   1.292313e-20   4224
  9.495602e-01   8.248953e-19   4.795584e-04   1.053886e-20   6120
  9.514124e-01   8.054209e-19   5.275753e-04   1.126952e-20   4968
  9.530925e-01   8.398732e-19   4.668582e-04   1.223457e-20   4424
  9.548307e-01   8.593828e-19   5.963123e-04   1.167815e-20   5436
  9.565477e-01   8.188983e-19   5.084086e-04   1.209076e-20   4896
  9.582076e-01   8.081350e-19   4.867456e-04   1.120150e-20   5214
  9.598077e-01   8.348602e-19   4.137593e-04   1.219857e-20   4656
  9.615856e-01   8.456211e-19   5.260613e-04   1.192989e-20   5448
  9.632845e-01   8.381874e-19   4.442976e-04   1.172362e-20   4992
  9.649480e-01   8.397929e-19   4.917143e-04   1.142783e-20   5400
  9.667765e-01   8.559450e-19   5.449716e-04   1.144383e-20   5328
  9.684613e-01   8.045014e-19   4.873046e-04   1.106030e-20   4776
  9.700464e-01   8.566257e-19   4.579033e-04   1.206082e-20   4800
  9.718074e-01   8.436026e-19   5.888402e-04   1.032843e-20   6552
  9.736499e-01   8.318903e-19   4.448607e-04   1.299976e-20   3942
  9.752465e-01   8.223121e-19   5.606963e-04   1.078355e-20   6072
  9.770144e-01   8.198388e-19   4.354574e-04   1.224807e-20   4692
  9.784966e-01   8.666823e-19   4.546106e-04   1.205909e-20   4944
  9.802329e-01   8.427161e-19   4.879373e-04   1.064221e-20   5840
  9.820155e-01   8.230926e-19   5.223166e-04   1.118900e-20   5712
  9.837706e-01   8.226221e-19   4.377350e-04   1.170085e-20   4800
  9.853717e-01   8.375402e-19   5.797155e-04   1.126959e-20   5688
  9.871255e-01   8.630695e-19   4.573834e-04   1.282023e-20   4848
  9.888635e-01   7.038633e-19   5.090949e-04   1.124540e-20   5406
  9.905131e-01   8.924003e-49   4.595406e-04   1.988338e-50   5568
  9.921693e-01   8.093162e-49   4.130962e-04   1.240658e-50   5736
  9.939592e-01   8.247234e-49   5.130390e-04   1.243794e-50   5280
  9.955835e-01   8.403820e-49   4.743420e-04   1.375883e-50   5592
  9.972555e-01   8.260262e-49   5.429960e-04   1.274496e-50   4968
  9.990231e-01   8.155548e-49   4.868684e-04   1.140036e-50   5964
  1.000748e+00   8.100501e-49   4.891308e-04   1.136944e-50   5376
  1.002315e+00   8.384839e-49   4.722860e-04   1.246159e-50   5472
  1.004131e+00   7.897435e-49   4.485360e-04   1.074385e-50   5472
  1.005792e+00   8.154153e-49   5.099708e-04   1.176758e-50   5415
  1.007402e+00   8.163756e-49   4.485810e-04   1.225089e-50   5096
  1.009144e+00   8.230161e-49   5.768639e-04   1.024774e-50   6372
  1.010906e+00   8.228279e-49   4.682720e-04   1.231673e-50   4656
  1.012485e+00   8.570253e-49   5.112031e-04   1.174297e-50   5844
  1.014184e+00   8.536702e-49   4.494662e-04   1.200006e-50   5508
  1.015984e+00   8.328213e-49   5.098811e-04   1.113065e-50   6324
  1.017751e+00   8.141883e-49   4.379885e-04   1.186369e-50   4752
  1.019366e+00   8.442538e-49   4.903645e-04   1.123017e-50   5676
  1.021114e+00   8.269674e-49   4.485894e-04   1.142143e-50   5472
  1.022773e+00   8.426971e-49   5.059962e-04   1.167920e-50   5556
  1.024555e+00   8.712292e-49   4.930836e-04   1.242530e-50   5436
  1.026276e+00   8.535044e-49   5.047054e-04   1.123679e-50   5916
  1.028042e+00   8.563450e-49   5.251158e-04   1.235364e-50   5520
  1.029633e+00   8.552539e-49   4.775682e-04   1.190200e-50   5280
  1.031263e+00   8.244944e-49   4.692535e-04   1.246653e-50   4416
  1.033102e+00   8.607674e-49   4.574075e-04   1.085133e-50   6260
  1.034829e+00   8.740502e-49   5.439134e-04   1.168199e-50   5940
  1.036394e+00   8.174786e-49   4.259730e-04   1.297548e-50   4188
  1.038117e+00   8.704950e-49   5.446427e-04   1.123784e-50   6360
  1.039928e+00   8.376256e-49   4.857983e-04   1.190990e-50   5256
  1.041610e+00   8.491497e-49   4.592395e-04   1.212490e-50   4848
  1.043051e+00   8.659769e-49   4.163245e-04   1.262520e-50   4704
  1.044826e+00   8.944339e-49   5.107218e-04   1.200346e-50   5784
  1.046631e+00   8.960564e-49   5.404027e-04   1.183521e-50   5820
  1.048373e+00   8.639586e-49   4.840851e-04   1.152579e-50   5700
  1.050126e+00   9.002107e-49   4.489220e-04   1.319245e-50   5232
  1.051881e+00   9.055337e-49   4.981175e-04   1.297984e-50   4932
  1.053436e+00   8.804426e-49   4.287490e-04   1.318810e-50   4716
  1.055070e+00   9.005137e-49   5.461338e-04   1.232089e-50   5616
  1.056750e+00   8.839146e-49   4.823163e-04   1.221525e-50   5184
  1.058484e+00   9.112025e-49   4.865387e-04   1.319996e-50   5064
  1.060119e+00   8.936548e-49   4.981922e-04   1.211762e-50   5544
  1.061933e+00   9.132162e-49   5.001009e-04   1.316466e-50   5192
  1.063583e+00   9.324138e-49   4.494186e-04   1.303339e-50   5244
  1.065317e+00   9.444964e-49   4.862760e-04   1.384682e-50   5112
  1.067042e+00   9.370487e-49   4.462536e-04   1.366179e-50   5040
  1.068625e+00   9.629338e-49   4.691536e-04   1.328523e-50   5124
  1.070473e+00   9.269671e-49   5.266881e-04   1.186111e-50   5952
  1.072179e+00   9.181294e-49   4.614857e-04   1.344409e-50   4824
  1.073726e+00   9.366960e-49   4.658121e-04   1.409537e-50   4536
  1.075516e+00   9.235280e-49   4.951157e-04   1.207325e-50   5712
  1.077355e+00   9.371365e-49   5.417917e-04   1.320156e-50   5352
  1.079089e+00   9.182011e-49   4.719205e-04   1.330672e-50   5004
  1.080639e+00   9.117255e-49   4.720490e-04   1.303117e-50   4800
  1.082304e+00   9.949205e-49   5.072809e-04   1.397967e-50   5148
  1.084148e+00   9.398719e-49   5.268770e-04   1.240725e-50   5664
  1.085815e+00   9.681235e-49   4.732118e-04   1.389435e-50   4692
  1.087355e+00   9.826567e-49   4.396196e-04   1.554736e-50   4008
  1.089151e+00   9.322222e-49   5.038991e-04   1.242728e-50   5852
  1.090977e+00   9.966822e-49   4.771455e-04   1.347342e-50   5784
  1.092599e+00   9.504460e-49   4.398451e-04   1.472108e-50   4392
  1.094269e+00   9.606713e-49   4.314460e-04   1.381346e-50   4944
  1.096021e+00   9.906708e-49   5.086676e-04   1.457089e-50   4776
  1.097674e+00   9.963906e-49   4.893660e-04   1.398622e-50   5244
  1.099467e+00   9.808841e-49   4.885027e-04   1.458108e-50   4884
  1.100972e+00   1.015089e-48   4.142882e-04   1.566851e-50   4488
  1.102723e+00   1.012704e-48   4.922838e-04   1.465051e-50   5160
  1.104485e+00   9.667179e-49   5.012137e-04   1.369055e-50   5316
  1.106182e+00   9.886293e-49   5.067620e-04   1.384647e-50   4896
  1.107837e+00   1.033772e-48   4.708705e-04   1.607562e-50   4188
  1.109505e+00   1.021198e-48   5.135922e-04   1.497684e-50   4836
  1.111208e+00   1.015004e-48   5.094880e-04   1.421735e-50   5316
  1.112933e+00   1.009508e-48   4.715930e-04   1.443626e-50   4920
  1.114546e+00   1.064347e-48   4.750945e-04   1.724021e-50   4128
  1.116277e+00   1.053256e-48   5.110912e-04   1.487318e-50   5348
  1.117980e+00   1.041081e-48   4.434734e-04   1.538956e-50   4836
  1.119607e+00   1.004208e-48   4.778570e-04   1.482900e-50   4392
  1.121359e+00   1.027432e-48   4.198363e-04   1.524436e-50   4632
  1.122936e+00   1.043289e-48   4.691003e-04   1.607443e-50   4596
  1.124747e+00   1.051827e-48   4.717453e-04   1.424310e-50   5424
  1.126539e+00   1.022477e-48   4.855768e-04   1.359445e-50   5256
  1.128385e+00   1.062863e-48   4.931611e-04   1.566573e-50   4524
  1.129923e+00   1.057542e-48   4.690936e-04   1.605739e-50   4440
  1.131645e+00   1.118735e-48   4.011353e-04   1.741910e-50   4380
  1.133330e+00   1.102618e-48   5.249545e-04   1.632901e-50   4812
  1.135123e+00   1.089807e-48   5.214039e-04   1.533006e-50   5376
  1.136763e+00   1.023764e-48   4.164623e-04   1.698619e-50   3888
  1.138335e+00   1.045774e-48   4.768975e-04   1.472115e-50   4896
  1.140088e+00   1.080392e-48   5.032049e-04   1.637697e-50   4608
  1.141929e+00   1.087733e-48   4.749944e-04   1.608496e-50   4448
  1.143531e+00   1.072427e-48   4.903240e-04   1.546967e-50   4752
  1.145220e+00   1.088322e-48   5.135838e-04   1.654390e-50   4356
  1.146995e+00   1.114494e-48   4.942288e-04   1.586650e-50   5232
  1.148760e+00   1.152237e-48   4.980587e-04   1.768419e-50   4548
  1.150472e+00   1.124249e-48   4.841761e-04   1.679733e-50   4608
  1.152143e+00   1.147339e-48   4.398349e-04   1.897973e-50   3936
  1.153720e+00   1.070133e-48   5.257306e-04   1.639653e-50   4260
  1.155493e+00   1.143896e-48   4.713251e-04   1.608433e-50   5004
  1.157113e+00   1.140760e-48   4.657489e-04   1.744027e-50   4224
  1.158890e+00   1.140993e-48   5.031939e-04   1.741724e-50   4788
  1.160616e+00   1.163629e-48   5.291946e-04   1.779045e-50   4428
  1.162298e+00   1.132338e-48   4.422133e-04   1.797010e-50   4080
  1.163917e+00   1.144915e-48   4.835200e-04   1.687457e-50   4632
  1.165621e+00   1.122139e-48   5.028239e-04   1.725691e-50   4056
  1.167413e+00   1.171974e-48   4.734174e-04   1.735028e-50   4536
  1.169050e+00   1.177572e-48   4.828546e-04   1.723929e-50   4668
  1.170843e+00   1.135069e-48   5.175340e-04   1.598602e-50   4604
  1.172589e+00   1.142426e-48   4.650093e-04   1.785402e-50   4152
  1.174201e+00   1.145567e-48   4.506678e-04   1.762807e-50   4224
  1.175909e+00   1.160517e-48   4.332835e-04   1.786416e-50   4152
  1.177615e+00   1.213132e-48   4.914860e-04   1.817504e-50   4224
  1.179275e+00   1.149624e-48   4.545253e-04   1.831851e-50   3960
  1.180873e+00   1.190225e-48   4.690415e-04   1.781136e-50   4656
  1.182619e+00   1.196832e-48   5.060863e-04   1.805824e-50   4452
  1.184409e+00   1.158222e-48   5.145201e-04   1.757341e-50   4056
  1.186074e+00   1.232488e-48   5.098269e-04   2.026199e-50   4212
  1.187762e+00   1.202827e-48   4.236875e-04   2.119300e-50   3432
  1.189472e+00   1.215745e-48   5.420199e-04   1.675135e-50   5352
  1.191144e+00   1.172414e-48   3.969648e-04   1.928891e-50   3600
  1.192963e+00   1.211979e-48   4.378593e-04   1.855554e-50   4584
  1.194552e+00   1.254905e-48   4.365700e-04   2.039481e-50   3768
  1.196188e+00   1.240354e-48   4.660449e-04   1.944105e-50   3848
  1.197821e+00   1.252187e-48   4.273101e-04   2.047527e-50   3720
  1.199674e+00   1.270183e-48   5.363373e-04   1.790926e-50   4764
  1.201309e+00   1.274894e-48   4.319005e-04   2.124017e-50   3864
  1.202988e+00   1.247891e-48   5.349608e-04   1.910591e-50   4332
  1.204820e+00   1.236540e-48   4.567279e-04   2.068166e-50   3792
  1.206456e+00   1.242888e-48   5.180648e-04   1.928378e-50   4284
  1.208191e+00   1.267322e-48   4.905502e-04   2.114858e-50   3840
  1.209832e+00   1.260358e-48   4.669396e-04   2.198429e-50   3480
  1.211499e+00   1.273631e-48   5.210148e-04   1.972606e-50   4380
  1.213302e+00   1.301386e-48   4.894021e-04   2.099624e-50   4200
  1.215072e+00   1.291258e-48   4.704049e-04   1.966736e-50   4056
  1.216717e+00   1.306119e-48   4.727759e-04   2.162336e-50   3600
  1.218257e+00   1.257963e-48   4.710469e-04   2.198510e-50   3492
  1.220057e+00   1.335751e-48   5.500764e-04   1.976000e-50   4500
  1.221894e+00   1.343517e-48   4.819412e-04   2.228755e-50   3516
  1.223472e+00   1.306336e-48   5.038249e-04   2.124208e-50   3968
  1.225242e+00   1.297478e-48   4.842193e-04   2.242972e-50   3648
  1.226808e+00   1.335252e-48   4.630474e-04   2.120609e-50   4224
  1.228583e+00   1.277000e-48   5.197289e-04   2.179728e-50   3588
  1.230249e+00   1.354207e-48   4.793892e-04   2.399915e-50   3456
  1.231925e+00   1.354131e-48   4.257569e-04   2.246379e-50   3660
  1.233657e+00   1.332406e-48   4.673180e-04   2.246198e-50   3768
  1.235272e+00   1.339555e-48   4.725964e-04   2.115590e-50   3744
  1.237006e+00   1.303705e-48   5.187522e-04   2.028436e-50   4176
  1.238850e+00   1.328895e-48   4.784920e-04   2.224414e-50   3612
  1.240375e+00   1.367579e-48   5.199888e-04   2.271386e-50   3216
  1.242119e+00   1.410749e-48   5.027406e-04   2.342363e-50   3624
  1.243874e+00   1.368778e-48   4.727415e-04   2.210858e-50   3744
  1.245569e+00   1.380127e-48   5.044114e-04   2.367006e-50   3672
  1.247242e+00   1.431299e-48   4.574137e-04   2.338754e-50   3852
  1.248969e+00   1.391685e-48   4.707839e-04   2.277377e-50   3672
  1.250806e+00   1.410964e-48   4.587010e-04   2.449441e-50   3248
  1.252340e+00   1.450405e-48   4.695129e-04   2.682024e-50   3336
  1.254015e+00   1.345957e-48   4.779221e-04   2.266587e-50   3576
  1.255728e+00   1.358019e-48   4.057129e-04   2.371566e-50   3336
  1.257472e+00   1.413019e-48   4.819158e-04   2.237141e-50   3936
  1.259194e+00   1.397311e-48   5.132539e-04   2.438593e-50   3408
  1.260901e+00   1.378282e-48   4.521849e-04   2.405631e-50   3336
  1.262560e+00   1.396146e-48   5.079072e-04   2.405812e-50   3312
  1.264219e+00   1.374377e-48   5.142616e-04   2.317900e-50   3432
  1.265985e+00   1.459741e-48   4.458442e-04   2.589493e-50   3144
  1.267597e+00   1.416238e-48   4.840083e-04   2.445837e-50   3456
  1.269411e+00   1.390695e-48   4.651874e-04   2.241287e-50   3792
  1.271049e+00   1.481691e-48   4.569446e-04   2.897509e-50   2868
  1.272819e+00   1.423002e-48   4.733929e-04   2.283627e-50   3888
  1.274473e+00   1.405318e-48   4.110524e-04   2.661336e-50   2784
  1.276101e+00   1.457208e-48   4.694335e-04   2.686661e-50   2964
  1.277880e+00   1.511680e-48   4.834244e-04   2.564640e-50   3432
  1.279573e+00   1.442629e-48   5.003929e-04   2.535718e-50   3416
  1.281287e+00   1.456622e-48   5.348762e-04   2.564715e-50   3528
  1.283040e+00   1.490294e-48   4.292762e-04   2.789066e-50   2904
  1.284592e+00   1.460687e-48   4.813445e-04   2.655049e-50   3072
  1.286396e+00   1.475435e-48   5.406051e-04   2.568309e-50   3216
  1.288199e+00   1.562129e-48   4.378327e-04   2.903069e-50   2844
  1.289782e+00   1.499638e-48   5.010192e-04   2.555672e-50   3432
  1.291408e+00   1.524305e-48   4.027010e-04   2.877374e-50   2880
  1.293224e+00   1.501021e-48   5.334351e-04   2.548175e-50   3576
  1.294934e+00   1.563779e-48   4.768162e-04   2.868566e-50   2700
  1.296572e+00   1.499804e-48   5.355829e-04   2.665745e-50   3000
  1.298287e+00   1.558800e-48   4.446934e-04   3.123029e-50   2556
  1.299953e+00   1.511309e-48   4.766228e-04   2.624314e-50   3360
  1.301675e+00   1.538677e-48   4.631149e-04   2.705623e-50   3120
  1.303530e+00   1.528353e-48   5.452330e-04   2.740997e-50   3216
  1.305127e+00   1.579943e-48   3.845380e-04   3.193830e-50   2628
  1.306923e+00   1.562460e-48   5.083038e-04   2.699147e-50   3200
  1.308561e+00   1.567800e-48   4.795357e-04   3.270466e-50   2232
  1.310215e+00   1.575640e-48   5.473750e-04   2.768871e-50   3108
  1.311862e+00   1.644466e-48   4.808374e-04   3.249647e-50   2604
  1.313547e+00   1.572114e-48   5.179979e-04   2.790585e-50   3096
  1.315401e+00   1.564489e-48   4.719641e-04   2.785555e-50   3084
  1.317009e+00   1.536324e-48   4.816320e-04   2.878994e-50   2664
  1.318667e+00   1.543141e-48   4.247239e-04   3.323282e-50   2232
  1.320292e+00   1.576656e-48   5.231957e-04   2.961352e-50   2808
  1.322070e+00   1.577920e-48   4.942393e-04   3.274284e-50   2592
  1.323731e+00   1.573751e-48   5.073960e-04   2.945160e-50   2952
  1.325476e+00   1.625374e-48   4.790441e-04   3.004502e-50   2772
  1.327172e+00   1.650494e-48   5.151819e-04   3.259491e-50   3036
  1.328948e+00   1.602782e-48   4.997289e-04   3.564735e-50   2136
  1.330566e+00   1.644711e-48   3.985350e-04   3.271398e-50   2496
  1.332228e+00   1.764286e-48   5.308189e-04   3.785627e-50   2228
  1.333960e+00   1.563217e-48   4.948933e-04   2.793082e-50   3048
  1.335685e+00   1.712042e-48   4.727366e-04   3.361225e-50   2676
  1.337399e+00   1.558995e-48   4.709500e-04   2.962786e-50   2784
  1.339037e+00   1.620306e-48   4.575289e-04   3.413874e-50   1920
  1.340680e+00   1.629858e-48   4.882940e-04   3.306230e-50   2400
  1.342460e+00   1.646225e-48   4.478664e-04   3.184376e-50   2532
  1.344301e+00   1.622602e-48   4.974724e-04   3.286016e-50   2544
  1.345957e+00   1.604435e-48   5.204236e-04   3.118603e-50   2772
  1.347589e+00   1.669554e-48   4.874611e-04   3.658137e-50   2160
  1.349209e+00   1.738717e-48   5.250420e-04   3.706262e-50   2304
  1.351084e+00   1.693330e-48   5.137807e-04   3.351162e-50   2328
  1.352765e+00   1.688658e-48   4.926073e-04   3.542367e-50   2304
  1.354322e+00   1.730026e-48   4.658284e-04   3.849040e-50   1908
  1.356093e+00   1.716510e-48   5.209991e-04   3.437544e-50   2736
  1.357799e+00   1.779382e-48   4.936463e-04   3.546859e-50   2448
  1.359613e+00   1.720168e-48   4.615326e-04   3.687992e-50   2040
  1.361255e+00   1.661726e-48   4.805496e-04   3.838042e-50   2120
  1.362833e+00   1.694912e-48   3.984242e-04   3.701146e-50   2040
  1.364532e+00   1.648570e-48   4.943170e-04   3.412270e-50   2208
  1.366455e+00   1.789768e-48   4.438218e-04   3.913350e-50   2208
  1.368013e+00   1.757466e-48   4.918393e-04   3.794730e-50   2196
  1.369622e+00   1.777091e-48   4.326531e-04   4.005240e-50   1848
  1.371260e+00   1.682941e-48   4.906859e-04   3.582111e-50   2124
  1.373092e+00   1.725546e-48   5.147189e-04   3.539255e-50   2328
  1.374881e+00   1.836472e-48   5.240287e-04   4.105134e-50   1920
  1.376620e+00   1.831337e-48   4.810523e-04   4.616278e-50   1548
  1.378167e+00   1.742292e-48   5.276994e-04   3.571972e-50   2388
  1.379991e+00   1.755838e-48   4.883236e-04   3.938480e-50   2160
  1.381662e+00   1.739600e-48   4.444671e-04   4.109861e-50   1704
  1.383263e+00   1.755931e-48   5.007315e-04   4.098841e-50   1776
  1.384777e+00   1.663884e-48   4.683711e-04   3.767511e-50   1800
  1.386692e+00   1.769421e-48   5.406913e-04   4.274711e-50   1700
  1.388481e+00   1.866375e-48   4.868276e-04   3.879562e-50   2292
  1.390146e+00   1.806118e-48   4.519205e-04   4.590847e-50   1704
  1.391718e+00   1.834684e-48   5.053229e-04   4.499092e-50   1728
  1.393439e+00   1.845339e-48   4.676878e-04   4.198284e-50   1728
  1.395126e+00   1.889701e-48   4.672479e-04   4.805170e-50   1680
  1.396921e+00   1.873725e-48   5.382835e-04   4.287260e-50   1704
  1.398708e+00   1.801193e-48   4.227137e-04   4.156054e-50   1752
  1.400307e+00   1.866474e-48   5.025262e-04   4.206233e-50   1872
  1.402036e+00   1.889852e-48   4.925311e-04   5.050346e-50   1500
  1.403790e+00   1.845228e-48   4.312830e-04   4.576215e-50   1656
  1.405494e+00   1.809685e-48   4.624173e-04   4.812536e-50   1464
  1.407008e+00   1.927768e-48   4.050313e-04   5.047737e-50   1488
  1.408865e+00   1.857512e-48   4.888426e-04   4.452128e-50   1680
  1.410562e+00   1.870278e-48   5.107180e-04   4.431472e-50   1692
  1.412151e+00   1.929327e-48   4.890383e-04   5.801666e-50   1128
  1.413913e+00   1.916582e-48   4.709016e-04   4.857402e-50   1536
  1.415632e+00   1.849592e-48   4.908676e-04   4.587982e-50   1616
  1.417373e+00   1.970200e-48   4.733501e-04   4.905298e-50   1476
  1.419127e+00   2.030492e-48   5.209335e-04   5.794522e-50   1176
  1.420693e+00   1.813372e-48   5.596875e-04   4.605907e-50   1656
  1.422399e+00   2.089164e-48   4.916336e-04   7.029282e-50   891
  1.424157e+00   1.967843e-48   5.240858e-04   5.115623e-50   1596
  1.425870e+00   1.869738e-48   4.570168e-04   4.916753e-50   1422
  1.427560e+00   1.993521e-48   4.382484e-04   5.534757e-50   1254
  1.429149e+00   1.891651e-48   4.477206e-04   5.737927e-50   918
  1.430852e+00   1.820912e-48   4.900032e-04   4.744762e-50   1614
  1.432567e+00   2.031309e-48   4.232714e-04   6.690338e-50   798
  1.434273e+00   2.016435e-48   5.425837e-04   5.411976e-50   1458
  1.436002e+00   1.995089e-48   4.968256e-04   5.231977e-50   1374
  1.437711e+00   1.890347e-48   4.243221e-04   5.945962e-50   984
  1.439407e+00   1.944530e-48   5.838085e-04   6.231295e-50   1062
  1.441134e+00   1.880628e-48   4.948879e-04   5.364939e-50   1246
  1.442811e+00   1.821896e-48   4.588833e-04   5.507084e-50   1072
  1.444603e+00   1.945357e-48   4.969413e-04   5.907082e-50   1110
  1.446258e+00   2.037119e-48   5.383636e-04   5.543917e-50   1254
  1.447998e+00   2.044465e-48   5.109355e-04   6.145727e-50   1032
  1.449895e+00   2.032631e-48   4.733780e-04   7.146347e-50   786
  1.451337e+00   2.073130e-48   4.853147e-04   7.057846e-50   1152
  1.453026e+00   2.001021e-48   5.289446e-04   6.299874e-50   1086
  1.454785e+00   1.946307e-48   4.772261e-04   6.156961e-50   912
  1.456411e+00   2.001333e-48   4.783749e-04   6.490059e-50   1062
  1.458071e+00   2.102061e-48   4.768243e-04   6.947764e-50   912
  1.459989e+00   1.989847e-48   5.322923e-04   6.666200e-50   750
  1.461484e+00   2.039771e-48   5.128675e-04   5.842354e-50   1200
  1.463214e+00   2.046295e-48   4.644419e-04   7.215324e-50   918
  1.464934e+00   2.116636e-48   4.820751e-04   6.873691e-50   876
  1.466681e+00   2.055052e-48   4.212369e-04   7.212125e-50   870
  1.468211e+00   1.992401e-48   4.913058e-04   7.033206e-50   768
  1.470005e+00   2.028098e-48   4.503077e-04   6.739131e-50   830
  1.471666e+00   2.299182e-48   4.662337e-04   6.767976e-50   1080
  1.473387e+00   2.085342e-48   5.245740e-04   6.774943e-50   840
  1.475121e+00   2.088140e-48   5.051070e-04   7.076141e-50   798
  1.477088e+00   2.011639e-48   4.009113e-04   7.143443e-50   792
  1.478613e+00   2.189255e-48   4.675924e-04   7.631629e-50   726
  1.480213e+00   2.125523e-48   5.239634e-04   7.364608e-50   864
  1.481966e+00   2.149350e-48   4.485006e-04   7.174286e-50   900
  1.483743e+00   2.306005e-48   4.984474e-04   8.383949e-50   726
  1.485268e+00   2.240500e-48   4.313846e-04   9.158537e-50   576
  1.487302e+00   2.374693e-48   4.489324e-04   8.190619e-50   840
  1.488733e+00   2.140879e-48   4.660199e-04   7.739205e-50   750
  1.490428e+00   2.258574e-48   4.674350e-04   9.099240e-50   720
  1.492027e+00   2.256740e-48   4.728813e-04   8.514493e-50   702
  1.493895e+00   2.159175e-48   5.164499e-04   8.278854e-50   696
  1.495432e+00   2.054535e-48   4.618675e-04   9.146348e-50   480
  1.497243e+00   2.154516e-48   4.376385e-04   6.879486e-50   830
  1.498847e+00   2.509325e-48   5.091155e-04   8.717523e-50   756
  1.500643e+00   2.261451e-48   4.888404e-04   1.095679e-49   624
  1.502229e+00   2.389829e-48   5.165284e-04   9.529579e-50   582
  1.504104e+00   2.361684e-48   3.964472e-04   9.695456e-50   576
  1.505725e+00   2.063263e-48   5.309724e-04   7.962793e-50   624
  1.507388e+00   2.315530e-48   4.336450e-04   8.113398e-50   702
  1.509034e+00   2.116785e-48   4.988077e-04   8.009534e-50   624
  1.510988e+00   2.158598e-48   4.825630e-04   8.490619e-50   672
  1.512580e+00   2.209718e-48   3.612436e-04   1.044884e-49   342
  1.514329e+00   2.550594e-48   4.516021e-04   9.117683e-50   660
  1.515937e+00   2.276573e-48   4.642274e-04   8.768306e-50   576
  1.517597e+00   2.024245e-48   4.513226e-04   7.777617e-50   600
  1.519276e+00   2.464704e-48   5.220166e-04   9.868205e-50   510
  1.521163e+00   2.399204e-48   4.890514e-04   9.564995e-50   600
  1.522619e+00   2.059077e-48   3.895108e-04   1.469546e-49   216
  1.524315e+00   2.299275e-48   4.741021e-04   7.590041e-50   758
  1.526291e+00   2.441041e-48   5.190411e-04   1.027119e-49   576
  1.528024e+00   2.342650e-48   4.406517e-04   9.172964e-50   528
  1.529587e+00   2.548406e-48   3.034519e-04   1.327855e-49   318
  1.531266e+00   2.311606e-48   5.242157e-04   1.047172e-49   540
  1.533252e+00   2.261454e-48   3.706126e-04   1.105120e-49   384
  1.534598e+00   2.147411e-48   5.120576e-04   9.349179e-50   576
  1.536349e+00   2.651940e-48   4.184460e-04   1.390684e-49   414
  1.538006e+00   2.596069e-48   4.672675e-04   1.144607e-49   504
  1.539775e+00   2.552147e-48   5.129507e-04   1.521583e-49   312
  1.541474e+00   2.439240e-48   4.647396e-04   1.243178e-49   414
  1.543160e+00   2.451086e-48   4.293448e-04   1.278007e-49   432
  1.544729e+00   2.361903e-48   5.686055e-04   1.099950e-49   504
  1.546545e+00   2.827402e-48   5.476310e-04   1.271397e-49   432
  1.548245e+00   2.447615e-48   4.485920e-04   1.422689e-49   354
  1.549977e+00   2.193137e-48   6.527560e-04   1.245731e-49   200
  1.551463e+00   2.441959e-48   4.631515e-04   1.067008e-49   480
  1.553470e+00   2.428340e-48   5.292520e-04   9.533021e-50   552
  1.555311e+00   2.298357e-48   3.296817e-04   1.315359e-49   366
  1.556730e+00   2.467581e-48   3.509628e-04   1.660965e-49   240
  1.558291e+00   2.565061e-48   4.906603e-04   1.427354e-49   288
  1.560489e+00   2.675081e-48   3.372103e-04   1.328338e-49   366
  1.561910e+00   2.621020e-48   5.467244e-04   1.262754e-49   408
  1.563496e+00   2.510914e-48   4.109956e-04   1.275091e-49   360
  1.565137e+00   2.580292e-48   3.831167e-04   1.520708e-49   324
  1.566729e+00   2.227572e-48   4.524730e-04   1.674710e-49   174
  1.568624e+00   2.128604e-48   5.198279e-04   1.292078e-49   264
  1.570404e+00   2.628998e-48   4.741086e-04   1.265127e-49   456
  1.572178e+00   2.712407e-48   4.767346e-04   1.410714e-49   360
  1.573637e+00   2.644819e-48   5.251690e-04   1.633470e-49   270
  1.575423e+00   2.435211e-48   5.743787e-04   1.817805e-49   240
  1.577661e+00   2.485432e-48   4.185669e-04   2.715743e-49   120
  1.578762e+00   2.501763e-48   4.369696e-04   1.316968e-49   320
  1.580538e+00   2.359981e-48   5.406748e-04   1.053124e-49   462
  1.582398e+00   2.558124e-48   3.145683e-04   1.591871e-49   276
  1.584014e+00   2.819612e-48   3.568730e-04   2.553508e-49   144
  1.585571e+00   2.518185e-48   3.747862e-04   2.048030e-49   120
  1.587640e+00   2.586206e-48   2.838118e-04   1.555575e-49   294
  1.589204e+00   2.707662e-48   5.034972e-04   1.371061e-49   384
  1.590663e+00   2.199266e-48   3.333119e-04   1.541007e-49   216
  1.592060e+00   2.610900e-48   3.095363e-04   1.792259e-49   168
  1.593638e+00   2.630389e-48   3.682988e-04   2.292806e-49   102
  1.595919e+00   2.361895e-48   5.587821e-04   2.130765e-49   168
  1.597518e+00   2.343684e-48   4.890688e-04   1.201058e-49   384
  1.599271e+00   2.620078e-48   4.969061e-04   1.496786e-49   300
  1.600903e+00   2.589432e-48   5.320788e-04   2.274823e-49   144
  1.602742e+00   2.677548e-48   5.449239e-04   2.731559e-49   102
  1.604949e+00   3.305672e-48   1.289956e-04   4.275401e-49   56
  1.606006e+00   2.685532e-48   4.199761e-04   1.449297e-49   288
  1.607665e+00   2.648133e-48   5.465449e-04   1.404548e-49   360
  1.609470e+00   2.362397e-48   2.931840e-04   2.416000e-49   126
  1.610992e+00   3.600919e-48   1.443964e-04   4.324685e-49   72
  1.612650e+00   2.928544e-48   7.650143e-05   4.352832e-49   48
  1.614814e+00   3.094189e-48   3.094846e-04   2.260087e-49   240
  1.616236e+00   2.463635e-48   4.591937e-04   1.313675e-49   306
  1.617691e+00   2.246070e-48   2.552095e-04   1.838998e-49   120
  1.619368e+00   2.858978e-48   6.281048e-04   3.758336e-49   96
  1.620587e+00   3.197439e-48   0.000000e+00   6.004127e-49   24
  1.623325e+00   2.840833e-48   5.439228e-04   2.652859e-49   120
  1.624667e+00   2.439211e-48   4.703935e-04   1.319415e-49   318
  1.626308e+00   2.705734e-48   5.026794e-04   2.256282e-49   168
  1.628106e+00   2.014391e-48   5.394313e-04   2.672767e-49   72
  1.630075e+00   2.753757e-48   0.000000e+00   4.496441e-49   24
  1.632193e+00   2.248588e-48   2.618418e-04   5.439143e-49   14
  1.633200e+00   2.926504e-48   4.129830e-04   1.736231e-49   288
  1.634765e+00   3.018592e-48   4.968411e-04   2.386464e-49   204
  1.636571e+00   2.810568e-48   7.538327e-05   4.786685e-49   48
  1.638002e+00   2.009569e-48   0.000000e+00   4.258596e-49   24
  1.639659e+00   1.035096e-48   0.000000e+00   5.010023e-49   6
  1.642039e+00   3.150619e-48   3.087683e-04   2.357448e-49   216
  1.643266e+00   2.705188e-48   4.111948e-04   2.018120e-49   192
  1.644767e+00   3.131302e-48   7.500762e-05   5.939856e-49   48
  1.646341e+00   2.269752e-48   5.993235e-04   3.543806e-49   30
  1.650794e+00   3.060255e-48   1.239342e-04   3.673099e-49   96
  1.651708e+00   2.579467e-48   4.061000e-04   1.777176e-49   228
  1.653445e+00   3.213881e-48   5.310492e-04   3.490095e-49   72
  1.655533e+00   5.153024e-48   0.000000e+00   1.825912e-48   6
  1.660288e+00   2.570645e-48   4.009709e-04   1.721427e-49   248
  1.661805e+00   2.252637e-48   4.589321e-04   2.358368e-49   72
  1.663636e+00   1.747247e-48   2.543132e-08   2.523468e-49   6
  1.669168e+00   3.287419e-48   2.849355e-04   2.495125e-49   180
  1.670272e+00   2.625336e-48   3.876996e-04   2.826099e-49   72
  1.671847e+00   1.694377e-48   0.000000e+00   3.787263e-49   6
  1.677997e+00   2.548547e-48   1.219250e-04   2.728676e-49   96
  1.678732e+00   3.101304e-48   3.347351e-04   3.570520e-49   96
  1.680165e+00   2.415067e-48   0.000000e+00   5.900820e-49   6
  1.687272e+00   3.260399e-48   3.203674e-04   2.315316e-49   140
  1.688588e+00   2.456481e-48   0.000000e+00   3.679063e-49   6
  1.696205e+00   2.933800e-48   2.151411e-04   2.672085e-49   96
  1.697114e+00   3.602414e-48   0.000000e+00   1.104150e-48   6
  1.705164e+00   2.772289e-48   1.294251e-04   3.159025e-49   60
  1.705743e+00   4.812790e-48   0.000000e+00   1.936739e-48   6
  1.714199e+00   4.041507e-48   1.312104e-04   7.182243e-49   38
  1.723205e+00   2.856145e-48   6.749794e-05   6.389666e-49   18
  1.732226e+00   8.999543e-48   2.543132e-08   2.481128e-48   6
