# power spectrum of pi_k
# redshift z=9.951253
# k              Pk             sigma(k)       sigma(Pk)      count
  1.570796e-02   1.517764e-13   0.000000e+00   6.169053e-14   6
  2.221441e-02   7.042318e-14   0.000000e+00   1.390482e-14   12
  2.720699e-02   4.193203e-14   2.980232e-10   8.979695e-15   8
  3.141593e-02   1.187623e-13   0.000000e+00   1.285331e-14   6
  3.512407e-02   7.541724e-14   5.619580e-10   2.359880e-14   24
  3.847649e-02   8.899473e-14   5.619580e-10   1.553110e-14   24
  4.442883e-02   3.455311e-14   0.000000e+00   1.626677e-14   12
  4.712389e-02   3.756183e-14   6.357829e-10   6.723264e-15   30
  4.967294e-02   4.375574e-14   0.000000e+00   1.032558e-14   24
  5.209742e-02   3.829013e-14   9.733398e-10   9.817342e-15   24
  5.441398e-02   3.919773e-14   5.960464e-10   7.121132e-15   8
  5.663587e-02   3.510911e-14   7.947286e-10   4.326490e-15   24
  5.877382e-02   3.195899e-14   0.000000e+00   4.429808e-15   48
  6.283185e-02   3.310250e-14   0.000000e+00   1.453868e-14   6
  6.476559e-02   2.827172e-14   7.947286e-10   4.084401e-15   48
  6.664324e-02   2.669861e-14   7.492773e-10   2.648434e-15   36
  6.846942e-02   3.657170e-14   7.947286e-10   7.189439e-15   24
  7.024815e-02   2.143576e-14   1.123916e-09   3.939149e-15   24
  7.198293e-02   1.675744e-14   0.000000e+00   2.261815e-15   48
  7.367688e-02   2.619515e-14   1.123916e-09   3.661868e-15   24
  7.695299e-02   2.103347e-14   1.123916e-09   3.434805e-15   24
  7.853982e-02   1.977625e-14   0.000000e+00   3.955871e-15   30
  8.009521e-02   1.661074e-14   0.000000e+00   1.670813e-15   72
  8.162097e-02   1.509220e-14   1.192093e-09   2.852697e-15   32
  8.458997e-02   1.783878e-14   0.000000e+00   1.858442e-15   72
  8.603606e-02   1.028368e-14   0.000000e+00   1.796405e-15   48
  8.885766e-02   4.655755e-15   0.000000e+00   1.332607e-15   12
  9.091388e-02   8.851395e-15   6.784996e-04   7.349479e-16   96
  9.292956e-02   1.110171e-14   1.123916e-09   1.364341e-15   48
  9.424778e-02   1.485667e-14   1.271566e-09   3.473141e-15   30
  9.650974e-02   1.287832e-14   5.553727e-04   1.290495e-15   96
  9.934588e-02   9.329936e-15   0.000000e+00   2.450342e-15   24
  1.009864e-01   8.777233e-15   5.747348e-04   6.814836e-16   144
  1.030040e-01   5.847065e-15   1.946680e-09   1.365556e-15   24
  1.050779e-01   8.962516e-15   5.098206e-04   1.031153e-15   96
  1.065366e-01   7.233690e-15   0.000000e+00   1.176554e-15   48
  1.098102e-01   2.231164e-14   3.780724e-04   9.761738e-15   62
  1.114740e-01   9.914838e-15   5.316623e-04   9.654946e-16   132
  1.132717e-01   4.000014e-15   1.589457e-09   6.394843e-16   24
  1.149693e-01   7.512541e-15   5.313863e-04   5.655249e-16   168
  1.180701e-01   7.237646e-15   5.224442e-04   6.553521e-16   96
  1.203984e-01   5.717952e-15   4.446482e-04   5.521720e-16   96
  1.232554e-01   4.840381e-15   4.956196e-04   3.829054e-16   168
  1.256637e-01   6.757141e-15   0.000000e+00   2.317983e-15   6
  1.266416e-01   1.672346e-14   0.000000e+00   2.900904e-15   96
  1.278047e-01   8.304331e-15   3.852495e-04   1.034932e-15   120
  1.301638e-01   7.409930e-15   4.473436e-04   7.489676e-16   144
  1.314222e-01   4.367533e-15   0.000000e+00   5.658412e-16   48
  1.338136e-01   4.796658e-15   4.564740e-04   4.231696e-16   84
  1.351250e-01   4.899411e-15   3.114687e-09   4.766533e-16   120
  1.363061e-01   3.218081e-15   4.142175e-04   3.502801e-16   80
  1.381342e-01   3.359020e-15   4.205668e-04   2.536820e-16   144
  1.404963e-01   4.483439e-15   2.247832e-09   7.965391e-16   24
  1.416501e-01   1.717888e-14   4.058285e-04   5.686855e-15   150
  1.434502e-01   4.864709e-15   4.210699e-04   4.351340e-16   120
  1.454270e-01   6.206524e-15   3.837166e-04   5.652740e-16   168
  1.473538e-01   4.484004e-15   2.247832e-09   7.597998e-16   24
  1.485660e-01   3.067908e-15   4.133786e-04   2.428142e-16   264
  1.498444e-01   3.075833e-15   2.247832e-09   3.762971e-16   48
  1.520236e-01   2.860068e-15   3.828947e-04   2.294652e-16   144
  1.544390e-01   3.166705e-15   3.768959e-04   3.675528e-16   72
  1.558174e-01   2.570802e-15   3.876848e-04   1.595008e-16   180
  1.577444e-01   1.082816e-14   2.809042e-04   2.529981e-15   198
  1.586427e-01   7.836821e-15   0.000000e+00   1.203402e-15   48
  1.606295e-01   4.614700e-15   3.802118e-04   4.637847e-16   168
  1.621039e-01   2.212541e-15   3.805277e-04   1.874873e-16   144
  1.643345e-01   2.688370e-15   5.346625e-04   1.641949e-16   248
  1.673465e-01   1.846448e-15   3.686065e-04   1.376665e-16   192
  1.693976e-01   1.940936e-15   5.693667e-04   1.163026e-16   240
  1.706322e-01   2.107737e-15   0.000000e+00   2.134872e-16   72
  1.725150e-01   1.739555e-14   3.474519e-04   1.088352e-14   126
  1.737029e-01   1.226977e-14   3.205713e-04   1.791585e-15   168
  1.759709e-01   4.613304e-15   3.505411e-04   5.080546e-16   288
  1.783549e-01   2.517321e-15   1.846233e-04   2.772699e-16   156
  1.795894e-01   2.565621e-15   3.105899e-04   2.492727e-16   168
  1.814616e-01   1.686253e-15   5.324516e-04   1.174222e-16   264
  1.831848e-01   1.410348e-15   0.000000e+00   1.720265e-16   48
  1.844652e-01   1.611828e-15   5.299184e-04   9.326813e-17   264
  1.863009e-01   1.350851e-15   3.123533e-04   1.111790e-16   144
  1.876872e-01   1.504628e-15   6.390593e-04   2.117468e-16   78
  1.897067e-01   1.519885e-14   4.154149e-04   2.881916e-15   336
  1.916111e-01   7.843522e-15   3.160631e-04   1.308219e-15   200
  1.928618e-01   2.026432e-15   6.188557e-04   2.982127e-16   192
  1.945503e-01   1.953804e-15   3.105574e-04   1.621374e-16   240
  1.961016e-01   1.959036e-15   6.223754e-04   1.954058e-16   168
  1.976952e-01   1.264385e-15   4.982915e-04   1.757174e-16   120
  1.996091e-01   1.360646e-15   3.894583e-04   7.010406e-17   324
  2.014663e-01   1.041076e-15   3.061804e-04   6.989039e-17   192
  2.027302e-01   1.009215e-15   5.491178e-04   7.680544e-17   168
  2.048802e-01   1.829702e-14   4.522690e-04   6.572430e-15   342
  2.068188e-01   4.582597e-15   3.641675e-04   6.287574e-16   336
  2.087838e-01   2.537602e-15   2.786838e-04   4.705940e-16   72
  2.101088e-01   2.363054e-15   4.457174e-04   2.955862e-16   288
  2.116470e-01   1.477748e-15   2.902819e-04   1.425941e-16   264
  2.137954e-01   1.108327e-15   3.817923e-04   7.685721e-17   384
  2.157197e-01   9.216307e-16   4.582500e-04   7.003670e-17   240
  2.165193e-01   7.016890e-16   0.000000e+00   9.083297e-17   48
  2.188323e-01   8.838691e-16   3.751076e-04   4.969790e-17   392
  2.205970e-01   1.731438e-14   4.116619e-04   4.114493e-15   294
  2.224945e-01   5.389482e-15   2.675587e-04   6.841068e-16   228
  2.237424e-01   1.244497e-15   4.063271e-04   1.222632e-16   216
  2.252951e-01   1.726848e-15   2.475063e-04   2.004845e-16   336
  2.271958e-01   1.084860e-15   2.940781e-04   1.146848e-16   360
  2.287649e-01   1.057340e-15   4.480490e-04   7.905147e-17   240
  2.303999e-01   9.459701e-16   5.301447e-04   9.641840e-17   168
  2.319249e-01   5.263481e-16   4.172883e-04   3.020486e-17   312
  2.337418e-01   8.299750e-16   2.611535e-04   5.695406e-17   336
  2.357046e-01   2.677061e-14   3.562619e-04   1.128214e-14   294
  2.371846e-01   5.685435e-15   4.748243e-04   8.223410e-16   288
  2.383170e-01   4.956781e-15   2.971134e-04   9.393132e-16   264
  2.403364e-01   1.969241e-15   5.103645e-04   2.635487e-16   480
  2.420249e-01   1.491788e-15   2.496686e-04   1.868768e-16   240
  2.440949e-01   1.065978e-15   2.524589e-04   1.111983e-16   276
  2.457280e-01   5.959351e-16   5.541970e-04   3.295408e-17   488
  2.476682e-01   4.890181e-16   2.440802e-04   3.983500e-17   240
  2.487944e-01   5.794808e-16   4.739408e-04   4.173540e-17   360
  2.503735e-01   6.775641e-16   1.686210e-04   1.315506e-16   198
  2.524044e-01   2.423019e-14   5.697771e-04   4.315683e-15   480
  2.538913e-01   5.574189e-15   2.103076e-04   1.518196e-15   288
  2.559478e-01   1.901370e-15   4.445422e-04   2.723777e-16   480
  2.577972e-01   8.156003e-16   2.738942e-04   9.735647e-17   480
  2.596963e-01   1.004269e-15   3.542367e-04   9.719256e-17   288
  2.608812e-01   5.871838e-16   3.779053e-04   4.972374e-17   288
  2.627448e-01   5.158508e-16   6.569890e-04   3.682889e-17   456
  2.646214e-01   5.141672e-16   6.187305e-04   3.439718e-17   360
  2.658312e-01   3.813325e-16   3.708853e-04   3.003810e-17   180
  2.675821e-01   2.435010e-14   4.039393e-04   8.989967e-15   486
  2.693567e-01   5.140344e-15   5.373692e-04   8.024521e-16   504
  2.711612e-01   2.512836e-15   4.175087e-04   3.857192e-16   456
  2.726573e-01   1.261904e-15   3.468761e-04   1.963077e-16   296
  2.746340e-01   8.740309e-16   3.422861e-04   8.410846e-17   528
  2.761206e-01   4.707159e-16   3.377476e-04   4.209800e-17   336
  2.783101e-01   5.130504e-16   3.746254e-04   4.376660e-17   600
  2.799128e-01   4.043610e-16   2.194755e-04   5.429028e-17   264
  2.815189e-01   3.281837e-16   2.373367e-04   1.972006e-17   360
  2.831582e-01   1.475816e-14   4.751715e-04   3.674799e-15   630
  2.849646e-01   4.687243e-15   2.452791e-04   6.944887e-16   432
  2.865671e-01   2.424891e-15   4.725907e-04   3.359620e-16   408
  2.885340e-01   1.124482e-15   3.136768e-04   1.943082e-16   324
  2.899972e-01   5.891235e-16   4.470278e-04   5.184755e-17   744
  2.917622e-01   4.483947e-16   3.573689e-04   5.624106e-17   336
  2.934486e-01   5.854215e-16   4.912911e-04   5.502956e-17   528
  2.952978e-01   3.312949e-16   2.506716e-04   4.118457e-17   408
  2.965238e-01   2.569831e-16   4.266433e-04   1.743466e-17   408
  2.985496e-01   3.072268e-14   3.522079e-04   1.311755e-14   470
  3.000252e-01   9.836356e-15   4.231156e-04   1.247670e-15   528
  3.020857e-01   2.267977e-15   3.525700e-04   3.768197e-16   624
  3.036033e-01   9.419062e-16   2.682725e-04   1.567258e-16   504
  3.051691e-01   9.530533e-16   3.736837e-04   1.036492e-16   552
  3.067221e-01   4.169358e-16   1.816539e-04   5.290105e-17   336
  3.086668e-01   5.010678e-16   3.866695e-04   5.633063e-17   528
  3.101733e-01   2.501132e-16   4.402305e-04   2.190149e-17   564
  3.119378e-01   2.160498e-16   4.051859e-04   1.709175e-17   528
  3.138508e-01   2.170406e-14   6.290633e-04   5.612396e-15   582
  3.155905e-01   1.637415e-14   4.842838e-04   3.124002e-15   624
  3.171120e-01   2.037649e-15   5.536295e-04   4.489255e-16   432
  3.189273e-01   1.157574e-15   6.158164e-04   1.598728e-16   816
  3.207951e-01   1.294123e-15   2.806614e-04   1.598545e-16   312
  3.220171e-01   3.288470e-16   4.548743e-04   3.646189e-17   552
  3.239876e-01   4.040823e-16   2.864905e-04   3.920364e-17   744
  3.254151e-01   2.759155e-16   2.676404e-04   2.793724e-17   408
  3.272576e-01   2.960052e-16   3.835404e-04   3.484868e-17   632
  3.291717e-01   1.393239e-14   6.513489e-04   9.621101e-15   750
  3.307289e-01   3.464047e-14   4.480796e-04   5.291670e-15   312
  3.324641e-01   4.288517e-15   6.615270e-04   7.251025e-16   876
  3.341804e-01   2.371638e-15   4.319379e-04   3.804670e-16   552
  3.361143e-01   8.359509e-16   3.572110e-04   1.025441e-16   696
  3.374317e-01   3.439425e-16   3.942932e-04   4.304610e-17   576
  3.392245e-01   5.146340e-16   4.174616e-04   6.274682e-17   576
  3.407547e-01   2.451582e-16   5.593999e-04   2.845893e-17   648
  3.426040e-01   2.461978e-16   5.599242e-04   2.366416e-17   672
  3.446457e-01   1.927762e-16   2.374990e-04   2.068461e-17   480
  3.459524e-01   2.044206e-14   3.677960e-04   5.192155e-15   726
  3.476351e-01   4.287622e-15   4.167607e-04   6.073966e-16   792
  3.494576e-01   2.161119e-15   5.781572e-04   3.093269e-16   768
  3.513784e-01   7.416917e-16   4.725059e-04   9.783856e-17   672
  3.531396e-01   3.692283e-16   3.169470e-04   5.006385e-17   608
  3.544145e-01   5.238726e-16   3.042788e-04   6.163382e-17   624
  3.562333e-01   2.491098e-16   3.954077e-04   3.243700e-17   684
  3.580024e-01   1.666200e-16   5.840631e-04   1.455939e-17   768
  3.596489e-01   1.719563e-16   4.669543e-04   1.693271e-17   744
  3.616107e-01   3.352870e-14   2.940222e-04   1.294378e-14   750
  3.630406e-01   8.998883e-15   4.370248e-04   1.480048e-15   600
  3.645869e-01   3.419553e-15   4.640415e-04   6.024666e-16   600
  3.664974e-01   1.161122e-15   5.347792e-04   1.478016e-16   1008
  3.680145e-01   4.450766e-16   2.966070e-04   5.209465e-17   696
  3.696957e-01   4.887682e-16   3.918311e-04   6.899343e-17   624
  3.713857e-01   1.970770e-16   6.097387e-04   2.593553e-17   840
  3.733058e-01   2.277545e-16   4.148780e-04   2.596987e-17   816
  3.748632e-01   1.386956e-16   2.755717e-04   1.547067e-17   744
  3.764360e-01   3.698603e-14   4.871654e-04   9.615491e-15   510
  3.783359e-01   1.491742e-14   4.677188e-04   2.852620e-15   1020
  3.801042e-01   2.131855e-15   3.774027e-04   3.635787e-16   912
  3.818473e-01   1.404663e-15   5.591433e-04   1.690932e-16   752
  3.832886e-01   3.290439e-16   4.639583e-04   3.546826e-17   888
  3.852555e-01   4.725766e-16   2.993905e-04   5.451574e-17   768
  3.868644e-01   2.162877e-16   5.440188e-04   2.368642e-17   720
  3.887159e-01   2.764265e-16   4.795683e-04   3.274378e-17   1056
  3.903582e-01   2.754916e-16   3.317856e-04   3.285713e-17   504
  3.917039e-01   1.948047e-14   5.180898e-04   1.367157e-14   774
  3.936283e-01   1.551476e-14   4.982654e-04   2.079341e-15   1272
  3.954358e-01   3.276418e-15   3.264422e-04   5.702404e-16   744
  3.971211e-01   1.247184e-15   5.330594e-04   1.953702e-16   768
  3.986674e-01   8.741128e-16   4.508988e-04   1.072614e-16   840
  4.004039e-01   4.066451e-16   3.056972e-04   5.508914e-17   924
  4.020760e-01   1.950942e-16   5.389435e-04   2.786717e-17   936
  4.037194e-01   2.357255e-16   3.745454e-04   2.893942e-17   840
  4.053748e-01   1.078266e-16   4.452908e-04   1.340955e-17   1008
  4.074786e-01   1.364398e-16   5.026919e-04   1.876727e-17   696
  4.087986e-01   2.370572e-14   4.468063e-04   5.522221e-15   974
  4.107598e-01   3.803379e-15   5.934108e-04   4.534773e-16   1152
  4.124648e-01   8.677426e-16   2.322032e-04   1.745443e-16   816
  4.137908e-01   1.009715e-15   5.108209e-04   1.163588e-16   816
  4.155748e-01   4.002626e-16   4.510778e-04   4.810509e-17   1152
  4.174563e-01   2.291766e-16   4.061247e-04   3.224349e-17   912
  4.191672e-01   1.708169e-16   4.934415e-04   1.494500e-17   1056
  4.206322e-01   1.808060e-16   4.219808e-04   2.707227e-17   624
  4.226021e-01   1.479956e-16   5.271094e-04   1.127920e-17   1260
  4.243023e-01   3.899108e-14   3.179301e-04   1.508320e-14   894
  4.259628e-01   7.533744e-15   5.447273e-04   1.099369e-15   1176
  4.276242e-01   2.509719e-15   4.508728e-04   4.166904e-16   840
  4.295151e-01   7.526975e-16   5.124827e-04   8.606895e-17   1440
  4.315006e-01   4.607453e-16   2.881208e-04   6.935440e-17   864
  4.330060e-01   2.012675e-16   4.944294e-04   2.925734e-17   1056
  4.345044e-01   3.349003e-16   2.915091e-04   4.732959e-17   624
  4.363242e-01   1.189519e-16   5.398245e-04   1.314549e-17   1496
  4.380644e-01   1.096496e-16   3.811353e-04   1.152822e-17   936
  4.396135e-01   3.654466e-14   5.517639e-04   7.712429e-15   966
  4.412804e-01   1.238996e-14   3.911127e-04   2.174159e-15   936
  4.430314e-01   1.704500e-15   4.837854e-04   2.233385e-16   1248
  4.448240e-01   9.942633e-16   3.410472e-04   1.064675e-16   1044
  4.464944e-01   3.312657e-16   5.282931e-04   4.091395e-17   1392
  4.478173e-01   3.475994e-16   4.068922e-04   3.773375e-17   600
  4.497097e-01   2.577261e-16   4.622723e-04   3.265453e-17   1416
  4.514841e-01   2.112164e-16   4.975797e-04   2.033013e-17   1152
  4.532821e-01   1.621799e-16   4.773496e-04   1.592654e-17   936
  4.547305e-01   2.262948e-14   5.119809e-04   1.588804e-14   870
  4.564516e-01   1.874214e-14   4.292755e-04   2.528759e-15   1368
  4.583615e-01   2.519242e-15   5.643853e-04   3.606446e-16   1632
  4.599936e-01   1.269528e-15   2.450244e-04   1.640464e-16   816
  4.617604e-01   4.508842e-16   5.590000e-04   6.388884e-17   1200
  4.633019e-01   3.040471e-16   5.344699e-04   3.390895e-17   1184
  4.648678e-01   2.443437e-16   4.056277e-04   3.119621e-17   984
  4.667890e-01   1.316773e-16   4.952299e-04   1.342139e-17   1572
  4.685308e-01   1.208182e-16   2.727317e-04   1.537961e-17   840
  4.701539e-01   1.072148e-16   6.342482e-04   9.215692e-18   1392
  4.718677e-01   2.801960e-14   4.656646e-04   5.955620e-15   1158
  4.733973e-01   2.039507e-15   4.240237e-04   3.213856e-16   1272
  4.752392e-01   1.239747e-15   4.321181e-04   1.616233e-16   1320
  4.769691e-01   6.064061e-16   4.228227e-04   7.048782e-17   1104
  4.786151e-01   3.047152e-16   4.785761e-04   3.818899e-17   1392
  4.803427e-01   1.882101e-16   5.176282e-04   1.629862e-17   1296
  4.821220e-01   1.719290e-16   5.404894e-04   1.688086e-17   1392
  4.837916e-01   1.394285e-16   3.964922e-04   1.334854e-17   1104
  4.853363e-01   1.430646e-16   4.994197e-04   1.293238e-17   1320
  4.875364e-01   3.309773e-14   3.813995e-04   1.199926e-14   1422
  4.889418e-01   7.782902e-15   4.750117e-04   1.186685e-15   1212
  4.905562e-01   1.477010e-15   5.190595e-04   1.973178e-16   1280
  4.922146e-01   3.792830e-16   5.404823e-04   4.909042e-17   1272
  4.938041e-01   3.941146e-16   4.677338e-04   4.923467e-17   1680
  4.956881e-01   2.897423e-16   4.419216e-04   3.423787e-17   1152
  4.974225e-01   1.544200e-16   5.117608e-04   1.546947e-17   1512
  4.992459e-01   1.196004e-16   2.160634e-04   1.440978e-17   912
  5.006872e-01   1.035878e-16   5.446515e-04   7.863606e-18   1680
  5.026041e-01   2.845983e-14   4.824972e-04   6.024808e-15   1518
  5.040250e-01   1.390923e-14   4.467006e-04   2.361202e-15   1056
  5.055216e-01   1.749164e-15   4.510442e-04   2.453845e-16   1344
  5.074562e-01   5.977992e-16   4.843229e-04   6.288145e-17   1680
  5.092067e-01   4.477060e-16   4.772500e-04   4.469908e-17   1656
  5.111194e-01   4.182089e-16   4.056700e-04   5.020654e-17   1140
  5.125554e-01   1.814398e-16   4.697351e-04   1.997339e-17   1368
  5.142450e-01   1.537691e-16   5.343264e-04   1.249882e-17   1656
  5.159625e-01   1.249605e-16   5.472649e-04   9.744837e-18   1448
  5.178320e-01   2.805765e-14   5.141193e-04   1.183740e-14   1422
  5.195587e-01   1.002353e-14   5.675668e-04   1.246974e-15   1512
  5.210354e-01   2.961775e-15   4.326963e-04   4.810448e-16   1296
  5.227440e-01   8.264937e-16   3.950802e-04   9.386710e-17   1824
  5.245911e-01   4.610609e-16   5.122810e-04   5.758757e-17   1464
  5.264571e-01   2.088974e-16   4.571373e-04   2.225748e-17   1824
  5.281889e-01   1.308304e-16   3.634473e-04   1.454573e-17   1416
  5.296954e-01   1.517701e-16   5.323525e-04   1.513958e-17   1392
  5.313218e-01   1.204355e-16   4.912467e-04   1.035031e-17   1464
  5.333061e-01   1.113823e-16   4.802698e-04   7.383577e-18   1524
  5.348395e-01   2.259611e-14   4.425765e-04   4.806333e-15   1686
  5.366116e-01   2.215138e-15   5.269753e-04   2.938496e-16   1800
  5.381347e-01   9.493951e-16   4.183682e-04   1.068885e-16   1344
  5.398246e-01   5.207180e-16   4.881086e-04   5.525687e-17   1656
  5.415187e-01   1.768784e-16   3.897299e-04   1.406412e-17   1488
  5.429907e-01   1.942278e-16   3.890952e-04   1.781773e-17   1536
  5.450417e-01   1.532551e-16   4.322407e-04   1.191986e-17   1760
  5.466309e-01   1.249788e-16   4.807835e-04   1.106072e-17   1824
  5.484686e-01   1.302407e-16   4.034669e-04   1.053186e-17   1560
  5.502369e-01   3.177905e-14   4.634195e-04   1.032456e-14   1926
  5.519000e-01   3.119176e-15   3.295522e-04   5.665623e-16   1272
  5.534180e-01   1.433081e-15   5.538121e-04   1.627045e-16   1848
  5.554133e-01   3.270006e-16   4.474326e-04   4.576976e-17   1908
  5.569309e-01   2.872935e-16   4.364115e-04   3.363403e-17   1488
  5.585322e-01   1.905069e-16   4.921783e-04   2.309524e-17   1800
  5.602682e-01   1.453009e-16   4.926635e-04   1.261031e-17   1752
  5.619310e-01   1.404203e-16   5.238690e-04   1.100649e-17   1368
  5.635951e-01   9.784434e-17   4.923362e-04   5.777688e-18   2016
  5.654253e-01   3.143312e-14   5.200281e-04   6.664411e-15   1542
  5.671144e-01   8.151184e-15   5.092480e-04   1.296794e-15   2184
  5.689840e-01   1.176010e-15   4.658463e-04   1.347401e-16   1776
  5.705991e-01   5.800510e-16   5.325328e-04   5.785634e-17   1568
  5.721386e-01   2.703478e-16   4.865284e-04   3.069972e-17   2040
  5.738138e-01   3.041186e-16   5.201423e-04   2.765244e-17   1704
  5.755673e-01   1.843122e-16   5.214047e-04   1.525073e-17   1512
  5.772206e-01   1.153066e-16   4.447597e-04   7.513533e-18   2028
  5.790782e-01   1.197404e-16   5.364945e-04   7.729460e-18   1968
  5.807766e-01   2.350271e-14   5.441935e-04   9.874131e-15   1854
  5.824386e-01   1.076639e-14   5.187839e-04   1.283896e-15   1632
  5.841419e-01   1.742518e-15   5.330949e-04   2.297006e-16   2424
  5.859073e-01   5.997589e-16   5.336494e-04   7.166369e-17   1560
  5.873997e-01   2.788827e-16   5.042981e-04   3.004789e-17   1728
  5.892030e-01   2.297520e-16   5.383151e-04   2.164574e-17   2088
  5.910182e-01   1.400622e-16   5.124183e-04   1.220619e-17   1968
  5.926879e-01   1.144958e-16   5.073434e-04   7.815501e-18   2256
  5.943623e-01   1.135362e-16   4.510844e-04   7.021962e-18   1728
  5.961102e-01   1.092221e-16   4.446730e-04   6.129364e-18   1416
  5.976587e-01   1.826865e-14   4.687744e-04   3.894400e-15   2246
  5.994119e-01   2.069571e-15   5.191625e-04   2.611059e-16   2148
  6.010893e-01   7.274930e-16   4.385384e-04   9.304649e-17   1680
  6.026682e-01   4.616654e-16   5.544042e-04   4.389420e-17   2280
  6.045659e-01   2.135413e-16   5.162727e-04   1.631780e-17   2352
  6.063384e-01   1.202381e-16   4.337978e-04   9.999858e-18   1632
  6.077406e-01   1.751149e-16   4.963799e-04   1.314824e-17   1968
  6.096649e-01   1.351851e-16   5.092860e-04   8.726249e-18   2112
  6.114492e-01   9.275477e-17   3.825636e-04   4.058541e-18   2208
  6.131831e-01   3.286337e-14   3.857391e-04   1.069451e-14   1974
  6.145516e-01   2.801743e-15   3.773577e-04   4.156565e-16   1944
  6.164004e-01   7.447013e-16   4.269369e-04   8.461427e-17   2160
  6.180028e-01   4.091730e-16   3.992823e-04   4.819822e-17   2040
  6.197345e-01   2.436913e-16   5.586051e-04   2.253742e-17   2352
  6.215106e-01   1.209173e-16   4.640665e-04   9.739083e-18   1836
  6.231317e-01   1.299673e-16   4.950444e-04   8.435404e-18   2352
  6.249518e-01   1.198585e-16   5.192346e-04   7.920922e-18   2008
  6.266203e-01   9.176059e-17   5.108010e-04   3.316324e-18   2464
  6.284808e-01   2.709929e-14   4.119834e-04   5.067635e-15   2118
  6.300068e-01   5.902773e-15   4.141467e-04   1.235166e-15   1848
  6.315775e-01   1.076670e-15   5.480513e-04   1.097142e-16   2280
  6.334747e-01   3.754282e-16   5.213278e-04   3.446177e-17   2472
  6.352475e-01   2.711906e-16   3.483875e-04   2.962343e-17   2280
  6.367358e-01   1.989834e-16   4.258450e-04   1.708224e-17   1992
  6.383407e-01   1.732726e-16   4.476942e-04   1.198548e-17   2184
  6.401915e-01   1.336263e-16   5.400739e-04   7.893202e-18   2352
  6.419748e-01   1.017988e-16   5.691414e-04   5.065484e-18   2496
  6.437210e-01   2.730697e-14   5.315847e-04   1.026146e-14   1770
  6.452872e-01   5.702817e-15   4.586736e-04   7.399691e-16   2568
  6.471700e-01   1.043015e-15   5.625819e-04   1.103339e-16   2712
  6.488816e-01   3.321877e-16   4.467713e-04   3.723296e-17   2448
  6.505906e-01   2.245897e-16   3.766053e-04   2.100653e-17   2064
  6.520083e-01   1.653012e-16   3.975154e-04   1.381254e-17   1944
  6.538465e-01   1.388354e-16   4.910776e-04   8.878150e-18   2480
  6.557218e-01   1.106286e-16   5.334543e-04   6.120070e-18   2880
  6.573828e-01   9.671498e-17   5.117233e-04   3.961205e-18   2304
  6.591177e-01   1.387821e-15   4.701472e-04   8.492465e-16   1806
  6.606561e-01   1.409418e-14   4.610710e-04   2.972705e-15   2856
  6.625838e-01   1.207890e-15   4.421809e-04   1.384634e-16   2568
  6.640509e-01   5.288404e-16   4.436302e-04   5.173815e-17   2112
  6.656475e-01   2.539230e-16   4.272941e-04   2.466588e-17   2028
  6.673605e-01   1.694980e-16   5.057904e-04   1.220829e-17   2712
  6.690998e-01   1.404826e-16   5.449093e-04   8.732848e-18   2952
  6.709691e-01   1.208396e-16   4.210349e-04   8.071904e-18   2112
  6.724803e-01   1.087408e-16   4.934314e-04   4.137068e-18   2520
  6.742956e-01   8.442027e-17   4.759244e-04   2.797040e-18   2376
  6.759489e-01   2.508431e-14   3.815168e-04   8.184035e-15   2526
  6.776650e-01   2.117954e-15   4.747876e-04   2.970454e-16   2664
  6.793642e-01   6.969530e-16   5.662862e-04   7.388663e-17   2408
  6.809929e-01   2.661584e-16   4.536173e-04   2.283156e-17   2568
  6.826540e-01   1.557960e-16   4.276796e-04   1.456737e-17   2904
  6.844561e-01   1.603651e-16   4.798687e-04   1.000361e-17   2544
  6.861681e-01   9.521401e-17   3.534563e-04   5.003013e-18   2160
  6.877835e-01   1.127383e-16   6.110852e-04   4.597668e-18   2652
  6.895681e-01   8.435574e-17   4.838537e-04   3.005841e-18   2784
  6.912854e-01   2.264784e-14   4.778196e-04   3.839551e-15   2694
  6.930647e-01   1.525181e-15   4.294263e-04   2.155875e-16   2952
  6.946107e-01   6.641725e-16   4.067448e-04   6.910186e-17   2208
  6.961857e-01   4.093456e-16   4.335098e-04   3.729799e-17   2304
  6.979438e-01   2.363635e-16   5.637316e-04   1.948582e-17   3504
  6.999941e-01   1.716844e-16   4.564735e-04   9.891161e-18   2616
  7.015932e-01   1.033961e-16   4.459377e-04   4.603436e-18   2664
  7.031336e-01   1.203676e-16   4.143151e-04   6.666007e-18   2448
  7.046858e-01   9.522968e-17   5.770045e-04   3.357160e-18   2472
  7.065119e-01   1.402722e-14   4.587514e-04   5.243096e-15   3134
  7.082307e-01   5.111186e-15   5.017392e-04   6.584678e-16   2616
  7.099467e-01   9.833784e-16   4.064282e-04   1.017145e-16   2712
  7.117121e-01   2.845213e-16   4.661143e-04   2.701001e-17   3204
  7.133994e-01   1.968873e-16   5.368237e-04   1.495568e-17   2760
  7.150019e-01   1.408962e-16   4.683701e-04   8.971209e-18   2688
  7.167690e-01   1.072325e-16   4.428424e-04   5.128536e-18   2760
  7.183316e-01   9.987009e-17   3.656620e-04   4.592991e-18   2568
  7.201311e-01   8.812315e-17   5.678551e-04   3.139831e-18   3336
  7.218583e-01   1.007892e-15   4.806270e-04   5.904047e-16   2334
  7.236024e-01   1.134411e-14   5.318655e-04   2.334369e-15   3264
  7.252322e-01   8.192686e-16   3.867069e-04   9.068833e-17   2760
  7.269038e-01   2.963463e-16   4.670323e-04   2.746715e-17   3192
  7.286057e-01   1.665396e-16   4.848795e-04   9.474946e-18   2904
  7.304158e-01   1.517436e-16   4.865095e-04   1.027332e-17   2784
  7.319309e-01   1.281494e-16   4.004063e-04   7.835578e-18   2592
  7.336545e-01   1.070171e-16   5.458110e-04   4.835463e-18   3284
  7.354862e-01   8.970164e-17   5.482421e-04   2.546818e-18   3168
  7.371250e-01   8.895021e-17   4.523390e-04   2.730328e-18   2616
  7.388477e-01   1.767665e-14   4.370713e-04   5.714291e-15   3222
  7.405235e-01   1.485970e-15   4.904075e-04   1.963394e-16   3240
  7.421464e-01   3.333322e-16   4.961262e-04   3.465085e-17   2568
  7.439914e-01   2.141325e-16   4.552202e-04   1.886427e-17   3120
  7.455341e-01   1.275008e-16   5.004475e-04   8.432544e-18   3168
  7.471932e-01   1.206072e-16   4.381038e-04   5.492169e-18   3240
  7.490082e-01   9.871177e-17   4.494836e-04   3.500302e-18   3144
  7.507715e-01   8.574161e-17   4.284362e-04   2.553298e-18   2856
  7.524381e-01   8.889799e-17   4.575871e-04   2.790692e-18   3264
  7.543240e-01   1.549873e-14   5.056132e-04   2.625024e-15   3318
  7.558082e-01   1.569995e-15   3.541030e-04   2.062521e-16   2556
  7.575771e-01   3.840800e-16   6.048733e-04   2.946308e-17   4008
  7.593679e-01   2.474683e-16   4.465021e-04   2.013286e-17   2904
  7.609000e-01   1.288586e-16   4.565641e-04   8.290720e-18   3144
  7.626441e-01   1.386505e-16   4.759726e-04   6.868773e-18   3200
  7.644490e-01   1.075984e-16   4.694243e-04   4.403439e-18   3312
  7.660670e-01   9.254562e-17   3.783351e-04   3.400358e-18   2832
  7.678735e-01   8.610676e-17   5.444478e-04   2.121760e-18   3984
  7.695508e-01   1.567896e-14   4.426103e-04   5.794240e-15   2238
  7.710821e-01   2.978395e-15   5.208763e-04   3.549587e-16   3984
  7.729819e-01   5.040044e-16   4.949876e-04   4.747654e-17   3384
  7.745602e-01   1.977220e-16   4.626797e-04   1.432450e-17   3048
  7.762081e-01   1.500743e-16   4.248302e-04   1.075706e-17   3096
  7.779294e-01   1.130914e-16   4.815324e-04   4.939595e-18   3708
  7.796408e-01   1.062975e-16   4.564274e-04   5.031669e-18   2784
  7.812306e-01   8.843204e-17   4.740872e-04   2.548332e-18   3648
  7.830363e-01   8.668435e-17   4.879380e-04   2.363701e-18   3888
  7.849582e-01   6.897504e-15   5.208881e-04   2.024852e-15   2958
  7.863930e-01   3.316294e-15   4.446264e-04   3.578104e-16   3264
  7.881221e-01   5.888091e-16   4.908549e-04   6.403133e-17   3160
  7.897556e-01   2.339687e-16   4.448554e-04   1.904250e-17   3736
  7.913039e-01   1.470639e-16   4.053674e-04   8.452504e-18   3216
  7.931298e-01   1.246572e-16   4.967559e-04   5.619813e-18   4032
  7.950340e-01   1.016458e-16   4.535292e-04   3.759763e-18   3528
  7.966578e-01   8.522859e-17   4.003367e-04   2.148274e-18   3192
  7.982809e-01   7.880972e-17   4.384400e-04   1.864202e-18   3456
  8.000418e-01   7.812808e-17   4.546161e-04   1.809561e-18   3060
  8.018067e-01   9.948256e-15   5.405908e-04   3.182032e-15   4518
  8.035265e-01   8.827600e-16   4.815963e-04   1.036440e-16   3528
  8.051074e-01   2.331900e-16   4.044568e-04   2.201663e-17   3024
  8.067928e-01   1.445566e-16   5.476184e-04   9.932458e-18   3672
  8.085097e-01   1.168770e-16   4.700229e-04   4.978933e-18   3864
  8.104158e-01   8.906055e-17   4.982178e-04   2.770073e-18   3816
  8.119748e-01   8.260705e-17   4.532681e-04   1.965045e-18   3456
  8.134695e-01   9.093039e-17   4.103104e-04   2.805429e-18   2688
  8.152303e-01   7.495338e-17   4.868254e-04   1.523189e-18   4248
  8.169761e-01   9.467822e-15   4.662855e-04   1.597775e-15   3926
  8.187297e-01   1.003845e-15   4.923174e-04   1.185391e-16   3504
  8.204236e-01   2.300260e-16   4.401391e-04   1.580119e-17   3960
  8.222939e-01   1.767565e-16   4.954941e-04   1.204920e-17   3684
  8.238979e-01   1.028789e-16   4.954609e-04   4.186179e-18   4104
  8.255014e-01   9.380745e-17   4.699173e-04   3.284927e-18   3144
  8.272241e-01   9.433526e-17   5.147213e-04   3.191954e-18   4224
  8.291182e-01   7.665609e-17   4.568598e-04   1.586627e-18   4008
  8.307364e-01   7.435987e-17   5.026181e-04   1.406965e-18   3312
  8.324026e-01   6.774741e-15   4.999111e-04   2.270179e-15   3726
  8.341747e-01   1.662251e-15   5.134700e-04   2.078333e-16   3936
  8.357483e-01   3.063378e-16   5.292866e-04   2.419826e-17   3888
  8.373814e-01   1.317104e-16   5.004911e-04   7.591409e-18   3864
  8.390804e-01   1.093178e-16   5.320643e-04   4.677585e-18   3888
  8.408304e-01   8.653934e-17   5.018185e-04   2.913410e-18   4080
  8.425581e-01   9.105349e-17   5.325821e-04   2.674351e-18   3400
  8.443209e-01   7.951915e-17   4.884316e-04   1.759966e-18   4588
  8.461032e-01   7.450886e-17   4.834464e-04   1.541794e-18   3816
  8.476608e-01   3.786844e-15   4.581060e-04   1.100199e-15   3534
  8.493098e-01   1.903139e-15   4.524863e-04   1.933791e-16   4080
  8.510347e-01   2.638296e-16   4.729764e-04   2.042619e-17   4248
  8.527671e-01   1.558438e-16   4.766165e-04   1.027141e-17   3528
  8.543656e-01   9.390197e-17   4.872753e-04   3.700019e-18   4248
  8.559814e-01   1.034155e-16   4.766042e-04   3.785644e-18   3696
  8.577808e-01   8.529114e-17   4.945438e-04   2.152508e-18   4560
  8.594872e-01   7.488544e-17   4.632233e-04   1.506977e-18   3864
  8.612397e-01   7.069799e-17   5.043791e-04   1.227163e-18   4440
  8.629007e-01   7.205317e-17   4.705976e-04   1.515976e-18   3432
  8.646460e-01   6.549172e-15   4.614307e-04   2.057119e-15   4470
  8.663629e-01   3.295165e-16   4.100586e-04   3.280238e-17   4188
  8.680505e-01   1.583683e-16   5.253427e-04   1.063777e-17   4392
  8.697265e-01   1.066760e-16   4.064025e-04   5.395306e-18   3960
  8.714695e-01   9.015640e-17   4.591166e-04   2.662403e-18   4328
  8.731579e-01   7.825904e-17   4.778042e-04   1.748634e-18   4320
  8.748643e-01   7.619605e-17   4.996345e-04   1.530106e-18   4152
  8.764467e-01   7.883117e-17   4.179518e-04   1.693969e-18   3528
  8.782362e-01   7.145662e-17   4.523689e-04   1.219305e-18   4512
  8.799104e-01   5.213314e-15   4.624323e-04   8.537123e-16   4134
  8.816110e-01   3.577115e-16   4.926455e-04   2.908985e-17   5208
  8.832465e-01   1.567396e-16   4.292145e-04   1.002618e-17   3240
  8.849385e-01   1.142372e-16   4.734040e-04   5.583097e-18   4680
  8.866607e-01   9.089868e-17   4.687083e-04   2.795508e-18   4440
  8.883848e-01   8.004601e-17   5.311226e-04   1.995072e-18   4260
  8.900384e-01   7.455840e-17   4.336102e-04   1.603445e-18   4056
  8.917415e-01   7.207235e-17   4.807328e-04   1.266364e-18   4704
  8.935289e-01   7.077755e-17   5.594147e-04   1.040904e-18   4800
  8.954185e-01   2.885949e-15   4.846897e-04   8.078366e-16   4806
  8.970513e-01   5.704940e-16   4.831585e-04   5.973219e-17   3552
  8.986064e-01   1.541060e-16   4.844541e-04   9.407031e-18   4304
  9.003622e-01   9.228884e-17   4.698109e-04   2.950642e-18   5280
  9.020984e-01   8.539288e-17   4.507040e-04   2.518248e-18   4320
  9.037419e-01   7.451355e-17   5.089629e-04   1.630479e-18   4296
  9.054750e-01   7.537652e-17   5.658401e-04   1.385088e-18   4608
  9.072277e-01   7.298234e-17   5.421052e-04   1.246050e-18   4824
  9.089629e-01   7.025587e-17   5.117857e-04   1.140724e-18   4488
  9.108250e-01   1.662820e-15   4.778070e-04   3.941357e-16   4530
  9.123625e-01   6.238035e-16   4.665391e-04   6.635931e-17   4464
  9.139010e-01   1.882433e-16   4.396785e-04   1.184349e-17   4104
  9.156673e-01   8.782521e-17   4.740652e-04   3.114971e-18   5424
  9.174048e-01   8.882532e-17   5.103023e-04   2.755274e-18   4392
  9.191730e-01   7.507314e-17   4.996065e-04   1.341009e-18   4896
  9.207787e-01   7.140668e-17   4.897165e-04   1.289567e-18   4104
  9.224542e-01   7.120819e-17   4.415951e-04   1.091845e-18   4824
  9.242220e-01   6.513763e-17   4.220615e-04   1.022465e-18   4680
  9.257621e-01   6.630821e-17   4.316766e-04   1.057105e-18   4328
  9.275497e-01   2.514400e-15   4.976114e-04   7.996108e-16   5118
  9.293459e-01   1.744813e-16   5.765145e-04   1.240394e-17   5304
  9.309669e-01   1.032372e-16   4.539783e-04   4.181203e-18   4392
  9.327330e-01   8.167194e-17   4.556524e-04   2.305263e-18   4476
  9.342775e-01   6.970585e-17   4.525170e-04   1.299584e-18   4704
  9.359960e-01   7.018400e-17   5.477178e-04   1.203741e-18   5208
  9.378023e-01   6.714803e-17   4.618178e-04   1.109692e-18   5304
  9.394666e-01   6.888980e-17   4.946712e-04   1.199820e-18   4296
  9.411731e-01   6.718839e-17   4.690760e-04   1.000631e-18   4752
  9.429662e-01   1.452677e-15   4.708758e-04   2.244883e-16   4950
  9.445778e-01   1.608544e-16   4.921918e-04   1.021095e-17   5064
  9.461898e-01   9.650304e-17   4.123928e-04   3.879244e-18   4872
  9.478198e-01   7.996473e-17   4.341367e-04   2.403592e-18   4224
  9.495602e-01   7.339750e-17   4.795584e-04   1.356724e-18   6120
  9.514124e-01   6.953838e-17   5.275753e-04   1.282439e-18   4968
  9.530925e-01   6.730308e-17   4.668582e-04   1.051900e-18   4424
  9.548307e-01   6.623012e-17   5.963123e-04   9.259558e-19   5436
  9.565477e-01   6.438410e-17   5.084086e-04   1.090410e-18   4896
  9.582076e-01   5.743603e-16   4.867456e-04   1.117925e-16   5214
  9.598077e-01   1.811939e-16   4.137593e-04   1.284740e-17   4656
  9.615856e-01   9.223185e-17   5.260613e-04   3.233919e-18   5448
  9.632845e-01   7.857301e-17   4.442976e-04   1.911222e-18   4992
  9.649480e-01   6.843587e-17   4.917143e-04   1.185443e-18   5400
  9.667765e-01   6.815251e-17   5.449716e-04   1.055718e-18   5328
  9.684613e-01   6.411750e-17   4.873046e-04   1.011330e-18   4776
  9.700464e-01   6.572093e-17   4.579033e-04   9.714267e-19   4800
  9.718074e-01   6.476802e-17   5.888402e-04   8.571987e-19   6552
  9.736499e-01   4.295725e-16   4.448607e-04   7.536037e-17   3942
  9.752465e-01   1.685344e-16   5.606963e-04   1.282172e-17   6072
  9.770144e-01   9.286791e-17   4.354574e-04   3.924037e-18   4692
  9.784966e-01   7.609652e-17   4.546106e-04   1.661366e-18   4944
  9.802329e-01   6.717361e-17   4.879373e-04   1.026178e-18   5840
  9.820155e-01   6.338916e-17   5.223166e-04   9.112507e-19   5712
  9.837706e-01   6.176173e-17   4.377350e-04   9.114591e-19   4800
  9.853717e-01   6.218499e-17   5.797155e-04   8.417834e-19   5688
  9.871255e-01   6.423125e-17   4.573834e-04   9.662867e-19   4848
  9.888635e-01   1.974647e-16   5.090949e-04   1.000402e-16   5406
  9.905131e-01   1.982722e-16   4.595406e-04   2.270455e-17   5568
  9.921693e-01   3.180871e-17   4.130962e-04   2.961310e-18   5736
  9.939592e-01   1.841005e-17   5.130390e-04   1.399016e-18   5280
  9.955835e-01   1.209738e-17   4.743420e-04   8.943391e-19   5592
  9.972555e-01   8.589352e-18   5.429960e-04   5.930312e-19   4968
  9.990231e-01   7.441405e-18   4.868684e-04   3.987564e-19   5964
  1.000748e+00   6.400202e-18   4.891308e-04   3.818959e-19   5376
  1.002315e+00   7.181378e-18   4.722860e-04   4.183487e-19   5472
  1.004131e+00   4.774857e-18   4.485360e-04   2.116163e-19   5472
  1.005792e+00   4.008597e-17   5.099708e-04   6.995911e-18   5415
  1.007402e+00   1.849687e-17   4.485810e-04   2.244761e-18   5096
  1.009144e+00   1.140435e-17   5.768639e-04   1.106295e-18   6372
  1.010906e+00   8.666236e-18   4.682720e-04   6.378917e-19   4656
  1.012485e+00   6.397046e-18   5.112031e-04   4.269793e-19   5844
  1.014184e+00   5.730303e-18   4.494662e-04   3.750618e-19   5508
  1.015984e+00   4.252971e-18   5.098811e-04   1.884225e-19   6324
  1.017751e+00   4.917983e-18   4.379885e-04   2.411718e-19   4752
  1.019366e+00   4.279253e-18   4.903645e-04   2.894089e-19   5676
  1.021114e+00   3.733940e-18   4.485894e-04   1.575819e-19   5472
  1.022773e+00   3.732770e-18   5.059962e-04   1.813537e-19   5556
  1.024555e+00   3.341581e-18   4.930836e-04   1.250830e-19   5436
  1.026276e+00   2.683235e-18   5.047054e-04   8.869635e-20   5916
  1.028042e+00   2.590704e-18   5.251158e-04   9.083480e-20   5520
  1.029633e+00   2.808376e-18   4.775682e-04   8.888106e-20   5280
  1.031263e+00   2.866827e-18   4.692535e-04   1.099084e-19   4416
  1.033102e+00   2.318070e-18   4.574075e-04   5.881369e-20   6260
  1.034829e+00   2.622071e-18   5.439134e-04   8.154459e-20   5940
  1.036394e+00   2.341782e-18   4.259730e-04   7.352909e-20   4188
  1.038117e+00   2.160982e-18   5.446427e-04   6.084200e-20   6360
  1.039928e+00   2.138850e-18   4.857983e-04   6.803764e-20   5256
  1.041610e+00   2.112656e-18   4.592395e-04   6.148575e-20   4848
  1.043051e+00   2.014022e-18   4.163245e-04   5.873572e-20   4704
  1.044826e+00   2.010064e-18   5.107218e-04   5.891885e-20   5784
  1.046631e+00   1.902351e-18   5.404027e-04   5.337543e-20   5820
  1.048373e+00   2.062497e-18   4.840851e-04   5.908928e-20   5700
  1.050126e+00   1.939781e-18   4.489220e-04   5.675085e-20   5232
  1.051881e+00   1.672476e-18   4.981175e-04   4.884560e-20   4932
  1.053436e+00   1.684699e-18   4.287490e-04   4.511838e-20   4716
  1.055070e+00   1.660261e-18   5.461338e-04   4.012288e-20   5616
  1.056750e+00   1.674328e-18   4.823163e-04   4.566154e-20   5184
  1.058484e+00   1.615429e-18   4.865387e-04   4.018300e-20   5064
  1.060119e+00   1.531741e-18   4.981922e-04   3.903715e-20   5544
  1.061933e+00   1.572157e-18   5.001009e-04   3.461293e-20   5192
  1.063583e+00   1.437615e-18   4.494186e-04   3.860391e-20   5244
  1.065317e+00   1.488441e-18   4.862760e-04   3.856867e-20   5112
  1.067042e+00   1.414159e-18   4.462536e-04   3.336306e-20   5040
  1.068625e+00   1.434641e-18   4.691536e-04   3.521806e-20   5124
  1.070473e+00   1.324903e-18   5.266881e-04   2.870036e-20   5952
  1.072179e+00   1.352854e-18   4.614857e-04   3.229051e-20   4824
  1.073726e+00   1.254114e-18   4.658121e-04   3.384807e-20   4536
  1.075516e+00   1.316413e-18   4.951157e-04   2.878964e-20   5712
  1.077355e+00   1.340296e-18   5.417917e-04   2.993976e-20   5352
  1.079089e+00   1.200323e-18   4.719205e-04   2.807344e-20   5004
  1.080639e+00   1.179976e-18   4.720490e-04   2.670942e-20   4800
  1.082304e+00   1.225032e-18   5.072809e-04   2.793147e-20   5148
  1.084148e+00   1.124861e-18   5.268770e-04   2.259007e-20   5664
  1.085815e+00   1.147024e-18   4.732118e-04   2.781975e-20   4692
  1.087355e+00   1.108627e-18   4.396196e-04   3.026315e-20   4008
  1.089151e+00   1.026889e-18   5.038991e-04   2.232280e-20   5852
  1.090977e+00   1.145689e-18   4.771455e-04   2.505481e-20   5784
  1.092599e+00   9.760398e-19   4.398451e-04   2.343550e-20   4392
  1.094269e+00   1.048284e-18   4.314460e-04   2.145723e-20   4944
  1.096021e+00   1.051616e-18   5.086676e-04   2.434960e-20   4776
  1.097674e+00   9.895103e-19   4.893660e-04   1.966150e-20   5244
  1.099467e+00   1.019286e-18   4.885027e-04   2.434553e-20   4884
  1.100972e+00   9.335383e-19   4.142882e-04   1.993540e-20   4488
  1.102723e+00   9.131466e-19   4.922838e-04   1.880648e-20   5160
  1.104485e+00   1.011782e-18   5.012137e-04   2.203588e-20   5316
  1.106182e+00   8.697318e-19   5.067620e-04   1.955835e-20   4896
  1.107837e+00   9.676585e-19   4.708705e-04   2.152734e-20   4188
  1.109505e+00   8.239522e-19   5.135922e-04   1.817964e-20   4836
  1.111208e+00   8.945915e-19   5.094880e-04   1.969284e-20   5316
  1.112933e+00   8.455341e-19   4.715930e-04   1.820072e-20   4920
  1.114546e+00   8.072864e-19   4.750945e-04   1.699787e-20   4128
  1.116277e+00   7.715768e-19   5.110912e-04   1.583549e-20   5348
  1.117980e+00   8.433587e-19   4.434734e-04   1.876348e-20   4836
  1.119607e+00   8.062427e-19   4.778570e-04   1.728320e-20   4392
  1.121359e+00   8.262264e-19   4.198363e-04   1.902551e-20   4632
  1.122936e+00   7.872076e-19   4.691003e-04   1.568051e-20   4596
  1.124747e+00   7.787912e-19   4.717453e-04   1.583248e-20   5424
  1.126539e+00   6.922544e-19   4.855768e-04   1.429932e-20   5256
  1.128385e+00   7.510509e-19   4.931611e-04   1.593145e-20   4524
  1.129923e+00   6.994870e-19   4.690936e-04   1.500788e-20   4440
  1.131645e+00   7.887633e-19   4.011353e-04   1.812661e-20   4380
  1.133330e+00   7.087509e-19   5.249545e-04   1.442565e-20   4812
  1.135123e+00   6.935976e-19   5.214039e-04   1.361028e-20   5376
  1.136763e+00   6.363866e-19   4.164623e-04   1.435875e-20   3888
  1.138335e+00   6.733753e-19   4.768975e-04   1.372263e-20   4896
  1.140088e+00   6.506662e-19   5.032049e-04   1.370870e-20   4608
  1.141929e+00   6.550075e-19   4.749944e-04   1.382709e-20   4448
  1.143531e+00   5.860236e-19   4.903240e-04   1.153978e-20   4752
  1.145220e+00   6.577308e-19   5.135838e-04   1.501093e-20   4356
  1.146995e+00   6.347079e-19   4.942288e-04   1.283541e-20   5232
  1.148760e+00   6.287993e-19   4.980587e-04   1.333812e-20   4548
  1.150472e+00   5.885152e-19   4.841761e-04   1.193530e-20   4608
  1.152143e+00   5.955576e-19   4.398349e-04   1.399654e-20   3936
  1.153720e+00   5.478610e-19   5.257306e-04   1.316398e-20   4260
  1.155493e+00   5.925476e-19   4.713251e-04   1.166285e-20   5004
  1.157113e+00   5.723900e-19   4.657489e-04   1.221521e-20   4224
  1.158890e+00   5.624041e-19   5.031939e-04   1.152787e-20   4788
  1.160616e+00   5.375460e-19   5.291946e-04   1.139356e-20   4428
  1.162298e+00   5.363629e-19   4.422133e-04   1.176399e-20   4080
  1.163917e+00   5.049829e-19   4.835200e-04   1.038485e-20   4632
  1.165621e+00   5.151670e-19   5.028239e-04   1.050867e-20   4056
  1.167413e+00   5.197712e-19   4.734174e-04   1.123338e-20   4536
  1.169050e+00   5.336982e-19   4.828546e-04   1.080381e-20   4668
  1.170843e+00   4.568852e-19   5.175340e-04   9.663038e-21   4604
  1.172589e+00   4.877908e-19   4.650093e-04   1.127519e-20   4152
  1.174201e+00   4.841398e-19   4.506678e-04   9.787076e-21   4224
  1.175909e+00   4.462451e-19   4.332835e-04   9.406635e-21   4152
  1.177615e+00   4.997174e-19   4.914860e-04   1.098060e-20   4224
  1.179275e+00   4.008303e-19   4.545253e-04   8.547104e-21   3960
  1.180873e+00   4.690553e-19   4.690415e-04   9.364763e-21   4656
  1.182619e+00   4.290332e-19   5.060863e-04   9.074298e-21   4452
  1.184409e+00   4.197423e-19   5.145201e-04   9.657763e-21   4056
  1.186074e+00   3.976146e-19   5.098269e-04   8.683490e-21   4212
  1.187762e+00   4.567478e-19   4.236875e-04   1.156126e-20   3432
  1.189472e+00   3.875943e-19   5.420199e-04   7.645335e-21   5352
  1.191144e+00   3.884599e-19   3.969648e-04   9.196194e-21   3600
  1.192963e+00   3.813552e-19   4.378593e-04   7.768391e-21   4584
  1.194552e+00   4.174233e-19   4.365700e-04   9.757255e-21   3768
  1.196188e+00   3.732605e-19   4.660449e-04   8.521581e-21   3848
  1.197821e+00   3.862444e-19   4.273101e-04   9.515883e-21   3720
  1.199674e+00   3.698919e-19   5.363373e-04   7.789403e-21   4764
  1.201309e+00   3.598127e-19   4.319005e-04   7.811650e-21   3864
  1.202988e+00   3.324762e-19   5.349608e-04   7.048424e-21   4332
  1.204820e+00   3.448010e-19   4.567279e-04   7.377047e-21   3792
  1.206456e+00   3.572180e-19   5.180648e-04   7.869611e-21   4284
  1.208191e+00   3.422725e-19   4.905502e-04   8.463753e-21   3840
  1.209832e+00   3.288503e-19   4.669396e-04   7.971517e-21   3480
  1.211499e+00   3.338454e-19   5.210148e-04   7.277615e-21   4380
  1.213302e+00   3.367392e-19   4.894021e-04   7.487253e-21   4200
  1.215072e+00   2.980996e-19   4.704049e-04   6.552689e-21   4056
  1.216717e+00   2.900876e-19   4.727759e-04   6.699409e-21   3600
  1.218257e+00   3.117477e-19   4.710469e-04   7.698533e-21   3492
  1.220057e+00   2.990998e-19   5.500764e-04   6.530989e-21   4500
  1.221894e+00   2.885283e-19   4.819412e-04   6.810166e-21   3516
  1.223472e+00   2.798664e-19   5.038249e-04   6.637479e-21   3968
  1.225242e+00   2.640075e-19   4.842193e-04   5.790780e-21   3648
  1.226808e+00   2.638531e-19   4.630474e-04   5.953892e-21   4224
  1.228583e+00   2.537196e-19   5.197289e-04   6.184400e-21   3588
  1.230249e+00   2.691544e-19   4.793892e-04   6.231537e-21   3456
  1.231925e+00   2.647363e-19   4.257569e-04   6.254611e-21   3660
  1.233657e+00   2.534148e-19   4.673180e-04   5.895246e-21   3768
  1.235272e+00   2.331910e-19   4.725964e-04   5.249108e-21   3744
  1.237006e+00   2.416954e-19   5.187522e-04   5.871399e-21   4176
  1.238850e+00   2.496283e-19   4.784920e-04   5.821394e-21   3612
  1.240375e+00   2.344017e-19   5.199888e-04   6.018276e-21   3216
  1.242119e+00   2.349892e-19   5.027406e-04   5.769310e-21   3624
  1.243874e+00   2.293423e-19   4.727415e-04   5.375987e-21   3744
  1.245569e+00   2.235364e-19   5.044114e-04   5.444608e-21   3672
  1.247242e+00   2.134091e-19   4.574137e-04   5.243000e-21   3852
  1.248969e+00   2.133097e-19   4.707839e-04   5.289057e-21   3672
  1.250806e+00   2.045807e-19   4.587010e-04   4.923575e-21   3248
  1.252340e+00   1.869995e-19   4.695129e-04   4.801112e-21   3336
  1.254015e+00   1.848867e-19   4.779221e-04   4.655827e-21   3576
  1.255728e+00   2.086109e-19   4.057129e-04   5.630998e-21   3336
  1.257472e+00   1.923743e-19   4.819158e-04   4.451596e-21   3936
  1.259194e+00   1.798820e-19   5.132539e-04   4.674785e-21   3408
  1.260901e+00   1.904503e-19   4.521849e-04   5.141685e-21   3336
  1.262560e+00   1.591127e-19   5.079072e-04   4.058199e-21   3312
  1.264219e+00   1.739652e-19   5.142616e-04   4.464215e-21   3432
  1.265985e+00   1.751721e-19   4.458442e-04   4.644510e-21   3144
  1.267597e+00   1.670393e-19   4.840083e-04   3.976003e-21   3456
  1.269411e+00   1.670714e-19   4.651874e-04   4.089726e-21   3792
  1.271049e+00   1.445762e-19   4.569446e-04   3.887655e-21   2868
  1.272819e+00   1.466496e-19   4.733929e-04   3.765869e-21   3888
  1.274473e+00   1.496272e-19   4.110524e-04   4.405013e-21   2784
  1.276101e+00   1.478526e-19   4.694335e-04   4.280200e-21   2964
  1.277880e+00   1.432826e-19   4.834244e-04   3.720865e-21   3432
  1.279573e+00   1.305256e-19   5.003929e-04   3.347064e-21   3416
  1.281287e+00   1.411934e-19   5.348762e-04   4.031129e-21   3528
  1.283040e+00   1.207059e-19   4.292762e-04   3.245730e-21   2904
  1.284592e+00   1.186471e-19   4.813445e-04   3.687824e-21   3072
  1.286396e+00   1.235743e-19   5.406051e-04   3.633114e-21   3216
  1.288199e+00   1.180384e-19   4.378327e-04   3.760364e-21   2844
  1.289782e+00   1.018238e-19   5.010192e-04   2.627783e-21   3432
  1.291408e+00   1.187446e-19   4.027010e-04   3.490587e-21   2880
  1.293224e+00   1.163304e-19   5.334351e-04   2.844968e-21   3576
  1.294934e+00   1.114291e-19   4.768162e-04   3.421486e-21   2700
  1.296572e+00   1.032385e-19   5.355829e-04   3.137696e-21   3000
  1.298287e+00   9.679256e-20   4.446934e-04   3.448003e-21   2556
  1.299953e+00   9.496622e-20   4.766228e-04   2.504548e-21   3360
  1.301675e+00   9.617273e-20   4.631149e-04   2.924105e-21   3120
  1.303530e+00   9.411015e-20   5.452330e-04   2.853846e-21   3216
  1.305127e+00   9.304127e-20   3.845380e-04   2.852659e-21   2628
  1.306923e+00   7.249024e-20   5.083038e-04   2.097549e-21   3200
  1.308561e+00   7.837972e-20   4.795357e-04   2.745364e-21   2232
  1.310215e+00   7.976575e-20   5.473750e-04   2.545257e-21   3108
  1.311862e+00   8.287452e-20   4.808374e-04   2.504445e-21   2604
  1.313547e+00   7.779717e-20   5.179979e-04   2.278222e-21   3096
  1.315401e+00   6.909735e-20   4.719641e-04   2.423734e-21   3084
  1.317009e+00   7.032407e-20   4.816320e-04   2.610569e-21   2664
  1.318667e+00   6.632476e-20   4.247239e-04   2.071831e-21   2232
  1.320292e+00   5.254069e-20   5.231957e-04   2.078349e-21   2808
  1.322070e+00   7.021251e-20   4.942393e-04   2.389686e-21   2592
  1.323731e+00   6.588570e-20   5.073960e-04   2.045010e-21   2952
  1.325476e+00   5.504296e-20   4.790441e-04   1.995298e-21   2772
  1.327172e+00   5.580809e-20   5.151819e-04   1.748093e-21   3036
  1.328948e+00   4.669485e-20   4.997289e-04   1.975946e-21   2136
  1.330566e+00   4.536214e-20   3.985350e-04   1.892159e-21   2496
  1.332228e+00   4.794581e-20   5.308189e-04   1.942980e-21   2228
  1.333960e+00   4.291353e-20   4.948933e-04   1.294669e-21   3048
  1.335685e+00   4.205780e-20   4.727366e-04   1.479957e-21   2676
  1.337399e+00   4.267788e-20   4.709500e-04   1.527239e-21   2784
  1.339037e+00   4.536155e-20   4.575289e-04   1.996747e-21   1920
  1.340680e+00   3.636399e-20   4.882940e-04   1.428253e-21   2400
  1.342460e+00   3.764992e-20   4.478664e-04   1.425943e-21   2532
  1.344301e+00   3.250050e-20   4.974724e-04   1.276786e-21   2544
  1.345957e+00   3.203190e-20   5.204236e-04   1.164997e-21   2772
  1.347589e+00   3.027890e-20   4.874611e-04   1.249602e-21   2160
  1.349209e+00   2.656356e-20   5.250420e-04   9.607361e-22   2304
  1.351084e+00   2.662664e-20   5.137807e-04   1.161785e-21   2328
  1.352765e+00   1.732525e-20   4.926073e-04   7.372982e-22   2304
  1.354322e+00   2.621755e-20   4.658284e-04   1.374055e-21   1908
  1.356093e+00   2.787133e-20   5.209991e-04   1.125501e-21   2736
  1.357799e+00   2.237585e-20   4.936463e-04   9.132180e-22   2448
  1.359613e+00   1.862824e-20   4.615326e-04   8.384172e-22   2040
  1.361255e+00   1.504240e-20   4.805496e-04   7.532124e-22   2120
  1.362833e+00   1.360333e-20   3.984242e-04   6.938641e-22   2040
  1.364532e+00   1.219044e-20   4.943170e-04   5.839541e-22   2208
  1.366455e+00   1.675390e-20   4.438218e-04   7.726164e-22   2208
  1.368013e+00   1.622016e-20   4.918393e-04   8.089943e-22   2196
  1.369622e+00   9.531955e-21   4.326531e-04   5.784895e-22   1848
  1.371260e+00   1.292809e-20   4.906859e-04   7.192457e-22   2124
  1.373092e+00   8.912492e-21   5.147189e-04   4.845195e-22   2328
  1.374881e+00   8.203838e-21   5.240287e-04   4.632195e-22   1920
  1.376620e+00   7.014955e-21   4.810523e-04   4.332730e-22   1548
  1.378167e+00   8.136509e-21   5.276994e-04   3.775016e-22   2388
  1.379991e+00   6.708599e-21   4.883236e-04   3.988521e-22   2160
  1.381662e+00   5.190144e-21   4.444671e-04   3.795781e-22   1704
  1.383263e+00   4.701083e-21   5.007315e-04   3.617292e-22   1776
  1.384777e+00   3.820318e-21   4.683711e-04   2.331983e-22   1800
  1.386692e+00   5.101996e-21   5.406913e-04   3.326230e-22   1700
  1.388481e+00   2.857848e-21   4.868276e-04   2.007647e-22   2292
  1.390146e+00   2.814267e-21   4.519205e-04   2.020833e-22   1704
  1.391718e+00   2.769685e-21   5.053229e-04   2.036004e-22   1728
  1.393439e+00   1.314928e-21   4.676878e-04   1.109181e-22   1728
  1.395126e+00   1.631433e-21   4.672479e-04   1.390989e-22   1680
  1.396921e+00   1.366264e-21   5.382835e-04   1.631553e-22   1704
  1.398708e+00   4.148740e-22   4.227137e-04   4.255787e-23   1752
  1.400307e+00   7.022545e-22   5.025262e-04   5.895939e-23   1872
  1.402036e+00   6.793513e-22   4.925311e-04   6.095447e-23   1500
  1.403790e+00   5.837158e-22   4.312830e-04   6.661255e-23   1656
  1.405494e+00   1.635948e-22   4.624173e-04   2.240672e-23   1464
  1.407008e+00   1.862443e-22   4.050313e-04   1.566355e-23   1488
  1.408865e+00   8.850818e-23   4.888426e-04   6.687136e-24   1680
  1.410562e+00   5.913133e-23   5.107180e-04   3.563709e-24   1692
  1.412151e+00   7.077472e-23   4.890383e-04   5.872178e-24   1128
  1.413913e+00   4.500116e-23   4.709016e-04   2.306150e-24   1536
  1.415632e+00   3.560582e-23   4.908676e-04   2.500680e-24   1616
  1.417373e+00   3.829118e-23   4.733501e-04   2.149763e-24   1476
  1.419127e+00   3.796372e-23   5.209335e-04   2.296283e-24   1176
  1.420693e+00   3.873266e-23   5.596875e-04   1.756378e-24   1656
  1.422399e+00   5.676491e-23   4.916336e-04   5.547784e-24   891
  1.424157e+00   3.243543e-23   5.240858e-04   1.778079e-24   1596
  1.425870e+00   3.165532e-23   4.570168e-04   2.288778e-24   1422
  1.427560e+00   3.889023e-23   4.382484e-04   2.272625e-24   1254
  1.429149e+00   2.896225e-23   4.477206e-04   1.791518e-24   918
  1.430852e+00   3.672956e-23   4.900032e-04   1.466996e-24   1614
  1.432567e+00   2.556353e-23   4.232714e-04   1.736620e-24   798
  1.434273e+00   2.567299e-23   5.425837e-04   1.365264e-24   1458
  1.436002e+00   2.757420e-23   4.968256e-04   1.153875e-24   1374
  1.437711e+00   2.257239e-23   4.243221e-04   1.236948e-24   984
  1.439407e+00   2.668364e-23   5.838085e-04   1.293238e-24   1062
  1.441134e+00   3.096040e-23   4.948879e-04   1.543331e-24   1246
  1.442811e+00   2.381606e-23   4.588833e-04   1.996799e-24   1072
  1.444603e+00   1.568766e-23   4.969413e-04   7.491563e-25   1110
  1.446258e+00   2.539583e-23   5.383636e-04   1.085512e-24   1254
  1.447998e+00   2.677008e-23   5.109355e-04   1.209686e-24   1032
  1.449895e+00   2.426534e-23   4.733780e-04   1.561545e-24   786
  1.451337e+00   2.392183e-23   4.853147e-04   9.729717e-25   1152
  1.453026e+00   1.942592e-23   5.289446e-04   9.146689e-25   1086
  1.454785e+00   1.435401e-23   4.772261e-04   5.932773e-25   912
  1.456411e+00   2.442766e-23   4.783749e-04   1.280515e-24   1062
  1.458071e+00   1.792242e-23   4.768243e-04   6.898146e-25   912
  1.459989e+00   1.825228e-23   5.322923e-04   1.234696e-24   750
  1.461484e+00   2.005215e-23   5.128675e-04   8.348091e-25   1200
  1.463214e+00   1.770023e-23   4.644419e-04   9.969521e-25   918
  1.464934e+00   1.568855e-23   4.820751e-04   1.565446e-24   876
  1.466681e+00   2.075730e-23   4.212369e-04   9.442735e-25   870
  1.468211e+00   2.117012e-23   4.913058e-04   1.206563e-24   768
  1.470005e+00   1.570985e-23   4.503077e-04   1.112725e-24   830
  1.471666e+00   1.716738e-23   4.662337e-04   7.326919e-25   1080
  1.473387e+00   1.729234e-23   5.245740e-04   1.014615e-24   840
  1.475121e+00   1.309552e-23   5.051070e-04   6.322834e-25   798
  1.477088e+00   1.784376e-23   4.009113e-04   8.756715e-25   792
  1.478613e+00   1.203029e-23   4.675924e-04   5.586179e-25   726
  1.480213e+00   1.175153e-23   5.239634e-04   5.379037e-25   864
  1.481966e+00   1.586603e-23   4.485006e-04   7.631659e-25   900
  1.483743e+00   1.395176e-23   4.984474e-04   9.560881e-25   726
  1.485268e+00   1.386588e-23   4.313846e-04   8.461625e-25   576
  1.487302e+00   1.440557e-23   4.489324e-04   7.868140e-25   840
  1.488733e+00   1.598620e-23   4.660199e-04   1.004119e-24   750
  1.490428e+00   1.079596e-23   4.674350e-04   6.056656e-25   720
  1.492027e+00   1.501764e-23   4.728813e-04   7.841416e-25   702
  1.493895e+00   1.253458e-23   5.164499e-04   7.436113e-25   696
  1.495432e+00   1.295047e-23   4.618675e-04   7.603221e-25   480
  1.497243e+00   9.087422e-24   4.376385e-04   5.508790e-25   830
  1.498847e+00   1.123728e-23   5.091155e-04   5.551090e-25   756
  1.500643e+00   1.048953e-23   4.888404e-04   6.623162e-25   624
  1.502229e+00   1.114309e-23   5.165284e-04   6.303969e-25   582
  1.504104e+00   1.324337e-23   3.964472e-04   9.058026e-25   576
  1.505725e+00   7.646218e-24   5.309724e-04   4.031066e-25   624
  1.507388e+00   1.062696e-23   4.336450e-04   7.632338e-25   702
  1.509034e+00   1.315522e-23   4.988077e-04   9.881784e-25   624
  1.510988e+00   1.133664e-23   4.825630e-04   6.416337e-25   672
  1.512580e+00   9.610119e-24   3.612436e-04   6.446132e-25   342
  1.514329e+00   7.739316e-24   4.516021e-04   4.232861e-25   660
  1.515937e+00   6.887775e-24   4.642274e-04   5.139960e-25   576
  1.517597e+00   6.914413e-24   4.513226e-04   3.494181e-25   600
  1.519276e+00   7.906581e-24   5.220166e-04   4.877488e-25   510
  1.521163e+00   9.586625e-24   4.890514e-04   5.939649e-25   600
  1.522619e+00   6.234368e-24   3.895108e-04   3.987625e-25   216
  1.524315e+00   8.205033e-24   4.741021e-04   6.587203e-25   758
  1.526291e+00   4.926908e-24   5.190411e-04   2.792460e-25   576
  1.528024e+00   9.954809e-24   4.406517e-04   7.665766e-25   528
  1.529587e+00   8.433802e-24   3.034519e-04   5.930488e-25   318
  1.531266e+00   9.737587e-24   5.242157e-04   6.054625e-25   540
  1.533252e+00   3.571616e-24   3.706126e-04   2.362364e-25   384
  1.534598e+00   5.119340e-24   5.120576e-04   2.900829e-25   576
  1.536349e+00   5.072051e-24   4.184460e-04   3.198712e-25   414
  1.538006e+00   6.080414e-24   4.672675e-04   3.408913e-25   504
  1.539775e+00   4.745559e-24   5.129507e-04   4.411810e-25   312
  1.541474e+00   7.296464e-24   4.647396e-04   4.658591e-25   414
  1.543160e+00   3.595331e-24   4.293448e-04   2.799709e-25   432
  1.544729e+00   5.951533e-24   5.686055e-04   4.324049e-25   504
  1.546545e+00   6.068417e-24   5.476310e-04   5.821594e-25   432
  1.548245e+00   6.499548e-24   4.485920e-04   4.555210e-25   354
  1.549977e+00   8.201606e-24   6.527560e-04   1.110726e-24   200
  1.551463e+00   3.839102e-24   4.631515e-04   2.658421e-25   480
  1.553470e+00   3.207085e-24   5.292520e-04   1.951274e-25   552
  1.555311e+00   4.516584e-24   3.296817e-04   2.697350e-25   366
  1.556730e+00   3.854741e-24   3.509628e-04   3.328470e-25   240
  1.558291e+00   4.154113e-24   4.906603e-04   3.653367e-25   288
  1.560489e+00   3.560553e-24   3.372103e-04   3.047150e-25   366
  1.561910e+00   3.103571e-24   5.467244e-04   2.676931e-25   408
  1.563496e+00   3.728172e-24   4.109956e-04   2.438521e-25   360
  1.565137e+00   4.413595e-24   3.831167e-04   3.107507e-25   324
  1.566729e+00   4.976618e-24   4.524730e-04   5.307630e-25   174
  1.568624e+00   5.016021e-24   5.198279e-04   5.188918e-25   264
  1.570404e+00   2.528601e-24   4.741086e-04   1.802961e-25   456
  1.572178e+00   2.107006e-24   4.767346e-04   1.607063e-25   360
  1.573637e+00   2.708140e-24   5.251690e-04   1.918295e-25   270
  1.575423e+00   3.316099e-24   5.743787e-04   2.994370e-25   240
  1.577661e+00   3.000963e-24   4.185669e-04   3.569121e-25   120
  1.578762e+00   1.199215e-24   4.369696e-04   7.456457e-26   320
  1.580538e+00   2.417449e-24   5.406748e-04   1.645267e-25   462
  1.582398e+00   3.086828e-24   3.145683e-04   3.193370e-25   276
  1.584014e+00   3.706771e-24   3.568730e-04   3.476325e-25   144
  1.585571e+00   5.357248e-24   3.747862e-04   7.115697e-25   120
  1.587640e+00   2.327333e-24   2.838118e-04   3.318519e-25   294
  1.589204e+00   1.374183e-24   5.034972e-04   7.835254e-26   384
  1.590663e+00   1.320412e-24   3.333119e-04   7.657431e-26   216
  1.592060e+00   2.833055e-24   3.095363e-04   3.354904e-25   168
  1.593638e+00   2.824917e-24   3.682988e-04   3.523685e-25   102
  1.595919e+00   9.918029e-25   5.587821e-04   8.060872e-26   168
  1.597518e+00   9.817803e-25   4.890688e-04   6.320713e-26   384
  1.599271e+00   1.704288e-24   4.969061e-04   1.080067e-25   300
  1.600903e+00   2.017386e-24   5.320788e-04   2.638319e-25   144
  1.602742e+00   3.767816e-24   5.449239e-04   4.337172e-25   102
  1.604949e+00   4.278231e-24   1.289956e-04   8.937110e-25   56
  1.606006e+00   5.778749e-25   4.199761e-04   2.963710e-26   288
  1.607665e+00   1.222381e-24   5.465449e-04   1.447876e-25   360
  1.609470e+00   1.026102e-24   2.931840e-04   9.440594e-26   126
  1.610992e+00   2.335181e-24   1.443964e-04   4.303635e-25   72
  1.612650e+00   2.862176e-24   7.650143e-05   5.198534e-25   48
  1.614814e+00   5.666839e-25   3.094846e-04   4.748973e-26   240
  1.616236e+00   8.231281e-25   4.591937e-04   6.088810e-26   306
  1.617691e+00   1.390383e-24   2.552095e-04   1.457059e-25   120
  1.619368e+00   1.944788e-24   6.281048e-04   3.040149e-25   96
  1.620587e+00   1.422319e-24   0.000000e+00   2.180612e-25   24
  1.623325e+00   9.565964e-25   5.439228e-04   2.099175e-25   120
  1.624667e+00   5.871794e-25   4.703935e-04   5.750873e-26   318
  1.626308e+00   7.200869e-25   5.026794e-04   3.820975e-26   168
  1.628106e+00   9.374343e-25   5.394313e-04   1.199934e-25   72
  1.630075e+00   2.147248e-24   0.000000e+00   7.402275e-25   24
  1.632193e+00   4.645767e-25   2.618418e-04   1.665239e-25   14
  1.633200e+00   2.447854e-25   4.129830e-04   1.522437e-26   288
  1.634765e+00   7.207392e-25   4.968411e-04   6.244621e-26   204
  1.636571e+00   1.570829e-24   7.538327e-05   2.468655e-25   48
  1.638002e+00   1.019383e-24   0.000000e+00   2.060120e-25   24
  1.639659e+00   1.010073e-24   0.000000e+00   2.524504e-25   6
  1.642039e+00   2.096357e-25   3.087683e-04   1.557002e-26   216
  1.643266e+00   3.957898e-25   4.111948e-04   2.868412e-26   192
  1.644767e+00   4.430153e-25   7.500762e-05   3.780299e-26   48
  1.646341e+00   7.748860e-25   5.993235e-04   8.512305e-26   30
  1.650794e+00   1.257871e-25   1.239342e-04   1.497914e-26   96
  1.651708e+00   2.207920e-25   4.061000e-04   1.527673e-26   228
  1.653445e+00   6.236182e-25   5.310492e-04   9.569393e-26   72
  1.655533e+00   1.495257e-24   0.000000e+00   3.225242e-25   6
  1.660288e+00   1.401326e-25   4.009709e-04   1.108495e-26   248
  1.661805e+00   3.857466e-25   4.589321e-04   5.024100e-26   72
  1.663636e+00   4.865715e-25   2.543132e-08   1.215136e-25   6
  1.669168e+00   7.166013e-26   2.849355e-04   5.696439e-27   180
  1.670272e+00   1.874970e-25   3.876996e-04   1.898538e-26   72
  1.671847e+00   3.994400e-25   0.000000e+00   5.352165e-26   6
  1.677997e+00   5.361220e-26   1.219250e-04   4.382828e-27   96
  1.678732e+00   8.019083e-26   3.347351e-04   9.077629e-27   96
  1.680165e+00   3.780377e-25   0.000000e+00   1.411727e-25   6
  1.687272e+00   4.145927e-26   3.203674e-04   3.731687e-27   140
  1.688588e+00   2.278100e-25   0.000000e+00   6.264929e-26   6
  1.696205e+00   2.923687e-26   2.151411e-04   4.662316e-27   96
  1.697114e+00   5.367822e-26   0.000000e+00   1.397357e-26   6
  1.705164e+00   1.503789e-26   1.294251e-04   2.591081e-27   60
  1.705743e+00   3.584066e-26   0.000000e+00   9.505007e-27   6
  1.714199e+00   3.969729e-27   1.312104e-04   1.099767e-27   38
  1.723205e+00   2.482220e-27   6.749794e-05   4.218030e-28   18
  1.732226e+00   1.414460e-27   2.543132e-08   4.445038e-28   6
