# power spectrum of zeta
# redshift z=99.798305
# k              Pk             sigma(k)       sigma(Pk)      count
  1.570796e-02   3.456653e-20   0.000000e+00   1.393317e-20   6
  2.221441e-02   6.282198e-20   0.000000e+00   1.254069e-20   12
  2.720699e-02   8.694682e-20   2.980232e-10   1.769333e-20   8
  3.141593e-02   4.349416e-19   0.000000e+00   4.680287e-20   6
  3.512407e-02   4.110504e-19   5.619580e-10   1.310392e-19   24
  3.847649e-02   7.524668e-19   5.619580e-10   1.267723e-19   24
  4.442883e-02   4.983252e-19   0.000000e+00   2.242951e-19   12
  4.712389e-02   6.846528e-19   6.357829e-10   1.261216e-19   30
  4.967294e-02   9.995581e-19   0.000000e+00   2.202839e-19   24
  5.209742e-02   1.054000e-18   9.733398e-10   2.612690e-19   24
  5.441398e-02   1.409663e-18   5.960464e-10   2.857426e-19   8
  5.663587e-02   1.355060e-18   7.947286e-10   1.683456e-19   24
  5.877382e-02   1.436946e-18   0.000000e+00   2.019295e-19   48
  6.283185e-02   2.112506e-18   0.000000e+00   9.288262e-19   6
  6.476559e-02   1.868706e-18   7.947286e-10   2.624003e-19   48
  6.664324e-02   1.901565e-18   7.492773e-10   1.977590e-19   36
  6.846942e-02   2.986146e-18   7.947286e-10   6.244275e-19   24
  7.024815e-02   1.900638e-18   1.123916e-09   3.272029e-19   24
  7.198293e-02   1.837230e-18   0.000000e+00   2.498396e-19   48
  7.367688e-02   3.064243e-18   1.123916e-09   4.361666e-19   24
  7.695299e-02   2.777066e-18   1.123916e-09   4.368310e-19   24
  7.853982e-02   2.012631e-18   0.000000e+00   3.294307e-19   30
  8.009521e-02   2.270875e-18   0.000000e+00   2.508141e-19   72
  8.162097e-02   2.332270e-18   1.192093e-09   4.748199e-19   32
  8.458997e-02   3.431623e-18   0.000000e+00   3.980316e-19   72
  8.603606e-02   2.184052e-18   0.000000e+00   3.193016e-19   48
  8.885766e-02   1.264137e-18   0.000000e+00   3.760286e-19   12
  9.023538e-02   2.600147e-18   0.000000e+00   3.899790e-19   48
  9.159238e-02   2.387933e-18   0.000000e+00   2.377035e-19   48
  9.292956e-02   3.288605e-18   1.123916e-09   4.148486e-19   48
  9.424778e-02   4.100623e-18   1.271566e-09   7.188211e-19   30
  9.554781e-02   3.755772e-18   0.000000e+00   8.447561e-19   24
  9.683039e-02   4.018745e-18   2.369423e-09   4.040499e-19   72
  9.934588e-02   2.542542e-18   0.000000e+00   4.826262e-19   24
  1.005800e-01   4.032479e-18   0.000000e+00   3.995431e-19   96
  1.017992e-01   3.214406e-18   0.000000e+00   4.268445e-19   48
  1.030040e-01   2.778649e-18   1.946680e-09   6.825404e-19   24
  1.041948e-01   2.079798e-18   1.946680e-09   4.270848e-19   24
  1.053722e-01   5.149582e-18   0.000000e+00   6.286870e-19   72
  1.065366e-01   3.977042e-18   0.000000e+00   6.122256e-19   48
  1.088280e-01   3.706294e-18   1.192093e-09   1.106362e-18   8
  1.099557e-01   5.602285e-18   1.412851e-09   6.685726e-19   54
  1.110721e-01   3.906818e-18   0.000000e+00   6.832777e-19   84
  1.121773e-01   4.425900e-18   0.000000e+00   6.349327e-19   48
  1.132717e-01   2.839670e-18   1.589457e-09   5.065658e-19   24
  1.143557e-01   3.894478e-18   2.119276e-09   4.621303e-19   72
  1.154295e-01   5.284209e-18   0.000000e+00   6.015245e-19   96
  1.175476e-01   7.636829e-18   0.000000e+00   8.329353e-19   48
  1.185925e-01   4.297827e-18   0.000000e+00   4.027376e-19   48
  1.196283e-01   3.835272e-18   0.000000e+00   7.462042e-19   24
  1.206552e-01   4.487213e-18   0.000000e+00   4.831340e-19   72
  1.226831e-01   4.921492e-18   0.000000e+00   5.824516e-19   72
  1.236846e-01   4.917630e-18   0.000000e+00   5.605383e-19   96
  1.256637e-01   7.083622e-18   0.000000e+00   3.113127e-18   6
  1.266416e-01   5.984797e-18   0.000000e+00   5.794093e-19   96
  1.276121e-01   6.284522e-18   1.589457e-09   6.716643e-19   96
  1.285752e-01   4.323192e-18   0.000000e+00   1.027910e-18   24
  1.295312e-01   4.901505e-18   1.589457e-09   6.106835e-19   48
  1.304801e-01   5.040709e-18   0.000000e+00   5.094971e-19   96
  1.314222e-01   6.006234e-18   0.000000e+00   8.090891e-19   48
  1.332865e-01   5.517388e-18   1.498555e-09   1.035382e-18   36
  1.342089e-01   5.647560e-18   2.753021e-09   7.130567e-19   48
  1.351250e-01   6.356674e-18   3.114687e-09   5.706039e-19   120
  1.360350e-01   5.794135e-18   0.000000e+00   7.650401e-19   56
  1.369388e-01   3.304992e-18   1.589457e-09   5.782999e-19   24
  1.378368e-01   4.859712e-18   0.000000e+00   4.324122e-19   96
  1.387290e-01   5.225148e-18   0.000000e+00   6.742634e-19   48
  1.404963e-01   6.516772e-18   2.247832e-09   1.208820e-18   24
  1.413717e-01   7.204367e-18   0.000000e+00   7.208414e-19   102
  1.422417e-01   7.523756e-18   1.589457e-09   1.134187e-18   48
  1.431064e-01   6.996675e-18   0.000000e+00   6.971010e-19   72
  1.439659e-01   6.458165e-18   0.000000e+00   6.523548e-19   48
  1.448203e-01   7.004041e-18   0.000000e+00   1.297664e-18   48
  1.456697e-01   6.056947e-18   3.596531e-09   5.323263e-19   120
  1.473538e-01   9.830825e-18   2.247832e-09   1.645578e-18   24
  1.481886e-01   5.748474e-18   2.119276e-09   4.836477e-19   144
  1.490188e-01   5.969682e-18   2.543132e-09   5.739614e-19   120
  1.498444e-01   4.690186e-18   2.247832e-09   6.571864e-19   48
  1.514821e-01   7.198149e-18   2.247832e-09   9.599694e-19   48
  1.522944e-01   5.930765e-18   2.247832e-09   6.188969e-19   96
  1.544390e-01   8.085648e-18   3.768959e-04   9.933856e-19   72
  1.555009e-01   6.025554e-18   1.998073e-09   4.600927e-19   108
  1.562923e-01   7.218027e-18   0.000000e+00   7.733950e-19   72
  1.570796e-01   4.419004e-18   0.000000e+00   8.219277e-19   30
  1.578631e-01   7.506892e-18   0.000000e+00   5.965037e-19   168
  1.586427e-01   7.474493e-18   0.000000e+00   8.157753e-19   48
  1.601904e-01   5.253731e-18   0.000000e+00   6.156683e-19   72
  1.609587e-01   6.952809e-18   0.000000e+00   6.701210e-19   96
  1.617234e-01   6.888847e-18   4.238553e-09   1.058178e-18   72
  1.624844e-01   8.172564e-18   0.000000e+00   8.665224e-19   72
  1.637639e-01   7.429222e-18   3.480039e-04   5.450503e-19   104
  1.647465e-01   7.175226e-18   2.997109e-09   5.233072e-19   144
  1.669779e-01   5.157219e-18   5.026305e-09   4.844651e-19   96
  1.677152e-01   5.753184e-18   0.000000e+00   5.945250e-19   96
  1.688876e-01   7.955915e-18   3.580185e-04   7.379145e-19   120
  1.699076e-01   6.729024e-18   0.000000e+00   6.121121e-19   120
  1.706322e-01   8.154187e-18   0.000000e+00   8.838478e-19   72
  1.720721e-01   8.298435e-18   0.000000e+00   1.099135e-18   48
  1.727876e-01   8.974497e-18   3.912510e-09   1.023999e-18   78
  1.737029e-01   9.443922e-18   3.205713e-04   7.477275e-19   168
  1.756204e-01   8.968192e-18   3.670694e-09   7.748447e-19   144
  1.763215e-01   9.348500e-18   2.997109e-09   6.669678e-19   144
  1.783549e-01   8.715590e-18   1.846233e-04   7.416075e-19   156
  1.790983e-01   6.424393e-18   3.893359e-09   1.196933e-18   48
  1.797859e-01   8.056094e-18   2.543132e-09   7.902714e-19   120
  1.804708e-01   5.847310e-18   0.000000e+00   6.156910e-19   48
  1.816818e-01   8.876315e-18   2.825996e-04   6.030037e-19   216
  1.831848e-01   8.078429e-18   0.000000e+00   9.975803e-19   48
  1.838570e-01   7.514417e-18   2.247832e-09   6.610185e-19   96
  1.848128e-01   8.719660e-18   3.302618e-04   7.639167e-19   168
  1.858591e-01   7.107246e-18   2.247832e-09   1.016597e-18   48
  1.865217e-01   9.465105e-18   0.000000e+00   9.445485e-19   96
  1.871820e-01   9.243558e-18   0.000000e+00   1.682587e-18   48
  1.884956e-01   1.094318e-17   2.543132e-09   1.090383e-18   30
  1.891489e-01   7.004551e-18   0.000000e+00   5.687930e-19   96
  1.899298e-01   8.753361e-18   2.595564e-04   5.948519e-19   240
  1.909339e-01   1.224731e-17   2.800239e-04   1.689398e-18   32
  1.917401e-01   7.038670e-18   0.000000e+00   5.216202e-19   168
  1.923825e-01   8.434974e-18   0.000000e+00   8.268460e-19   120
  1.936608e-01   6.799739e-18   4.738846e-09   7.641767e-19   72
  1.942968e-01   1.119949e-17   2.119276e-09   1.028823e-18   144
  1.949307e-01   8.096721e-18   0.000000e+00   8.285208e-19   96
  1.955626e-01   1.079644e-17   0.000000e+00   8.642936e-19   96
  1.968202e-01   1.073451e-17   0.000000e+00   1.294492e-18   72
  1.974460e-01   9.106198e-18   3.178914e-09   8.824092e-19   96
  1.986918e-01   8.955921e-18   0.000000e+00   1.649259e-18   24
  1.993117e-01   1.049785e-17   0.000000e+00   7.749271e-19   192
  2.000418e-01   1.003787e-17   2.376333e-04   7.404837e-19   132
  2.011601e-01   1.089128e-17   0.000000e+00   9.846577e-19   96
  2.017724e-01   8.030254e-18   0.000000e+00   8.094488e-19   96
  2.023829e-01   1.059875e-17   2.543132e-09   9.033945e-19   120
  2.035985e-01   1.134741e-17   0.000000e+00   1.558776e-18   48
  2.045948e-01   7.403372e-18   2.879924e-04   4.852477e-19   222
  2.054083e-01   9.698330e-18   0.000000e+00   9.182655e-19   120
  2.060080e-01   1.094163e-17   3.893359e-09   2.204789e-18   24
  2.068812e-01   1.153593e-17   2.972500e-04   6.094860e-19   312
  2.087838e-01   1.295921e-17   2.786838e-04   1.446029e-18   72
  2.095704e-01   9.098745e-18   3.893359e-09   1.226877e-18   96
  2.103781e-01   1.116244e-17   2.838009e-04   8.435896e-19   192
  2.113290e-01   1.055914e-17   3.596531e-09   1.071048e-18   120
  2.119120e-01   1.057834e-17   0.000000e+00   1.086678e-18   144
  2.130732e-01   9.543527e-18   0.000000e+00   1.366893e-18   48
  2.138985e-01   9.544183e-18   2.853717e-04   5.562179e-19   336
  2.148032e-01   1.090157e-17   0.000000e+00   1.491600e-18   48
  2.159488e-01   9.956570e-18   0.000000e+00   8.708385e-19   192
  2.165193e-01   1.084491e-17   0.000000e+00   1.325293e-18   48
  2.181411e-01   1.100595e-17   1.980854e-04   1.333656e-18   56
  2.189475e-01   1.078631e-17   2.544090e-04   5.962808e-19   336
  2.199115e-01   1.082473e-17   2.825702e-09   1.541276e-18   54
  2.207512e-01   9.914290e-18   2.794324e-04   6.088751e-19   240
  2.224945e-01   1.015225e-17   2.675587e-04   7.532149e-19   228
  2.232521e-01   1.218422e-17   2.997109e-09   1.556226e-18   72
  2.239875e-01   1.215945e-17   2.595385e-04   9.036537e-19   144
  2.249038e-01   9.962421e-18   0.000000e+00   9.722132e-19   96
  2.254517e-01   1.034913e-17   3.596531e-09   6.490118e-19   240
  2.265435e-01   9.470675e-18   3.178914e-09   1.819911e-18   24
  2.272424e-01   1.120100e-17   2.451321e-04   6.674226e-19   336
  2.281713e-01   1.068805e-17   0.000000e+00   1.258042e-18   72
  2.290193e-01   1.282884e-17   2.666265e-04   9.256854e-19   168
  2.297877e-01   8.508932e-18   0.000000e+00   7.530380e-19   72
  2.308590e-01   1.327929e-17   0.000000e+00   1.217295e-18   96
  2.316886e-01   1.147039e-17   2.646263e-04   8.164269e-19   216
  2.324566e-01   8.726910e-18   0.000000e+00   6.494953e-19   96
  2.335157e-01   1.077078e-17   3.178914e-09   7.247454e-19   192
  2.340434e-01   1.062568e-17   2.997109e-09   8.287185e-19   144
  2.350953e-01   1.142898e-17   0.000000e+00   1.480057e-18   48
  2.358236e-01   1.189957e-17   2.551309e-04   8.079544e-19   246
  2.368131e-01   1.475194e-17   2.352347e-04   1.142242e-18   168
  2.377046e-01   1.168051e-17   6.229375e-09   1.166236e-18   120
  2.382231e-01   9.810806e-18   0.000000e+00   6.704735e-19   240
  2.392566e-01   7.057130e-18   0.000000e+00   1.433387e-18   24
  2.400800e-01   1.149381e-17   2.517980e-04   7.182078e-19   360
  2.411056e-01   1.082816e-17   2.507265e-04   8.057245e-19   120
  2.418210e-01   1.287946e-17   0.000000e+00   1.034369e-18   144
  2.423307e-01   1.271083e-17   0.000000e+00   1.121840e-18   96
  2.438532e-01   1.241586e-17   0.000000e+00   9.971594e-19   144
  2.443586e-01   1.340334e-17   0.000000e+00   1.144524e-18   132
  2.450688e-01   1.229412e-17   2.474633e-04   9.007283e-19   176
  2.460999e-01   1.232105e-17   2.498881e-04   6.259889e-19   312
  2.473693e-01   1.774554e-17   0.000000e+00   2.700028e-18   96
  2.478675e-01   1.206549e-17   0.000000e+00   1.052765e-18   144
  2.486319e-01   1.281410e-17   2.473817e-04   7.110309e-19   312
  2.498505e-01   1.528993e-17   0.000000e+00   1.515794e-18   48
  2.503437e-01   1.147719e-17   3.178914e-09   8.562396e-19   192
  2.513274e-01   3.866319e-18   0.000000e+00   1.191588e-18   6
  2.519810e-01   1.125938e-17   2.307253e-04   6.207071e-19   288
  2.530395e-01   1.103992e-17   2.437763e-04   7.832712e-19   192
  2.537699e-01   1.064829e-17   7.476104e-09   6.815682e-19   216
  2.542556e-01   1.348582e-17   0.000000e+00   1.830082e-18   72
  2.554657e-01   1.120144e-17   2.414611e-04   8.648190e-19   192
  2.562693e-01   1.478687e-17   1.792979e-04   8.736405e-19   288
  2.571504e-01   1.285155e-17   0.000000e+00   2.480990e-18   24
  2.578312e-01   1.393670e-17   2.362101e-04   6.023854e-19   456
  2.590624e-01   9.011497e-18   0.000000e+00   1.324968e-18   48
  2.598231e-01   1.300832e-17   2.326575e-04   9.524928e-19   240
  2.606974e-01   1.475857e-17   2.351266e-04   9.395784e-19   216
  2.614326e-01   1.173323e-17   0.000000e+00   1.439057e-18   72
  2.619041e-01   1.225473e-17   8.123736e-09   9.664157e-19   168
  2.632353e-01   1.449631e-17   1.747662e-04   8.782036e-19   288
  2.639818e-01   1.430581e-17   2.312456e-04   9.808010e-19   168
  2.651809e-01   1.644482e-17   0.000000e+00   1.136869e-18   192
  2.656458e-01   1.326037e-17   2.997109e-09   9.418694e-19   144
  2.665730e-01   1.652458e-17   2.997109e-09   2.052363e-18   36
  2.673593e-01   1.129394e-17   2.111764e-04   5.779049e-19   342
  2.681111e-01   1.350639e-17   2.168525e-04   1.022120e-18   144
  2.690776e-01   1.301386e-17   2.274240e-04   6.683819e-19   384
  2.702500e-01   1.549075e-17   6.229375e-09   1.409470e-18   120
  2.708303e-01   1.564712e-17   2.027960e-04   9.698674e-19   264
  2.716161e-01   1.350191e-17   1.005261e-08   9.837865e-19   192
  2.723561e-01   1.499646e-17   2.185515e-04   1.143716e-18   152
  2.729753e-01   1.376715e-17   5.994218e-09   1.242620e-18   144
  2.742778e-01   1.171584e-17   1.414487e-04   8.558690e-19   216
  2.748807e-01   1.523426e-17   1.890132e-04   8.310273e-19   312
  2.759419e-01   1.327438e-17   2.190625e-04   7.375686e-19   240
  2.765672e-01   1.611970e-17   3.178914e-09   1.668138e-18   96
  2.777541e-01   1.479011e-17   2.094396e-04   1.190962e-18   144
  2.784857e-01   1.425496e-17   2.058607e-04   6.873717e-19   456
  2.796723e-01   1.158132e-17   0.000000e+00   7.562060e-19   120
  2.801131e-01   1.264778e-17   0.000000e+00   1.161439e-18   144
  2.809926e-01   9.556136e-18   4.495664e-09   1.578671e-18   24
  2.815564e-01   1.484842e-17   1.978798e-04   7.492463e-19   336
  2.825316e-01   1.403391e-17   2.182345e-04   1.102939e-18   198
  2.834454e-01   1.400944e-17   2.122205e-04   7.329854e-19   432
  2.844833e-01   1.471936e-17   6.357829e-09   1.496194e-18   48
  2.850248e-01   1.655166e-17   1.873540e-04   8.546820e-19   384
  2.859970e-01   1.603268e-17   2.156842e-04   1.318211e-18   144
  2.868780e-01   1.575494e-17   2.141460e-04   9.040261e-19   264
  2.879317e-01   1.279257e-17   0.000000e+00   1.229104e-18   48
  2.886387e-01   1.509598e-17   2.036179e-04   9.111122e-19   276
  2.893208e-01   1.350657e-17   1.845741e-04   1.111005e-18   192
  2.902325e-01   1.439522e-17   2.074207e-04   6.041437e-19   552
  2.913393e-01   1.022291e-17   5.086263e-09   8.964902e-19   120
  2.919972e-01   1.608500e-17   2.099609e-04   1.083884e-18   216
  2.926069e-01   1.427537e-17   5.086263e-09   1.118862e-18   120
  2.936961e-01   1.666868e-17   2.067600e-04   8.512468e-19   408
  2.947075e-01   1.561334e-17   4.495664e-09   2.089806e-18   24
  2.953347e-01   1.374173e-17   2.088648e-04   7.700403e-19   384
  2.962106e-01   1.375349e-17   2.040684e-04   9.506824e-19   240
  2.969712e-01   1.352908e-17   2.055628e-04   9.196747e-19   168
  2.980376e-01   1.228892e-17   0.000000e+00   1.188668e-18   120
  2.987251e-01   1.497963e-17   2.142884e-04   7.569886e-19   350
  2.998430e-01   1.502352e-17   3.527601e-04   7.851207e-19   384
  3.005110e-01   1.631094e-17   0.000000e+00   1.464785e-18   144
  3.017401e-01   1.314516e-17   4.238553e-09   7.618403e-19   288
  3.023819e-01   1.375469e-17   2.019242e-04   6.580067e-19   336
  3.032549e-01   1.688306e-17   1.838353e-04   1.236884e-18   168
  3.037776e-01   1.495741e-17   1.204945e-08   8.831994e-19   336
  3.048586e-01   1.357467e-17   1.908100e-04   8.325354e-19   288
  3.055078e-01   1.394154e-17   1.797918e-04   8.498087e-19   264
  3.066072e-01   1.537238e-17   0.000000e+00   9.546064e-19   240
  3.070093e-01   1.516113e-17   0.000000e+00   1.262537e-18   96
  3.084525e-01   1.671447e-17   2.445048e-04   8.462521e-19   360
  3.091260e-01   1.640275e-17   1.802420e-04   1.372467e-18   168
  3.099770e-01   1.607980e-17   1.964825e-04   7.079191e-19   456
  3.110018e-01   1.489220e-17   5.651403e-09   1.341516e-18   108
  3.115782e-01   1.574953e-17   1.971449e-04   1.134837e-18   264
  3.122973e-01   1.488275e-17   1.758853e-04   9.429270e-19   264
  3.132820e-01   1.712250e-17   1.659735e-04   1.035877e-18   312
  3.145081e-01   1.699179e-17   1.233364e-04   1.082592e-18   270
  3.150220e-01   1.562473e-17   1.565911e-04   1.068458e-18   240
  3.159458e-01   1.611570e-17   1.937229e-04   7.803169e-19   384
  3.165067e-01   1.394997e-17   6.357829e-09   9.302680e-19   192
  3.175962e-01   1.711532e-17   1.554368e-04   1.206812e-18   240
  3.182281e-01   1.609111e-17   1.918342e-04   8.586450e-19   336
  3.194167e-01   1.691671e-17   1.931178e-04   7.537981e-19   480
  3.203808e-01   1.710554e-17   4.238553e-09   2.002261e-18   72
  3.209194e-01   1.753733e-17   1.883074e-04   1.097071e-18   240
  3.216520e-01   1.572072e-17   1.769831e-04   9.171070e-19   312
  3.224917e-01   1.510891e-17   1.912763e-04   1.047776e-18   240
  3.237607e-01   1.676441e-17   1.453205e-04   8.133352e-19   408
  3.242630e-01   1.584381e-17   1.330785e-04   9.092988e-19   336
  3.252448e-01   1.685707e-17   1.689770e-04   1.202031e-18   264
  3.257273e-01   2.048644e-17   0.000000e+00   1.703213e-18   144
  3.270696e-01   1.690922e-17   2.342121e-04   7.997784e-19   464
  3.277768e-01   1.315413e-17   1.862466e-04   9.405653e-19   168
  3.284751e-01   2.118147e-17   1.696301e-04   1.120025e-18   336
  3.297371e-01   1.669467e-17   1.782296e-04   8.411779e-19   414
  3.304484e-01   1.873731e-17   1.855264e-04   1.173604e-18   216
  3.313598e-01   1.688060e-17   4.495664e-09   1.675690e-18   96
  3.317320e-01   1.675472e-17   1.101208e-08   7.557134e-19   384
  3.330355e-01   1.799686e-17   1.851680e-04   8.908268e-19   492
  3.337341e-01   1.417384e-17   1.810784e-04   8.603157e-19   240
  3.345237e-01   1.448889e-17   1.838580e-04   8.263428e-19   312
  3.356141e-01   1.799763e-17   1.837975e-04   1.419541e-18   192
  3.363048e-01   1.782732e-17   1.781220e-04   8.069735e-19   504
  3.372212e-01   1.713741e-17   1.179198e-04   8.623546e-19   408
  3.379427e-01   1.982107e-17   3.612619e-04   1.548225e-18   168
  3.388456e-01   1.582827e-17   1.716026e-04   1.011267e-18   288
  3.396033e-01   1.646893e-17   1.790820e-04   1.100035e-18   288
  3.403794e-01   1.806766e-17   1.801128e-04   8.822084e-19   432
  3.415052e-01   1.914012e-17   1.703267e-04   1.280751e-18   216
  3.421068e-01   1.779587e-17   1.699674e-04   8.443254e-19   360
  3.431777e-01   1.914167e-17   1.658865e-04   1.078423e-18   312
  3.441442e-01   2.041728e-17   0.000000e+00   3.225925e-18   48
  3.447014e-01   1.778319e-17   1.778543e-04   8.826492e-19   432
  3.456992e-01   1.681482e-17   2.966627e-04   7.839038e-19   414
  3.462885e-01   1.719808e-17   6.776666e-09   9.572263e-19   312
  3.473878e-01   1.885529e-17   2.603051e-04   7.934711e-19   528
  3.481296e-01   1.892319e-17   1.366381e-04   1.178791e-18   264
  3.490209e-01   1.728673e-17   1.620153e-04   8.539760e-19   480
  3.501854e-01   1.793427e-17   0.000000e+00   9.488790e-19   288
  3.506883e-01   1.879920e-17   1.740804e-04   1.535512e-18   168
  3.516084e-01   1.841196e-17   2.755688e-04   7.691837e-19   504
  3.526429e-01   2.007019e-17   4.238553e-09   1.429172e-18   144
  3.532937e-01   1.756862e-17   1.769812e-04   8.062460e-19   464
  3.542716e-01   1.593777e-17   2.597299e-04   7.469629e-19   432
  3.547358e-01   2.088797e-17   4.495664e-09   1.453509e-18   192
  3.559351e-01   1.717016e-17   1.925466e-04   7.652116e-19   396
  3.566434e-01   1.835599e-17   1.729600e-04   1.098042e-18   288
  3.573592e-01   1.879045e-17   1.708549e-04   1.023797e-18   336
  3.585027e-01   1.757603e-17   1.081887e-04   7.609940e-19   432
  3.592283e-01   1.897935e-17   2.804101e-04   9.321258e-19   360
  3.600431e-01   1.890427e-17   1.658667e-04   9.071440e-19   384
  3.612003e-01   1.594449e-17   1.464092e-04   1.227175e-18   198
  3.617579e-01   1.857005e-17   1.664197e-04   7.100195e-19   552
  3.627976e-01   1.547693e-17   2.329761e-04   8.151726e-19   432
  3.636656e-01   2.044572e-17   8.899106e-09   1.537947e-18   168
  3.643942e-01   1.887836e-17   2.888052e-04   8.407258e-19   480
  3.653579e-01   1.423846e-17   0.000000e+00   1.292467e-18   120
  3.657917e-01   1.758571e-17   2.358836e-04   1.057199e-18   336
  3.668502e-01   1.933232e-17   1.664122e-04   6.762583e-19   672
  3.678969e-01   1.921000e-17   2.420693e-04   8.675585e-19   528
  3.683844e-01   1.825092e-17   7.266090e-09   1.161321e-18   168
  3.695106e-01   1.911202e-17   2.700266e-04   8.368776e-19   456
  3.701979e-01   2.133363e-17   1.649075e-04   1.901247e-18   168
  3.709113e-01   1.963987e-17   1.646115e-04   9.527567e-19   504
  3.720973e-01   1.872413e-17   2.118297e-04   1.037837e-18   336
  3.728144e-01   2.128007e-17   1.527042e-04   1.172900e-18   312
  3.736099e-01   2.018355e-17   1.492023e-04   8.848451e-19   504
  3.746568e-01   1.935962e-17   1.035207e-04   8.199738e-19   432
  3.751490e-01   1.771127e-17   1.599738e-04   1.019882e-18   312
  3.761721e-01   1.869949e-17   1.639809e-04   8.572235e-19   384
  3.772403e-01   2.146651e-17   1.393208e-04   1.985866e-18   126
  3.778999e-01   1.964235e-17   2.446141e-04   9.800750e-19   492
  3.787423e-01   2.013979e-17   1.566756e-04   8.265408e-19   528
  3.797950e-01   1.913243e-17   1.591488e-04   8.267148e-19   480
  3.804477e-01   2.030120e-17   2.198632e-04   9.395624e-19   432
  3.813922e-01   2.147259e-17   1.728933e-04   9.696385e-19   440
  3.824891e-01   1.909637e-17   8.597912e-05   1.100870e-18   312
  3.829007e-01   2.100787e-17   1.288469e-04   1.144828e-18   480
  3.837450e-01   1.926840e-17   2.522797e-04   9.942813e-19   408
  3.849786e-01   1.949396e-17   1.510870e-04   9.677646e-19   360
  3.854998e-01   1.911827e-17   1.457935e-04   9.523030e-19   408
  3.864656e-01   1.938884e-17   1.483633e-04   8.774183e-19   456
  3.875531e-01   2.073268e-17   1.417988e-04   1.222241e-18   264
  3.881567e-01   1.902870e-17   1.538873e-04   1.018780e-18   384
  3.890354e-01   2.022626e-17   2.590801e-04   7.950122e-19   672
  3.900512e-01   1.958425e-17   1.549634e-04   1.278219e-18   240
  3.906373e-01   2.065867e-17   1.572490e-04   1.197331e-18   264
  3.914646e-01   1.812783e-17   1.939407e-04   7.803830e-19   624
  3.926991e-01   2.253753e-17   0.000000e+00   1.736186e-18   150
  3.931386e-01   2.136852e-17   2.173259e-04   9.372612e-19   600
  3.940655e-01   1.846904e-17   1.499928e-04   7.710521e-19   672
  3.951151e-01   2.038906e-17   1.410788e-04   1.185970e-18   336
  3.956998e-01   2.068469e-17   1.534526e-04   1.034730e-18   408
  3.966340e-01   1.937841e-17   1.530911e-04   9.540405e-19   408
  3.976732e-01   1.854502e-17   7.741108e-05   9.482837e-19   360
  3.983137e-01   2.097981e-17   2.842286e-04   9.762297e-19   456
  3.990874e-01   1.943869e-17   1.545652e-04   8.782799e-19   384
  4.000722e-01   2.348882e-17   1.426833e-04   1.175770e-18   348
  4.006044e-01   2.012507e-17   1.759003e-04   8.366427e-19   576
  4.016040e-01   2.090078e-17   1.448308e-04   9.633459e-19   504
  4.026266e-01   2.043308e-17   2.042754e-04   9.347324e-19   432
  4.035193e-01   1.887997e-17   2.779157e-04   7.500145e-19   576
  4.041559e-01   2.034733e-17   0.000000e+00   1.177191e-18   264
  4.051657e-01   2.068926e-17   2.211515e-04   7.149075e-19   768
  4.060439e-01   2.458185e-17   2.977401e-04   1.647076e-18   240
  4.067421e-01   1.981954e-17   2.625786e-04   1.514994e-18   192
  4.077592e-01   1.993757e-17   1.932899e-04   8.307950e-19   504
  4.085134e-01   1.883847e-17   2.604655e-04   7.754462e-19   590
  4.092368e-01   1.957951e-17   2.918373e-04   9.684349e-19   384
  4.101438e-01   2.071328e-17   2.438900e-04   9.294889e-19   504
  4.112389e-01   2.193150e-17   2.347064e-04   8.052828e-19   648
  4.123011e-01   2.103243e-17   6.374317e-05   9.144098e-19   504
  4.127294e-01   2.176640e-17   1.454101e-04   1.116704e-18   312
  4.134855e-01   1.898917e-17   2.095003e-04   7.197127e-19   576
  4.145236e-01   2.025213e-17   1.457924e-04   1.269281e-18   240
  4.151287e-01   1.987126e-17   1.473162e-04   8.071154e-19   552
  4.159853e-01   2.180217e-17   1.383265e-04   8.662031e-19   600
  4.172054e-01   2.041795e-17   1.689549e-04   7.434461e-19   600
  4.179389e-01   2.255895e-17   2.705679e-04   1.330094e-18   312
  4.186695e-01   2.213226e-17   2.356379e-04   9.704380e-19   480
  4.195820e-01   2.288272e-17   1.470154e-04   9.259887e-19   576
  4.203854e-01   2.194386e-17   2.367268e-04   1.107931e-18   408
  4.210983e-01   2.228392e-17   2.761527e-04   1.376227e-18   216
  4.220194e-01   1.862214e-17   2.115019e-04   8.341992e-19   516
  4.230063e-01   2.251156e-17   2.017943e-04   8.819371e-19   744
  4.240243e-01   2.105662e-17   1.347808e-04   9.696072e-19   462
  4.245995e-01   2.270945e-17   1.369852e-04   1.107370e-18   432
  4.254918e-01   2.289323e-17   1.270838e-04   8.110290e-19   648
  4.265409e-01   2.329275e-17   1.859472e-04   9.609983e-19   528
  4.273836e-01   1.992141e-17   2.239269e-04   8.321545e-19   600
  4.282256e-01   1.998762e-17   2.823132e-04   1.514405e-18   240
  4.290411e-01   2.061193e-17   2.162492e-04   7.473318e-19   720
  4.299890e-01   2.350380e-17   1.710922e-04   8.296711e-19   720
  4.310398e-01   1.936600e-17   0.000000e+00   1.425609e-18   144
  4.315927e-01   2.039579e-17   2.205891e-04   7.295120e-19   720
  4.323793e-01   2.502544e-17   1.322696e-04   1.364760e-18   384
  4.333641e-01   2.166433e-17   1.466278e-04   8.353138e-19   672
  4.342984e-01   2.197816e-17   2.567292e-04   1.149112e-18   336
  4.347447e-01   2.471268e-17   0.000000e+00   1.506483e-18   288
  4.358374e-01   2.148327e-17   2.031840e-04   7.472607e-19   776
  4.368489e-01   2.376721e-17   1.738547e-04   9.009343e-19   720
  4.376985e-01   2.292820e-17   1.400528e-04   1.185222e-18   432
  4.383780e-01   2.224578e-17   1.996629e-04   1.186246e-18   504
  4.391339e-01   2.114734e-17   1.398922e-04   9.370018e-19   528
  4.401917e-01   2.255074e-17   1.905949e-04   1.046102e-18   438
  4.410618e-01   2.053006e-17   2.218350e-04   8.263918e-19   624
  4.417176e-01   2.412746e-17   2.717180e-04   1.310534e-18   312
  4.426191e-01   2.271454e-17   1.463948e-04   8.133945e-19   696
  4.435512e-01   2.203394e-17   1.324608e-04   9.350301e-19   552
  4.445207e-01   2.064331e-17   1.024805e-04   8.443075e-19   516
  4.451205e-01   2.165916e-17   2.046970e-04   8.846458e-19   528
  4.458506e-01   2.188780e-17   1.331200e-04   1.015723e-18   528
  4.468878e-01   2.217539e-17   1.755583e-04   7.829151e-19   864
  4.475918e-01   1.992931e-17   2.404788e-04   9.278525e-19   408
  4.482965e-01   2.197239e-17   2.382549e-04   1.470825e-18   192
  4.492953e-01   2.295765e-17   1.971674e-04   8.421874e-19   720
  4.501385e-01   2.028130e-17   1.817980e-04   7.187885e-19   696
  4.511404e-01   2.297387e-17   1.963435e-04   8.254492e-19   720
  4.520570e-01   2.174643e-17   2.661201e-04   1.037071e-18   432
  4.525916e-01   2.049742e-17   1.566487e-04   1.248299e-18   264
  4.535534e-01   2.311105e-17   2.163249e-04   8.461167e-19   672
  4.544137e-01   2.279435e-17   2.214835e-04   9.048614e-19   600
  4.554346e-01   2.254021e-17   1.296784e-04   1.438904e-18   270
  4.559493e-01   2.253528e-17   1.952021e-04   1.000726e-18   528
  4.567673e-01   2.490176e-17   1.336675e-04   9.415207e-19   840
  4.578890e-01   2.344354e-17   2.555961e-04   8.117808e-19   888
  4.589254e-01   2.294105e-17   1.904380e-04   8.931709e-19   744
  4.598014e-01   2.525481e-17   9.785730e-05   1.245162e-18   456
  4.602370e-01   2.185231e-17   1.337280e-04   1.036234e-18   360
  4.609825e-01   2.273237e-17   1.158678e-04   1.065817e-18   384
  4.621264e-01   2.428162e-17   1.858509e-04   8.645850e-19   816
  4.629847e-01   2.429015e-17   2.696437e-04   8.163587e-19   824
  4.640279e-01   2.376186e-17   1.253432e-04   1.295657e-18   360
  4.645865e-01   2.700587e-17   1.849595e-04   1.103237e-18   624
  4.653553e-01   2.109379e-17   1.249856e-04   1.030575e-18   360
  4.663795e-01   2.408935e-17   1.700172e-04   7.955794e-19   876
  4.673045e-01   2.269768e-17   2.019296e-04   9.349670e-19   696
  4.682373e-01   2.570991e-17   1.303928e-04   1.378592e-18   336
  4.687264e-01   2.558365e-17   1.302463e-04   1.188317e-18   504
  4.695341e-01   2.395144e-17   1.313750e-04   8.706693e-19   672
  4.707324e-01   2.254391e-17   2.615370e-04   8.355017e-19   720
  4.715635e-01   2.216459e-17   1.975633e-04   8.795229e-19   774
  4.724808e-01   2.419314e-17   1.130801e-04   1.155425e-18   384
  4.729612e-01   2.399340e-17   2.176147e-04   1.058890e-18   528
  4.737068e-01   2.450838e-17   2.073989e-04   8.784934e-19   744
  4.749062e-01   2.500386e-17   1.710601e-04   8.865136e-19   768
  4.757025e-01   2.442091e-17   1.920278e-04   1.011636e-18   552
  4.766960e-01   2.295813e-17   2.092886e-04   8.750329e-19   696
  4.774351e-01   2.562525e-17   2.543221e-04   1.344665e-18   408
  4.780218e-01   2.382939e-17   1.098692e-04   1.072769e-18   504
  4.789519e-01   2.330596e-17   1.973758e-04   8.280532e-19   888
  4.798671e-01   2.270102e-17   2.051305e-04   8.900454e-19   648
  4.808184e-01   2.345585e-17   2.033722e-04   9.718493e-19   648
  4.817134e-01   2.436714e-17   2.192851e-04   8.573152e-19   792
  4.826614e-01   2.364887e-17   3.208291e-04   9.612668e-19   600
  4.833600e-01   2.305353e-17   2.174285e-04   1.095432e-18   456
  4.840953e-01   2.503665e-17   1.059654e-04   9.637035e-19   648
  4.850397e-01   2.324275e-17   2.066479e-04   7.391727e-19   936
  4.860593e-01   2.370497e-17   1.269084e-04   1.126863e-18   384
  4.869469e-01   4.298838e-48   0.000000e+00   3.469837e-49   198
  4.876318e-01   5.249833e-48   3.219776e-04   1.867348e-49   1224
  4.883707e-01   5.711546e-48   2.344988e-04   4.249822e-49   420
  4.892446e-01   5.518401e-48   2.269458e-04   2.661006e-49   792
  4.900991e-01   5.486162e-48   1.876648e-04   2.348294e-49   680
  4.910742e-01   4.852174e-48   1.723226e-04   2.718755e-49   600
  4.918588e-01   4.979710e-48   2.499151e-04   1.869616e-49   840
  4.929064e-01   5.498498e-48   1.179983e-04   3.094460e-49   432
  4.933067e-01   5.126621e-48   1.105800e-04   2.319691e-49   720
  4.941771e-01   5.028749e-48   2.214723e-04   1.839910e-49   960
  4.952596e-01   5.358864e-48   1.974263e-04   3.301460e-49   528
  4.960507e-01   4.975706e-48   2.018074e-04   2.226471e-49   624
  4.969923e-01   4.698441e-48   1.586192e-04   1.763211e-49   816
  4.979269e-01   4.982964e-48   2.608527e-04   1.968245e-49   696
  4.989597e-01   4.411492e-48   1.438612e-08   2.480907e-49   240
  4.993481e-01   4.951660e-48   1.538310e-04   2.183466e-49   672
  5.002149e-01   5.351200e-48   2.749181e-04   2.057166e-49   864
  5.011872e-01   5.144808e-48   2.109550e-04   1.981516e-49   816
  5.020636e-01   4.924698e-48   1.207434e-04   2.069150e-49   648
  5.030076e-01   5.781567e-48   1.234217e-04   2.257231e-49   843
  5.038089e-01   5.260603e-48   2.220660e-04   2.130059e-49   780
  5.047639e-01   5.100750e-48   1.191565e-04   4.446297e-49   216
  5.053529e-01   5.258954e-48   2.873328e-04   2.109596e-49   1056
  5.062588e-01   5.283865e-48   2.350705e-04   3.438731e-49   228
  5.070976e-01   5.425911e-48   2.926687e-04   1.988561e-49   924
  5.079587e-01   5.217558e-48   1.085637e-04   2.303391e-49   696
  5.088706e-01   5.442168e-48   1.932122e-04   1.991205e-49   996
  5.098035e-01   5.388484e-48   1.140687e-04   2.713071e-49   576
  5.107740e-01   4.737635e-48   1.760574e-04   2.116292e-49   552
  5.114815e-01   5.407425e-48   2.102064e-04   2.882124e-49   516
  5.121995e-01   4.940619e-48   3.056837e-04   1.854525e-49   744
  5.130199e-01   4.988157e-48   1.499561e-04   2.558205e-49   576
  5.137336e-01   5.166111e-48   1.543428e-04   2.529630e-49   792
  5.147477e-01   4.805537e-48   1.764424e-04   1.724162e-49   792
  5.154909e-01   5.212568e-48   1.902913e-04   2.297314e-49   720
  5.164960e-01   5.287628e-48   2.168883e-04   2.619012e-49   656
  5.174379e-01   5.187291e-48   2.368308e-04   2.144491e-49   816
  5.184034e-01   4.752773e-48   1.276952e-04   2.509189e-49   492
  5.189522e-01   5.337136e-48   1.836985e-04   2.688257e-49   552
  5.199822e-01   4.851873e-48   3.194294e-04   1.848959e-49   780
  5.206511e-01   4.756692e-48   1.962217e-04   2.088260e-49   528
  5.213718e-01   5.563401e-48   2.290504e-04   2.228497e-49   600
  5.224340e-01   4.949705e-48   1.903590e-04   1.844619e-49   900
  5.231662e-01   5.601308e-48   1.053860e-04   3.069427e-49   696
  5.241734e-01   5.418606e-48   2.664725e-04   2.441244e-49   696
  5.251479e-01   5.491785e-48   1.081054e-04   2.799678e-49   552
  5.259673e-01   5.542226e-48   1.257166e-04   2.521475e-49   708
  5.268258e-01   5.148548e-48   2.075652e-04   1.679239e-49   876
  5.277190e-01   5.219497e-48   1.102130e-04   3.746903e-49   216
  5.283184e-01   5.509923e-48   3.014475e-04   1.921726e-49   1032
  5.292161e-01   5.660665e-48   3.356286e-04   2.439506e-49   600
  5.301478e-01   4.849969e-48   1.601495e-04   2.091263e-49   600
  5.308585e-01   5.820498e-48   2.828090e-04   3.650786e-49   528
  5.316987e-01   5.304349e-48   1.552497e-04   2.198212e-49   732
  5.325837e-01   5.002674e-48   1.146378e-04   2.989151e-49   336
  5.336024e-01   5.472869e-48   1.633817e-04   2.138514e-49   912
  5.343638e-01   5.346275e-48   1.639857e-04   2.294218e-49   624
  5.351957e-01   5.368325e-48   1.381873e-04   2.032020e-49   768
  5.361666e-01   5.510361e-48   2.493171e-04   2.072553e-49   792
  5.371196e-01   5.000085e-48   1.236011e-04   2.097534e-49   660
  5.377977e-01   4.918823e-48   1.821461e-04   2.452291e-49   504
  5.384990e-01   5.576903e-48   2.975919e-04   2.861872e-49   480
  5.395501e-01   5.627274e-48   2.752337e-04   2.128677e-49   912
  5.403731e-01   5.570762e-48   3.065154e-04   2.599862e-49   432
  5.411504e-01   5.643432e-48   1.820016e-04   2.762810e-49   564
  5.418405e-01   5.727818e-48   1.742006e-04   2.822700e-49   600
  5.428119e-01   5.643498e-48   2.428192e-04   2.321247e-49   876
  5.435417e-01   5.862896e-48   1.091788e-04   4.228512e-49   264
  5.445477e-01   5.815353e-48   2.118499e-04   2.704441e-49   560
  5.453563e-01   6.283888e-48   1.439565e-04   2.129355e-49   840
  5.463378e-01   5.549467e-48   2.219395e-04   1.902776e-49   1008
  5.472454e-01   5.638684e-48   9.928084e-05   2.955967e-49   456
  5.480744e-01   5.800223e-48   1.286043e-04   2.582116e-49   576
  5.488407e-01   6.293398e-48   1.976142e-04   2.619425e-49   612
  5.498512e-01   5.622401e-48   1.765015e-04   2.284623e-49   780
  5.506755e-01   5.678991e-48   2.022627e-04   2.651907e-49   648
  5.515194e-01   4.402307e-48   9.425702e-05   2.337014e-49   312
  5.520587e-01   5.335490e-48   2.394916e-04   2.596477e-49   528
  5.529931e-01   5.573318e-48   3.127641e-04   2.463331e-49   720
  5.538866e-01   5.599932e-48   3.137436e-04   2.461492e-49   576
  5.549699e-01   5.344535e-48   2.706443e-04   2.641211e-49   444
  5.556439e-01   5.641143e-48   2.654148e-04   1.994396e-49   996
  5.564699e-01   5.256988e-48   2.217012e-04   2.398264e-49   432
  5.572506e-01   5.908583e-48   2.427192e-04   2.965934e-49   504
  5.579250e-01   6.209214e-48   1.094306e-04   3.093757e-49   504
  5.588852e-01   5.471174e-48   2.153608e-04   2.029330e-49   876
  5.597541e-01   6.802053e-48   2.478597e-04   3.267894e-49   504
  5.606589e-01   5.559518e-48   1.580720e-04   2.223933e-49   696
  5.614066e-01   6.120424e-48   1.351349e-04   2.802027e-49   492
  5.624240e-01   6.558865e-48   1.934522e-04   3.489564e-49   432
  5.631776e-01   5.650094e-48   1.811468e-04   2.561316e-49   768
  5.640708e-01   6.367265e-48   2.256427e-04   2.632445e-49   648
  5.649237e-01   5.632074e-48   1.472076e-04   2.660700e-49   456
  5.659038e-01   6.659105e-48   2.024344e-04   3.822348e-49   552
  5.665845e-01   5.721061e-48   1.387487e-04   2.407896e-49   648
  5.675213e-01   6.123751e-48   2.261525e-04   2.318264e-49   840
  5.684363e-01   6.202768e-48   1.078474e-04   3.667101e-49   432
  5.693524e-01   6.633249e-48   1.320946e-04   2.851741e-49   600
  5.699896e-01   6.062473e-48   1.407382e-04   3.293619e-49   432
  5.710598e-01   6.193280e-48   1.401185e-04   3.060732e-49   560
  5.717846e-01   6.074116e-48   2.217929e-04   2.381318e-49   840
  5.726922e-01   5.771702e-48   1.313712e-04   2.959966e-49   504
  5.734129e-01   6.197424e-48   2.681208e-04   2.713644e-49   696
  5.744289e-01   6.185407e-48   1.464380e-04   3.439281e-49   384
  5.752203e-01   5.892339e-48   2.145144e-04   2.170077e-49   576
  5.761776e-01   6.473725e-48   1.323876e-04   3.778498e-49   360
  5.769491e-01   5.903866e-48   1.971572e-04   2.297900e-49   828
  5.777814e-01   5.619880e-48   1.756051e-04   3.077161e-49   372
  5.785440e-01   6.531053e-48   2.681827e-04   3.223927e-49   576
  5.795542e-01   6.073127e-48   1.123146e-04   2.689802e-49   636
  5.802740e-01   6.456397e-48   2.165136e-04   2.425757e-49   648
  5.812477e-01   5.608643e-48   1.760019e-04   2.641914e-49   576
  5.819467e-01   6.168280e-48   2.839096e-04   3.725316e-49   528
  5.828762e-01   6.135946e-48   1.213831e-04   3.261047e-49   360
  5.836457e-01   6.162628e-48   2.792266e-04   2.495607e-49   672
  5.846504e-01   5.409281e-48   1.430245e-04   1.896235e-49   804
  5.854866e-01   6.950609e-48   1.577731e-04   3.849908e-49   408
  5.864116e-01   5.855870e-48   9.752092e-05   3.576990e-49   384
  5.870345e-01   6.437511e-48   2.231653e-04   3.391146e-49   480
  5.879130e-01   6.033686e-48   1.441975e-04   3.175765e-49   432
  5.887557e-01   7.039254e-48   2.657252e-04   3.432064e-49   648
  5.897530e-01   6.996929e-48   1.648813e-04   3.135237e-49   624
  5.904826e-01   5.854062e-48   1.499734e-04   3.123585e-49   456
  5.914788e-01   6.537911e-48   2.048770e-04   3.164041e-49   588
  5.921465e-01   6.437818e-48   1.307107e-04   2.881329e-49   600
  5.931212e-01   5.810582e-48   2.038766e-04   2.283141e-49   708
  5.938912e-01   6.021028e-48   1.284383e-04   3.381960e-49   360
  5.947420e-01   6.916396e-48   1.476433e-04   3.323638e-49   552
  5.955576e-01   7.375985e-48   1.035752e-04   4.017173e-49   288
  5.963856e-01   6.589671e-48   1.947498e-04   3.637446e-49   528
  5.971636e-01   6.302363e-48   1.313872e-04   3.158366e-49   456
  5.980328e-01   6.131847e-48   2.329780e-04   2.496433e-49   608
  5.989070e-01   6.510039e-48   1.127174e-04   3.077992e-49   504
  5.998623e-01   5.960096e-48   2.419978e-04   2.505651e-49   540
  6.006113e-01   6.516874e-48   2.597778e-04   3.828549e-49   360
  6.014188e-01   6.331126e-48   1.176407e-04   3.248480e-49   540
  6.021329e-01   6.262679e-48   1.010085e-04   2.708195e-49   576
  6.031714e-01   5.895743e-48   2.342044e-04   2.609720e-49   588
  6.041588e-01   6.292247e-48   3.231314e-04   2.734145e-49   672
  6.050070e-01   6.704667e-48   2.469721e-04   2.909828e-49   552
  6.056908e-01   6.157193e-48   2.470970e-04   5.367555e-49   144
  6.065633e-01   6.643758e-48   2.099342e-04   3.495446e-49   600
  6.073906e-01   7.185835e-48   2.630934e-04   3.936464e-49   504
  6.083088e-01   6.997763e-48   2.702501e-04   3.810563e-49   336
  6.092745e-01   6.085256e-48   3.037623e-04   2.600361e-49   600
  6.101395e-01   6.876495e-48   1.960382e-04   2.863144e-49   636
  6.110731e-01   6.573223e-48   1.576165e-04   3.647544e-49   384
  6.117276e-01   6.966211e-48   2.198564e-04   3.543166e-49   504
  6.126710e-01   5.567334e-48   9.227064e-05   3.692232e-49   240
  6.134155e-01   6.693867e-48   2.167569e-04   2.941909e-49   744
  6.143088e-01   6.925160e-48   1.480120e-04   3.051165e-49   648
  6.151027e-01   6.891885e-48   9.825476e-05   6.461419e-49   120
  6.160331e-01   6.842205e-48   1.543455e-04   2.903083e-49   564
  6.167362e-01   7.549290e-48   2.424089e-04   4.900477e-49   432
  6.176746e-01   7.002258e-48   1.881572e-04   3.481913e-49   480
  6.183811e-01   6.404595e-48   1.384885e-04   3.861182e-49   456
  6.192152e-01   6.625522e-48   2.291780e-04   3.358281e-49   444
  6.201616e-01   7.249445e-48   3.506544e-04   3.463568e-49   528
  6.209930e-01   5.862416e-48   2.604238e-04   3.823957e-49   264
  6.217998e-01   6.737588e-48   2.668956e-04   3.571150e-49   444
  6.228852e-01   6.999469e-48   2.923449e-04   2.735243e-49   696
  6.237861e-01   7.065356e-48   1.563558e-04   4.372269e-49   384
  6.244450e-01   6.620148e-48   1.975687e-04   3.201284e-49   432
  6.254698e-01   6.843649e-48   1.365107e-04   3.102663e-49   488
  6.261352e-01   6.956530e-48   2.057386e-04   3.679782e-49   480
  6.270999e-01   6.845583e-48   2.294412e-04   3.311905e-49   480
  6.278471e-01   6.570458e-48   9.626648e-05   4.806190e-49   240
  6.286954e-01   6.286516e-48   2.248709e-04   2.730563e-49   600
  6.294955e-01   7.505986e-48   1.959519e-04   5.210877e-49   288
  6.303474e-01   6.105148e-48   1.884914e-04   3.677785e-49   480
  6.312103e-01   6.959381e-48   3.352926e-04   3.237666e-49   504
  6.320598e-01   6.883847e-48   1.438614e-04   4.935052e-49   216
  6.331433e-01   6.805757e-48   2.355240e-04   3.293846e-49   504
  6.339871e-01   7.217899e-48   1.894329e-04   4.055074e-49   456
  6.349107e-01   7.161750e-48   1.086430e-04   3.739022e-49   384
  6.355225e-01   6.541333e-48   2.205061e-04   3.081566e-49   480
  6.363918e-01   7.091221e-48   1.936290e-04   3.429994e-49   504
  6.371972e-01   7.424867e-48   1.228262e-04   4.493644e-49   312
  6.380652e-01   6.978586e-48   1.979302e-04   3.531602e-49   492
  6.388334e-01   7.459799e-48   1.855135e-04   4.980405e-49   312
  6.398223e-01   6.669638e-48   3.013519e-04   2.722802e-49   576
  6.406929e-01   7.067261e-48   2.781722e-04   3.605293e-49   336
  6.414159e-01   6.815351e-48   2.141797e-04   4.891682e-49   240
  6.424183e-01   7.172698e-48   2.839481e-04   3.907183e-49   468
  6.432837e-01   6.999005e-48   1.777925e-04   4.547821e-49   192
  6.441896e-01   6.324255e-48   1.783224e-04   3.763940e-49   324
  6.448535e-01   7.034491e-48   1.294235e-04   2.899689e-49   600
  6.457583e-01   8.248674e-48   2.099764e-04   4.426089e-49   456
  6.464302e-01   7.575526e-48   9.444737e-05   5.109100e-49   336
  6.475438e-01   7.316134e-48   2.828021e-04   3.275146e-49   612
  6.483539e-01   7.730934e-48   2.373399e-04   7.017700e-49   144
  6.491201e-01   6.421794e-48   2.770366e-04   3.046958e-49   552
  6.501620e-01   7.898722e-48   1.091004e-04   5.367516e-49   264
  6.507507e-01   8.242437e-48   2.525953e-04   4.483545e-49   336
  6.516793e-01   7.106461e-48   1.669063e-04   3.930094e-49   384
  6.524847e-01   7.165625e-48   9.395175e-05   6.427973e-49   216
  6.533762e-01   6.758407e-48   1.991971e-04   4.147090e-49   344
  6.541891e-01   6.778311e-48   2.972114e-04   3.297058e-49   408
  6.551797e-01   6.190446e-48   2.283876e-04   3.698685e-49   264
  6.560575e-01   7.556940e-48   3.183837e-04   3.282625e-49   612
  6.569345e-01   7.673982e-48   1.638646e-04   4.328905e-49   408
  6.578364e-01   8.511775e-48   1.641001e-04   4.607350e-49   444
  6.584991e-01   9.159426e-48   9.177996e-05   7.021183e-49   120
  6.593870e-01   8.383816e-48   2.535712e-04   4.951001e-49   336
  6.600460e-01   7.782382e-48   8.811499e-05   4.951899e-49   288
  6.609366e-01   7.646060e-48   2.742154e-04   3.469053e-49   552
  6.621610e-01   1.039859e-47   0.000000e+00   1.508623e-48   72
  6.627906e-01   7.726687e-48   2.723657e-04   4.572363e-49   504
  6.635259e-01   6.896902e-48   8.764464e-05   5.020398e-49   216
  6.644787e-01   7.448883e-48   1.564835e-04   4.628242e-49   312
  6.653340e-01   7.810636e-48   1.781811e-04   3.878826e-49   336
  6.661492e-01   7.133791e-48   2.469789e-04   5.380970e-49   204
  6.669611e-01   7.836336e-48   2.870270e-04   3.600020e-49   504
  6.678221e-01   7.886802e-48   2.733322e-04   4.002717e-49   396
  6.686501e-01   7.934850e-48   2.506599e-04   5.023198e-49   312
  6.696540e-01   7.561828e-48   1.531800e-04   5.528158e-49   216
  6.703613e-01   7.385024e-48   8.313373e-05   8.229015e-49   168
  6.712208e-01   7.735412e-48   2.099173e-04   3.138715e-49   588
  6.722017e-01   7.821641e-48   2.849381e-04   5.922312e-49   240
  6.729637e-01   8.599999e-48   2.516481e-04   5.843244e-49   264
  6.738575e-01   7.289196e-48   3.112147e-04   4.187740e-49   288
  6.746505e-01   7.431477e-48   1.554077e-04   4.664762e-49   288
  6.756555e-01   8.883694e-48   1.459525e-04   5.540869e-49   288
  6.763322e-01   7.876277e-48   1.690738e-04   4.926537e-49   192
  6.771836e-01   7.099285e-48   1.799115e-04   4.390517e-49   264
  6.779946e-01   8.472964e-48   2.959295e-04   5.123199e-49   372
  6.788675e-01   7.737301e-48   3.196167e-04   4.333632e-49   360
  6.799329e-01   8.573899e-48   1.352648e-04   8.829712e-49   144
  6.804835e-01   7.739464e-48   1.878769e-04   5.035225e-49   296
  6.813527e-01   6.854722e-48   2.024276e-04   4.159046e-49   288
  6.823478e-01   7.194262e-48   3.025230e-04   3.280532e-49   480
  6.832061e-01   8.176296e-48   2.513677e-04   6.546041e-49   192
  6.840407e-01   7.252096e-48   2.696262e-04   5.607903e-49   192
  6.847993e-01   7.599711e-48   1.718359e-04   5.273237e-49   288
  6.858544e-01   7.249042e-48   1.495808e-04   7.060586e-49   108
  6.863859e-01   8.163308e-48   1.438036e-04   5.128430e-49   240
  6.873243e-01   8.028820e-48   2.682690e-04   4.390792e-49   384
  6.882884e-01   1.125803e-47   3.272578e-04   1.126576e-48   108
  6.891409e-01   7.758977e-48   1.918773e-04   4.493725e-49   348
  6.900373e-01   7.401358e-48   2.002507e-04   3.850506e-49   312
  6.908379e-01   9.993665e-48   1.945855e-04   1.097206e-48   96
  6.915741e-01   7.014661e-48   2.590555e-04   3.313853e-49   384
  6.923987e-01   7.685046e-48   1.781778e-04   6.414250e-49   144
  6.932053e-01   8.242408e-48   2.737780e-04   4.227503e-49   408
  6.942079e-01   7.850689e-48   1.221243e-04   6.022944e-49   144
  6.951550e-01   7.934719e-48   2.347853e-04   5.570795e-49   192
  6.957167e-01   7.339293e-48   2.642552e-04   8.149250e-49   144
  6.966323e-01   1.043489e-47   2.148492e-04   8.789950e-49   144
  6.974962e-01   7.756744e-48   2.625805e-04   5.324782e-49   336
  6.985541e-01   6.643377e-48   1.942763e-04   3.707318e-49   240
  6.992249e-01   7.777190e-48   8.821915e-05   7.343620e-49   96
  7.001605e-01   8.010817e-48   2.587043e-04   4.130726e-49   372
  7.011070e-01   6.320511e-48   3.077232e-04   4.745602e-49   132
  7.019384e-01   8.376851e-48   1.904154e-04   4.965140e-49   264
  7.026821e-01   8.872320e-48   1.462304e-04   5.764187e-49   168
  7.034759e-01   9.133815e-48   2.337943e-04   6.574393e-49   216
  7.041771e-01   8.309981e-48   1.430383e-04   5.138664e-49   216
  7.051983e-01   8.312762e-48   2.624157e-04   7.425553e-49   96
  7.061249e-01   6.442232e-48   1.712023e-04   4.974652e-49   120
  7.069747e-01   8.236275e-48   2.176463e-04   5.952664e-49   216
  7.076747e-01   8.903630e-48   9.511215e-05   6.060262e-49   200
  7.086015e-01   7.724550e-48   2.462045e-04   4.836455e-49   288
  7.097902e-01   8.716542e-48   6.478119e-05   7.414848e-49   144
  7.102908e-01   9.411830e-48   2.015951e-04   6.831140e-49   168
  7.113130e-01   7.217508e-48   2.268765e-04   6.373047e-49   159
  7.121109e-01   8.735994e-48   2.380480e-04   6.658558e-49   174
  7.128831e-01   8.720964e-48   2.158536e-04   8.615109e-49   144
  7.138943e-01   8.339683e-48   1.246398e-04   5.369511e-49   222
  7.145705e-01   7.442121e-48   1.257726e-04   6.696046e-49   168
  7.157386e-01   9.063129e-48   2.758677e-04   1.697714e-48   30
  7.162211e-01   9.985179e-48   2.435709e-04   9.800768e-49   72
  7.171298e-01   8.526693e-48   2.173841e-04   4.986604e-49   258
  7.181290e-01   8.740102e-48   1.361533e-04   5.418887e-49   264
  7.186286e-01   5.621681e-48   1.468278e-08   6.454018e-49   72
  7.196697e-01   9.170561e-48   2.698616e-04   6.839378e-49   174
  7.206123e-01   7.858054e-48   2.873527e-04   6.293590e-49   168
  7.213701e-01   9.667210e-48   8.991328e-09   1.299683e-48   48
  7.221837e-01   8.006706e-48   1.622748e-04   7.009813e-49   150
  7.231270e-01   8.483143e-48   2.985162e-04   7.438701e-49   168
  7.240729e-01   8.940625e-48   1.818422e-04   6.530948e-49   144
  7.249427e-01   8.724424e-48   1.698820e-04   1.048586e-48   102
  7.255906e-01   7.155140e-48   2.514545e-04   6.532710e-49   96
  7.266185e-01   7.522294e-48   2.495518e-04   6.191055e-49   120
  7.273797e-01   8.679619e-48   2.676508e-04   6.294838e-49   168
  7.282031e-01   9.245294e-48   1.976389e-04   8.856157e-49   126
  7.289046e-01   8.543581e-48   1.490593e-04   6.480859e-49   168
  7.298711e-01   8.745328e-48   2.390167e-04   9.869049e-49   72
  7.307158e-01   7.793389e-48   2.993022e-04   6.485526e-49   168
  7.314557e-01   8.289156e-48   8.205344e-05   8.089785e-49   78
  7.324696e-01   8.998184e-48   1.347256e-04   1.100272e-48   60
  7.332860e-01   9.542422e-48   2.185468e-04   9.188300e-49   96
  7.341327e-01   8.565700e-48   2.651884e-04   6.613092e-49   168
  7.349284e-01   8.826568e-48   1.678009e-04   9.193296e-49   86
  7.357634e-01   9.117935e-48   1.499742e-04   7.837259e-49   120
  7.369601e-01   1.050957e-47   1.069515e-04   8.546029e-49   168
  7.376055e-01   8.926387e-48   0.000000e+00   1.145828e-48   48
  7.384747e-01   8.790501e-48   1.948541e-04   9.255608e-49   120
  7.389742e-01   8.262335e-48   1.421539e-04   7.560824e-49   126
  7.401935e-01   8.760600e-48   2.500091e-04   8.255938e-49   96
  7.409848e-01   9.918310e-48   7.209028e-05   1.073619e-48   96
  7.416089e-01   9.646052e-48   8.477105e-09   1.068378e-48   72
  7.429385e-01   9.938555e-48   8.991328e-09   2.001648e-48   24
  7.437683e-01   9.539797e-48   1.483601e-04   7.514094e-49   120
  7.444157e-01   6.776697e-48   2.164118e-04   6.885900e-49   126
  7.451355e-01   1.193139e-47   1.804085e-04   1.035702e-48   96
  7.459766e-01   8.137074e-48   3.117986e-04   1.058905e-48   72
  7.469132e-01   9.419488e-48   1.348634e-04   8.460713e-49   144
  7.476836e-01   7.636936e-48   7.778603e-05   8.795962e-49   72
  7.484533e-01   1.364472e-47   1.553665e-04   1.846469e-48   54
  7.491306e-01   6.792227e-48   1.369149e-04   5.931525e-49   108
  7.505382e-01   1.258901e-47   1.342120e-04   1.606670e-48   72
  7.509765e-01   9.793482e-48   7.744493e-05   9.476813e-49   72
  7.520162e-01   7.240300e-48   1.557344e-08   1.529903e-48   24
  7.529998e-01   9.644373e-48   1.638381e-04   1.342964e-48   48
  7.535971e-01   9.953215e-48   1.248023e-04   9.035446e-49   102
  7.544963e-01   9.817918e-48   2.822510e-04   8.890541e-49   168
  7.556711e-01   7.968550e-48   1.539331e-04   8.159953e-49   72
  7.561064e-01   1.208074e-47   0.000000e+00   1.702857e-48   48
  7.570195e-01   7.685604e-48   2.647743e-04   7.415147e-49   120
  7.582245e-01   7.845944e-48   1.627091e-04   1.011083e-48   96
  7.593627e-01   8.244493e-48   1.438612e-08   1.364321e-48   30
  7.607153e-01   1.054613e-47   7.644796e-05   1.348711e-48   72
  7.613097e-01   7.746106e-48   8.991328e-09   1.156427e-48   24
  7.620733e-01   1.011878e-47   1.133148e-04   1.116293e-48   56
  7.629285e-01   8.814110e-48   1.617059e-04   8.462621e-49   96
  7.639519e-01   8.752133e-48   1.785629e-04   6.356978e-49   144
  7.647411e-01   1.069851e-47   1.013810e-04   1.130028e-48   54
  7.658874e-01   8.539097e-48   1.518795e-04   7.350946e-49   108
  7.670409e-01   7.225234e-48   8.041947e-05   8.830624e-49   48
  7.681392e-01   9.990680e-48   3.028050e-04   1.022687e-48   72
  7.707744e-01   8.561809e-48   2.000642e-04   1.065682e-48   78
  7.715046e-01   1.019711e-47   1.507735e-04   1.094424e-48   72
  7.723570e-01   8.994907e-48   1.505863e-04   7.613882e-49   72
  7.732482e-01   1.102249e-47   3.633813e-04   1.277969e-48   96
  7.739527e-01   1.240172e-47   1.502759e-04   1.192818e-48   72
  7.748024e-01   7.636493e-48   0.000000e+00   1.441499e-48   24
  7.756510e-01   8.595454e-48   2.998733e-04   7.274643e-49   72
  7.775680e-01   1.130512e-47   1.904287e-04   1.965313e-48   30
  7.779804e-01   5.596718e-48   0.000000e+00   8.807649e-49   24
  7.801973e-01   9.408809e-48   1.581267e-04   1.022665e-48   48
  7.808927e-01   7.569521e-48   3.402886e-04   6.406082e-49   120
  7.818296e-01   9.663425e-48   1.487821e-04   1.006050e-48   72
  7.827758e-01   1.079598e-47   1.486022e-04   1.399141e-48   36
  7.834261e-01   1.026054e-47   2.937071e-04   1.213123e-48   78
  7.852411e-01   8.050751e-48   1.571111e-04   1.312847e-48   48
  7.875942e-01   7.426637e-48   1.271566e-08   1.494064e-48   24
  7.892707e-01   1.019435e-47   1.094089e-04   1.335820e-48   56
  7.901149e-01   1.154622e-47   1.683597e-04   9.706075e-49   102
  7.911888e-01   7.349262e-48   1.198844e-08   8.450841e-49   72
  7.918122e-01   7.665122e-48   8.991328e-09   1.386311e-48   24
  7.929021e-01   1.124858e-47   1.555930e-04   1.529679e-48   48
  7.949223e-01   8.339327e-48   0.000000e+00   8.960818e-49   24
  7.974016e-01   4.049017e-48   0.000000e+00   1.130121e-48   6
  7.981748e-01   1.532812e-47   0.000000e+00   2.505600e-48   24
  7.986898e-01   1.133267e-47   1.456409e-04   1.296026e-48   72
  7.996307e-01   1.104562e-47   2.717068e-04   1.088164e-48   84
  8.006440e-01   1.132740e-47   0.000000e+00   2.291730e-48   24
  8.009521e-01   8.547441e-48   1.271566e-08   1.901352e-48   24
  8.024909e-01   1.053541e-47   1.557344e-08   2.179687e-48   24
  8.046403e-01   7.826881e-48   0.000000e+00   2.657872e-48   6
  8.073954e-01   1.455198e-47   1.528000e-04   1.898055e-48   48
  8.080572e-01   1.177041e-47   2.878503e-04   1.321347e-48   72
  8.089220e-01   1.500131e-47   1.525117e-04   2.528315e-48   48
  8.102934e-01   7.917071e-48   0.000000e+00   1.392394e-48   24
  8.121184e-01   2.322107e-48   0.000000e+00   2.452583e-49   6
  8.162097e-01   6.425498e-48   0.000000e+00   1.149777e-48   8
  8.165120e-01   7.580148e-48   8.991328e-09   1.089206e-48   48
  8.172369e-01   9.243059e-48   1.479045e-04   1.029365e-48   60
  8.183231e-01   1.097874e-47   0.000000e+00   2.014457e-48   24
  8.198293e-01   1.294374e-47   0.000000e+00   1.495569e-48   6
  8.253784e-01   7.614671e-48   0.000000e+00   1.385793e-48   24
  8.258266e-01   9.348940e-48   1.493898e-04   1.221816e-48   48
  8.265733e-01   7.603236e-48   0.000000e+00   1.511353e-48   24
  8.277664e-01   1.220654e-47   0.000000e+00   3.587855e-48   6
  8.345448e-01   1.170713e-47   1.393664e-04   2.389696e-48   36
  8.350375e-01   1.097072e-47   0.000000e+00   2.033613e-48   24
  8.359234e-01   1.432955e-47   0.000000e+00   5.303427e-48   6
  8.436361e-01   1.084716e-47   1.266552e-04   1.843190e-48   32
  8.442939e-01   1.407307e-47   0.000000e+00   5.210523e-48   6
  8.525822e-01   1.000412e-47   0.000000e+00   1.995885e-48   12
  8.528715e-01   8.124168e-48   0.000000e+00   1.852743e-48   6
  8.616502e-01   5.560001e-48   0.000000e+00   2.230881e-48   6
