# power spectrum of pi_k
# redshift z=9.973151
# k              Pk             sigma(k)       sigma(Pk)      count
  1.570796e-02   1.308030e-13   0.000000e+00   5.272446e-14   6
  2.221441e-02   5.946502e-14   0.000000e+00   1.187057e-14   12
  2.720699e-02   3.655022e-14   2.980232e-10   7.437821e-15   8
  3.141593e-02   1.027541e-13   0.000000e+00   1.105709e-14   6
  3.512407e-02   6.212124e-14   5.619580e-10   1.980370e-14   24
  3.847649e-02   7.896832e-14   5.619580e-10   1.330424e-14   24
  4.442883e-02   2.944281e-14   0.000000e+00   1.325215e-14   12
  4.712389e-02   3.198940e-14   6.357829e-10   5.892847e-15   30
  4.967294e-02   3.786889e-14   0.000000e+00   8.345595e-15   24
  5.209742e-02   3.303612e-14   9.733398e-10   8.189102e-15   24
  5.441398e-02   3.716677e-14   5.960464e-10   7.533808e-15   8
  5.663587e-02   3.047393e-14   7.947286e-10   3.785924e-15   24
  5.877382e-02   2.788988e-14   0.000000e+00   3.919277e-15   48
  6.283185e-02   3.143892e-14   0.000000e+00   1.382306e-14   6
  6.476559e-02   2.464803e-14   7.947286e-10   3.461031e-15   48
  6.664324e-02   2.238058e-14   7.492773e-10   2.327536e-15   36
  6.846942e-02   3.155122e-14   7.947286e-10   6.597618e-15   24
  7.024815e-02   1.812587e-14   1.123916e-09   3.120445e-15   24
  7.198293e-02   1.589205e-14   0.000000e+00   2.161114e-15   48
  7.367688e-02   2.414796e-14   1.123916e-09   3.437238e-15   24
  7.695299e-02   1.837983e-14   1.123916e-09   2.891138e-15   24
  7.853982e-02   1.227160e-14   0.000000e+00   2.008635e-15   30
  8.009521e-02   1.279616e-14   0.000000e+00   1.413312e-15   72
  8.162097e-02   1.218095e-14   1.192093e-09   2.479884e-15   32
  8.458997e-02   1.552010e-14   0.000000e+00   1.800166e-15   72
  8.603606e-02   9.225414e-15   0.000000e+00   1.348726e-15   48
  8.885766e-02   4.688334e-15   0.000000e+00   1.394586e-15   12
  9.023538e-02   9.063320e-15   0.000000e+00   1.359348e-15   48
  9.159238e-02   7.837696e-15   0.000000e+00   7.801926e-16   48
  9.292956e-02   1.018177e-14   1.123916e-09   1.284402e-15   48
  9.424778e-02   1.199594e-14   1.271566e-09   2.102835e-15   30
  9.554781e-02   1.039797e-14   0.000000e+00   2.338733e-15   24
  9.683039e-02   1.054534e-14   2.369423e-09   1.060243e-15   72
  9.934588e-02   6.019021e-15   0.000000e+00   1.142532e-15   24
  1.005800e-01   9.085239e-15   0.000000e+00   9.001770e-16   96
  1.017992e-01   6.901011e-15   0.000000e+00   9.163928e-16   48
  1.030040e-01   5.691259e-15   1.946680e-09   1.397986e-15   24
  1.041948e-01   4.068628e-15   1.946680e-09   8.354895e-16   24
  1.053722e-01   9.632109e-15   0.000000e+00   1.175936e-15   72
  1.065366e-01   7.119977e-15   0.000000e+00   1.096049e-15   48
  1.088280e-01   6.096153e-15   1.192093e-09   1.819756e-15   8
  1.099557e-01   8.844520e-15   1.412851e-09   1.055499e-15   54
  1.110721e-01   5.925093e-15   0.000000e+00   1.036261e-15   84
  1.121773e-01   6.453471e-15   0.000000e+00   9.258048e-16   48
  1.132717e-01   3.984012e-15   1.589457e-09   7.107040e-16   24
  1.143557e-01   5.261220e-15   2.119276e-09   6.243120e-16   72
  1.154295e-01   6.878797e-15   0.000000e+00   7.830433e-16   96
  1.175476e-01   9.249570e-15   0.000000e+00   1.008834e-15   48
  1.185925e-01   5.025859e-15   0.000000e+00   4.709595e-16   48
  1.196283e-01   4.332852e-15   0.000000e+00   8.430151e-16   24
  1.206552e-01   4.900323e-15   0.000000e+00   5.276132e-16   72
  1.226831e-01   5.030400e-15   0.000000e+00   5.953407e-16   72
  1.236846e-01   4.866669e-15   0.000000e+00   5.547295e-16   96
  1.256637e-01   6.581370e-15   0.000000e+00   2.892396e-15   6
  1.266416e-01   5.391476e-15   0.000000e+00   5.219678e-16   96
  1.276121e-01   5.491900e-15   1.589457e-09   5.869521e-16   96
  1.285752e-01   3.666374e-15   0.000000e+00   8.717410e-16   24
  1.295312e-01   4.035772e-15   1.589457e-09   5.028209e-16   48
  1.304801e-01   4.031161e-15   0.000000e+00   4.074556e-16   96
  1.314222e-01   4.667170e-15   0.000000e+00   6.287061e-16   48
  1.332865e-01   4.052353e-15   1.498555e-09   7.604567e-16   36
  1.342089e-01   4.034916e-15   2.753021e-09   5.094455e-16   48
  1.351250e-01   4.419335e-15   3.114687e-09   3.966995e-16   120
  1.360350e-01   3.921191e-15   0.000000e+00   5.177422e-16   56
  1.369388e-01   2.177951e-15   1.589457e-09   3.810929e-16   24
  1.378368e-01   3.119458e-15   0.000000e+00   2.775662e-16   96
  1.387290e-01   3.268116e-15   0.000000e+00   4.217242e-16   48
  1.404963e-01   3.873450e-15   2.247832e-09   7.185007e-16   24
  1.413717e-01   4.176294e-15   0.000000e+00   4.178640e-16   102
  1.422417e-01   4.254878e-15   1.589457e-09   6.414122e-16   48
  1.431064e-01   3.861238e-15   0.000000e+00   3.847074e-16   72
  1.439659e-01   3.478959e-15   0.000000e+00   3.514180e-16   48
  1.448203e-01   3.683957e-15   0.000000e+00   6.825400e-16   48
  1.456697e-01   3.111452e-15   3.596531e-09   2.734558e-16   120
  1.473538e-01   4.820927e-15   2.247832e-09   8.069732e-16   24
  1.481886e-01   2.755356e-15   2.119276e-09   2.318218e-16   144
  1.490188e-01   2.797508e-15   2.543132e-09   2.689694e-16   120
  1.498444e-01   2.149380e-15   2.247832e-09   3.011701e-16   48
  1.514821e-01   3.156943e-15   2.247832e-09   4.210205e-16   48
  1.522944e-01   2.545498e-15   2.247832e-09   2.656320e-16   96
  1.544390e-01   3.275814e-15   3.768959e-04   4.022103e-16   72
  1.555009e-01   2.377506e-15   1.998073e-09   1.815390e-16   108
  1.562923e-01   2.790295e-15   0.000000e+00   2.989736e-16   72
  1.570796e-01   1.674002e-15   0.000000e+00   3.113616e-16   30
  1.578631e-01   2.787298e-15   0.000000e+00   2.214810e-16   168
  1.586427e-01   2.720740e-15   0.000000e+00   2.969449e-16   48
  1.601904e-01   1.839089e-15   0.000000e+00   2.155171e-16   72
  1.609587e-01   2.387482e-15   0.000000e+00   2.301087e-16   96
  1.617234e-01   2.320896e-15   4.238553e-09   3.565068e-16   72
  1.624844e-01   2.701966e-15   0.000000e+00   2.864847e-16   72
  1.637639e-01   2.381252e-15   3.480039e-04   1.744602e-16   104
  1.647465e-01   2.244274e-15   2.997109e-09   1.636805e-16   144
  1.669779e-01   1.528518e-15   5.026305e-09   1.435878e-16   96
  1.677152e-01   1.675392e-15   0.000000e+00   1.731324e-16   96
  1.688876e-01   2.257216e-15   3.580185e-04   2.099951e-16   120
  1.699076e-01   1.860547e-15   0.000000e+00   1.692464e-16   120
  1.706322e-01   2.216658e-15   0.000000e+00   2.402677e-16   72
  1.720721e-01   2.181579e-15   0.000000e+00   2.889520e-16   48
  1.727876e-01   2.320651e-15   3.912510e-09   2.647886e-16   78
  1.737029e-01   2.390708e-15   3.205713e-04   1.890688e-16   168
  1.756204e-01   2.173747e-15   3.670694e-09   1.878101e-16   144
  1.763215e-01   2.230316e-15   2.997109e-09   1.591217e-16   144
  1.783549e-01   1.985273e-15   1.846233e-04   1.688170e-16   156
  1.790983e-01   1.440420e-15   3.893359e-09   2.683655e-16   48
  1.797859e-01   1.778980e-15   2.543132e-09   1.745111e-16   120
  1.804708e-01   1.271868e-15   0.000000e+00   1.339210e-16   48
  1.816818e-01   1.879243e-15   2.825996e-04   1.275557e-16   216
  1.831848e-01   1.655964e-15   0.000000e+00   2.044898e-16   48
  1.838570e-01   1.518084e-15   2.247832e-09   1.335408e-16   96
  1.848128e-01   1.725505e-15   3.302618e-04   1.515214e-16   168
  1.858591e-01   1.375300e-15   2.247832e-09   1.967184e-16   48
  1.865217e-01   1.805809e-15   0.000000e+00   1.802065e-16   96
  1.871820e-01   1.738907e-15   0.000000e+00   3.165299e-16   48
  1.884956e-01   2.002086e-15   2.543132e-09   1.994886e-16   30
  1.891489e-01   1.263950e-15   0.000000e+00   1.026369e-16   96
  1.899298e-01   1.553315e-15   2.595564e-04   1.052605e-16   240
  1.909339e-01   2.128724e-15   2.800239e-04   2.933070e-16   32
  1.917401e-01   1.202997e-15   0.000000e+00   8.915140e-17   168
  1.923825e-01   1.422512e-15   0.000000e+00   1.394430e-16   120
  1.936608e-01   1.116778e-15   4.738846e-09   1.255071e-16   72
  1.942968e-01   1.815415e-15   2.119276e-09   1.667701e-16   144
  1.949307e-01   1.295459e-15   0.000000e+00   1.325617e-16   96
  1.955626e-01   1.705164e-15   0.000000e+00   1.365045e-16   96
  1.968202e-01   1.652378e-15   0.000000e+00   1.992628e-16   72
  1.974460e-01   1.383993e-15   3.178914e-09   1.341118e-16   96
  1.986918e-01   1.327221e-15   0.000000e+00   2.444117e-16   24
  1.993117e-01   1.536381e-15   0.000000e+00   1.134121e-16   192
  2.000418e-01   1.447194e-15   2.376333e-04   1.067183e-16   132
  2.011601e-01   1.535888e-15   0.000000e+00   1.388565e-16   96
  2.017724e-01   1.118660e-15   0.000000e+00   1.127608e-16   96
  2.023829e-01   1.458616e-15   2.543132e-09   1.243265e-16   120
  2.035985e-01   1.524427e-15   0.000000e+00   2.094080e-16   48
  2.045948e-01   9.757779e-16   2.879924e-04   6.392219e-17   222
  2.054083e-01   1.257215e-15   0.000000e+00   1.190367e-16   120
  2.060080e-01   1.401802e-15   3.893359e-09   2.824696e-16   24
  2.068812e-01   1.453402e-15   2.972500e-04   7.690907e-17   312
  2.087838e-01   1.571648e-15   2.786838e-04   1.750593e-16   72
  2.095704e-01   1.087738e-15   3.893359e-09   1.466709e-16   96
  2.103781e-01   1.315053e-15   2.838009e-04   9.941987e-17   192
  2.113290e-01   1.220410e-15   3.596531e-09   1.237902e-16   120
  2.119120e-01   1.209092e-15   0.000000e+00   1.242061e-16   144
  2.130732e-01   1.066988e-15   0.000000e+00   1.528218e-16   48
  2.138985e-01   1.050004e-15   2.853717e-04   6.114351e-17   336
  2.148032e-01   1.179639e-15   0.000000e+00   1.614033e-16   48
  2.159488e-01   1.054477e-15   0.000000e+00   9.222844e-17   192
  2.165193e-01   1.136382e-15   0.000000e+00   1.388706e-16   48
  2.181411e-01   1.118216e-15   1.980854e-04   1.353831e-16   56
  2.189475e-01   1.080292e-15   2.544090e-04   5.976032e-17   336
  2.199115e-01   1.065268e-15   2.825702e-09   1.516778e-16   54
  2.207512e-01   9.607999e-16   2.794324e-04   5.899637e-17   240
  2.224945e-01   9.528881e-16   2.675587e-04   7.056599e-17   228
  2.232521e-01   1.128351e-15   2.997109e-09   1.441183e-16   72
  2.239875e-01   1.110729e-15   2.595385e-04   8.247602e-17   144
  2.249038e-01   8.956202e-16   0.000000e+00   8.740183e-17   96
  2.254517e-01   9.213225e-16   3.596531e-09   5.777773e-17   240
  2.265435e-01   8.268985e-16   3.178914e-09   1.588991e-16   24
  2.272424e-01   9.661246e-16   2.451321e-04   5.755622e-17   336
  2.281713e-01   9.067259e-16   0.000000e+00   1.067266e-16   72
  2.290193e-01   1.072851e-15   2.666265e-04   7.743472e-17   168
  2.297877e-01   7.016959e-16   0.000000e+00   6.209989e-17   72
  2.308590e-01   1.074853e-15   0.000000e+00   9.853042e-17   96
  2.316886e-01   9.147721e-16   2.646263e-04   6.507405e-17   216
  2.324566e-01   6.871257e-16   0.000000e+00   5.113894e-17   96
  2.335157e-01   8.327620e-16   3.178914e-09   5.603496e-17   192
  2.340434e-01   8.141560e-16   2.997109e-09   6.349769e-17   144
  2.350953e-01   8.601376e-16   0.000000e+00   1.113881e-16   48
  2.358236e-01   8.842524e-16   2.551309e-04   6.003626e-17   246
  2.368131e-01   1.078399e-15   2.352347e-04   8.351237e-17   168
  2.377046e-01   8.411273e-16   6.229375e-09   8.398202e-17   120
  2.382231e-01   7.003670e-16   0.000000e+00   4.786329e-17   240
  2.392566e-01   4.951567e-16   0.000000e+00   1.005722e-16   24
  2.400800e-01   7.953549e-16   2.517980e-04   4.965898e-17   360
  2.411056e-01   7.367881e-16   2.507265e-04   5.486436e-17   120
  2.418210e-01   8.660370e-16   0.000000e+00   6.955275e-17   144
  2.423307e-01   8.475488e-16   0.000000e+00   7.480346e-17   96
  2.438532e-01   8.074465e-16   0.000000e+00   6.484877e-17   144
  2.443586e-01   8.644945e-16   0.000000e+00   7.381996e-17   132
  2.450688e-01   7.839774e-16   2.474633e-04   5.740795e-17   176
  2.460999e-01   7.726595e-16   2.498881e-04   3.928929e-17   312
  2.473693e-01   1.089973e-15   0.000000e+00   1.658421e-16   96
  2.478675e-01   7.351638e-16   0.000000e+00   6.414611e-17   144
  2.486319e-01   7.714552e-16   2.473817e-04   4.285479e-17   312
  2.498505e-01   9.024659e-16   0.000000e+00   8.946749e-17   48
  2.503437e-01   6.721095e-16   3.178914e-09   5.014178e-17   192
  2.513274e-01   2.228939e-16   0.000000e+00   6.869523e-17   6
  2.519810e-01   6.421842e-16   2.307253e-04   3.535016e-17   288
  2.530395e-01   6.194713e-16   2.437763e-04   4.398242e-17   192
  2.537699e-01   5.905890e-16   7.476104e-09   3.780200e-17   216
  2.542556e-01   7.422671e-16   0.000000e+00   1.007287e-16   72
  2.554657e-01   6.048730e-16   2.414611e-04   4.663527e-17   192
  2.562693e-01   7.884759e-16   1.792979e-04   4.657867e-17   288
  2.571504e-01   6.760061e-16   0.000000e+00   1.305029e-16   24
  2.578312e-01   7.255889e-16   2.362101e-04   3.139152e-17   456
  2.590624e-01   4.601447e-16   0.000000e+00   6.765545e-17   48
  2.598231e-01   6.564299e-16   2.326575e-04   4.810089e-17   240
  2.606974e-01   7.352433e-16   2.351266e-04   4.688786e-17   216
  2.614326e-01   5.776122e-16   0.000000e+00   7.084296e-17   72
  2.619041e-01   5.989331e-16   8.123736e-09   4.723226e-17   168
  2.632353e-01   6.942140e-16   1.747662e-04   4.203517e-17   288
  2.639818e-01   6.776357e-16   2.312456e-04   4.649619e-17   168
  2.651809e-01   7.645128e-16   0.000000e+00   5.285257e-17   192
  2.656458e-01   6.121378e-16   2.997109e-09   4.347947e-17   144
  2.665730e-01   7.521939e-16   2.997109e-09   9.342294e-17   36
  2.673593e-01   5.082520e-16   2.111764e-04   2.602891e-17   342
  2.681111e-01   6.009614e-16   2.168525e-04   4.552110e-17   144
  2.690776e-01   5.703465e-16   2.274240e-04   2.926806e-17   384
  2.702500e-01   6.672513e-16   6.229375e-09   6.071177e-17   120
  2.708303e-01   6.683148e-16   2.027960e-04   4.144421e-17   264
  2.716161e-01   5.698714e-16   1.005261e-08   4.152239e-17   192
  2.723561e-01   6.257862e-16   2.185515e-04   4.772679e-17   152
  2.729753e-01   5.694745e-16   5.994218e-09   5.140064e-17   144
  2.742778e-01   4.755099e-16   1.414487e-04   3.478562e-17   216
  2.748807e-01   6.126653e-16   1.890132e-04   3.342201e-17   312
  2.759419e-01   5.255505e-16   2.190625e-04   2.919295e-17   240
  2.765672e-01   6.324935e-16   3.178914e-09   6.545324e-17   96
  2.777541e-01   5.706609e-16   2.094396e-04   4.598787e-17   144
  2.784857e-01   5.439865e-16   2.058607e-04   2.622425e-17   456
  2.796723e-01   4.343833e-16   0.000000e+00   2.836319e-17   120
  2.801131e-01   4.713755e-16   0.000000e+00   4.328618e-17   144
  2.809926e-01   3.516712e-16   4.495664e-09   5.809597e-17   24
  2.815564e-01   5.420367e-16   1.978798e-04   2.734987e-17   336
  2.825316e-01   5.052453e-16   2.182345e-04   3.972181e-17   198
  2.834454e-01   4.976412e-16   2.122205e-04   2.603423e-17   432
  2.844833e-01   5.153389e-16   6.357829e-09   5.238321e-17   48
  2.850248e-01   5.750173e-16   1.873540e-04   2.968369e-17   384
  2.859970e-01   5.493393e-16   2.156842e-04   4.515685e-17   144
  2.868780e-01   5.331331e-16   2.141460e-04   3.058302e-17   264
  2.879317e-01   4.266304e-16   0.000000e+00   4.099047e-17   48
  2.886387e-01   4.982683e-16   2.036179e-04   3.004634e-17   276
  2.893208e-01   4.421010e-16   1.845741e-04   3.639049e-17   192
  2.902325e-01   4.649568e-16   2.074207e-04   1.952435e-17   552
  2.913393e-01   3.251501e-16   5.086263e-09   2.851380e-17   120
  2.919972e-01   5.070716e-16   2.099609e-04   3.417603e-17   216
  2.926069e-01   4.461779e-16   5.086263e-09   3.497015e-17   120
  2.936961e-01   5.132265e-16   2.067600e-04   2.622264e-17   408
  2.947075e-01   4.741556e-16   4.495664e-09   6.346451e-17   24
  2.953347e-01   4.138097e-16   2.088648e-04   2.320092e-17   384
  2.962106e-01   4.093949e-16   2.040684e-04   2.832519e-17   240
  2.969712e-01   3.984359e-16   2.055628e-04   2.709198e-17   168
  2.980376e-01   3.567191e-16   0.000000e+00   3.450430e-17   120
  2.987251e-01   4.308500e-16   2.142884e-04   2.178763e-17   350
  2.998430e-01   4.255455e-16   3.527601e-04   2.224230e-17   384
  3.005110e-01   4.580168e-16   0.000000e+00   4.113167e-17   144
  3.017401e-01   3.631254e-16   4.238553e-09   2.104527e-17   288
  3.023819e-01   3.767344e-16   2.019242e-04   1.802713e-17   336
  3.032549e-01   4.571179e-16   1.838353e-04   3.349599e-17   168
  3.037776e-01   4.021855e-16   1.204945e-08   2.374809e-17   336
  3.048586e-01   3.599820e-16   1.908100e-04   2.208951e-17   288
  3.055078e-01   3.665428e-16   1.797918e-04   2.236361e-17   264
  3.066072e-01   3.982590e-16   0.000000e+00   2.473141e-17   240
  3.070093e-01   3.907272e-16   0.000000e+00   3.253766e-17   96
  3.084525e-01   4.228591e-16   2.445048e-04   2.141568e-17   360
  3.091260e-01   4.114751e-16   1.802420e-04   3.445549e-17   168
  3.099770e-01   3.987890e-16   1.964825e-04   1.756127e-17   456
  3.110018e-01   3.644198e-16   5.651403e-09   3.282757e-17   108
  3.115782e-01   3.823725e-16   1.971449e-04   2.753530e-17   264
  3.122973e-01   3.581362e-16   1.758853e-04   2.268525e-17   264
  3.132820e-01   4.069034e-16   1.659735e-04   2.460253e-17   312
  3.145081e-01   3.974790e-16   1.233364e-04   2.531446e-17   270
  3.150220e-01   3.630961e-16   1.565911e-04   2.482739e-17   240
  3.159458e-01   3.701186e-16   1.937229e-04   1.791487e-17   384
  3.165067e-01   3.181674e-16   6.357829e-09   2.121731e-17   192
  3.175962e-01   3.851299e-16   1.554368e-04   2.717066e-17   240
  3.182281e-01   3.591231e-16   1.918342e-04   1.916188e-17   336
  3.194167e-01   3.718490e-16   1.931178e-04   1.656433e-17   480
  3.203808e-01   3.715337e-16   4.238553e-09   4.348927e-17   72
  3.209194e-01   3.783891e-16   1.883074e-04   2.367401e-17   240
  3.216520e-01   3.359985e-16   1.769831e-04   1.958680e-17   312
  3.224917e-01   3.197075e-16   1.912763e-04   2.216969e-17   240
  3.237607e-01   3.490762e-16   1.453205e-04   1.694099e-17   408
  3.242630e-01   3.279190e-16   1.330785e-04   1.882561e-17   336
  3.252448e-01   3.445738e-16   1.689770e-04   2.456336e-17   264
  3.257273e-01   4.163159e-16   0.000000e+00   3.461191e-17   144
  3.270696e-01   3.379835e-16   2.342121e-04   1.598709e-17   464
  3.277768e-01   2.606156e-16   1.862466e-04   1.862756e-17   168
  3.284751e-01   4.161268e-16   1.696301e-04   2.199959e-17   336
  3.297371e-01   3.229683e-16   1.782296e-04   1.627783e-17   414
  3.304484e-01   3.592250e-16   1.855264e-04   2.248921e-17   216
  3.313598e-01   3.201421e-16   4.495664e-09   3.177963e-17   96
  3.317320e-01   3.163196e-16   1.101208e-08   1.426744e-17   384
  3.330355e-01   3.344472e-16   1.851680e-04   1.656211e-17   492
  3.337341e-01   2.612295e-16   1.810784e-04   1.586416e-17   240
  3.345237e-01   2.644223e-16   1.838580e-04   1.508580e-17   312
  3.356141e-01   3.243517e-16   1.837975e-04   2.561260e-17   192
  3.363048e-01   3.184328e-16   1.781220e-04   1.441286e-17   504
  3.372212e-01   3.028020e-16   1.179198e-04   1.523453e-17   408
  3.379427e-01   3.473776e-16   3.612619e-04   2.716911e-17   168
  3.388456e-01   2.742923e-16   1.716026e-04   1.753318e-17   288
  3.396033e-01   2.827758e-16   1.790820e-04   1.887982e-17   288
  3.403794e-01   3.074514e-16   1.801128e-04   1.501218e-17   432
  3.415052e-01   3.213149e-16   1.703267e-04   2.149672e-17   216
  3.421068e-01   2.966323e-16   1.699674e-04   1.406918e-17   360
  3.431777e-01   3.150470e-16   1.658865e-04   1.774649e-17   312
  3.441442e-01   3.323153e-16   0.000000e+00   5.250575e-17   48
  3.447014e-01   2.875745e-16   1.778543e-04   1.427195e-17   432
  3.456992e-01   2.687954e-16   2.966627e-04   1.252759e-17   414
  3.462885e-01   2.729796e-16   6.776666e-09   1.519374e-17   312
  3.473878e-01   2.955010e-16   2.603051e-04   1.243228e-17   528
  3.481296e-01   2.939653e-16   1.366381e-04   1.830448e-17   264
  3.490209e-01   2.657629e-16   1.620153e-04   1.312502e-17   480
  3.501854e-01   2.720790e-16   0.000000e+00   1.439535e-17   288
  3.506883e-01   2.835670e-16   1.740804e-04   2.316254e-17   168
  3.516084e-01   2.746987e-16   2.755688e-04   1.146326e-17   504
  3.526429e-01   2.960034e-16   4.238553e-09   2.107802e-17   144
  3.532937e-01   2.572332e-16   1.769812e-04   1.180748e-17   464
  3.542716e-01   2.306894e-16   2.597299e-04   1.081284e-17   432
  3.547358e-01   3.007919e-16   4.495664e-09   2.093089e-17   192
  3.559351e-01   2.439088e-16   1.925466e-04   1.087377e-17   396
  3.566434e-01   2.586904e-16   1.729600e-04   1.547869e-17   288
  3.573592e-01   2.626118e-16   1.708549e-04   1.430323e-17   336
  3.585027e-01   2.425462e-16   1.081887e-04   1.050115e-17   432
  3.592283e-01   2.596708e-16   2.804101e-04   1.274361e-17   360
  3.600431e-01   2.564115e-16   1.658667e-04   1.230947e-17   384
  3.612003e-01   2.134692e-16   1.464092e-04   1.643150e-17   198
  3.617579e-01   2.471464e-16   1.664197e-04   9.454900e-18   552
  3.627976e-01   2.035582e-16   2.329761e-04   1.072237e-17   432
  3.636656e-01   2.663274e-16   8.899106e-09   2.003341e-17   168
  3.643942e-01   2.439404e-16   2.888052e-04   1.086984e-17   480
  3.653579e-01   1.820329e-16   0.000000e+00   1.652366e-17   120
  3.657917e-01   2.237993e-16   2.358836e-04   1.346054e-17   336
  3.668502e-01   2.431055e-16   1.664122e-04   8.502465e-18   672
  3.678969e-01   2.388712e-16   2.420693e-04   1.079194e-17   528
  3.683844e-01   2.257035e-16   7.266090e-09   1.436170e-17   168
  3.695106e-01   2.334500e-16   2.700266e-04   1.022772e-17   456
  3.701979e-01   2.587148e-16   1.649075e-04   2.307664e-17   168
  3.709113e-01   2.363384e-16   1.646115e-04   1.146570e-17   504
  3.720973e-01   2.224063e-16   2.118297e-04   1.233333e-17   336
  3.728144e-01   2.508433e-16   1.527042e-04   1.382757e-17   312
  3.736099e-01   2.358374e-16   1.492023e-04   1.033850e-17   504
  3.746568e-01   2.236582e-16   1.035207e-04   9.470900e-18   432
  3.751490e-01   2.035548e-16   1.599738e-04   1.171821e-17   312
  3.761721e-01   2.125897e-16   1.639809e-04   9.748963e-18   384
  3.772403e-01   2.412962e-16   1.393208e-04   2.231258e-17   126
  3.778999e-01   2.192034e-16   2.446141e-04   1.094149e-17   492
  3.787423e-01   2.227257e-16   1.566756e-04   9.138736e-18   528
  3.797950e-01   2.092533e-16   1.591488e-04   9.043093e-18   480
  3.804477e-01   2.204265e-16   2.198632e-04   1.019445e-17   432
  3.813922e-01   2.308982e-16   1.728933e-04   1.042817e-17   440
  3.824891e-01   2.029862e-16   8.597912e-05   1.170211e-17   312
  3.829007e-01   2.223446e-16   1.288469e-04   1.211463e-17   480
  3.837450e-01   2.021400e-16   2.522797e-04   1.042908e-17   408
  3.849786e-01   2.018740e-16   1.510870e-04   1.002552e-17   360
  3.854998e-01   1.969156e-16   1.457935e-04   9.813274e-18   408
  3.864656e-01   1.976713e-16   1.483633e-04   8.945235e-18   456
  3.875531e-01   2.090114e-16   1.417988e-04   1.233079e-17   264
  3.881567e-01   1.906141e-16   1.538873e-04   1.020478e-17   384
  3.890354e-01   2.007412e-16   2.590801e-04   7.889177e-18   672
  3.900512e-01   1.924265e-16   1.549634e-04   1.256745e-17   240
  3.906373e-01   2.016489e-16   1.572490e-04   1.168018e-17   264
  3.914646e-01   1.754693e-16   1.939407e-04   7.554486e-18   624
  3.926991e-01   2.154068e-16   0.000000e+00   1.659393e-17   150
  3.931386e-01   2.033220e-16   2.173259e-04   8.918851e-18   600
  3.940655e-01   1.740527e-16   1.499928e-04   7.265338e-18   672
  3.951151e-01   1.901187e-16   1.410788e-04   1.105895e-17   336
  3.956998e-01   1.917000e-16   1.534526e-04   9.590109e-18   408
  3.966340e-01   1.779077e-16   1.530911e-04   8.759795e-18   408
  3.976732e-01   1.684442e-16   7.741108e-05   8.612372e-18   360
  3.983137e-01   1.892769e-16   2.842286e-04   8.805977e-18   456
  3.990874e-01   1.740270e-16   1.545652e-04   7.861510e-18   384
  4.000722e-01   2.082496e-16   1.426833e-04   1.042521e-17   348
  4.006044e-01   1.774462e-16   1.759003e-04   7.378306e-18   576
  4.016040e-01   1.824454e-16   1.448308e-04   8.406551e-18   504
  4.026266e-01   1.765375e-16   2.042754e-04   8.078987e-18   432
  4.035193e-01   1.616828e-16   2.779157e-04   6.425314e-18   576
  4.041559e-01   1.731245e-16   0.000000e+00   1.001608e-17   264
  4.051657e-01   1.742701e-16   2.211515e-04   6.022918e-18   768
  4.060439e-01   2.052772e-16   2.977401e-04   1.375712e-17   240
  4.067421e-01   1.643029e-16   2.625786e-04   1.255249e-17   192
  4.077592e-01   1.636346e-16   1.932899e-04   6.816360e-18   504
  4.085134e-01   1.534971e-16   2.604655e-04   6.321573e-18   590
  4.092368e-01   1.583673e-16   2.918373e-04   7.831270e-18   384
  4.101438e-01   1.660052e-16   2.438900e-04   7.445614e-18   504
  4.112389e-01   1.739124e-16   2.347064e-04   6.385194e-18   648
  4.123011e-01   1.650649e-16   6.374317e-05   7.176167e-18   504
  4.127294e-01   1.701315e-16   1.454101e-04   8.727466e-18   312
  4.134855e-01   1.473017e-16   2.095003e-04   5.581701e-18   576
  4.145236e-01   1.555162e-16   1.457924e-04   9.744148e-18   240
  4.151287e-01   1.516821e-16   1.473162e-04   6.159576e-18   552
  4.159853e-01   1.650577e-16   1.383265e-04   6.556829e-18   600
  4.172054e-01   1.527193e-16   1.689549e-04   5.559354e-18   600
  4.179389e-01   1.676063e-16   2.705679e-04   9.885704e-18   312
  4.186695e-01   1.632750e-16   2.356379e-04   7.161370e-18   480
  4.195820e-01   1.672951e-16   1.470154e-04   6.769775e-18   576
  4.203854e-01   1.592214e-16   2.367268e-04   8.045039e-18   408
  4.210983e-01   1.606026e-16   2.761527e-04   9.918575e-18   216
  4.220194e-01   1.329572e-16   2.115019e-04   5.953432e-18   516
  4.230063e-01   1.592618e-16   2.017943e-04   6.240102e-18   744
  4.240243e-01   1.474969e-16   1.347808e-04   6.791233e-18   462
  4.245995e-01   1.582195e-16   1.369852e-04   7.715721e-18   432
  4.254918e-01   1.581476e-16   1.270838e-04   5.601597e-18   648
  4.265409e-01   1.593206e-16   1.859472e-04   6.573136e-18   528
  4.273836e-01   1.351798e-16   2.239269e-04   5.646607e-18   600
  4.282256e-01   1.346038e-16   2.823132e-04   1.021204e-17   240
  4.290411e-01   1.376666e-16   2.162492e-04   4.989408e-18   720
  4.299890e-01   1.556008e-16   1.710922e-04   5.492339e-18   720
  4.310398e-01   1.269616e-16   0.000000e+00   9.346155e-18   144
  4.315927e-01   1.330168e-16   2.205891e-04   4.755650e-18   720
  4.323793e-01   1.620081e-16   1.322696e-04   8.832966e-18   384
  4.333641e-01   1.389883e-16   1.466278e-04   5.358759e-18   672
  4.342984e-01   1.397794e-16   2.567292e-04   7.313214e-18   336
  4.347447e-01   1.564994e-16   0.000000e+00   9.540194e-18   288
  4.358374e-01   1.346769e-16   2.031840e-04   4.685542e-18   776
  4.368489e-01   1.476177e-16   1.738547e-04   5.596163e-18   720
  4.376985e-01   1.412676e-16   1.400528e-04   7.305268e-18   432
  4.383780e-01   1.362126e-16   1.996629e-04   7.262696e-18   504
  4.391339e-01   1.285813e-16   1.398922e-04   5.696715e-18   528
  4.401917e-01   1.357858e-16   1.905949e-04   6.296617e-18   438
  4.410618e-01   1.226280e-16   2.218350e-04   4.935056e-18   624
  4.417176e-01   1.432338e-16   2.717180e-04   7.779207e-18   312
  4.426191e-01   1.337597e-16   1.463948e-04   4.789347e-18   696
  4.435512e-01   1.286492e-16   1.324608e-04   5.459121e-18   552
  4.445207e-01   1.194789e-16   1.024805e-04   4.886488e-18   516
  4.451205e-01   1.246880e-16   2.046970e-04   5.093452e-18   528
  4.458506e-01   1.251666e-16   1.331200e-04   5.808515e-18   528
  4.468878e-01   1.256257e-16   1.755583e-04   4.434016e-18   864
  4.475918e-01   1.121770e-16   2.404788e-04   5.222273e-18   408
  4.482965e-01   1.228999e-16   2.382549e-04   8.233275e-18   192
  4.492953e-01   1.272727e-16   1.971674e-04   4.671506e-18   720
  4.501385e-01   1.115695e-16   1.817980e-04   3.954260e-18   696
  4.511404e-01   1.252506e-16   1.963435e-04   4.500064e-18   720
  4.520570e-01   1.175785e-16   2.661201e-04   5.603963e-18   432
  4.525916e-01   1.103107e-16   1.566487e-04   6.718701e-18   264
  4.535534e-01   1.232874e-16   2.163249e-04   4.514282e-18   672
  4.544137e-01   1.206766e-16   2.214835e-04   4.791601e-18   600
  4.554346e-01   1.182588e-16   1.296784e-04   7.552334e-18   270
  4.559493e-01   1.176608e-16   1.952021e-04   5.223250e-18   528
  4.567673e-01   1.290836e-16   1.336675e-04   4.880060e-18   840
  4.578890e-01   1.203278e-16   2.555961e-04   4.167166e-18   888
  4.589254e-01   1.166826e-16   1.904380e-04   4.542425e-18   744
  4.598014e-01   1.274759e-16   9.785730e-05   6.285781e-18   456
  4.602370e-01   1.098748e-16   1.337280e-04   5.210512e-18   360
  4.609825e-01   1.135478e-16   1.158678e-04   5.325164e-18   384
  4.621264e-01   1.200974e-16   1.858509e-04   4.277837e-18   816
  4.629847e-01   1.192304e-16   2.696437e-04   4.007376e-18   824
  4.640279e-01   1.155720e-16   1.253432e-04   6.302100e-18   360
  4.645865e-01   1.307149e-16   1.849595e-04   5.341760e-18   624
  4.653553e-01   1.014021e-16   1.249856e-04   4.954440e-18   360
  4.663795e-01   1.147784e-16   1.700172e-04   3.790313e-18   876
  4.673045e-01   1.072749e-16   2.019296e-04   4.418199e-18   696
  4.682373e-01   1.205300e-16   1.303928e-04   6.463558e-18   336
  4.687264e-01   1.194346e-16   1.302463e-04   5.545301e-18   504
  4.695341e-01   1.110491e-16   1.313750e-04   4.036852e-18   672
  4.707324e-01   1.034418e-16   2.615370e-04   3.833339e-18   720
  4.715635e-01   1.009787e-16   1.975633e-04   4.006668e-18   774
  4.724808e-01   1.093403e-16   1.130801e-04   5.221244e-18   384
  4.729612e-01   1.079844e-16   2.176147e-04   4.766233e-18   528
  4.737068e-01   1.096131e-16   2.073989e-04   3.929183e-18   744
  4.749062e-01   1.106818e-16   1.710601e-04   3.923970e-18   768
  4.757025e-01   1.073685e-16   1.920278e-04   4.447023e-18   552
  4.766960e-01   1.000870e-16   2.092886e-04   3.813998e-18   696
  4.774351e-01   1.110308e-16   2.543221e-04   5.826387e-18   408
  4.780218e-01   1.027275e-16   1.098692e-04   4.624711e-18   504
  4.789519e-01   9.966588e-17   1.973758e-04   3.539913e-18   888
  4.798671e-01   9.634473e-17   2.051305e-04   3.779234e-18   648
  4.808184e-01   9.877243e-17   2.033722e-04   4.095153e-18   648
  4.817134e-01   1.018130e-16   2.192851e-04   3.582448e-18   792
  4.826614e-01   9.802006e-17   3.208291e-04   3.983173e-18   600
  4.833600e-01   9.500178e-17   2.174285e-04   4.514104e-18   456
  4.840953e-01   1.025374e-16   1.059654e-04   3.946970e-18   648
  4.850397e-01   9.443802e-17   2.066479e-04   3.002865e-18   936
  4.860593e-01   9.548734e-17   1.269084e-04   4.539266e-18   384
  4.869469e-01   3.110490e-42   0.000000e+00   1.826693e-42   198
  4.876318e-01   6.353553e-43   3.219776e-04   5.358913e-44   1224
  4.883707e-01   6.075171e-43   2.344988e-04   3.291366e-44   420
  4.892446e-01   4.863504e-43   2.269458e-04   1.933754e-44   792
  4.900991e-01   5.292916e-43   1.876648e-04   2.089186e-44   680
  4.910742e-01   5.842191e-43   1.723226e-04   2.237664e-44   600
  4.918588e-01   5.289404e-43   2.499151e-04   1.788328e-44   840
  4.929064e-01   5.624719e-43   1.179983e-04   2.677763e-44   432
  4.933067e-01   5.024138e-43   1.105800e-04   1.832637e-44   720
  4.941771e-01   5.558909e-43   2.214723e-04   1.846687e-44   960
  4.952596e-01   5.307509e-43   1.974263e-04   2.399528e-44   528
  4.960507e-01   5.468577e-43   2.018074e-04   2.179379e-44   624
  4.969923e-01   5.459090e-43   1.586192e-04   1.891168e-44   816
  4.979269e-01   5.284564e-43   2.608527e-04   1.852293e-44   696
  4.989597e-01   6.154365e-43   1.438612e-08   3.637928e-44   240
  4.993481e-01   4.791214e-43   1.538310e-04   1.737791e-44   672
  5.002149e-01   5.551556e-43   2.749181e-04   1.901370e-44   864
  5.011872e-01   5.285377e-43   2.109550e-04   1.949827e-44   816
  5.020636e-01   5.954362e-43   1.207434e-04   2.273414e-44   648
  5.030076e-01   5.401478e-43   1.234217e-04   1.938923e-44   843
  5.038089e-01   6.380720e-43   2.220660e-04   2.629014e-44   780
  5.047639e-01   5.964578e-43   1.191565e-04   3.592629e-44   216
  5.053529e-01   5.783601e-43   2.873328e-04   1.738750e-44   1056
  5.062588e-01   5.828319e-43   2.350705e-04   3.300528e-44   228
  5.070976e-01   5.791221e-43   2.926687e-04   1.787407e-44   924
  5.079587e-01   5.848184e-43   1.085637e-04   2.344924e-44   696
  5.088706e-01   5.894052e-43   1.932122e-04   2.055009e-44   996
  5.098035e-01   6.117095e-43   1.140687e-04   2.315057e-44   576
  5.107740e-01   5.615893e-43   1.760574e-04   2.612783e-44   552
  5.114815e-01   6.142154e-43   2.102064e-04   2.674594e-44   516
  5.121995e-01   6.309150e-43   3.056837e-04   2.339396e-44   744
  5.130199e-01   6.145910e-43   1.499561e-04   2.418132e-44   576
  5.137336e-01   5.472686e-43   1.543428e-04   1.916680e-44   792
  5.147477e-01   5.617793e-43   1.764424e-04   2.023652e-44   792
  5.154909e-01   6.442748e-43   1.902913e-04   2.176156e-44   720
  5.164960e-01   6.203548e-43   2.168883e-04   2.396682e-44   656
  5.174379e-01   5.465711e-43   2.368308e-04   1.892298e-44   816
  5.184034e-01   5.976975e-43   1.276952e-04   2.516014e-44   492
  5.189522e-01   6.477897e-43   1.836985e-04   3.144503e-44   552
  5.199822e-01   6.082158e-43   3.194294e-04   2.268448e-44   780
  5.206511e-01   6.128358e-43   1.962217e-04   2.851996e-44   528
  5.213718e-01   6.178594e-43   2.290504e-04   2.529839e-44   600
  5.224340e-01   6.388548e-43   1.903590e-04   2.020497e-44   900
  5.231662e-01   7.234580e-43   1.053860e-04   2.880641e-44   696
  5.241734e-01   6.042693e-43   2.664725e-04   2.206514e-44   696
  5.251479e-01   5.826234e-43   1.081054e-04   2.689536e-44   552
  5.259673e-01   6.530482e-43   1.257166e-04   2.254766e-44   708
  5.268258e-01   6.562708e-43   2.075652e-04   2.263164e-44   876
  5.277190e-01   7.657371e-43   1.102130e-04   4.834686e-44   216
  5.283184e-01   6.633928e-43   3.014475e-04   2.037163e-44   1032
  5.292161e-01   7.136363e-43   3.356286e-04   2.768005e-44   600
  5.301478e-01   6.375089e-43   1.601495e-04   2.601638e-44   600
  5.308585e-01   5.960900e-43   2.828090e-04   2.560229e-44   528
  5.316987e-01   6.725916e-43   1.552497e-04   2.662386e-44   732
  5.325837e-01   6.788934e-43   1.146378e-04   3.529224e-44   336
  5.336024e-01   6.827049e-43   1.633817e-04   2.294225e-44   912
  5.343638e-01   7.706270e-43   1.639857e-04   3.269643e-44   624
  5.351957e-01   6.240251e-43   1.381873e-04   2.234907e-44   768
  5.361666e-01   6.992503e-43   2.493171e-04   2.486824e-44   792
  5.371196e-01   6.751948e-43   1.236011e-04   2.505454e-44   660
  5.377977e-01   7.166249e-43   1.821461e-04   3.558784e-44   504
  5.384990e-01   6.296086e-43   2.975919e-04   3.281093e-44   480
  5.395501e-01   6.952597e-43   2.752337e-04   2.363577e-44   912
  5.403731e-01   7.087783e-43   3.065154e-04   3.346434e-44   432
  5.411504e-01   7.535002e-43   1.820016e-04   3.067168e-44   564
  5.418405e-01   6.729493e-43   1.742006e-04   2.438195e-44   600
  5.428119e-01   7.260561e-43   2.428192e-04   2.534933e-44   876
  5.435417e-01   7.018202e-43   1.091788e-04   3.604700e-44   264
  5.445477e-01   6.298275e-43   2.118499e-04   2.885535e-44   560
  5.453563e-01   6.743890e-43   1.439565e-04   2.261512e-44   840
  5.463378e-01   7.048555e-43   2.219395e-04   2.250402e-44   1008
  5.472454e-01   7.299688e-43   9.928084e-05   3.669691e-44   456
  5.480744e-01   6.859742e-43   1.286043e-04   2.746464e-44   576
  5.488407e-01   7.218265e-43   1.976142e-04   2.643647e-44   612
  5.498512e-01   7.155184e-43   1.765015e-04   2.632133e-44   780
  5.506755e-01   7.380912e-43   2.022627e-04   2.900904e-44   648
  5.515194e-01   6.849378e-43   9.425702e-05   3.769059e-44   312
  5.520587e-01   6.864572e-43   2.394916e-04   2.851342e-44   528
  5.529931e-01   6.988189e-43   3.127641e-04   2.568766e-44   720
  5.538866e-01   7.535306e-43   3.137436e-04   3.686708e-44   576
  5.549699e-01   6.968515e-43   2.706443e-04   3.286864e-44   444
  5.556439e-01   8.120804e-43   2.654148e-04   2.594142e-44   996
  5.564699e-01   8.117015e-43   2.217012e-04   3.802860e-44   432
  5.572506e-01   7.696631e-43   2.427192e-04   3.511663e-44   504
  5.579250e-01   7.999331e-43   1.094306e-04   3.503881e-44   504
  5.588852e-01   7.700316e-43   2.153608e-04   2.584825e-44   876
  5.597541e-01   7.717452e-43   2.478597e-04   3.438885e-44   504
  5.606589e-01   7.547804e-43   1.580720e-04   2.712687e-44   696
  5.614066e-01   7.501367e-43   1.351349e-04   3.308574e-44   492
  5.624240e-01   8.424601e-43   1.934522e-04   3.762677e-44   432
  5.631776e-01   7.169216e-43   1.811468e-04   2.485484e-44   768
  5.640708e-01   8.111868e-43   2.256427e-04   3.202443e-44   648
  5.649237e-01   7.522847e-43   1.472076e-04   3.546415e-44   456
  5.659038e-01   9.370689e-43   2.024344e-04   4.182641e-44   552
  5.665845e-01   7.116591e-43   1.387487e-04   2.991314e-44   648
  5.675213e-01   7.782852e-43   2.261525e-04   2.659616e-44   840
  5.684363e-01   8.391765e-43   1.078474e-04   4.161890e-44   432
  5.693524e-01   8.614655e-43   1.320946e-04   3.364435e-44   600
  5.699896e-01   9.094733e-43   1.407382e-04   4.656059e-44   432
  5.710598e-01   7.105183e-43   1.401185e-04   2.694070e-44   560
  5.717846e-01   8.262273e-43   2.217929e-04   2.740438e-44   840
  5.726922e-01   9.040820e-43   1.313712e-04   4.085091e-44   504
  5.734129e-01   7.711012e-43   2.681208e-04   2.717022e-44   696
  5.744289e-01   8.055147e-43   1.464380e-04   3.869392e-44   384
  5.752203e-01   7.541424e-43   2.145144e-04   3.402500e-44   576
  5.761776e-01   7.088933e-43   1.323876e-04   3.295722e-44   360
  5.769491e-01   8.813943e-43   1.971572e-04   3.232663e-44   828
  5.777814e-01   8.426416e-43   1.756051e-04   4.834814e-44   372
  5.785440e-01   8.905920e-43   2.681827e-04   3.916198e-44   576
  5.795542e-01   8.184642e-43   1.123146e-04   3.476496e-44   636
  5.802740e-01   8.363481e-43   2.165136e-04   3.359474e-44   648
  5.812477e-01   9.284917e-43   1.760019e-04   3.302012e-44   576
  5.819467e-01   8.190492e-43   2.839096e-04   3.567555e-44   528
  5.828762e-01   9.318308e-43   1.213831e-04   4.524383e-44   360
  5.836457e-01   8.806540e-43   2.792266e-04   3.438947e-44   672
  5.846504e-01   8.594029e-43   1.430245e-04   3.013416e-44   804
  5.854866e-01   7.609543e-43   1.577731e-04   3.908272e-44   408
  5.864116e-01   8.296740e-43   9.752092e-05   4.004825e-44   384
  5.870345e-01   8.516230e-43   2.231653e-04   3.822777e-44   480
  5.879130e-01   8.559113e-43   1.441975e-04   4.301033e-44   432
  5.887557e-01   9.532918e-43   2.657252e-04   3.811667e-44   648
  5.897530e-01   9.315571e-43   1.648813e-04   3.795554e-44   624
  5.904826e-01   8.860020e-43   1.499734e-04   4.034059e-44   456
  5.914788e-01   8.417703e-43   2.048770e-04   3.398716e-44   588
  5.921465e-01   8.655725e-43   1.307107e-04   3.425150e-44   600
  5.931212e-01   8.268473e-43   2.038766e-04   3.360251e-44   708
  5.938912e-01   8.773542e-43   1.284383e-04   4.086010e-44   360
  5.947420e-01   9.753226e-43   1.476433e-04   3.810074e-44   552
  5.955576e-01   8.919855e-43   1.035752e-04   5.217762e-44   288
  5.963856e-01   9.534469e-43   1.947498e-04   3.668317e-44   528
  5.971636e-01   8.932574e-43   1.313872e-04   4.360874e-44   456
  5.980328e-01   9.391243e-43   2.329780e-04   3.904534e-44   608
  5.989070e-01   9.709468e-43   1.127174e-04   4.329216e-44   504
  5.998623e-01   1.022465e-42   2.419978e-04   4.322916e-44   540
  6.006113e-01   8.504887e-43   2.597778e-04   4.005490e-44   360
  6.014188e-01   9.827573e-43   1.176407e-04   4.262825e-44   540
  6.021329e-01   8.903847e-43   1.010085e-04   3.974083e-44   576
  6.031714e-01   9.503458e-43   2.342044e-04   3.762379e-44   588
  6.041588e-01   1.038806e-42   3.231314e-04   3.790440e-44   672
  6.050070e-01   1.002127e-42   2.469721e-04   4.117534e-44   552
  6.056908e-01   1.049468e-42   2.470970e-04   8.734551e-44   144
  6.065633e-01   1.087079e-42   2.099342e-04   4.132239e-44   600
  6.073906e-01   9.549258e-43   2.630934e-04   4.370757e-44   504
  6.083088e-01   9.413520e-43   2.702501e-04   4.495276e-44   336
  6.092745e-01   1.027353e-42   3.037623e-04   3.901509e-44   600
  6.101395e-01   9.782150e-43   1.960382e-04   3.908644e-44   636
  6.110731e-01   1.198587e-42   1.576165e-04   6.012931e-44   384
  6.117276e-01   9.961863e-43   2.198564e-04   4.047654e-44   504
  6.126710e-01   1.007285e-42   9.227064e-05   7.174665e-44   240
  6.134155e-01   9.134457e-43   2.167569e-04   3.460778e-44   744
  6.143088e-01   9.958090e-43   1.480120e-04   3.798938e-44   648
  6.151027e-01   9.130450e-43   9.825476e-05   8.049627e-44   120
  6.160331e-01   1.015593e-42   1.543455e-04   4.524603e-44   564
  6.167362e-01   8.980334e-43   2.424089e-04   4.410281e-44   432
  6.176746e-01   9.763023e-43   1.881572e-04   4.502844e-44   480
  6.183811e-01   9.887484e-43   1.384885e-04   4.946803e-44   456
  6.192152e-01   1.031301e-42   2.291780e-04   4.809222e-44   444
  6.201616e-01   9.080679e-43   3.506544e-04   3.903586e-44   528
  6.209930e-01   1.080020e-42   2.604238e-04   6.255195e-44   264
  6.217998e-01   1.098407e-42   2.668956e-04   5.886851e-44   444
  6.228852e-01   1.033042e-42   2.923449e-04   4.045940e-44   696
  6.237861e-01   1.162843e-42   1.563558e-04   6.026483e-44   384
  6.244450e-01   9.511480e-43   1.975687e-04   4.523301e-44   432
  6.254698e-01   1.080517e-42   1.365107e-04   4.605965e-44   488
  6.261352e-01   1.092274e-42   2.057386e-04   4.628118e-44   480
  6.270999e-01   1.084577e-42   2.294412e-04   5.272021e-44   480
  6.278471e-01   1.123324e-42   9.626648e-05   6.352670e-44   240
  6.286954e-01   1.014548e-42   2.248709e-04   4.303477e-44   600
  6.294955e-01   1.173182e-42   1.959519e-04   6.758325e-44   288
  6.303474e-01   9.793385e-43   1.884914e-04   4.489606e-44   480
  6.312103e-01   1.094782e-42   3.352926e-04   4.750500e-44   504
  6.320598e-01   1.094649e-42   1.438614e-04   6.626247e-44   216
  6.331433e-01   1.116953e-42   2.355240e-04   4.757936e-44   504
  6.339871e-01   1.046087e-42   1.894329e-04   4.462787e-44   456
  6.349107e-01   9.506761e-43   1.086430e-04   5.165228e-44   384
  6.355225e-01   1.271622e-42   2.205061e-04   5.382385e-44   480
  6.363918e-01   1.088125e-42   1.936290e-04   5.197079e-44   504
  6.371972e-01   1.275250e-42   1.228262e-04   7.586908e-44   312
  6.380652e-01   1.247476e-42   1.979302e-04   5.750018e-44   492
  6.388334e-01   1.169397e-42   1.855135e-04   6.519387e-44   312
  6.398223e-01   1.120477e-42   3.013519e-04   4.690400e-44   576
  6.406929e-01   1.151856e-42   2.781722e-04   6.276662e-44   336
  6.414159e-01   9.296326e-43   2.141797e-04   4.933581e-44   240
  6.424183e-01   1.252992e-42   2.839481e-04   5.869386e-44   468
  6.432837e-01   1.391291e-42   1.777925e-04   9.398824e-44   192
  6.441896e-01   1.203709e-42   1.783224e-04   6.534676e-44   324
  6.448535e-01   1.172433e-42   1.294235e-04   4.531592e-44   600
  6.457583e-01   1.162785e-42   2.099764e-04   5.705073e-44   456
  6.464302e-01   1.023806e-42   9.444737e-05   4.826735e-44   336
  6.475438e-01   1.187391e-42   2.828021e-04   4.932879e-44   612
  6.483539e-01   1.322272e-42   2.373399e-04   1.030221e-43   144
  6.491201e-01   1.312219e-42   2.770366e-04   5.056550e-44   552
  6.501620e-01   1.142625e-42   1.091004e-04   6.882480e-44   264
  6.507507e-01   1.165482e-42   2.525953e-04   6.614624e-44   336
  6.516793e-01   1.274665e-42   1.669063e-04   7.656721e-44   384
  6.524847e-01   1.184474e-42   9.395175e-05   7.632505e-44   216
  6.533762e-01   1.282252e-42   1.991971e-04   6.112507e-44   344
  6.541891e-01   1.070552e-42   2.972114e-04   4.807061e-44   408
  6.551797e-01   1.173651e-42   2.283876e-04   6.999990e-44   264
  6.560575e-01   1.279304e-42   3.183837e-04   5.017871e-44   612
  6.569345e-01   1.203685e-42   1.638646e-04   5.089849e-44   408
  6.578364e-01   1.242925e-42   1.641001e-04   5.475722e-44   444
  6.584991e-01   1.005794e-42   9.177996e-05   7.409869e-44   120
  6.593870e-01   1.307225e-42   2.535712e-04   8.059960e-44   336
  6.600460e-01   1.233054e-42   8.811499e-05   7.069130e-44   288
  6.609366e-01   1.174316e-42   2.742154e-04   4.815519e-44   552
  6.621610e-01   1.020197e-42   0.000000e+00   1.207568e-43   72
  6.627906e-01   1.082812e-42   2.723657e-04   4.071376e-44   504
  6.635259e-01   1.412685e-42   8.764464e-05   1.113044e-43   216
  6.644787e-01   1.260245e-42   1.564835e-04   6.816630e-44   312
  6.653340e-01   1.283607e-42   1.781811e-04   5.999641e-44   336
  6.661492e-01   1.344949e-42   2.469789e-04   1.154245e-43   204
  6.669611e-01   1.224587e-42   2.870270e-04   6.174675e-44   504
  6.678221e-01   1.599549e-42   2.733322e-04   7.703271e-44   396
  6.686501e-01   1.261200e-42   2.506599e-04   6.910975e-44   312
  6.696540e-01   1.299147e-42   1.531800e-04   8.581547e-44   216
  6.703613e-01   1.207008e-42   8.313373e-05   8.850459e-44   168
  6.712208e-01   1.259144e-42   2.099173e-04   5.120570e-44   588
  6.722017e-01   1.525858e-42   2.849381e-04   9.538835e-44   240
  6.729637e-01   1.350658e-42   2.516481e-04   8.559964e-44   264
  6.738575e-01   1.270789e-42   3.112147e-04   7.332346e-44   288
  6.746505e-01   1.271006e-42   1.554077e-04   8.356689e-44   288
  6.756555e-01   1.276054e-42   1.459525e-04   7.690367e-44   288
  6.763322e-01   1.446666e-42   1.690738e-04   1.135333e-43   192
  6.771836e-01   1.260272e-42   1.799115e-04   7.553520e-44   264
  6.779946e-01   1.481242e-42   2.959295e-04   8.078118e-44   372
  6.788675e-01   1.336225e-42   3.196167e-04   6.789731e-44   360
  6.799329e-01   1.309429e-42   1.352648e-04   9.678384e-44   144
  6.804835e-01   1.285140e-42   1.878769e-04   7.711465e-44   296
  6.813527e-01   1.280058e-42   2.024276e-04   9.476948e-44   288
  6.823478e-01   1.288666e-42   3.025230e-04   5.543057e-44   480
  6.832061e-01   1.132614e-42   2.513677e-04   8.522576e-44   192
  6.840407e-01   1.556901e-42   2.696262e-04   1.148039e-43   192
  6.847993e-01   1.463678e-42   1.718359e-04   8.784932e-44   288
  6.858544e-01   1.387298e-42   1.495808e-04   1.436714e-43   108
  6.863859e-01   1.347843e-42   1.438036e-04   8.547663e-44   240
  6.873243e-01   1.238138e-42   2.682690e-04   6.152333e-44   384
  6.882884e-01   1.074016e-42   3.272578e-04   9.982587e-44   108
  6.891409e-01   1.288692e-42   1.918773e-04   6.779960e-44   348
  6.900373e-01   1.295751e-42   2.002507e-04   6.691359e-44   312
  6.908379e-01   1.400401e-42   1.945855e-04   1.479692e-43   96
  6.915741e-01   1.328211e-42   2.590555e-04   6.794562e-44   384
  6.923987e-01   1.420264e-42   1.781778e-04   1.268083e-43   144
  6.932053e-01   1.422289e-42   2.737780e-04   6.601021e-44   408
  6.942079e-01   1.444106e-42   1.221243e-04   1.340445e-43   144
  6.951550e-01   1.416445e-42   2.347853e-04   1.179919e-43   192
  6.957167e-01   1.426704e-42   2.642552e-04   1.097794e-43   144
  6.966323e-01   1.717257e-42   2.148492e-04   1.336994e-43   144
  6.974962e-01   1.572669e-42   2.625805e-04   7.783309e-44   336
  6.985541e-01   1.550662e-42   1.942763e-04   9.162379e-44   240
  6.992249e-01   1.611453e-42   8.821915e-05   1.770136e-43   96
  7.001605e-01   1.362971e-42   2.587043e-04   6.947321e-44   372
  7.011070e-01   1.344954e-42   3.077232e-04   1.631224e-43   132
  7.019384e-01   1.338398e-42   1.904154e-04   7.438642e-44   264
  7.026821e-01   1.512441e-42   1.462304e-04   1.280397e-43   168
  7.034759e-01   1.545502e-42   2.337943e-04   1.170139e-43   216
  7.041771e-01   1.610832e-42   1.430383e-04   1.164138e-43   216
  7.051983e-01   1.615148e-42   2.624157e-04   1.330867e-43   96
  7.061249e-01   1.128480e-42   1.712023e-04   9.109108e-44   120
  7.069747e-01   1.547509e-42   2.176463e-04   1.051017e-43   216
  7.076747e-01   1.578604e-42   9.511215e-05   1.086590e-43   200
  7.086015e-01   1.582614e-42   2.462045e-04   9.011357e-44   288
  7.097902e-01   1.238189e-42   6.478119e-05   9.872375e-44   144
  7.102908e-01   1.602555e-42   2.015951e-04   1.385732e-43   168
  7.113130e-01   1.474145e-42   2.268765e-04   1.154124e-43   159
  7.121109e-01   1.626663e-42   2.380480e-04   1.172204e-43   174
  7.128831e-01   1.539668e-42   2.158536e-04   1.545003e-43   144
  7.138943e-01   1.536412e-42   1.246398e-04   1.162597e-43   222
  7.145705e-01   1.550623e-42   1.257726e-04   1.109649e-43   168
  7.157386e-01   1.207936e-42   2.758677e-04   2.242960e-43   30
  7.162211e-01   1.413266e-42   2.435709e-04   1.339822e-43   72
  7.171298e-01   1.566020e-42   2.173841e-04   8.889412e-44   258
  7.181290e-01   1.635068e-42   1.361533e-04   9.839142e-44   264
  7.186286e-01   1.951521e-42   1.468278e-08   2.258863e-43   72
  7.196697e-01   1.693622e-42   2.698616e-04   1.293150e-43   174
  7.206123e-01   1.615625e-42   2.873527e-04   1.250100e-43   168
  7.213701e-01   2.116493e-42   8.991328e-09   2.624079e-43   48
  7.221837e-01   1.640295e-42   1.622748e-04   1.563749e-43   150
  7.231270e-01   1.432743e-42   2.985162e-04   1.048100e-43   168
  7.240729e-01   1.359608e-42   1.818422e-04   1.096512e-43   144
  7.249427e-01   1.648754e-42   1.698820e-04   1.518616e-43   102
  7.255906e-01   1.756927e-42   2.514545e-04   1.897808e-43   96
  7.266185e-01   1.989855e-42   2.495518e-04   1.820661e-43   120
  7.273797e-01   1.570526e-42   2.676508e-04   1.289115e-43   168
  7.282031e-01   1.643375e-42   1.976389e-04   1.436532e-43   126
  7.289046e-01   1.630594e-42   1.490593e-04   1.116610e-43   168
  7.298711e-01   1.839728e-42   2.390167e-04   2.229746e-43   72
  7.307158e-01   1.899518e-42   2.993022e-04   1.439897e-43   168
  7.314557e-01   1.662561e-42   8.205344e-05   1.908669e-43   78
  7.324696e-01   1.647374e-42   1.347256e-04   1.697075e-43   60
  7.332860e-01   1.647990e-42   2.185468e-04   1.520856e-43   96
  7.341327e-01   1.494552e-42   2.651884e-04   1.218921e-43   168
  7.349284e-01   1.840122e-42   1.678009e-04   1.872016e-43   86
  7.357634e-01   1.448118e-42   1.499742e-04   1.048482e-43   120
  7.369601e-01   1.734937e-42   1.069515e-04   1.361584e-43   168
  7.376055e-01   1.812648e-42   0.000000e+00   3.165321e-43   48
  7.384747e-01   1.861099e-42   1.948541e-04   1.439114e-43   120
  7.389742e-01   1.992350e-42   1.421539e-04   1.529689e-43   126
  7.401935e-01   2.180312e-42   2.500091e-04   1.975703e-43   96
  7.409848e-01   1.558943e-42   7.209028e-05   1.531323e-43   96
  7.416089e-01   2.097242e-42   8.477105e-09   2.621668e-43   72
  7.429385e-01   1.238897e-42   8.991328e-09   2.118508e-43   24
  7.437683e-01   2.009408e-42   1.483601e-04   1.655541e-43   120
  7.444157e-01   1.667695e-42   2.164118e-04   1.450869e-43   126
  7.451355e-01   1.639539e-42   1.804085e-04   1.829059e-43   96
  7.459766e-01   1.329696e-42   3.117986e-04   1.680212e-43   72
  7.469132e-01   1.534663e-42   1.348634e-04   1.288350e-43   144
  7.476836e-01   1.562927e-42   7.778603e-05   1.814960e-43   72
  7.484533e-01   1.523632e-42   1.553665e-04   1.733611e-43   54
  7.491306e-01   1.888269e-42   1.369149e-04   2.027578e-43   108
  7.505382e-01   2.154985e-42   1.342120e-04   1.682358e-43   72
  7.509765e-01   1.846811e-42   7.744493e-05   1.950037e-43   72
  7.520162e-01   2.432353e-42   1.557344e-08   3.520455e-43   24
  7.529998e-01   1.462754e-42   1.638381e-04   1.926838e-43   48
  7.535971e-01   1.736799e-42   1.248023e-04   1.546146e-43   102
  7.544963e-01   1.521042e-42   2.822510e-04   1.217128e-43   168
  7.556711e-01   1.599465e-42   1.539331e-04   2.237529e-43   72
  7.561064e-01   2.446460e-42   0.000000e+00   3.303357e-43   48
  7.570195e-01   2.046619e-42   2.647743e-04   1.691792e-43   120
  7.582245e-01   1.678531e-42   1.627091e-04   1.779406e-43   96
  7.593627e-01   1.808460e-42   1.438612e-08   3.150827e-43   30
  7.607153e-01   1.810817e-42   7.644796e-05   2.264736e-43   72
  7.613097e-01   1.405561e-42   8.991328e-09   2.420902e-43   24
  7.620733e-01   1.864202e-42   1.133148e-04   2.631438e-43   56
  7.629285e-01   2.223617e-42   1.617059e-04   2.528459e-43   96
  7.639519e-01   1.730892e-42   1.785629e-04   1.525702e-43   144
  7.647411e-01   2.430916e-42   1.013810e-04   3.186324e-43   54
  7.658874e-01   1.727384e-42   1.518795e-04   1.444596e-43   108
  7.670409e-01   1.550869e-42   8.041947e-05   2.993509e-43   48
  7.681392e-01   1.317263e-42   3.028050e-04   1.307909e-43   72
  7.707744e-01   2.048304e-42   2.000642e-04   2.248064e-43   78
  7.715046e-01   2.005844e-42   1.507735e-04   2.327453e-43   72
  7.723570e-01   1.974414e-42   1.505863e-04   1.988665e-43   72
  7.732482e-01   2.114183e-42   3.633813e-04   1.986704e-43   96
  7.739527e-01   1.722541e-42   1.502759e-04   2.190119e-43   72
  7.748024e-01   1.571293e-42   0.000000e+00   2.914258e-43   24
  7.756510e-01   1.630995e-42   2.998733e-04   2.078845e-43   72
  7.775680e-01   1.588644e-42   1.904287e-04   2.678244e-43   30
  7.779804e-01   2.188561e-42   0.000000e+00   5.657264e-43   24
  7.801973e-01   2.495925e-42   1.581267e-04   3.670319e-43   48
  7.808927e-01   2.342493e-42   3.402886e-04   1.685234e-43   120
  7.818296e-01   2.228060e-42   1.487821e-04   2.241851e-43   72
  7.827758e-01   1.759459e-42   1.486022e-04   4.339004e-43   36
  7.834261e-01   2.119826e-42   2.937071e-04   2.233312e-43   78
  7.852411e-01   2.784835e-42   1.571111e-04   3.598156e-43   48
  7.875942e-01   2.269337e-42   1.271566e-08   3.756007e-43   24
  7.892707e-01   1.610426e-42   1.094089e-04   2.728618e-43   56
  7.901149e-01   2.247635e-42   1.683597e-04   2.520661e-43   102
  7.911888e-01   2.202983e-42   1.198844e-08   2.197489e-43   72
  7.918122e-01   1.117590e-42   8.991328e-09   2.128574e-43   24
  7.929021e-01   2.086333e-42   1.555930e-04   2.284750e-43   48
  7.949223e-01   1.606075e-42   0.000000e+00   3.406277e-43   24
  7.974016e-01   2.160458e-42   0.000000e+00   3.390278e-43   6
  7.981748e-01   1.720020e-42   0.000000e+00   3.507611e-43   24
  7.986898e-01   3.018789e-42   1.456409e-04   4.037705e-43   72
  7.996307e-01   3.233556e-42   2.717068e-04   3.238722e-43   84
  8.006440e-01   1.943850e-42   0.000000e+00   3.488540e-43   24
  8.009521e-01   2.103155e-42   1.271566e-08   3.270151e-43   24
  8.024909e-01   3.056012e-42   1.557344e-08   4.504511e-43   24
  8.046403e-01   3.046280e-42   0.000000e+00   5.771454e-43   6
  8.073954e-01   2.686556e-42   1.528000e-04   5.424654e-43   48
  8.080572e-01   3.889295e-42   2.878503e-04   3.679737e-43   72
  8.089220e-01   3.928844e-42   1.525117e-04   4.300180e-43   48
  8.102934e-01   2.368726e-42   0.000000e+00   3.487221e-43   24
  8.121184e-01   3.324704e-42   0.000000e+00   4.433834e-43   6
  8.162097e-01   2.077895e-42   0.000000e+00   7.875032e-43   8
  8.165120e-01   2.979140e-42   8.991328e-09   3.915561e-43   48
  8.172369e-01   3.144570e-42   1.479045e-04   3.361332e-43   60
  8.183231e-01   2.677534e-42   0.000000e+00   3.378209e-43   24
  8.198293e-01   9.650613e-43   0.000000e+00   3.141452e-43   6
  8.253784e-01   2.206802e-42   0.000000e+00   3.982818e-43   24
  8.258266e-01   3.005295e-42   1.493898e-04   3.908676e-43   48
  8.265733e-01   2.567776e-42   0.000000e+00   7.275103e-43   24
  8.277664e-01   2.368021e-42   0.000000e+00   6.485798e-43   6
  8.345448e-01   2.729497e-42   1.393664e-04   4.087715e-43   36
  8.350375e-01   2.279307e-42   0.000000e+00   3.906681e-43   24
  8.359234e-01   3.241007e-42   0.000000e+00   8.267657e-43   6
  8.436361e-01   3.301090e-42   1.266552e-04   5.703293e-43   32
  8.442939e-01   2.332631e-42   0.000000e+00   7.117373e-43   6
  8.525822e-01   3.271813e-42   0.000000e+00   7.117499e-43   12
  8.528715e-01   2.195375e-42   0.000000e+00   4.540629e-43   6
  8.616502e-01   3.086681e-42   0.000000e+00   1.238696e-42   6
