# power spectrum of phi_prime
# redshift z=9.852110
# k              Pk             sigma(k)       sigma(Pk)      count
  1.570796e-02   3.210092e-15   0.000000e+00   1.183375e-15   6
  2.221441e-02   4.683431e-15   0.000000e+00   7.956168e-16   12
  2.720699e-02   5.260457e-15   2.980232e-10   1.696007e-15   8
  3.141593e-02   2.056609e-15   0.000000e+00   8.504440e-16   6
  3.512407e-02   5.145045e-15   5.619580e-10   9.535281e-16   24
  3.847649e-02   1.171127e-14   5.619580e-10   1.399758e-15   24
  4.442883e-02   1.498846e-14   0.000000e+00   4.327222e-15   12
  4.712389e-02   1.764841e-14   6.357829e-10   3.454987e-15   30
  4.967294e-02   5.978118e-15   0.000000e+00   9.353389e-16   24
  5.209742e-02   1.028146e-14   9.733398e-10   1.968350e-15   24
  5.441398e-02   1.896021e-14   5.960464e-10   4.027423e-15   8
  5.663587e-02   1.419936e-14   7.947286e-10   3.404347e-15   24
  5.877382e-02   1.550117e-14   0.000000e+00   1.760560e-15   48
  6.283185e-02   2.410639e-15   0.000000e+00   9.125012e-16   6
  6.476559e-02   1.354378e-14   7.947286e-10   2.525891e-15   48
  6.664324e-02   1.255081e-14   7.492773e-10   2.601248e-15   36
  6.846942e-02   2.303406e-14   7.947286e-10   6.806724e-15   24
  7.024815e-02   1.319070e-14   1.123916e-09   4.065381e-15   24
  7.198293e-02   1.178182e-14   0.000000e+00   1.605247e-15   48
  7.367688e-02   4.830000e-14   1.123916e-09   6.946996e-15   24
  7.695299e-02   1.126183e-14   1.123916e-09   1.398131e-15   24
  7.853982e-02   1.839697e-14   0.000000e+00   3.163560e-15   30
  8.009521e-02   1.376414e-14   0.000000e+00   1.776343e-15   72
  8.162097e-02   8.290218e-15   1.192093e-09   2.401573e-15   32
  8.458997e-02   2.030034e-14   0.000000e+00   1.891650e-15   72
  8.603606e-02   8.055726e-15   0.000000e+00   1.208815e-15   48
  8.885766e-02   2.209168e-14   0.000000e+00   6.685469e-15   12
  9.023538e-02   2.098938e-14   0.000000e+00   2.679666e-15   48
  9.159238e-02   2.194588e-14   0.000000e+00   3.110623e-15   48
  9.292956e-02   2.821520e-14   1.123916e-09   3.741988e-15   48
  9.424778e-02   3.450091e-14   1.271566e-09   5.256200e-15   30
  9.554781e-02   3.203809e-15   0.000000e+00   5.500601e-16   24
  9.683039e-02   1.467663e-14   2.369423e-09   2.231130e-15   72
  9.934588e-02   9.049755e-15   0.000000e+00   2.288892e-15   24
  1.005800e-01   2.337754e-14   0.000000e+00   3.370682e-15   96
  1.017992e-01   2.283578e-14   0.000000e+00   3.279282e-15   48
  1.030040e-01   2.234302e-14   1.946680e-09   3.538394e-15   24
  1.041948e-01   2.046729e-14   1.946680e-09   3.335673e-15   24
  1.053722e-01   3.309769e-14   0.000000e+00   4.169640e-15   72
  1.065366e-01   1.383599e-14   0.000000e+00   1.343404e-15   48
  1.088280e-01   4.889882e-14   1.192093e-09   1.143114e-14   8
  1.099557e-01   2.142964e-14   1.412851e-09   3.108355e-15   54
  1.110721e-01   3.425479e-14   0.000000e+00   5.298935e-15   84
  1.121773e-01   8.717012e-15   0.000000e+00   1.406902e-15   48
  1.132717e-01   1.486055e-14   1.589457e-09   3.446103e-15   24
  1.143557e-01   2.144852e-14   2.119276e-09   4.195836e-15   72
  1.154295e-01   1.787693e-14   0.000000e+00   2.098848e-15   96
  1.175476e-01   4.010663e-14   0.000000e+00   4.470219e-15   48
  1.185925e-01   1.858792e-14   0.000000e+00   3.202460e-15   48
  1.196283e-01   1.101630e-14   0.000000e+00   2.246790e-15   24
  1.206552e-01   2.315024e-14   0.000000e+00   2.353867e-15   72
  1.226831e-01   3.002406e-14   0.000000e+00   3.737402e-15   72
  1.236846e-01   2.093569e-14   0.000000e+00   1.810585e-15   96
  1.256637e-01   6.966293e-16   0.000000e+00   2.158203e-16   6
  1.266416e-01   2.559962e-14   0.000000e+00   3.489808e-15   96
  1.276121e-01   2.051460e-14   1.589457e-09   2.062597e-15   96
  1.285752e-01   3.801292e-14   0.000000e+00   9.818256e-15   24
  1.295312e-01   2.264158e-14   1.589457e-09   6.838908e-15   48
  1.304801e-01   1.596830e-14   0.000000e+00   2.028862e-15   96
  1.314222e-01   4.554215e-14   0.000000e+00   6.597103e-15   48
  1.332865e-01   2.470102e-14   1.498555e-09   1.057419e-14   36
  1.342089e-01   2.168942e-14   2.753021e-09   2.943951e-15   48
  1.351250e-01   2.252678e-14   3.114687e-09   2.329982e-15   120
  1.360350e-01   2.367149e-14   0.000000e+00   2.862236e-15   56
  1.369388e-01   2.484800e-14   1.589457e-09   4.933348e-15   24
  1.378368e-01   2.970120e-14   0.000000e+00   3.670468e-15   96
  1.387290e-01   2.575873e-14   0.000000e+00   2.932492e-15   48
  1.404963e-01   1.003162e-14   2.247832e-09   1.828898e-15   24
  1.413717e-01   2.579041e-14   0.000000e+00   2.886415e-15   102
  1.422417e-01   1.334259e-14   1.589457e-09   2.747479e-15   48
  1.431064e-01   2.601440e-14   0.000000e+00   3.947231e-15   72
  1.439659e-01   2.151709e-14   0.000000e+00   3.663177e-15   48
  1.448203e-01   1.724082e-14   0.000000e+00   3.117343e-15   48
  1.456697e-01   2.019152e-14   3.596531e-09   2.606360e-15   120
  1.473538e-01   6.561633e-14   2.247832e-09   1.214150e-14   24
  1.481886e-01   2.045609e-14   2.119276e-09   1.824597e-15   144
  1.490188e-01   2.193763e-14   2.543132e-09   2.368308e-15   120
  1.498444e-01   6.842698e-15   2.247832e-09   7.218847e-16   48
  1.514821e-01   2.361065e-14   2.247832e-09   3.004411e-15   48
  1.522944e-01   2.485609e-14   2.247832e-09   3.163262e-15   96
  1.544390e-01   4.074654e-14   3.768959e-04   5.118089e-15   72
  1.555009e-01   1.837345e-14   1.998073e-09   1.877310e-15   108
  1.562923e-01   2.747598e-14   0.000000e+00   4.604883e-15   72
  1.570796e-01   1.750218e-14   0.000000e+00   2.565396e-15   30
  1.578631e-01   2.271071e-14   0.000000e+00   2.189726e-15   168
  1.586427e-01   1.640019e-14   0.000000e+00   3.052224e-15   48
  1.601904e-01   1.564935e-14   0.000000e+00   2.238763e-15   72
  1.609587e-01   1.646198e-14   0.000000e+00   2.113001e-15   96
  1.617234e-01   1.971744e-14   4.238553e-09   2.328711e-15   72
  1.624844e-01   2.919365e-14   0.000000e+00   2.938963e-15   72
  1.637639e-01   1.863843e-14   3.480039e-04   1.845101e-15   104
  1.647465e-01   2.181413e-14   2.997109e-09   1.981806e-15   144
  1.669779e-01   1.381994e-14   5.026305e-09   1.403437e-15   96
  1.677152e-01   2.224871e-14   0.000000e+00   1.994615e-15   96
  1.688876e-01   2.764066e-14   3.580185e-04   2.885460e-15   120
  1.699076e-01   2.049271e-14   0.000000e+00   2.341118e-15   120
  1.706322e-01   1.638198e-14   0.000000e+00   1.637417e-15   72
  1.720721e-01   1.231603e-14   0.000000e+00   1.467146e-15   48
  1.727876e-01   2.839416e-14   3.912510e-09   3.812030e-15   78
  1.737029e-01   2.757910e-14   3.205713e-04   3.179018e-15   168
  1.756204e-01   2.612019e-14   3.670694e-09   3.449301e-15   144
  1.763215e-01   1.481482e-14   2.997109e-09   1.481898e-15   144
  1.783549e-01   2.366238e-14   1.846233e-04   1.942159e-15   156
  1.790983e-01   1.411453e-14   3.893359e-09   2.314788e-15   48
  1.797859e-01   1.906266e-14   2.543132e-09   2.556893e-15   120
  1.804708e-01   1.733943e-14   0.000000e+00   2.057099e-15   48
  1.816818e-01   2.112398e-14   2.825996e-04   1.587826e-15   216
  1.831848e-01   3.445995e-14   0.000000e+00   3.723752e-15   48
  1.838570e-01   2.362647e-14   2.247832e-09   2.458755e-15   96
  1.848128e-01   2.517657e-14   3.302618e-04   2.059728e-15   168
  1.858591e-01   2.143023e-14   2.247832e-09   2.303500e-15   48
  1.865217e-01   1.946586e-14   0.000000e+00   2.226599e-15   96
  1.871820e-01   2.971298e-14   0.000000e+00   3.730512e-15   48
  1.884956e-01   2.542768e-14   2.543132e-09   4.289781e-15   30
  1.891489e-01   1.199272e-14   0.000000e+00   1.314545e-15   96
  1.899298e-01   2.125956e-14   2.595564e-04   1.781561e-15   240
  1.909339e-01   1.343518e-14   2.800239e-04   5.916408e-15   32
  1.917401e-01   1.880355e-14   0.000000e+00   2.229431e-15   168
  1.923825e-01   2.378397e-14   0.000000e+00   2.124792e-15   120
  1.936608e-01   1.484664e-14   4.738846e-09   2.758135e-15   72
  1.942968e-01   2.403120e-14   2.119276e-09   2.831517e-15   144
  1.949307e-01   1.662211e-14   0.000000e+00   2.397569e-15   96
  1.955626e-01   2.047728e-14   0.000000e+00   1.733614e-15   96
  1.968202e-01   9.102044e-15   0.000000e+00   9.279555e-16   72
  1.974460e-01   2.217454e-14   3.178914e-09   1.874063e-15   96
  1.986918e-01   5.538490e-15   0.000000e+00   8.220017e-16   24
  1.993117e-01   2.187797e-14   0.000000e+00   1.936595e-15   192
  2.000418e-01   2.191397e-14   2.376333e-04   1.916845e-15   132
  2.011601e-01   2.249289e-14   0.000000e+00   3.433016e-15   96
  2.017724e-01   2.838336e-14   0.000000e+00   2.384276e-15   96
  2.023829e-01   2.656115e-14   2.543132e-09   2.802722e-15   120
  2.035985e-01   2.985302e-14   0.000000e+00   4.354386e-15   48
  2.045948e-01   1.485090e-14   2.879924e-04   1.621446e-15   222
  2.054083e-01   1.868466e-14   0.000000e+00   2.393569e-15   120
  2.060080e-01   3.446890e-14   3.893359e-09   5.553780e-15   24
  2.068812e-01   1.934190e-14   2.972500e-04   1.197743e-15   312
  2.087838e-01   2.138615e-14   2.786838e-04   3.841988e-15   72
  2.095704e-01   1.505675e-14   3.893359e-09   2.768632e-15   96
  2.103781e-01   1.971191e-14   2.838009e-04   1.545324e-15   192
  2.113290e-01   1.970768e-14   3.596531e-09   2.026388e-15   120
  2.119120e-01   2.162045e-14   0.000000e+00   2.389952e-15   144
  2.130732e-01   1.715003e-14   0.000000e+00   2.003471e-15   48
  2.138985e-01   1.879863e-14   2.853717e-04   1.065398e-15   336
  2.148032e-01   2.416967e-14   0.000000e+00   5.593129e-15   48
  2.159488e-01   1.668873e-14   0.000000e+00   1.495669e-15   192
  2.165193e-01   2.624844e-14   0.000000e+00   3.945605e-15   48
  2.181411e-01   3.015426e-14   1.980854e-04   3.992583e-15   56
  2.189475e-01   2.186926e-14   2.544090e-04   1.387399e-15   336
  2.199115e-01   2.431841e-14   2.825702e-09   3.048374e-15   54
  2.207512e-01   1.878815e-14   2.794324e-04   1.602639e-15   240
  2.224945e-01   1.785609e-14   2.675587e-04   1.565768e-15   228
  2.232521e-01   2.392628e-14   2.997109e-09   2.638334e-15   72
  2.239875e-01   2.483245e-14   2.595385e-04   2.433328e-15   144
  2.249038e-01   1.556900e-14   0.000000e+00   1.956500e-15   96
  2.254517e-01   1.768450e-14   3.596531e-09   1.229986e-15   240
  2.265435e-01   2.803944e-14   3.178914e-09   7.990119e-15   24
  2.272424e-01   1.825685e-14   2.451321e-04   1.200314e-15   336
  2.281713e-01   2.808784e-14   0.000000e+00   2.935120e-15   72
  2.290193e-01   2.061135e-14   2.666265e-04   1.948140e-15   168
  2.297877e-01   1.411979e-14   0.000000e+00   1.595058e-15   72
  2.308590e-01   1.591584e-14   0.000000e+00   2.007806e-15   96
  2.316886e-01   2.038845e-14   2.646263e-04   1.468348e-15   216
  2.324566e-01   1.504503e-14   0.000000e+00   1.191329e-15   96
  2.335157e-01   1.674870e-14   3.178914e-09   1.285838e-15   192
  2.340434e-01   1.621686e-14   2.997109e-09   1.482774e-15   144
  2.350953e-01   2.853109e-14   0.000000e+00   3.383035e-15   48
  2.358236e-01   1.769751e-14   2.551309e-04   1.427156e-15   246
  2.368131e-01   2.198282e-14   2.352347e-04   2.652994e-15   168
  2.377046e-01   2.109809e-14   6.229375e-09   2.209791e-15   120
  2.382231e-01   1.533131e-14   0.000000e+00   1.312456e-15   240
  2.392566e-01   9.055224e-15   0.000000e+00   3.068708e-15   24
  2.400800e-01   1.792716e-14   2.517980e-04   1.283115e-15   360
  2.411056e-01   9.923952e-15   2.507265e-04   1.178962e-15   120
  2.418210e-01   2.028246e-14   0.000000e+00   1.553568e-15   144
  2.423307e-01   1.500695e-14   0.000000e+00   2.526028e-15   96
  2.438532e-01   1.772482e-14   0.000000e+00   1.756784e-15   144
  2.443586e-01   1.340152e-14   0.000000e+00   1.595873e-15   132
  2.450688e-01   1.928330e-14   2.474633e-04   1.561436e-15   176
  2.460999e-01   1.733919e-14   2.498881e-04   9.845151e-16   312
  2.473693e-01   2.984895e-14   0.000000e+00   4.502047e-15   96
  2.478675e-01   2.036761e-14   0.000000e+00   1.585814e-15   144
  2.486319e-01   1.932213e-14   2.473817e-04   1.175218e-15   312
  2.498505e-01   2.302355e-14   0.000000e+00   2.823518e-15   48
  2.503437e-01   1.748040e-14   3.178914e-09   1.181964e-15   192
  2.513274e-01   8.771884e-16   0.000000e+00   1.887362e-16   6
  2.519810e-01   1.633694e-14   2.307253e-04   1.120251e-15   288
  2.530395e-01   1.401456e-14   2.437763e-04   1.123145e-15   192
  2.537699e-01   1.384792e-14   7.476104e-09   1.102341e-15   216
  2.542556e-01   1.825322e-14   0.000000e+00   2.573861e-15   72
  2.554657e-01   1.232098e-14   2.414611e-04   1.127765e-15   192
  2.562693e-01   1.941740e-14   1.792979e-04   1.352750e-15   288
  2.571504e-01   2.060684e-14   0.000000e+00   2.570260e-15   24
  2.578312e-01   2.026188e-14   2.362101e-04   9.834235e-16   456
  2.590624e-01   9.240009e-15   0.000000e+00   1.860926e-15   48
  2.598231e-01   1.699583e-14   2.326575e-04   1.429743e-15   240
  2.606974e-01   1.508665e-14   2.351266e-04   8.900877e-16   216
  2.614326e-01   1.381867e-14   0.000000e+00   1.863040e-15   72
  2.619041e-01   1.780159e-14   8.123736e-09   1.320093e-15   168
  2.632353e-01   1.980640e-14   1.747662e-04   1.292903e-15   288
  2.639818e-01   1.682348e-14   2.312456e-04   1.356499e-15   168
  2.651809e-01   2.014445e-14   0.000000e+00   1.440514e-15   192
  2.656458e-01   1.813722e-14   2.997109e-09   1.368180e-15   144
  2.665730e-01   1.739209e-14   2.997109e-09   3.987207e-15   36
  2.673593e-01   1.543258e-14   2.111764e-04   8.991677e-16   342
  2.681111e-01   1.898032e-14   2.168525e-04   1.859317e-15   144
  2.690776e-01   1.597951e-14   2.274240e-04   1.043345e-15   384
  2.702500e-01   1.819612e-14   6.229375e-09   1.596689e-15   120
  2.708303e-01   1.695738e-14   2.027960e-04   1.295571e-15   264
  2.716161e-01   1.540782e-14   1.005261e-08   1.283121e-15   192
  2.723561e-01   1.970111e-14   2.185515e-04   1.426516e-15   152
  2.729753e-01   1.632349e-14   5.994218e-09   1.616860e-15   144
  2.742778e-01   1.713431e-14   1.414487e-04   1.400467e-15   216
  2.748807e-01   1.674804e-14   1.890132e-04   1.147192e-15   312
  2.759419e-01   1.632293e-14   2.190625e-04   1.051128e-15   240
  2.765672e-01   1.862474e-14   3.178914e-09   2.221907e-15   96
  2.777541e-01   2.008994e-14   2.094396e-04   1.722050e-15   144
  2.784857e-01   1.601171e-14   2.058607e-04   9.101676e-16   456
  2.796723e-01   1.832448e-14   0.000000e+00   1.352455e-15   120
  2.801131e-01   1.301746e-14   0.000000e+00   1.043618e-15   144
  2.809926e-01   7.097158e-15   4.495664e-09   1.478758e-15   24
  2.815564e-01   1.734336e-14   1.978798e-04   9.128880e-16   336
  2.825316e-01   1.533840e-14   2.182345e-04   1.364810e-15   198
  2.834454e-01   1.406933e-14   2.122205e-04   8.407218e-16   432
  2.844833e-01   1.043706e-14   6.357829e-09   2.031539e-15   48
  2.850248e-01   1.623994e-14   1.873540e-04   1.051717e-15   384
  2.859970e-01   1.814291e-14   2.156842e-04   1.827322e-15   144
  2.868780e-01   1.215296e-14   2.141460e-04   9.691475e-16   264
  2.879317e-01   1.124036e-14   0.000000e+00   1.206536e-15   48
  2.886387e-01   1.784747e-14   2.036179e-04   1.207626e-15   276
  2.893208e-01   1.373473e-14   1.845741e-04   1.317903e-15   192
  2.902325e-01   1.496239e-14   2.074207e-04   7.176535e-16   552
  2.913393e-01   1.124093e-14   5.086263e-09   1.299586e-15   120
  2.919972e-01   1.751504e-14   2.099609e-04   1.220904e-15   216
  2.926069e-01   1.647823e-14   5.086263e-09   1.322714e-15   120
  2.936961e-01   1.558891e-14   2.067600e-04   9.449212e-16   408
  2.947075e-01   2.581687e-14   4.495664e-09   3.872757e-15   24
  2.953347e-01   1.379538e-14   2.088648e-04   7.262245e-16   384
  2.962106e-01   1.377847e-14   2.040684e-04   1.053067e-15   240
  2.969712e-01   1.218448e-14   2.055628e-04   8.380898e-16   168
  2.980376e-01   1.419349e-14   0.000000e+00   1.353882e-15   120
  2.987251e-01   1.268470e-14   2.142884e-04   7.241016e-16   350
  2.998430e-01   1.304835e-14   3.527601e-04   7.944339e-16   384
  3.005110e-01   1.327358e-14   0.000000e+00   1.751819e-15   144
  3.017401e-01   1.149829e-14   4.238553e-09   6.838258e-16   288
  3.023819e-01   1.200520e-14   2.019242e-04   7.932341e-16   336
  3.032549e-01   1.904880e-14   1.838353e-04   1.436982e-15   168
  3.037776e-01   1.174115e-14   1.204945e-08   7.605524e-16   336
  3.048586e-01   1.151515e-14   1.908100e-04   7.927302e-16   288
  3.055078e-01   1.297076e-14   1.797918e-04   9.246533e-16   264
  3.066072e-01   1.490894e-14   0.000000e+00   1.101633e-15   240
  3.070093e-01   1.429020e-14   0.000000e+00   1.338782e-15   96
  3.084525e-01   1.465756e-14   2.445048e-04   8.441460e-16   360
  3.091260e-01   1.549992e-14   1.802420e-04   1.247471e-15   168
  3.099770e-01   1.370403e-14   1.964825e-04   7.003050e-16   456
  3.110018e-01   1.269495e-14   5.651403e-09   1.293030e-15   108
  3.115782e-01   1.516969e-14   1.971449e-04   1.095467e-15   264
  3.122973e-01   1.294038e-14   1.758853e-04   7.298372e-16   264
  3.132820e-01   1.373692e-14   1.659735e-04   8.743273e-16   312
  3.145081e-01   1.398002e-14   1.233364e-04   1.121203e-15   270
  3.150220e-01   1.179369e-14   1.565911e-04   1.064526e-15   240
  3.159458e-01   1.259851e-14   1.937229e-04   7.185770e-16   384
  3.165067e-01   1.112675e-14   6.357829e-09   8.245025e-16   192
  3.175962e-01   1.299054e-14   1.554368e-04   9.870012e-16   240
  3.182281e-01   1.074768e-14   1.918342e-04   6.225912e-16   336
  3.194167e-01   1.262694e-14   1.931178e-04   6.801279e-16   480
  3.203808e-01   1.336567e-14   4.238553e-09   2.086567e-15   72
  3.209194e-01   1.225184e-14   1.883074e-04   8.563293e-16   240
  3.216520e-01   1.275469e-14   1.769831e-04   8.566517e-16   312
  3.224917e-01   1.141075e-14   1.912763e-04   7.143056e-16   240
  3.237607e-01   1.308338e-14   1.453205e-04   6.810406e-16   408
  3.242630e-01   1.251672e-14   1.330785e-04   7.895941e-16   336
  3.252448e-01   1.316630e-14   1.689770e-04   9.750662e-16   264
  3.257273e-01   1.760762e-14   0.000000e+00   1.510575e-15   144
  3.270696e-01   1.234927e-14   2.342121e-04   5.851384e-16   464
  3.277768e-01   1.001607e-14   1.862466e-04   7.775677e-16   168
  3.284751e-01   1.563463e-14   1.696301e-04   7.799182e-16   336
  3.297371e-01   1.330848e-14   1.782296e-04   6.316659e-16   414
  3.304484e-01   1.121428e-14   1.855264e-04   8.819828e-16   216
  3.313598e-01   7.791228e-15   4.495664e-09   1.088861e-15   96
  3.317320e-01   1.302463e-14   1.101208e-08   6.957701e-16   384
  3.330355e-01   1.285042e-14   1.851680e-04   6.972932e-16   492
  3.337341e-01   8.814488e-15   1.810784e-04   6.972379e-16   240
  3.345237e-01   1.005553e-14   1.838580e-04   6.787742e-16   312
  3.356141e-01   1.389623e-14   1.837975e-04   1.252873e-15   192
  3.363048e-01   1.271845e-14   1.781220e-04   5.792694e-16   504
  3.372212e-01   1.087391e-14   1.179198e-04   5.622489e-16   408
  3.379427e-01   1.480503e-14   3.612619e-04   1.254838e-15   168
  3.388456e-01   8.553196e-15   1.716026e-04   5.620641e-16   288
  3.396033e-01   1.214842e-14   1.790820e-04   7.663659e-16   288
  3.403794e-01   1.331940e-14   1.801128e-04   7.014882e-16   432
  3.415052e-01   1.239485e-14   1.703267e-04   9.693203e-16   216
  3.421068e-01   1.126941e-14   1.699674e-04   5.289161e-16   360
  3.431777e-01   1.218593e-14   1.658865e-04   7.342382e-16   312
  3.441442e-01   1.078453e-14   0.000000e+00   1.356753e-15   48
  3.447014e-01   1.216437e-14   1.778543e-04   7.340547e-16   432
  3.456992e-01   1.126827e-14   2.966627e-04   5.962606e-16   414
  3.462885e-01   1.111861e-14   6.776666e-09   7.797490e-16   312
  3.473878e-01   1.082777e-14   2.603051e-04   5.053177e-16   528
  3.481296e-01   1.077809e-14   1.366381e-04   7.314118e-16   264
  3.490209e-01   1.054520e-14   1.620153e-04   5.851018e-16   480
  3.501854e-01   1.022342e-14   0.000000e+00   6.155037e-16   288
  3.506883e-01   1.160168e-14   1.740804e-04   8.668162e-16   168
  3.516084e-01   9.731623e-15   2.755688e-04   4.455940e-16   504
  3.526429e-01   1.012535e-14   4.238553e-09   9.200354e-16   144
  3.532937e-01   1.163192e-14   1.769812e-04   5.465898e-16   464
  3.542716e-01   1.010820e-14   2.597299e-04   5.066001e-16   432
  3.547358e-01   1.207458e-14   4.495664e-09   9.264951e-16   192
  3.559351e-01   1.090950e-14   1.925466e-04   5.298604e-16   396
  3.566434e-01   1.046116e-14   1.729600e-04   6.943554e-16   288
  3.573592e-01   1.132321e-14   1.708549e-04   6.071508e-16   336
  3.585027e-01   9.598699e-15   1.081887e-04   3.995160e-16   432
  3.592283e-01   1.099956e-14   2.804101e-04   5.995012e-16   360
  3.600431e-01   1.137675e-14   1.658667e-04   5.904486e-16   384
  3.612003e-01   9.275662e-15   1.464092e-04   7.114609e-16   198
  3.617579e-01   1.059074e-14   1.664197e-04   4.470146e-16   552
  3.627976e-01   7.247371e-15   2.329761e-04   4.415279e-16   432
  3.636656e-01   1.157820e-14   8.899106e-09   9.257609e-16   168
  3.643942e-01   8.791291e-15   2.888052e-04   4.798410e-16   480
  3.653579e-01   9.051025e-15   0.000000e+00   8.251592e-16   120
  3.657917e-01   9.121317e-15   2.358836e-04   6.317100e-16   336
  3.668502e-01   1.034510e-14   1.664122e-04   3.838141e-16   672
  3.678969e-01   9.542449e-15   2.420693e-04   4.939209e-16   528
  3.683844e-01   1.016137e-14   7.266090e-09   7.073288e-16   168
  3.695106e-01   9.146111e-15   2.700266e-04   4.813814e-16   456
  3.701979e-01   1.013391e-14   1.649075e-04   8.757276e-16   168
  3.709113e-01   1.070444e-14   1.646115e-04   5.447800e-16   504
  3.720973e-01   9.428362e-15   2.118297e-04   5.071122e-16   336
  3.728144e-01   1.100388e-14   1.527042e-04   6.177942e-16   312
  3.736099e-01   1.015593e-14   1.492023e-04   4.527136e-16   504
  3.746568e-01   9.878531e-15   1.035207e-04   4.250523e-16   432
  3.751490e-01   9.695415e-15   1.599738e-04   5.739022e-16   312
  3.761721e-01   1.014050e-14   1.639809e-04   5.009458e-16   384
  3.772403e-01   9.354989e-15   1.393208e-04   1.169142e-15   126
  3.778999e-01   9.028339e-15   2.446141e-04   4.918397e-16   492
  3.787423e-01   9.799897e-15   1.566756e-04   4.384559e-16   528
  3.797950e-01   9.337172e-15   1.591488e-04   4.512183e-16   480
  3.804477e-01   9.347372e-15   2.198632e-04   4.272462e-16   432
  3.813922e-01   9.528437e-15   1.728933e-04   5.040745e-16   440
  3.824891e-01   8.091939e-15   8.597912e-05   5.272789e-16   312
  3.829007e-01   8.985033e-15   1.288469e-04   4.438693e-16   480
  3.837450e-01   8.656703e-15   2.522797e-04   4.657110e-16   408
  3.849786e-01   7.936968e-15   1.510870e-04   4.547795e-16   360
  3.854998e-01   8.476920e-15   1.457935e-04   4.029540e-16   408
  3.864656e-01   9.097957e-15   1.483633e-04   4.293166e-16   456
  3.875531e-01   9.114496e-15   1.417988e-04   5.183471e-16   264
  3.881567e-01   8.981201e-15   1.538873e-04   4.794733e-16   384
  3.890354e-01   9.011581e-15   2.590801e-04   3.760757e-16   672
  3.900512e-01   7.951178e-15   1.549634e-04   5.267373e-16   240
  3.906373e-01   9.652874e-15   1.572490e-04   5.903182e-16   264
  3.914646e-01   7.998929e-15   1.939407e-04   3.423674e-16   624
  3.926991e-01   9.340065e-15   0.000000e+00   7.116198e-16   150
  3.931386e-01   8.577478e-15   2.173259e-04   3.898409e-16   600
  3.940655e-01   7.872685e-15   1.499928e-04   3.600464e-16   672
  3.951151e-01   8.812662e-15   1.410788e-04   5.235993e-16   336
  3.956998e-01   7.680626e-15   1.534526e-04   4.517733e-16   408
  3.966340e-01   8.168266e-15   1.530911e-04   4.301532e-16   408
  3.976732e-01   8.206884e-15   7.741108e-05   4.154493e-16   360
  3.983137e-01   7.859281e-15   2.842286e-04   3.862773e-16   456
  3.990874e-01   8.397019e-15   1.545652e-04   4.283402e-16   384
  4.000722e-01   9.377524e-15   1.426833e-04   4.433950e-16   348
  4.006044e-01   7.251802e-15   1.759003e-04   3.201214e-16   576
  4.016040e-01   8.991990e-15   1.448308e-04   4.210590e-16   504
  4.026266e-01   8.466721e-15   2.042754e-04   4.033940e-16   432
  4.035193e-01   7.834172e-15   2.779157e-04   3.227516e-16   576
  4.041559e-01   7.603143e-15   0.000000e+00   5.320025e-16   264
  4.051657e-01   8.120949e-15   2.211515e-04   2.997932e-16   768
  4.060439e-01   1.030106e-14   2.977401e-04   7.027130e-16   240
  4.067421e-01   7.176986e-15   2.625786e-04   5.659663e-16   192
  4.077592e-01   8.353868e-15   1.932899e-04   3.889999e-16   504
  4.085134e-01   6.806071e-15   2.604655e-04   2.726439e-16   590
  4.092368e-01   6.611635e-15   2.918373e-04   3.592952e-16   384
  4.101438e-01   7.500209e-15   2.438900e-04   3.507393e-16   504
  4.112389e-01   7.364731e-15   2.347064e-04   3.316327e-16   648
  4.123011e-01   7.389506e-15   6.374317e-05   3.564618e-16   504
  4.127294e-01   8.335448e-15   1.454101e-04   4.086185e-16   312
  4.134855e-01   6.111084e-15   2.095003e-04   2.531392e-16   576
  4.145236e-01   6.892625e-15   1.457924e-04   4.392084e-16   240
  4.151287e-01   7.502368e-15   1.473162e-04   3.184149e-16   552
  4.159853e-01   7.325581e-15   1.383265e-04   3.167073e-16   600
  4.172054e-01   7.336424e-15   1.689549e-04   2.718346e-16   600
  4.179389e-01   8.463744e-15   2.705679e-04   5.412678e-16   312
  4.186695e-01   7.337758e-15   2.356379e-04   3.284183e-16   480
  4.195820e-01   7.906502e-15   1.470154e-04   3.292312e-16   576
  4.203854e-01   6.516806e-15   2.367268e-04   3.313768e-16   408
  4.210983e-01   7.621187e-15   2.761527e-04   4.562418e-16   216
  4.220194e-01   6.758035e-15   2.115019e-04   2.869672e-16   516
  4.230063e-01   7.817419e-15   2.017943e-04   3.086928e-16   744
  4.240243e-01   7.307803e-15   1.347808e-04   3.413389e-16   462
  4.245995e-01   6.792637e-15   1.369852e-04   3.595735e-16   432
  4.254918e-01   7.379312e-15   1.270838e-04   3.210598e-16   648
  4.265409e-01   7.094559e-15   1.859472e-04   3.351644e-16   528
  4.273836e-01   6.742981e-15   2.239269e-04   3.048983e-16   600
  4.282256e-01   5.677010e-15   2.823132e-04   4.006317e-16   240
  4.290411e-01   6.153691e-15   2.162492e-04   2.272709e-16   720
  4.299890e-01   7.319487e-15   1.710922e-04   2.613774e-16   720
  4.310398e-01   6.116381e-15   0.000000e+00   4.751927e-16   144
  4.315927e-01   6.237625e-15   2.205891e-04   2.376139e-16   720
  4.323793e-01   7.376594e-15   1.322696e-04   4.148816e-16   384
  4.333641e-01   6.874261e-15   1.466278e-04   2.948702e-16   672
  4.342984e-01   6.102321e-15   2.567292e-04   3.286917e-16   336
  4.347447e-01   6.737666e-15   0.000000e+00   4.388110e-16   288
  4.358374e-01   6.575955e-15   2.031840e-04   2.437311e-16   776
  4.368489e-01   7.476059e-15   1.738547e-04   2.760126e-16   720
  4.376985e-01   7.005918e-15   1.400528e-04   3.483530e-16   432
  4.383780e-01   6.523453e-15   1.996629e-04   3.330785e-16   504
  4.391339e-01   6.772243e-15   1.398922e-04   3.191119e-16   528
  4.401917e-01   6.333593e-15   1.905949e-04   3.167253e-16   438
  4.410618e-01   5.649256e-15   2.218350e-04   2.472167e-16   624
  4.417176e-01   6.126166e-15   2.717180e-04   3.530896e-16   312
  4.426191e-01   6.295206e-15   1.463948e-04   2.394407e-16   696
  4.435512e-01   6.179965e-15   1.324608e-04   3.029533e-16   552
  4.445207e-01   5.498229e-15   1.024805e-04   2.469653e-16   516
  4.451205e-01   5.981785e-15   2.046970e-04   2.728795e-16   528
  4.458506e-01   6.271689e-15   1.331200e-04   3.027056e-16   528
  4.468878e-01   5.709189e-15   1.755583e-04   2.251863e-16   864
  4.475918e-01   5.494701e-15   2.404788e-04   2.826102e-16   408
  4.482965e-01   5.744160e-15   2.382549e-04   4.115833e-16   192
  4.492953e-01   6.296693e-15   1.971674e-04   2.531436e-16   720
  4.501385e-01   5.840920e-15   1.817980e-04   2.390828e-16   696
  4.511404e-01   5.999696e-15   1.963435e-04   2.372452e-16   720
  4.520570e-01   6.169971e-15   2.661201e-04   3.332122e-16   432
  4.525916e-01   5.946183e-15   1.566487e-04   3.938603e-16   264
  4.535534e-01   5.889067e-15   2.163249e-04   2.127326e-16   672
  4.544137e-01   6.113178e-15   2.214835e-04   2.553294e-16   600
  4.554346e-01   5.741408e-15   1.296784e-04   3.594286e-16   270
  4.559493e-01   4.960121e-15   1.952021e-04   2.385121e-16   528
  4.567673e-01   6.250160e-15   1.336675e-04   2.638931e-16   840
  4.578890e-01   5.550227e-15   2.555961e-04   2.204617e-16   888
  4.589254e-01   5.382718e-15   1.904380e-04   2.115003e-16   744
  4.598014e-01   6.839364e-15   9.785730e-05   3.633778e-16   456
  4.602370e-01   5.349973e-15   1.337280e-04   2.937624e-16   360
  4.609825e-01   4.647093e-15   1.158678e-04   2.233678e-16   384
  4.621264e-01   5.706114e-15   1.858509e-04   2.204897e-16   816
  4.629847e-01   5.519193e-15   2.696437e-04   2.053257e-16   824
  4.640279e-01   5.449399e-15   1.253432e-04   3.079346e-16   360
  4.645865e-01   6.706437e-15   1.849595e-04   2.971968e-16   624
  4.653553e-01   5.241711e-15   1.249856e-04   2.940677e-16   360
  4.663795e-01   5.616925e-15   1.700172e-04   1.944518e-16   876
  4.673045e-01   5.473539e-15   2.019296e-04   2.316362e-16   696
  4.682373e-01   6.792656e-15   1.303928e-04   3.978802e-16   336
  4.687264e-01   5.497594e-15   1.302463e-04   2.428132e-16   504
  4.695341e-01   5.463514e-15   1.313750e-04   2.055167e-16   672
  4.707324e-01   5.482646e-15   2.615370e-04   2.037834e-16   720
  4.715635e-01   5.205569e-15   1.975633e-04   2.310882e-16   774
  4.724808e-01   4.147076e-15   1.130801e-04   2.369726e-16   384
  4.729612e-01   5.522124e-15   2.176147e-04   2.734984e-16   528
  4.737068e-01   5.148923e-15   2.073989e-04   2.126200e-16   744
  4.749062e-01   5.871422e-15   1.710601e-04   2.427995e-16   768
  4.757025e-01   4.374729e-15   1.920278e-04   2.206854e-16   552
  4.766960e-01   4.928571e-15   2.092886e-04   1.930872e-16   696
  4.774351e-01   5.424358e-15   2.543221e-04   3.307178e-16   408
  4.780218e-01   5.254153e-15   1.098692e-04   2.775511e-16   504
  4.789519e-01   5.436649e-15   1.973758e-04   2.021885e-16   888
  4.798671e-01   4.717287e-15   2.051305e-04   2.090957e-16   648
  4.808184e-01   4.944092e-15   2.033722e-04   2.072342e-16   648
  4.817134e-01   4.883992e-15   2.192851e-04   1.874400e-16   792
  4.826614e-01   4.777248e-15   3.208291e-04   2.188015e-16   600
  4.833600e-01   5.042987e-15   2.174285e-04   2.641370e-16   456
  4.840953e-01   5.119193e-15   1.059654e-04   2.151807e-16   648
  4.850397e-01   4.915698e-15   2.066479e-04   1.629593e-16   936
  4.860593e-01   5.387618e-15   1.269084e-04   2.613898e-16   384
  4.869469e-01   4.750132e-16   0.000000e+00   3.392652e-17   198
  4.876318e-01   4.916349e-16   3.219776e-04   1.723636e-17   1224
  4.883707e-01   5.793245e-16   2.344988e-04   3.182380e-17   420
  4.892446e-01   4.412715e-16   2.269458e-04   1.924636e-17   792
  4.900991e-01   4.595842e-16   1.876648e-04   1.836371e-17   680
  4.910742e-01   4.592991e-16   1.723226e-04   2.453117e-17   600
  4.918588e-01   4.659413e-16   2.499151e-04   1.723938e-17   840
  4.929064e-01   5.606162e-16   1.179983e-04   3.370994e-17   432
  4.933067e-01   4.742270e-16   1.105800e-04   2.102501e-17   720
  4.941771e-01   5.139889e-16   2.214723e-04   1.947994e-17   960
  4.952596e-01   4.463657e-16   1.974263e-04   2.118150e-17   528
  4.960507e-01   4.532711e-16   2.018074e-04   2.330726e-17   624
  4.969923e-01   5.130146e-16   1.586192e-04   2.128125e-17   816
  4.979269e-01   4.166624e-16   2.608527e-04   1.899668e-17   696
  4.989597e-01   5.050004e-16   1.438612e-08   3.834567e-17   240
  4.993481e-01   5.105320e-16   1.538310e-04   2.488726e-17   672
  5.002149e-01   4.401061e-16   2.749181e-04   1.965569e-17   864
  5.011872e-01   3.915972e-16   2.109550e-04   1.639311e-17   816
  5.020636e-01   4.030714e-16   1.207434e-04   2.031367e-17   648
  5.030076e-01   4.565949e-16   1.234217e-04   1.733608e-17   843
  5.038089e-01   3.614080e-16   2.220660e-04   1.514758e-17   780
  5.047639e-01   3.190597e-16   1.191565e-04   2.531467e-17   216
  5.053529e-01   3.933539e-16   2.873328e-04   1.425486e-17   1056
  5.062588e-01   4.260177e-16   2.350705e-04   2.736090e-17   228
  5.070976e-01   4.394660e-16   2.926687e-04   1.753008e-17   924
  5.079587e-01   4.753412e-16   1.085637e-04   2.035754e-17   696
  5.088706e-01   3.457317e-16   1.932122e-04   1.366652e-17   996
  5.098035e-01   3.496030e-16   1.140687e-04   1.616315e-17   576
  5.107740e-01   3.773356e-16   1.760574e-04   2.236923e-17   552
  5.114815e-01   4.488823e-16   2.102064e-04   2.402751e-17   516
  5.121995e-01   3.971723e-16   3.056837e-04   1.620698e-17   744
  5.130199e-01   3.262787e-16   1.499561e-04   1.806008e-17   576
  5.137336e-01   3.394182e-16   1.543428e-04   1.583097e-17   792
  5.147477e-01   3.709591e-16   1.764424e-04   1.481863e-17   792
  5.154909e-01   3.524592e-16   1.902913e-04   1.567236e-17   720
  5.164960e-01   3.230751e-16   2.168883e-04   1.296063e-17   656
  5.174379e-01   3.481908e-16   2.368308e-04   1.539897e-17   816
  5.184034e-01   3.161387e-16   1.276952e-04   1.738399e-17   492
  5.189522e-01   3.436595e-16   1.836985e-04   1.614928e-17   552
  5.199822e-01   2.931921e-16   3.194294e-04   1.489451e-17   780
  5.206511e-01   3.391678e-16   1.962217e-04   2.041674e-17   528
  5.213718e-01   2.895944e-16   2.290504e-04   1.324838e-17   600
  5.224340e-01   3.665672e-16   1.903590e-04   1.422496e-17   900
  5.231662e-01   3.139225e-16   1.053860e-04   1.753379e-17   696
  5.241734e-01   2.823254e-16   2.664725e-04   1.282197e-17   696
  5.251479e-01   2.755328e-16   1.081054e-04   1.156856e-17   552
  5.259673e-01   2.469854e-16   1.257166e-04   1.271593e-17   708
  5.268258e-01   2.898477e-16   2.075652e-04   1.230764e-17   876
  5.277190e-01   3.711987e-16   1.102130e-04   4.266385e-17   216
  5.283184e-01   3.024267e-16   3.014475e-04   1.164058e-17   1032
  5.292161e-01   2.432330e-16   3.356286e-04   1.253216e-17   600
  5.301478e-01   2.154026e-16   1.601495e-04   1.058625e-17   600
  5.308585e-01   2.736042e-16   2.828090e-04   1.599379e-17   528
  5.316987e-01   2.652708e-16   1.552497e-04   1.282115e-17   732
  5.325837e-01   2.758786e-16   1.146378e-04   1.848197e-17   336
  5.336024e-01   2.488124e-16   1.633817e-04   1.019190e-17   912
  5.343638e-01   2.104908e-16   1.639857e-04   9.668037e-18   624
  5.351957e-01   2.486187e-16   1.381873e-04   1.177421e-17   768
  5.361666e-01   2.793918e-16   2.493171e-04   1.138634e-17   792
  5.371196e-01   2.359563e-16   1.236011e-04   1.174704e-17   660
  5.377977e-01   2.234136e-16   1.821461e-04   1.469209e-17   504
  5.384990e-01   2.116723e-16   2.975919e-04   1.133872e-17   480
  5.395501e-01   1.642279e-16   2.752337e-04   6.757485e-18   912
  5.403731e-01   2.579003e-16   3.065154e-04   1.679907e-17   432
  5.411504e-01   2.285584e-16   1.820016e-04   1.216737e-17   564
  5.418405e-01   2.157629e-16   1.742006e-04   1.077675e-17   600
  5.428119e-01   2.579054e-16   2.428192e-04   1.052049e-17   876
  5.435417e-01   2.172687e-16   1.091788e-04   1.648561e-17   264
  5.445477e-01   2.135525e-16   2.118499e-04   1.047305e-17   560
  5.453563e-01   1.941189e-16   1.439565e-04   7.980779e-18   840
  5.463378e-01   1.666035e-16   2.219395e-04   7.709413e-18   1008
  5.472454e-01   1.712804e-16   9.928084e-05   9.032123e-18   456
  5.480744e-01   2.342156e-16   1.286043e-04   1.406449e-17   576
  5.488407e-01   2.044066e-16   1.976142e-04   1.081808e-17   612
  5.498512e-01   1.931619e-16   1.765015e-04   9.576807e-18   780
  5.506755e-01   1.993612e-16   2.022627e-04   9.420320e-18   648
  5.515194e-01   2.218364e-16   9.425702e-05   1.872357e-17   312
  5.520587e-01   1.497123e-16   2.394916e-04   6.740363e-18   528
  5.529931e-01   1.474942e-16   3.127641e-04   6.826297e-18   720
  5.538866e-01   1.899415e-16   3.137436e-04   1.257722e-17   576
  5.549699e-01   1.588987e-16   2.706443e-04   1.004902e-17   444
  5.556439e-01   1.798325e-16   2.654148e-04   6.948831e-18   996
  5.564699e-01   1.458627e-16   2.217012e-04   9.802414e-18   432
  5.572506e-01   1.820832e-16   2.427192e-04   1.003674e-17   504
  5.579250e-01   1.394113e-16   1.094306e-04   8.979126e-18   504
  5.588852e-01   1.881935e-16   2.153608e-04   9.324273e-18   876
  5.597541e-01   1.519297e-16   2.478597e-04   8.790720e-18   504
  5.606589e-01   1.372885e-16   1.580720e-04   7.866733e-18   696
  5.614066e-01   1.728268e-16   1.351349e-04   9.490841e-18   492
  5.624240e-01   1.273079e-16   1.934522e-04   7.742756e-18   432
  5.631776e-01   1.697480e-16   1.811468e-04   8.063236e-18   768
  5.640708e-01   1.347035e-16   2.256427e-04   7.622079e-18   648
  5.649237e-01   1.167910e-16   1.472076e-04   6.852006e-18   456
  5.659038e-01   1.270831e-16   2.024344e-04   7.651299e-18   552
  5.665845e-01   1.282451e-16   1.387487e-04   7.064400e-18   648
  5.675213e-01   1.203955e-16   2.261525e-04   4.683110e-18   840
  5.684363e-01   1.398138e-16   1.078474e-04   8.023522e-18   432
  5.693524e-01   1.257194e-16   1.320946e-04   7.441241e-18   600
  5.699896e-01   1.491288e-16   1.407382e-04   9.129526e-18   432
  5.710598e-01   1.425063e-16   1.401185e-04   7.195929e-18   560
  5.717846e-01   1.063422e-16   2.217929e-04   4.999515e-18   840
  5.726922e-01   1.387422e-16   1.313712e-04   8.259946e-18   504
  5.734129e-01   1.054760e-16   2.681208e-04   5.492019e-18   696
  5.744289e-01   1.378847e-16   1.464380e-04   9.121330e-18   384
  5.752203e-01   9.496814e-17   2.145144e-04   5.223920e-18   576
  5.761776e-01   1.068746e-16   1.323876e-04   7.406624e-18   360
  5.769491e-01   1.067855e-16   1.971572e-04   5.257466e-18   828
  5.777814e-01   1.003935e-16   1.756051e-04   6.083416e-18   372
  5.785440e-01   1.027847e-16   2.681827e-04   4.851247e-18   576
  5.795542e-01   1.117862e-16   1.123146e-04   5.604076e-18   636
  5.802740e-01   1.031761e-16   2.165136e-04   5.077921e-18   648
  5.812477e-01   8.909566e-17   1.760019e-04   4.524564e-18   576
  5.819467e-01   9.979627e-17   2.839096e-04   6.153232e-18   528
  5.828762e-01   1.019508e-16   1.213831e-04   6.941976e-18   360
  5.836457e-01   7.807564e-17   2.792266e-04   3.747136e-18   672
  5.846504e-01   1.008777e-16   1.430245e-04   5.017239e-18   804
  5.854866e-01   9.571862e-17   1.577731e-04   5.259352e-18   408
  5.864116e-01   9.851103e-17   9.752092e-05   6.384321e-18   384
  5.870345e-01   6.807656e-17   2.231653e-04   4.916715e-18   480
  5.879130e-01   7.881259e-17   1.441975e-04   4.989842e-18   432
  5.887557e-01   1.038619e-16   2.657252e-04   5.105370e-18   648
  5.897530e-01   8.990463e-17   1.648813e-04   4.393695e-18   624
  5.904826e-01   8.681303e-17   1.499734e-04   5.516419e-18   456
  5.914788e-01   7.666407e-17   2.048770e-04   4.776327e-18   588
  5.921465e-01   7.053638e-17   1.307107e-04   3.776108e-18   600
  5.931212e-01   7.529750e-17   2.038766e-04   3.615318e-18   708
  5.938912e-01   7.282573e-17   1.284383e-04   4.251723e-18   360
  5.947420e-01   8.756770e-17   1.476433e-04   5.027082e-18   552
  5.955576e-01   7.698318e-17   1.035752e-04   7.053682e-18   288
  5.963856e-01   6.383689e-17   1.947498e-04   3.483524e-18   528
  5.971636e-01   7.714222e-17   1.313872e-04   3.746053e-18   456
  5.980328e-01   7.671261e-17   2.329780e-04   4.145920e-18   608
  5.989070e-01   6.191552e-17   1.127174e-04   3.156796e-18   504
  5.998623e-01   4.820339e-17   2.419978e-04   2.562543e-18   540
  6.006113e-01   8.123982e-17   2.597778e-04   4.953606e-18   360
  6.014188e-01   8.575052e-17   1.176407e-04   4.424104e-18   540
  6.021329e-01   6.712653e-17   1.010085e-04   3.674475e-18   576
  6.031714e-01   7.062418e-17   2.342044e-04   3.694196e-18   588
  6.041588e-01   6.962728e-17   3.231314e-04   3.546676e-18   672
  6.050070e-01   7.534637e-17   2.469721e-04   3.521864e-18   552
  6.056908e-01   4.769050e-17   2.470970e-04   3.955705e-18   144
  6.065633e-01   7.070099e-17   2.099342e-04   3.654674e-18   600
  6.073906e-01   5.148693e-17   2.630934e-04   3.024748e-18   504
  6.083088e-01   5.778349e-17   2.702501e-04   4.498163e-18   336
  6.092745e-01   5.779892e-17   3.037623e-04   3.116304e-18   600
  6.101395e-01   5.191558e-17   1.960382e-04   3.378935e-18   636
  6.110731e-01   6.504354e-17   1.576165e-04   5.571461e-18   384
  6.117276e-01   6.222939e-17   2.198564e-04   4.013251e-18   504
  6.126710e-01   5.001785e-17   9.227064e-05   3.984294e-18   240
  6.134155e-01   5.526576e-17   2.167569e-04   2.435263e-18   744
  6.143088e-01   4.955063e-17   1.480120e-04   2.697585e-18   648
  6.151027e-01   9.203593e-17   9.825476e-05   7.584289e-18   120
  6.160331e-01   4.422550e-17   1.543455e-04   2.164250e-18   564
  6.167362e-01   6.446946e-17   2.424089e-04   4.233613e-18   432
  6.176746e-01   4.567868e-17   1.881572e-04   2.830539e-18   480
  6.183811e-01   3.561870e-17   1.384885e-04   2.140691e-18   456
  6.192152e-01   5.236365e-17   2.291780e-04   3.354270e-18   444
  6.201616e-01   4.534043e-17   3.506544e-04   3.270766e-18   528
  6.209930e-01   5.751228e-17   2.604238e-04   4.934199e-18   264
  6.217998e-01   4.202920e-17   2.668956e-04   2.564851e-18   444
  6.228852e-01   4.730773e-17   2.923449e-04   2.267760e-18   696
  6.237861e-01   5.370459e-17   1.563558e-04   3.903439e-18   384
  6.244450e-01   3.760202e-17   1.975687e-04   2.177335e-18   432
  6.254698e-01   5.218541e-17   1.365107e-04   2.918369e-18   488
  6.261352e-01   5.015774e-17   2.057386e-04   2.914803e-18   480
  6.270999e-01   4.239134e-17   2.294412e-04   2.624871e-18   480
  6.278471e-01   3.282948e-17   9.626648e-05   2.326061e-18   240
  6.286954e-01   4.469565e-17   2.248709e-04   2.627827e-18   600
  6.294955e-01   3.095106e-17   1.959519e-04   2.442826e-18   288
  6.303474e-01   4.042407e-17   1.884914e-04   2.554863e-18   480
  6.312103e-01   3.433771e-17   3.352926e-04   2.181102e-18   504
  6.320598e-01   4.070602e-17   1.438614e-04   3.155155e-18   216
  6.331433e-01   3.981389e-17   2.355240e-04   2.525865e-18   504
  6.339871e-01   2.938990e-17   1.894329e-04   1.868495e-18   456
  6.349107e-01   4.467802e-17   1.086430e-04   2.699989e-18   384
  6.355225e-01   5.026477e-17   2.205061e-04   3.218191e-18   480
  6.363918e-01   2.959855e-17   1.936290e-04   1.977288e-18   504
  6.371972e-01   3.492549e-17   1.228262e-04   2.330281e-18   312
  6.380652e-01   3.858445e-17   1.979302e-04   2.543174e-18   492
  6.388334e-01   4.760910e-17   1.855135e-04   3.742182e-18   312
  6.398223e-01   3.316684e-17   3.013519e-04   1.868616e-18   576
  6.406929e-01   4.137586e-17   2.781722e-04   3.288474e-18   336
  6.414159e-01   2.194927e-17   2.141797e-04   1.954781e-18   240
  6.424183e-01   3.522190e-17   2.839481e-04   2.228346e-18   468
  6.432837e-01   3.104204e-17   1.777925e-04   2.562509e-18   192
  6.441896e-01   2.938148e-17   1.783224e-04   2.427171e-18   324
  6.448535e-01   3.321594e-17   1.294235e-04   1.684029e-18   600
  6.457583e-01   3.291458e-17   2.099764e-04   1.939840e-18   456
  6.464302e-01   3.391747e-17   9.444737e-05   2.629491e-18   336
  6.475438e-01   3.717797e-17   2.828021e-04   2.308726e-18   612
  6.483539e-01   3.504429e-17   2.373399e-04   6.234303e-18   144
  6.491201e-01   3.373019e-17   2.770366e-04   1.901556e-18   552
  6.501620e-01   1.835850e-17   1.091004e-04   1.178555e-18   264
  6.507507e-01   2.810528e-17   2.525953e-04   2.398463e-18   336
  6.516793e-01   2.321465e-17   1.669063e-04   1.443949e-18   384
  6.524847e-01   2.964875e-17   9.395175e-05   2.747343e-18   216
  6.533762e-01   1.862236e-17   1.991971e-04   1.253689e-18   344
  6.541891e-01   2.336087e-17   2.972114e-04   1.368187e-18   408
  6.551797e-01   2.561852e-17   2.283876e-04   2.296036e-18   264
  6.560575e-01   2.748640e-17   3.183837e-04   1.911078e-18   612
  6.569345e-01   3.875733e-17   1.638646e-04   2.998358e-18   408
  6.578364e-01   2.561094e-17   1.641001e-04   2.170654e-18   444
  6.584991e-01   4.850648e-17   9.177996e-05   4.596046e-18   120
  6.593870e-01   2.926044e-17   2.535712e-04   2.841344e-18   336
  6.600460e-01   2.178393e-17   8.811499e-05   1.766060e-18   288
  6.609366e-01   2.374460e-17   2.742154e-04   1.371204e-18   552
  6.621610e-01   3.301199e-17   0.000000e+00   4.349540e-18   72
  6.627906e-01   2.335822e-17   2.723657e-04   1.547636e-18   504
  6.635259e-01   1.110617e-17   8.764464e-05   9.408258e-19   216
  6.644787e-01   1.762718e-17   1.564835e-04   1.268309e-18   312
  6.653340e-01   1.706165e-17   1.781811e-04   1.325554e-18   336
  6.661492e-01   1.339493e-17   2.469789e-04   1.540925e-18   204
  6.669611e-01   3.419342e-17   2.870270e-04   2.819953e-18   504
  6.678221e-01   2.840462e-17   2.733322e-04   2.146037e-18   396
  6.686501e-01   2.254486e-17   2.506599e-04   2.083240e-18   312
  6.696540e-01   3.631897e-17   1.531800e-04   3.718008e-18   216
  6.703613e-01   1.943294e-17   8.313373e-05   1.499396e-18   168
  6.712208e-01   1.914177e-17   2.099173e-04   1.198141e-18   588
  6.722017e-01   1.455710e-17   2.849381e-04   1.914914e-18   240
  6.729637e-01   1.302142e-17   2.516481e-04   1.011533e-18   264
  6.738575e-01   1.642106e-17   3.112147e-04   1.336316e-18   288
  6.746505e-01   1.621981e-17   1.554077e-04   1.454700e-18   288
  6.756555e-01   1.499663e-17   1.459525e-04   1.143355e-18   288
  6.763322e-01   1.408983e-17   1.690738e-04   1.382776e-18   192
  6.771836e-01   9.761209e-18   1.799115e-04   6.849844e-19   264
  6.779946e-01   2.847530e-17   2.959295e-04   2.054014e-18   372
  6.788675e-01   3.124369e-17   3.196167e-04   2.547000e-18   360
  6.799329e-01   2.888001e-17   1.352648e-04   3.936074e-18   144
  6.804835e-01   1.743729e-17   1.878769e-04   1.794364e-18   296
  6.813527e-01   1.613100e-17   2.024276e-04   1.452213e-18   288
  6.823478e-01   1.616479e-17   3.025230e-04   1.107992e-18   480
  6.832061e-01   1.418494e-17   2.513677e-04   1.991101e-18   192
  6.840407e-01   2.152322e-17   2.696262e-04   2.391377e-18   192
  6.847993e-01   1.493721e-17   1.718359e-04   1.254983e-18   288
  6.858544e-01   7.126455e-18   1.495808e-04   6.579195e-19   108
  6.863859e-01   1.443042e-17   1.438036e-04   1.388652e-18   240
  6.873243e-01   1.086194e-17   2.682690e-04   9.978567e-19   384
  6.882884e-01   1.444998e-17   3.272578e-04   1.715022e-18   108
  6.891409e-01   2.224623e-17   1.918773e-04   1.441580e-18   348
  6.900373e-01   1.479157e-17   2.002507e-04   1.666685e-18   312
  6.908379e-01   1.536584e-17   1.945855e-04   2.970023e-18   96
  6.915741e-01   1.215293e-17   2.590555e-04   1.040051e-18   384
  6.923987e-01   1.256496e-17   1.781778e-04   1.302716e-18   144
  6.932053e-01   1.414394e-17   2.737780e-04   1.115443e-18   408
  6.942079e-01   6.158946e-18   1.221243e-04   7.329916e-19   144
  6.951550e-01   1.291899e-17   2.347853e-04   1.457307e-18   192
  6.957167e-01   1.471998e-17   2.642552e-04   1.085346e-18   144
  6.966323e-01   6.548862e-18   2.148492e-04   6.237434e-19   144
  6.974962e-01   1.218038e-17   2.625805e-04   1.024261e-18   336
  6.985541e-01   6.809478e-18   1.942763e-04   5.265677e-19   240
  6.992249e-01   8.496207e-18   8.821915e-05   1.168508e-18   96
  7.001605e-01   1.530417e-17   2.587043e-04   1.460377e-18   372
  7.011070e-01   1.334316e-17   3.077232e-04   1.959851e-18   132
  7.019384e-01   6.508147e-18   1.904154e-04   4.280627e-19   264
  7.026821e-01   1.466553e-17   1.462304e-04   2.019949e-18   168
  7.034759e-01   1.116683e-17   2.337943e-04   9.454718e-19   216
  7.041771e-01   1.284415e-17   1.430383e-04   2.066929e-18   216
  7.051983e-01   4.865081e-18   2.624157e-04   5.647183e-19   96
  7.061249e-01   1.296771e-17   1.712023e-04   1.798467e-18   120
  7.069747e-01   8.144548e-18   2.176463e-04   7.026924e-19   216
  7.076747e-01   6.501621e-18   9.511215e-05   5.932786e-19   200
  7.086015e-01   9.077595e-18   2.462045e-04   9.909934e-19   288
  7.097902e-01   4.223602e-18   6.478119e-05   3.315069e-19   144
  7.102908e-01   1.055455e-17   2.015951e-04   1.187507e-18   168
  7.113130e-01   1.222040e-17   2.268765e-04   2.124625e-18   159
  7.121109e-01   5.869556e-18   2.380480e-04   4.737499e-19   174
  7.128831e-01   5.947175e-18   2.158536e-04   5.275579e-19   144
  7.138943e-01   8.824817e-18   1.246398e-04   7.639814e-19   222
  7.145705e-01   6.026395e-18   1.257726e-04   5.087085e-19   168
  7.157386e-01   1.066669e-17   2.758677e-04   1.335372e-18   30
  7.162211e-01   3.745584e-18   2.435709e-04   4.871242e-19   72
  7.171298e-01   5.791938e-18   2.173841e-04   4.384371e-19   258
  7.181290e-01   5.565159e-18   1.361533e-04   4.701488e-19   264
  7.186286e-01   5.264780e-18   1.468278e-08   7.994907e-19   72
  7.196697e-01   4.209247e-18   2.698616e-04   3.569767e-19   174
  7.206123e-01   6.806409e-18   2.873527e-04   7.878798e-19   168
  7.213701e-01   3.350866e-18   8.991328e-09   4.892835e-19   48
  7.221837e-01   4.327084e-18   1.622748e-04   3.796022e-19   150
  7.231270e-01   5.907160e-18   2.985162e-04   4.366040e-19   168
  7.240729e-01   4.537913e-18   1.818422e-04   4.038967e-19   144
  7.249427e-01   8.833218e-18   1.698820e-04   1.070007e-18   102
  7.255906e-01   2.997613e-18   2.514545e-04   2.943109e-19   96
  7.266185e-01   3.006478e-18   2.495518e-04   2.246161e-19   120
  7.273797e-01   3.084713e-18   2.676508e-04   2.025702e-19   168
  7.282031e-01   7.038621e-18   1.976389e-04   5.921537e-19   126
  7.289046e-01   4.897646e-18   1.490593e-04   3.972716e-19   168
  7.298711e-01   4.104122e-18   2.390167e-04   4.175821e-19   72
  7.307158e-01   3.017530e-18   2.993022e-04   2.804640e-19   168
  7.314557e-01   5.841022e-18   8.205344e-05   1.145336e-18   78
  7.324696e-01   3.463221e-18   1.347256e-04   4.666785e-19   60
  7.332860e-01   5.581173e-18   2.185468e-04   5.807395e-19   96
  7.341327e-01   3.446207e-18   2.651884e-04   3.013016e-19   168
  7.349284e-01   3.240484e-18   1.678009e-04   3.152007e-19   86
  7.357634e-01   2.708774e-18   1.499742e-04   2.588108e-19   120
  7.369601e-01   2.224414e-18   1.069515e-04   1.909511e-19   168
  7.376055e-01   2.864761e-18   0.000000e+00   4.977387e-19   48
  7.384747e-01   3.547627e-18   1.948541e-04   3.212761e-19   120
  7.389742e-01   3.435760e-18   1.421539e-04   3.459008e-19   126
  7.401935e-01   2.642232e-18   2.500091e-04   2.997592e-19   96
  7.409848e-01   3.991085e-18   7.209028e-05   3.590118e-19   96
  7.416089e-01   2.393052e-18   8.477105e-09   1.929612e-19   72
  7.429385e-01   2.727760e-18   8.991328e-09   4.041696e-19   24
  7.437683e-01   3.549969e-18   1.483601e-04   3.442256e-19   120
  7.444157e-01   3.731949e-18   2.164118e-04   3.495854e-19   126
  7.451355e-01   3.231601e-18   1.804085e-04   2.805658e-19   96
  7.459766e-01   2.338526e-18   3.117986e-04   2.895897e-19   72
  7.469132e-01   2.782719e-18   1.348634e-04   2.188967e-19   144
  7.476836e-01   2.577646e-18   7.778603e-05   2.937707e-19   72
  7.484533e-01   3.048425e-18   1.553665e-04   4.436118e-19   54
  7.491306e-01   2.940431e-18   1.369149e-04   3.001906e-19   108
  7.505382e-01   3.311528e-18   1.342120e-04   3.414630e-19   72
  7.509765e-01   2.577781e-18   7.744493e-05   3.871509e-19   72
  7.520162e-01   2.595842e-18   1.557344e-08   3.695608e-19   24
  7.529998e-01   1.663509e-18   1.638381e-04   2.056641e-19   48
  7.535971e-01   2.626923e-18   1.248023e-04   2.389880e-19   102
  7.544963e-01   2.306565e-18   2.822510e-04   1.861426e-19   168
  7.556711e-01   2.492542e-18   1.539331e-04   3.280662e-19   72
  7.561064e-01   2.684331e-18   0.000000e+00   2.697043e-19   48
  7.570195e-01   2.729380e-18   2.647743e-04   2.893451e-19   120
  7.582245e-01   2.471466e-18   1.627091e-04   2.635324e-19   96
  7.593627e-01   3.693572e-18   1.438612e-08   4.916711e-19   30
  7.607153e-01   3.208079e-18   7.644796e-05   4.158474e-19   72
  7.613097e-01   2.973104e-18   8.991328e-09   5.092625e-19   24
  7.620733e-01   2.133102e-18   1.133148e-04   2.010907e-19   56
  7.629285e-01   2.217804e-18   1.617059e-04   2.188437e-19   96
  7.639519e-01   2.506148e-18   1.785629e-04   2.170336e-19   144
  7.647411e-01   2.268695e-18   1.013810e-04   3.508201e-19   54
  7.658874e-01   2.100065e-18   1.518795e-04   2.144711e-19   108
  7.670409e-01   3.705866e-18   8.041947e-05   4.870327e-19   48
  7.681392e-01   2.101488e-18   3.028050e-04   2.164989e-19   72
  7.707744e-01   3.268313e-18   2.000642e-04   4.508145e-19   78
  7.715046e-01   1.595703e-18   1.507735e-04   1.667447e-19   72
  7.723570e-01   2.608874e-18   1.505863e-04   3.281223e-19   72
  7.732482e-01   2.012762e-18   3.633813e-04   2.995261e-19   96
  7.739527e-01   2.615767e-18   1.502759e-04   2.353818e-19   72
  7.748024e-01   3.761130e-18   0.000000e+00   6.671170e-19   24
  7.756510e-01   1.798727e-18   2.998733e-04   2.282059e-19   72
  7.775680e-01   2.786861e-18   1.904287e-04   4.051619e-19   30
  7.779804e-01   2.516599e-18   0.000000e+00   4.718574e-19   24
  7.801973e-01   1.450622e-18   1.581267e-04   2.155789e-19   48
  7.808927e-01   2.360844e-18   3.402886e-04   1.848679e-19   120
  7.818296e-01   2.488029e-18   1.487821e-04   2.810597e-19   72
  7.827758e-01   1.610315e-18   1.486022e-04   3.294900e-19   36
  7.834261e-01   2.189658e-18   2.937071e-04   2.078727e-19   78
  7.852411e-01   2.233897e-18   1.571111e-04   3.539462e-19   48
  7.875942e-01   2.378051e-18   1.271566e-08   4.131824e-19   24
  7.892707e-01   1.413559e-18   1.094089e-04   1.599549e-19   56
  7.901149e-01   1.420221e-18   1.683597e-04   1.283481e-19   102
  7.911888e-01   2.244388e-18   1.198844e-08   2.724633e-19   72
  7.918122e-01   1.958382e-18   8.991328e-09   4.438751e-19   24
  7.929021e-01   1.505072e-18   1.555930e-04   2.233993e-19   48
  7.949223e-01   2.583749e-18   0.000000e+00   3.784319e-19   24
  7.974016e-01   1.442689e-18   0.000000e+00   2.928865e-19   6
  7.981748e-01   9.584055e-19   0.000000e+00   1.506079e-19   24
  7.986898e-01   1.465755e-18   1.456409e-04   1.745417e-19   72
  7.996307e-01   2.141895e-18   2.717068e-04   1.975779e-19   84
  8.006440e-01   2.518449e-18   0.000000e+00   3.459845e-19   24
  8.009521e-01   1.283551e-18   1.271566e-08   2.320773e-19   24
  8.024909e-01   1.676900e-18   1.557344e-08   2.879058e-19   24
  8.046403e-01   5.264429e-19   0.000000e+00   2.172120e-19   6
  8.073954e-01   1.426300e-18   1.528000e-04   2.391017e-19   48
  8.080572e-01   1.466934e-18   2.878503e-04   2.466480e-19   72
  8.089220e-01   1.335889e-18   1.525117e-04   2.130287e-19   48
  8.102934e-01   1.832620e-18   0.000000e+00   4.442898e-19   24
  8.121184e-01   5.237953e-19   0.000000e+00   1.450081e-19   6
  8.162097e-01   2.542111e-18   0.000000e+00   7.762735e-19   8
  8.165120e-01   1.627536e-18   8.991328e-09   2.173270e-19   48
  8.172369e-01   1.859556e-18   1.479045e-04   2.165096e-19   60
  8.183231e-01   1.981619e-18   0.000000e+00   4.527250e-19   24
  8.198293e-01   1.801005e-18   0.000000e+00   7.842765e-19   6
  8.253784e-01   2.263403e-18   0.000000e+00   5.202082e-19   24
  8.258266e-01   1.560559e-18   1.493898e-04   2.435813e-19   48
  8.265733e-01   1.385537e-18   0.000000e+00   3.303462e-19   24
  8.277664e-01   1.310266e-18   0.000000e+00   5.630595e-20   6
  8.345448e-01   1.643524e-18   1.393664e-04   2.274532e-19   36
  8.350375e-01   1.541173e-18   0.000000e+00   3.796904e-19   24
  8.359234e-01   1.352660e-18   0.000000e+00   6.173189e-19   6
  8.436361e-01   1.650476e-18   1.266552e-04   3.157767e-19   32
  8.442939e-01   2.241802e-18   0.000000e+00   1.067058e-18   6
  8.525822e-01   2.591794e-18   0.000000e+00   7.417181e-19   12
  8.528715e-01   1.415295e-18   0.000000e+00   1.720224e-19   6
  8.616502e-01   1.260643e-18   0.000000e+00   2.151567e-19   6
