# power spectrum of pi_k
# redshift z=96.079122
# k              Pk             sigma(k)       sigma(Pk)      count
  1.570796e-02   9.293208e-11   0.000000e+00   3.745932e-11   6
  2.221441e-02   4.224945e-11   0.000000e+00   8.433950e-12   12
  2.720699e-02   2.596935e-11   2.980232e-10   5.284658e-12   8
  3.141593e-02   7.300995e-11   0.000000e+00   7.856400e-12   6
  3.512407e-02   4.414024e-11   5.619580e-10   1.407151e-11   24
  3.847649e-02   5.611244e-11   5.619580e-10   9.453579e-12   24
  4.442883e-02   2.092228e-11   0.000000e+00   9.417071e-12   12
  4.712389e-02   2.273251e-11   6.357829e-10   4.187612e-12   30
  4.967294e-02   2.691135e-11   0.000000e+00   5.930758e-12   24
  5.209742e-02   2.347759e-11   9.733398e-10   5.819702e-12   24
  5.441398e-02   2.641380e-11   5.960464e-10   5.354151e-12   8
  5.663587e-02   2.165789e-11   7.947286e-10   2.690664e-12   24
  5.877382e-02   1.982192e-11   0.000000e+00   2.785513e-12   48
  6.283185e-02   2.234550e-11   0.000000e+00   9.824863e-12   6
  6.476559e-02   1.751928e-11   7.947286e-10   2.460025e-12   48
  6.664324e-02   1.590805e-11   7.492773e-10   1.654406e-12   36
  6.846942e-02   2.242711e-11   7.947286e-10   4.689692e-12   24
  7.024815e-02   1.288450e-11   1.123916e-09   2.218122e-12   24
  7.198293e-02   1.129693e-11   0.000000e+00   1.536237e-12   48
  7.367688e-02   1.716614e-11   1.123916e-09   2.443440e-12   24
  7.695299e-02   1.306643e-11   1.123916e-09   2.055342e-12   24
  7.853982e-02   8.724257e-12   0.000000e+00   1.428000e-12   30
  8.009521e-02   9.097422e-12   0.000000e+00   1.004794e-12   72
  8.162097e-02   8.660276e-12   1.192093e-09   1.763120e-12   32
  8.458997e-02   1.103490e-11   0.000000e+00   1.279931e-12   72
  8.603606e-02   6.559513e-12   0.000000e+00   9.589801e-13   48
  8.885766e-02   3.333710e-12   0.000000e+00   9.916410e-13   12
  9.023538e-02   6.444783e-12   0.000000e+00   9.666106e-13   48
  9.159238e-02   5.573412e-12   0.000000e+00   5.547976e-13   48
  9.292956e-02   7.240484e-12   1.123916e-09   9.133674e-13   48
  9.424778e-02   8.530813e-12   1.271566e-09   1.495414e-12   30
  9.554781e-02   7.394629e-12   0.000000e+00   1.663216e-12   24
  9.683039e-02   7.499638e-12   2.369423e-09   7.540235e-13   72
  9.934588e-02   4.280839e-12   0.000000e+00   8.125902e-13   24
  1.005800e-01   6.461765e-12   0.000000e+00   6.402398e-13   96
  1.017992e-01   4.908391e-12   0.000000e+00   6.517907e-13   48
  1.030040e-01   4.048055e-12   1.946680e-09   9.943542e-13   24
  1.041948e-01   2.893995e-12   1.946680e-09   5.942796e-13   24
  1.053722e-01   6.851455e-12   0.000000e+00   8.364602e-13   72
  1.065366e-01   5.064676e-12   0.000000e+00   7.796559e-13   48
  1.088280e-01   4.336628e-12   1.192093e-09   1.294522e-12   8
  1.099557e-01   6.291905e-12   1.412851e-09   7.508714e-13   54
  1.110721e-01   4.215166e-12   0.000000e+00   7.372058e-13   84
  1.121773e-01   4.591182e-12   0.000000e+00   6.586437e-13   48
  1.132717e-01   2.834414e-12   1.589457e-09   5.056283e-13   24
  1.143557e-01   3.743179e-12   2.119276e-09   4.441768e-13   72
  1.154295e-01   4.894161e-12   0.000000e+00   5.571236e-13   96
  1.175476e-01   6.581281e-12   0.000000e+00   7.178086e-13   48
  1.185925e-01   3.576109e-12   0.000000e+00   3.351074e-13   48
  1.196283e-01   3.083087e-12   0.000000e+00   5.998565e-13   24
  1.206552e-01   3.486971e-12   0.000000e+00   3.754388e-13   72
  1.226831e-01   3.579721e-12   0.000000e+00   4.236549e-13   72
  1.236846e-01   3.463299e-12   0.000000e+00   3.947658e-13   96
  1.256637e-01   4.683793e-12   0.000000e+00   2.058444e-12   6
  1.266416e-01   3.837078e-12   0.000000e+00   3.714810e-13   96
  1.276121e-01   3.908654e-12   1.589457e-09   4.177411e-13   96
  1.285752e-01   2.609474e-12   0.000000e+00   6.204455e-13   24
  1.295312e-01   2.872463e-12   1.589457e-09   3.578830e-13   48
  1.304801e-01   2.869258e-12   0.000000e+00   2.900145e-13   96
  1.314222e-01   3.322038e-12   0.000000e+00   4.475058e-13   48
  1.332865e-01   2.884573e-12   1.498555e-09   5.413134e-13   36
  1.342089e-01   2.872238e-12   2.753021e-09   3.626467e-13   48
  1.351250e-01   3.145970e-12   3.114687e-09   2.823965e-13   120
  1.360350e-01   2.791434e-12   0.000000e+00   3.685725e-13   56
  1.369388e-01   1.550491e-12   1.589457e-09   2.713013e-13   24
  1.378368e-01   2.220812e-12   0.000000e+00   1.976056e-13   96
  1.387290e-01   2.326708e-12   0.000000e+00   3.002430e-13   48
  1.404963e-01   2.757819e-12   2.247832e-09   5.115582e-13   24
  1.413717e-01   2.973518e-12   0.000000e+00   2.975188e-13   102
  1.422417e-01   3.029552e-12   1.589457e-09   4.566973e-13   48
  1.431064e-01   2.749347e-12   0.000000e+00   2.739262e-13   72
  1.439659e-01   2.477217e-12   0.000000e+00   2.502297e-13   48
  1.448203e-01   2.623258e-12   0.000000e+00   4.860205e-13   48
  1.456697e-01   2.215651e-12   3.596531e-09   1.947267e-13   120
  1.473538e-01   3.433147e-12   2.247832e-09   5.746731e-13   24
  1.481886e-01   1.962236e-12   2.119276e-09   1.650927e-13   144
  1.490188e-01   1.992309e-12   2.543132e-09   1.915526e-13   120
  1.498444e-01   1.530771e-12   2.247832e-09   2.144909e-13   48
  1.514821e-01   2.248471e-12   2.247832e-09   2.998637e-13   48
  1.522944e-01   1.813031e-12   2.247832e-09   1.891964e-13   96
  1.544390e-01   2.333370e-12   3.768959e-04   2.864956e-13   72
  1.555009e-01   1.693562e-12   1.998073e-09   1.293151e-13   108
  1.562923e-01   1.987656e-12   0.000000e+00   2.129728e-13   72
  1.570796e-01   1.192502e-12   0.000000e+00   2.218033e-13   30
  1.578631e-01   1.985629e-12   0.000000e+00   1.577797e-13   168
  1.586427e-01   1.938267e-12   0.000000e+00   2.115448e-13   48
  1.601904e-01   1.310246e-12   0.000000e+00   1.535436e-13   72
  1.609587e-01   1.700990e-12   0.000000e+00   1.639437e-13   96
  1.617234e-01   1.653595e-12   4.238553e-09   2.540044e-13   72
  1.624844e-01   1.925152e-12   0.000000e+00   2.041204e-13   72
  1.637639e-01   1.696719e-12   3.480039e-04   1.243088e-13   104
  1.647465e-01   1.599175e-12   2.997109e-09   1.166319e-13   144
  1.669779e-01   1.089246e-12   5.026305e-09   1.023229e-13   96
  1.677152e-01   1.193942e-12   0.000000e+00   1.233801e-13   96
  1.688876e-01   1.608634e-12   3.580185e-04   1.496550e-13   120
  1.699076e-01   1.325996e-12   0.000000e+00   1.206205e-13   120
  1.706322e-01   1.579836e-12   0.000000e+00   1.712414e-13   72
  1.720721e-01   1.554918e-12   0.000000e+00   2.059503e-13   48
  1.727876e-01   1.654086e-12   3.912510e-09   1.887329e-13   78
  1.737029e-01   1.704080e-12   3.205713e-04   1.347671e-13   168
  1.756204e-01   1.549543e-12   3.670694e-09   1.338793e-13   144
  1.763215e-01   1.589911e-12   2.997109e-09   1.134320e-13   144
  1.783549e-01   1.415340e-12   1.846233e-04   1.203531e-13   156
  1.790983e-01   1.026932e-12   3.893359e-09   1.913283e-13   48
  1.797859e-01   1.268339e-12   2.543132e-09   1.244191e-13   120
  1.804708e-01   9.068132e-13   0.000000e+00   9.548266e-14   48
  1.816818e-01   1.339922e-12   2.825996e-04   9.094884e-14   216
  1.831848e-01   1.180790e-12   0.000000e+00   1.458122e-13   48
  1.838570e-01   1.082504e-12   2.247832e-09   9.522426e-14   96
  1.848128e-01   1.230457e-12   3.302618e-04   1.080494e-13   168
  1.858591e-01   9.807671e-13   2.247832e-09   1.402857e-13   48
  1.865217e-01   1.287809e-12   0.000000e+00   1.285140e-13   96
  1.871820e-01   1.240132e-12   0.000000e+00   2.257388e-13   48
  1.884956e-01   1.427899e-12   2.543132e-09   1.422764e-13   30
  1.891489e-01   9.014799e-13   0.000000e+00   7.320319e-14   96
  1.899298e-01   1.107898e-12   2.595564e-04   7.507722e-14   240
  1.909339e-01   1.518370e-12   2.800239e-04   2.092096e-13   32
  1.917401e-01   8.580985e-13   0.000000e+00   6.359177e-14   168
  1.923825e-01   1.014706e-12   0.000000e+00   9.946751e-14   120
  1.936608e-01   7.966626e-13   4.738846e-09   8.953152e-14   72
  1.942968e-01   1.295076e-12   2.119276e-09   1.189700e-13   144
  1.949307e-01   9.241762e-13   0.000000e+00   9.456904e-14   96
  1.955626e-01   1.216491e-12   0.000000e+00   9.738441e-14   96
  1.968202e-01   1.178895e-12   0.000000e+00   1.421649e-13   72
  1.974460e-01   9.874420e-13   3.178914e-09   9.568516e-14   96
  1.986918e-01   9.469878e-13   0.000000e+00   1.743905e-13   24
  1.993117e-01   1.096255e-12   0.000000e+00   8.092305e-14   192
  2.000418e-01   1.032651e-12   2.376333e-04   7.614929e-14   132
  2.011601e-01   1.095992e-12   0.000000e+00   9.908635e-14   96
  2.017724e-01   7.982841e-13   0.000000e+00   8.046696e-14   96
  2.023829e-01   1.040907e-12   2.543132e-09   8.872276e-14   120
  2.035985e-01   1.087931e-12   0.000000e+00   1.494473e-13   48
  2.045948e-01   6.964090e-13   2.879924e-04   4.562108e-14   222
  2.054083e-01   8.973039e-13   0.000000e+00   8.495929e-14   120
  2.060080e-01   1.000526e-12   3.893359e-09   2.016106e-13   24
  2.068812e-01   1.037395e-12   2.972500e-04   5.489520e-14   312
  2.087838e-01   1.121896e-12   2.786838e-04   1.249639e-13   72
  2.095704e-01   7.764910e-13   3.893359e-09   1.047023e-13   96
  2.103781e-01   9.387945e-13   2.838009e-04   7.097415e-14   192
  2.113290e-01   8.712710e-13   3.596531e-09   8.837588e-14   120
  2.119120e-01   8.632145e-13   0.000000e+00   8.867521e-14   144
  2.130732e-01   7.618026e-13   0.000000e+00   1.091109e-13   48
  2.138985e-01   7.497064e-13   2.853717e-04   4.365674e-14   336
  2.148032e-01   8.423009e-13   0.000000e+00   1.152472e-13   48
  2.159488e-01   7.529717e-13   0.000000e+00   6.585770e-14   192
  2.165193e-01   8.114798e-13   0.000000e+00   9.916620e-14   48
  2.181411e-01   7.985712e-13   1.980854e-04   9.668370e-14   56
  2.189475e-01   7.715164e-13   2.544090e-04   4.267919e-14   336
  2.199115e-01   7.608215e-13   2.825702e-09   1.083293e-13   54
  2.207512e-01   6.862377e-13   2.794324e-04   4.213734e-14   240
  2.224945e-01   6.806450e-13   2.675587e-04   5.040531e-14   228
  2.232521e-01   8.060068e-13   2.997109e-09   1.029470e-13   72
  2.239875e-01   7.934485e-13   2.595385e-04   5.891683e-14   144
  2.249038e-01   6.398138e-13   0.000000e+00   6.243818e-14   96
  2.254517e-01   6.581928e-13   3.596531e-09   4.127641e-14   240
  2.265435e-01   5.907681e-13   3.178914e-09   1.135237e-13   24
  2.272424e-01   6.902602e-13   2.451321e-04   4.112181e-14   336
  2.281713e-01   6.478524e-13   0.000000e+00   7.625580e-14   72
  2.290193e-01   7.665791e-13   2.666265e-04   5.532903e-14   168
  2.297877e-01   5.013997e-13   0.000000e+00   4.437373e-14   72
  2.308590e-01   7.680823e-13   0.000000e+00   7.040911e-14   96
  2.316886e-01   6.537176e-13   2.646263e-04   4.650351e-14   216
  2.324566e-01   4.910545e-13   0.000000e+00   3.654645e-14   96
  2.335157e-01   5.951655e-13   3.178914e-09   4.004755e-14   192
  2.340434e-01   5.818837e-13   2.997109e-09   4.538229e-14   144
  2.350953e-01   6.147801e-13   0.000000e+00   7.961424e-14   48
  2.358236e-01   6.320402e-13   2.551309e-04   4.291234e-14   246
  2.368131e-01   7.708498e-13   2.352347e-04   5.969538e-14   168
  2.377046e-01   6.012732e-13   6.229375e-09   6.003388e-14   120
  2.382231e-01   5.006652e-13   0.000000e+00   3.421561e-14   240
  2.392566e-01   3.539873e-13   0.000000e+00   7.189902e-14   24
  2.400800e-01   5.686234e-13   2.517980e-04   3.550281e-14   360
  2.411056e-01   5.267802e-13   2.507265e-04   3.922619e-14   120
  2.418210e-01   6.192123e-13   0.000000e+00   4.972989e-14   144
  2.423307e-01   6.060096e-13   0.000000e+00   5.348555e-14   96
  2.438532e-01   5.773823e-13   0.000000e+00   4.637153e-14   144
  2.443586e-01   6.181922e-13   0.000000e+00   5.278798e-14   132
  2.450688e-01   5.606359e-13   2.474633e-04   4.105349e-14   176
  2.460999e-01   5.525726e-13   2.498881e-04   2.809792e-14   312
  2.473693e-01   7.795550e-13   0.000000e+00   1.186112e-13   96
  2.478675e-01   5.258076e-13   0.000000e+00   4.587890e-14   144
  2.486319e-01   5.517862e-13   2.473817e-04   3.065194e-14   312
  2.498505e-01   6.455353e-13   0.000000e+00   6.399624e-14   48
  2.503437e-01   4.807739e-13   3.178914e-09   3.586746e-14   192
  2.513274e-01   1.594492e-13   0.000000e+00   4.914176e-14   6
  2.519810e-01   4.594093e-13   2.307253e-04   2.528912e-14   288
  2.530395e-01   4.431859e-13   2.437763e-04   3.146608e-14   192
  2.537699e-01   4.225399e-13   7.476104e-09   2.704563e-14   216
  2.542556e-01   5.310730e-13   0.000000e+00   7.206881e-14   72
  2.554657e-01   4.328002e-13   2.414611e-04   3.336875e-14   192
  2.562693e-01   5.641975e-13   1.792979e-04   3.332960e-14   288
  2.571504e-01   4.837429e-13   0.000000e+00   9.338650e-14   24
  2.578312e-01   5.192431e-13   2.362101e-04   2.246420e-14   456
  2.590624e-01   3.293102e-13   0.000000e+00   4.841874e-14   48
  2.598231e-01   4.698052e-13   2.326575e-04   3.442559e-14   240
  2.606974e-01   5.262366e-13   2.351266e-04   3.355890e-14   216
  2.614326e-01   4.134333e-13   0.000000e+00   5.070676e-14   72
  2.619041e-01   4.287056e-13   8.123736e-09   3.380801e-14   168
  2.632353e-01   4.969439e-13   1.747662e-04   3.009038e-14   288
  2.639818e-01   4.850965e-13   2.312456e-04   3.328495e-14   168
  2.651809e-01   5.473279e-13   0.000000e+00   3.783807e-14   192
  2.656458e-01   4.382519e-13   2.997109e-09   3.112854e-14   144
  2.665730e-01   5.385523e-13   2.997109e-09   6.688852e-14   36
  2.673593e-01   3.639120e-13   2.111764e-04   1.863682e-14   342
  2.681111e-01   4.303116e-13   2.168525e-04   3.259475e-14   144
  2.690776e-01   4.084144e-13   2.274240e-04   2.095837e-14   384
  2.702500e-01   4.778388e-13   6.229375e-09   4.347753e-14   120
  2.708303e-01   4.786165e-13   2.027960e-04   2.968039e-14   264
  2.716161e-01   4.081352e-13   1.005261e-08   2.973785e-14   192
  2.723561e-01   4.482013e-13   2.185515e-04   3.418293e-14   152
  2.729753e-01   4.078841e-13   5.994218e-09   3.681553e-14   144
  2.742778e-01   3.406086e-13   1.414487e-04   2.491686e-14   216
  2.748807e-01   4.388698e-13   1.890132e-04   2.394114e-14   312
  2.759419e-01   3.764913e-13   2.190625e-04   2.091313e-14   240
  2.765672e-01   4.531194e-13   3.178914e-09   4.689082e-14   96
  2.777541e-01   4.088512e-13   2.094396e-04   3.294799e-14   144
  2.784857e-01   3.897583e-13   2.058607e-04   1.878931e-14   456
  2.796723e-01   3.112520e-13   0.000000e+00   2.032329e-14   120
  2.801131e-01   3.377674e-13   0.000000e+00   3.101702e-14   144
  2.809926e-01   2.520062e-13   4.495664e-09   4.163134e-14   24
  2.815564e-01   3.884348e-13   1.978798e-04   1.959949e-14   336
  2.825316e-01   3.620911e-13   2.182345e-04   2.846714e-14   198
  2.834454e-01   3.566623e-13   2.122205e-04   1.865889e-14   432
  2.844833e-01   3.693698e-13   6.357829e-09   3.754574e-14   48
  2.850248e-01   4.121585e-13   1.873540e-04   2.127658e-14   384
  2.859970e-01   3.937772e-13   2.156842e-04   3.236935e-14   144
  2.868780e-01   3.821816e-13   2.141460e-04   2.192376e-14   264
  2.879317e-01   3.058542e-13   0.000000e+00   2.938634e-14   48
  2.886387e-01   3.572285e-13   2.036179e-04   2.154151e-14   276
  2.893208e-01   3.169719e-13   1.845741e-04   2.609071e-14   192
  2.902325e-01   3.333791e-13   2.074207e-04   1.399913e-14   552
  2.913393e-01   2.331527e-13   5.086263e-09   2.044615e-14   120
  2.919972e-01   3.636166e-13   2.099609e-04   2.450730e-14   216
  2.926069e-01   3.199630e-13   5.086263e-09   2.507778e-14   120
  2.936961e-01   3.680707e-13   2.067600e-04   1.880605e-14   408
  2.947075e-01   3.400722e-13   4.495664e-09   4.551780e-14   24
  2.953347e-01   2.968030e-13   2.088648e-04   1.664070e-14   384
  2.962106e-01   2.936527e-13   2.040684e-04   2.031714e-14   240
  2.969712e-01   2.858066e-13   2.055628e-04   1.943363e-14   168
  2.980376e-01   2.559001e-13   0.000000e+00   2.475240e-14   120
  2.987251e-01   3.090932e-13   2.142884e-04   1.563047e-14   350
  2.998430e-01   3.053105e-13   3.527601e-04   1.595787e-14   384
  3.005110e-01   3.286213e-13   0.000000e+00   2.951145e-14   144
  3.017401e-01   2.605589e-13   4.238553e-09   1.510094e-14   288
  3.023819e-01   2.703355e-13   2.019242e-04   1.293581e-14   336
  3.032549e-01   3.280356e-13   1.838353e-04   2.403727e-14   168
  3.037776e-01   2.886252e-13   1.204945e-08   1.704262e-14   336
  3.048586e-01   2.583562e-13   1.908100e-04   1.585342e-14   288
  3.055078e-01   2.630763e-13   1.797918e-04   1.605081e-14   264
  3.066072e-01   2.858612e-13   0.000000e+00   1.775164e-14   240
  3.070093e-01   2.804626e-13   0.000000e+00   2.335541e-14   96
  3.084525e-01   3.035557e-13   2.445048e-04   1.537354e-14   360
  3.091260e-01   2.953965e-13   1.802420e-04   2.473537e-14   168
  3.099770e-01   2.863062e-13   1.964825e-04   1.260790e-14   456
  3.110018e-01   2.616496e-13   5.651403e-09   2.356985e-14   108
  3.115782e-01   2.745509e-13   1.971449e-04   1.977094e-14   264
  3.122973e-01   2.571608e-13   1.758853e-04   1.628924e-14   264
  3.132820e-01   2.921978e-13   1.659735e-04   1.766716e-14   312
  3.145081e-01   2.854542e-13   1.233364e-04   1.817992e-14   270
  3.150220e-01   2.607710e-13   1.565911e-04   1.783072e-14   240
  3.159458e-01   2.658315e-13   1.937229e-04   1.286707e-14   384
  3.165067e-01   2.285270e-13   6.357829e-09   1.523955e-14   192
  3.175962e-01   2.766439e-13   1.554368e-04   1.951699e-14   240
  3.182281e-01   2.579745e-13   1.918342e-04   1.376486e-14   336
  3.194167e-01   2.671385e-13   1.931178e-04   1.189994e-14   480
  3.203808e-01   2.669298e-13   4.238553e-09   3.124503e-14   72
  3.209194e-01   2.718652e-13   1.883074e-04   1.700930e-14   240
  3.216520e-01   2.414212e-13   1.769831e-04   1.407354e-14   312
  3.224917e-01   2.297288e-13   1.912763e-04   1.593024e-14   240
  3.237607e-01   2.508548e-13   1.453205e-04   1.217419e-14   408
  3.242630e-01   2.356589e-13   1.330785e-04   1.352899e-14   336
  3.252448e-01   2.476455e-13   1.689770e-04   1.765374e-14   264
  3.257273e-01   2.992168e-13   0.000000e+00   2.487645e-14   144
  3.270696e-01   2.429406e-13   2.342121e-04   1.149142e-14   464
  3.277768e-01   1.873386e-13   1.862466e-04   1.339010e-14   168
  3.284751e-01   2.991397e-13   1.696301e-04   1.581479e-14   336
  3.297371e-01   2.321922e-13   1.782296e-04   1.170263e-14   414
  3.304484e-01   2.582722e-13   1.855264e-04   1.616912e-14   216
  3.313598e-01   2.301876e-13   4.495664e-09   2.285009e-14   96
  3.317320e-01   2.274453e-13   1.101208e-08   1.025881e-14   384
  3.330355e-01   2.405025e-13   1.851680e-04   1.190985e-14   492
  3.337341e-01   1.878607e-13   1.810784e-04   1.140852e-14   240
  3.345237e-01   1.901682e-13   1.838580e-04   1.084944e-14   312
  3.356141e-01   2.332863e-13   1.837975e-04   1.842144e-14   192
  3.363048e-01   2.290417e-13   1.781220e-04   1.036686e-14   504
  3.372212e-01   2.178135e-13   1.179198e-04   1.095861e-14   408
  3.379427e-01   2.498905e-13   3.612619e-04   1.954428e-14   168
  3.388456e-01   1.973294e-13   1.716026e-04   1.261356e-14   288
  3.396033e-01   2.034443e-13   1.790820e-04   1.358321e-14   288
  3.403794e-01   2.212098e-13   1.801128e-04   1.080119e-14   432
  3.415052e-01   2.312043e-13   1.703267e-04   1.546813e-14   216
  3.421068e-01   2.134535e-13   1.699674e-04   1.012406e-14   360
  3.431777e-01   2.267229e-13   1.658865e-04   1.277124e-14   312
  3.441442e-01   2.391671e-13   0.000000e+00   3.778835e-14   48
  3.447014e-01   2.069758e-13   1.778543e-04   1.027195e-14   432
  3.456992e-01   1.934744e-13   2.966627e-04   9.017167e-15   414
  3.462885e-01   1.964952e-13   6.776666e-09   1.093671e-14   312
  3.473878e-01   2.127242e-13   2.603051e-04   8.949720e-15   528
  3.481296e-01   2.116310e-13   1.366381e-04   1.317776e-14   264
  3.490209e-01   1.913407e-13   1.620153e-04   9.449605e-15   480
  3.501854e-01   1.959054e-13   0.000000e+00   1.036510e-14   288
  3.506883e-01   2.041849e-13   1.740804e-04   1.667839e-14   168
  3.516084e-01   1.978138e-13   2.755688e-04   8.254892e-15   504
  3.526429e-01   2.131722e-13   4.238553e-09   1.517971e-14   144
  3.532937e-01   1.852602e-13   1.769812e-04   8.503775e-15   464
  3.542716e-01   1.661563e-13   2.597299e-04   7.788048e-15   432
  3.547358e-01   2.166559e-13   4.495664e-09   1.507621e-14   192
  3.559351e-01   1.757003e-13   1.925466e-04   7.832932e-15   396
  3.566434e-01   1.863585e-13   1.729600e-04   1.115070e-14   288
  3.573592e-01   1.891944e-13   1.708549e-04   1.030456e-14   336
  3.585027e-01   1.747539e-13   1.081887e-04   7.566050e-15   432
  3.592283e-01   1.871034e-13   2.804101e-04   9.182336e-15   360
  3.600431e-01   1.847662e-13   1.658667e-04   8.869993e-15   384
  3.612003e-01   1.538368e-13   1.464092e-04   1.184137e-14   198
  3.617579e-01   1.781139e-13   1.664197e-04   6.813945e-15   552
  3.627976e-01   1.467130e-13   2.329761e-04   7.728060e-15   432
  3.636656e-01   1.919668e-13   8.899106e-09   1.443993e-14   168
  3.643942e-01   1.758406e-13   2.888052e-04   7.835318e-15   480
  3.653579e-01   1.312257e-13   0.000000e+00   1.191174e-14   120
  3.657917e-01   1.613401e-13   2.358836e-04   9.703857e-15   336
  3.668502e-01   1.752734e-13   1.664122e-04   6.130089e-15   672
  3.678969e-01   1.722348e-13   2.420693e-04   7.781360e-15   528
  3.683844e-01   1.627470e-13   7.266090e-09   1.035573e-14   168
  3.695106e-01   1.683481e-13   2.700266e-04   7.375502e-15   456
  3.701979e-01   1.865774e-13   1.649075e-04   1.664207e-14   168
  3.709113e-01   1.704501e-13   1.646115e-04   8.269196e-15   504
  3.720973e-01   1.604177e-13   2.118297e-04   8.895781e-15   336
  3.728144e-01   1.809393e-13   1.527042e-04   9.974150e-15   312
  3.736099e-01   1.701265e-13   1.492023e-04   7.457906e-15   504
  3.746568e-01   1.613547e-13   1.035207e-04   6.832644e-15   432
  3.751490e-01   1.468572e-13   1.599738e-04   8.454269e-15   312
  3.761721e-01   1.533884e-13   1.639809e-04   7.034083e-15   384
  3.772403e-01   1.741160e-13   1.393208e-04   1.610051e-14   126
  3.778999e-01   1.581831e-13   2.446141e-04   7.895647e-15   492
  3.787423e-01   1.607362e-13   1.566756e-04   6.595233e-15   528
  3.797950e-01   1.510265e-13   1.591488e-04   6.526758e-15   480
  3.804477e-01   1.590998e-13   2.198632e-04   7.358205e-15   432
  3.813922e-01   1.666708e-13   1.728933e-04   7.527429e-15   440
  3.824891e-01   1.465364e-13   8.597912e-05   8.447785e-15   312
  3.829007e-01   1.605168e-13   1.288469e-04   8.745899e-15   480
  3.837450e-01   1.459408e-13   2.522797e-04   7.529585e-15   408
  3.849786e-01   1.457640e-13   1.510870e-04   7.238945e-15   360
  3.854998e-01   1.421899e-13   1.457935e-04   7.085997e-15   408
  3.864656e-01   1.427475e-13   1.483633e-04   6.459762e-15   456
  3.875531e-01   1.509505e-13   1.417988e-04   8.905387e-15   264
  3.881567e-01   1.376709e-13   1.538873e-04   7.370398e-15   384
  3.890354e-01   1.449962e-13   2.590801e-04   5.698393e-15   672
  3.900512e-01   1.390020e-13   1.549634e-04   9.078223e-15   240
  3.906373e-01   1.456719e-13   1.572490e-04   8.437848e-15   264
  3.914646e-01   1.267685e-13   1.939407e-04   5.457765e-15   624
  3.926991e-01   1.556380e-13   0.000000e+00   1.198962e-14   150
  3.931386e-01   1.469119e-13   2.173259e-04   6.444380e-15   600
  3.940655e-01   1.257733e-13   1.499928e-04   5.250058e-15   672
  3.951151e-01   1.373953e-13   1.410788e-04   7.992098e-15   336
  3.956998e-01   1.385452e-13   1.534526e-04   6.930950e-15   408
  3.966340e-01   1.285876e-13   1.530911e-04   6.331373e-15   408
  3.976732e-01   1.217588e-13   7.741108e-05   6.225403e-15   360
  3.983137e-01   1.368256e-13   2.842286e-04   6.365722e-15   456
  3.990874e-01   1.258100e-13   1.545652e-04   5.683360e-15   384
  4.000722e-01   1.505634e-13   1.426833e-04   7.537369e-15   348
  4.006044e-01   1.282989e-13   1.759003e-04   5.334725e-15   576
  4.016040e-01   1.319250e-13   1.448308e-04   6.078737e-15   504
  4.026266e-01   1.276646e-13   2.042754e-04   5.842370e-15   432
  4.035193e-01   1.169315e-13   2.779157e-04   4.646870e-15   576
  4.041559e-01   1.252135e-13   0.000000e+00   7.244201e-15   264
  4.051657e-01   1.260534e-13   2.211515e-04   4.356500e-15   768
  4.060439e-01   1.484929e-13   2.977401e-04   9.951571e-15   240
  4.067421e-01   1.188609e-13   2.625786e-04   9.080832e-15   192
  4.077592e-01   1.183881e-13   1.932899e-04   4.931587e-15   504
  4.085134e-01   1.110610e-13   2.604655e-04   4.573878e-15   590
  4.092368e-01   1.145924e-13   2.918373e-04   5.666613e-15   384
  4.101438e-01   1.201292e-13   2.438900e-04   5.388023e-15   504
  4.112389e-01   1.258635e-13   2.347064e-04   4.621082e-15   648
  4.123011e-01   1.194719e-13   6.374317e-05   5.194018e-15   504
  4.127294e-01   1.231436e-13   1.454101e-04   6.317071e-15   312
  4.134855e-01   1.066266e-13   2.095003e-04   4.040408e-15   576
  4.145236e-01   1.125834e-13   1.457924e-04   7.054135e-15   240
  4.151287e-01   1.098139e-13   1.473162e-04   4.459383e-15   552
  4.159853e-01   1.195068e-13   1.383265e-04   4.747349e-15   600
  4.172054e-01   1.105860e-13   1.689549e-04   4.025610e-15   600
  4.179389e-01   1.213736e-13   2.705679e-04   7.158797e-15   312
  4.186695e-01   1.182451e-13   2.356379e-04   5.186305e-15   480
  4.195820e-01   1.211669e-13   1.470154e-04   4.903149e-15   576
  4.203854e-01   1.153277e-13   2.367268e-04   5.827165e-15   408
  4.210983e-01   1.163357e-13   2.761527e-04   7.184719e-15   216
  4.220194e-01   9.631898e-14   2.115019e-04   4.312898e-15   516
  4.230063e-01   1.153852e-13   2.017943e-04   4.520952e-15   744
  4.240243e-01   1.068719e-13   1.347808e-04   4.920732e-15   462
  4.245995e-01   1.146473e-13   1.369852e-04   5.590876e-15   432
  4.254918e-01   1.146047e-13   1.270838e-04   4.059314e-15   648
  4.265409e-01   1.154661e-13   1.859472e-04   4.763818e-15   528
  4.273836e-01   9.797803e-14   2.239269e-04   4.092650e-15   600
  4.282256e-01   9.756794e-14   2.823132e-04   7.402128e-15   240
  4.290411e-01   9.979624e-14   2.162492e-04   3.616899e-15   720
  4.299890e-01   1.128069e-13   1.710922e-04   3.981821e-15   720
  4.310398e-01   9.205333e-14   0.000000e+00   6.776414e-15   144
  4.315927e-01   9.644872e-14   2.205891e-04   3.448273e-15   720
  4.323793e-01   1.174788e-13   1.322696e-04   6.405163e-15   384
  4.333641e-01   1.007954e-13   1.466278e-04   3.886216e-15   672
  4.342984e-01   1.013782e-13   2.567292e-04   5.304037e-15   336
  4.347447e-01   1.135097e-13   0.000000e+00   6.919546e-15   288
  4.358374e-01   9.769196e-14   2.031840e-04   3.398792e-15   776
  4.368489e-01   1.070893e-13   1.738547e-04   4.059734e-15   720
  4.376985e-01   1.024912e-13   1.400528e-04   5.300030e-15   432
  4.383780e-01   9.883015e-14   1.996629e-04   5.269513e-15   504
  4.391339e-01   9.330003e-14   1.398922e-04   4.133605e-15   528
  4.401917e-01   9.853780e-14   1.905949e-04   4.569383e-15   438
  4.410618e-01   8.899697e-14   2.218350e-04   3.581612e-15   624
  4.417176e-01   1.039583e-13   2.717180e-04   5.646113e-15   312
  4.426191e-01   9.709047e-14   1.463948e-04   3.476386e-15   696
  4.435512e-01   9.338948e-14   1.324608e-04   3.962905e-15   552
  4.445207e-01   8.674068e-14   1.024805e-04   3.547551e-15   516
  4.451205e-01   9.052767e-14   2.046970e-04   3.698012e-15   528
  4.458506e-01   9.088172e-14   1.331200e-04   4.217481e-15   528
  4.468878e-01   9.122434e-14   1.755583e-04   3.219814e-15   864
  4.475918e-01   8.146412e-14   2.404788e-04   3.792474e-15   408
  4.482965e-01   8.925736e-14   2.382549e-04   5.979454e-15   192
  4.492953e-01   9.244224e-14   1.971674e-04   3.393043e-15   720
  4.501385e-01   8.104334e-14   1.817980e-04   2.872348e-15   696
  4.511404e-01   9.099028e-14   1.963435e-04   3.269144e-15   720
  4.520570e-01   8.542466e-14   2.661201e-04   4.071489e-15   432
  4.525916e-01   8.014851e-14   1.566487e-04   4.881603e-15   264
  4.535534e-01   8.958577e-14   2.163249e-04   3.280261e-15   672
  4.544137e-01   8.769617e-14   2.214835e-04   3.482066e-15   600
  4.554346e-01   8.594789e-14   1.296784e-04   5.488844e-15   270
  4.559493e-01   8.551791e-14   1.952021e-04   3.796364e-15   528
  4.567673e-01   9.382790e-14   1.336675e-04   3.547208e-15   840
  4.578890e-01   8.747335e-14   2.555961e-04   3.029354e-15   888
  4.589254e-01   8.483230e-14   1.904380e-04   3.302504e-15   744
  4.598014e-01   9.268748e-14   9.785730e-05   4.570375e-15   456
  4.602370e-01   7.989334e-14   1.337280e-04   3.788722e-15   360
  4.609825e-01   8.257041e-14   1.158678e-04   3.872374e-15   384
  4.621264e-01   8.734318e-14   1.858509e-04   3.111126e-15   816
  4.629847e-01   8.672031e-14   2.696437e-04   2.914698e-15   824
  4.640279e-01   8.406846e-14   1.253432e-04   4.584219e-15   360
  4.645865e-01   9.508899e-14   1.849595e-04   3.885865e-15   624
  4.653553e-01   7.377120e-14   1.249856e-04   3.604411e-15   360
  4.663795e-01   8.351141e-14   1.700172e-04   2.757790e-15   876
  4.673045e-01   7.805945e-14   2.019296e-04   3.214944e-15   696
  4.682373e-01   8.771314e-14   1.303928e-04   4.703710e-15   336
  4.687264e-01   8.692034e-14   1.302463e-04   4.035696e-15   504
  4.695341e-01   8.082432e-14   1.313750e-04   2.938121e-15   672
  4.707324e-01   7.529696e-14   2.615370e-04   2.790352e-15   720
  4.715635e-01   7.351034e-14   1.975633e-04   2.916773e-15   774
  4.724808e-01   7.960516e-14   1.130801e-04   3.801331e-15   384
  4.729612e-01   7.862199e-14   2.176147e-04   3.470226e-15   528
  4.737068e-01   7.981397e-14   2.073989e-04   2.861004e-15   744
  4.749062e-01   8.060227e-14   1.710601e-04   2.857573e-15   768
  4.757025e-01   7.819601e-14   1.920278e-04   3.238752e-15   552
  4.766960e-01   7.290052e-14   2.092886e-04   2.778014e-15   696
  4.774351e-01   8.087782e-14   2.543221e-04   4.244096e-15   408
  4.780218e-01   7.483423e-14   1.098692e-04   3.368976e-15   504
  4.789519e-01   7.261117e-14   1.973758e-04   2.579000e-15   888
  4.798671e-01   7.019823e-14   2.051305e-04   2.753590e-15   648
  4.808184e-01   7.197417e-14   2.033722e-04   2.984059e-15   648
  4.817134e-01   7.419708e-14   2.192851e-04   2.610736e-15   792
  4.826614e-01   7.144022e-14   3.208291e-04   2.903077e-15   600
  4.833600e-01   6.924549e-14   2.174285e-04   3.290269e-15   456
  4.840953e-01   7.474401e-14   1.059654e-04   2.877118e-15   648
  4.850397e-01   6.884699e-14   2.066479e-04   2.189146e-15   936
  4.860593e-01   6.961969e-14   1.269084e-04   3.309572e-15   384
  4.869469e-01   1.048235e-40   0.000000e+00   6.620560e-41   198
  4.876318e-01   5.525613e-41   3.219776e-04   1.500301e-41   1224
  4.883707e-01   5.494020e-41   2.344988e-04   1.396073e-41   420
  4.892446e-01   2.093951e-41   2.269458e-04   2.570846e-42   792
  4.900991e-01   7.976471e-42   1.876648e-04   8.692671e-43   680
  4.910742e-01   1.081314e-41   1.723226e-04   1.092444e-42   600
  4.918588e-01   1.067151e-41   2.499151e-04   9.343192e-43   840
  4.929064e-01   2.079210e-41   1.179983e-04   5.807601e-42   432
  4.933067e-01   1.216385e-41   1.105800e-04   1.429220e-42   720
  4.941771e-01   6.560368e-42   2.214723e-04   3.970923e-43   960
  4.952596e-01   5.703712e-42   1.974263e-04   3.511486e-43   528
  4.960507e-01   9.073356e-42   2.018074e-04   9.056177e-43   624
  4.969923e-01   1.011884e-41   1.586192e-04   9.581269e-43   816
  4.979269e-01   4.718591e-42   2.608527e-04   3.086903e-43   696
  4.989597e-01   1.748903e-41   1.438612e-08   6.772043e-42   240
  4.993481e-01   8.754956e-42   1.538310e-04   9.553044e-43   672
  5.002149e-01   8.676476e-42   2.749181e-04   6.296629e-43   864
  5.011872e-01   1.066574e-41   2.109550e-04   1.266703e-42   816
  5.020636e-01   6.972748e-42   1.207434e-04   5.012270e-43   648
  5.030076e-01   5.744966e-41   1.234217e-04   2.006607e-41   843
  5.038089e-01   2.541800e-41   2.220660e-04   9.614079e-42   780
  5.047639e-01   1.352128e-41   1.191565e-04   3.556701e-42   216
  5.053529e-01   9.519587e-42   2.873328e-04   1.267012e-42   1056
  5.062588e-01   4.529431e-41   2.350705e-04   1.174858e-41   228
  5.070976e-01   1.318826e-41   2.926687e-04   1.416387e-42   924
  5.079587e-01   6.991674e-42   1.085637e-04   5.823308e-43   696
  5.088706e-01   7.290604e-42   1.932122e-04   7.064789e-43   996
  5.098035e-01   8.953616e-42   1.140687e-04   8.497595e-43   576
  5.107740e-01   7.557878e-42   1.760574e-04   6.072777e-43   552
  5.114815e-01   1.827637e-41   2.102064e-04   3.486366e-42   516
  5.121995e-01   9.437518e-42   3.056837e-04   6.714701e-43   744
  5.130199e-01   1.087756e-41   1.499561e-04   1.310890e-42   576
  5.137336e-01   8.152179e-42   1.543428e-04   6.707732e-43   792
  5.147477e-01   1.124705e-41   1.764424e-04   2.160912e-42   792
  5.154909e-01   9.556667e-42   1.902913e-04   7.258448e-43   720
  5.164960e-01   7.948795e-42   2.168883e-04   9.688622e-43   656
  5.174379e-01   5.655913e-42   2.368308e-04   3.456611e-43   816
  5.184034e-01   1.081382e-41   1.276952e-04   1.257309e-42   492
  5.189522e-01   6.810819e-42   1.836985e-04   6.684224e-43   552
  5.199822e-01   1.262254e-41   3.194294e-04   3.445695e-42   780
  5.206511e-01   9.412936e-42   1.962217e-04   9.207311e-43   528
  5.213718e-01   7.354977e-42   2.290504e-04   4.791188e-43   600
  5.224340e-01   1.834046e-41   1.903590e-04   2.574764e-42   900
  5.231662e-01   1.224398e-41   1.053860e-04   1.076354e-42   696
  5.241734e-01   6.267168e-42   2.664725e-04   3.994261e-43   696
  5.251479e-01   6.536250e-42   1.081054e-04   6.565777e-43   552
  5.259673e-01   7.207138e-42   1.257166e-04   5.017790e-43   708
  5.268258e-01   1.020946e-41   2.075652e-04   1.155236e-42   876
  5.277190e-01   2.229595e-41   1.102130e-04   4.618032e-42   216
  5.283184e-01   1.046097e-41   3.014475e-04   7.950489e-43   1032
  5.292161e-01   8.324078e-42   3.356286e-04   6.967057e-43   600
  5.301478e-01   5.753363e-42   1.601495e-04   3.004236e-43   600
  5.308585e-01   5.661808e-42   2.828090e-04   2.642950e-43   528
  5.316987e-01   1.073843e-41   1.552497e-04   1.447368e-42   732
  5.325837e-01   6.606535e-42   1.146378e-04   5.912767e-43   336
  5.336024e-01   1.246454e-41   1.633817e-04   1.925783e-42   912
  5.343638e-01   2.126413e-41   1.639857e-04   5.168536e-42   624
  5.351957e-01   1.134393e-41   1.381873e-04   1.096481e-42   768
  5.361666e-01   8.400406e-42   2.493171e-04   8.599650e-43   792
  5.371196e-01   8.696144e-42   1.236011e-04   6.112309e-43   660
  5.377977e-01   7.989697e-42   1.821461e-04   6.277288e-43   504
  5.384990e-01   5.921093e-42   2.975919e-04   3.680396e-43   480
  5.395501e-01   6.133028e-42   2.752337e-04   2.801961e-43   912
  5.403731e-01   1.177902e-41   3.065154e-04   1.628055e-42   432
  5.411504e-01   1.458064e-41   1.820016e-04   2.630969e-42   564
  5.418405e-01   1.272413e-41   1.742006e-04   1.771965e-42   600
  5.428119e-01   9.483289e-42   2.428192e-04   9.917111e-43   876
  5.435417e-01   7.714924e-42   1.091788e-04   6.057605e-43   264
  5.445477e-01   1.607663e-41   2.118499e-04   2.654811e-42   560
  5.453563e-01   9.438074e-42   1.439565e-04   7.341758e-43   840
  5.463378e-01   6.818081e-42   2.219395e-04   3.242149e-43   1008
  5.472454e-01   1.010253e-41   9.928084e-05   1.316791e-42   456
  5.480744e-01   1.555031e-41   1.286043e-04   3.535667e-42   576
  5.488407e-01   1.522101e-41   1.976142e-04   3.298558e-42   612
  5.498512e-01   1.098305e-41   1.765015e-04   7.876544e-43   780
  5.506755e-01   7.694389e-42   2.022627e-04   6.357457e-43   648
  5.515194e-01   8.048990e-42   9.425702e-05   5.242107e-43   312
  5.520587e-01   7.760620e-42   2.394916e-04   6.066652e-43   528
  5.529931e-01   8.189669e-42   3.127641e-04   1.074270e-42   720
  5.538866e-01   7.843487e-42   3.137436e-04   5.464485e-43   576
  5.549699e-01   1.084828e-41   2.706443e-04   2.322698e-42   444
  5.556439e-01   1.673163e-41   2.654148e-04   1.969628e-42   996
  5.564699e-01   1.096120e-41   2.217012e-04   9.778182e-43   432
  5.572506e-01   1.151854e-41   2.427192e-04   1.416910e-42   504
  5.579250e-01   1.354516e-41   1.094306e-04   2.174929e-42   504
  5.588852e-01   1.026030e-41   2.153608e-04   9.850195e-43   876
  5.597541e-01   8.383506e-42   2.478597e-04   5.518404e-43   504
  5.606589e-01   8.168810e-42   1.580720e-04   4.170561e-43   696
  5.614066e-01   1.679339e-41   1.351349e-04   5.443643e-42   492
  5.624240e-01   1.070710e-41   1.934522e-04   1.182696e-42   432
  5.631776e-01   8.379164e-42   1.811468e-04   5.315893e-43   768
  5.640708e-01   8.110472e-42   2.256427e-04   5.498569e-43   648
  5.649237e-01   8.406141e-42   1.472076e-04   6.526266e-43   456
  5.659038e-01   6.869072e-42   2.024344e-04   3.139743e-43   552
  5.665845e-01   1.521560e-41   1.387487e-04   1.658356e-42   648
  5.675213e-01   1.078719e-41   2.261525e-04   1.714810e-42   840
  5.684363e-01   9.738041e-42   1.078474e-04   6.808248e-43   432
  5.693524e-01   1.554916e-41   1.320946e-04   1.777934e-42   600
  5.699896e-01   1.306955e-41   1.407382e-04   1.262217e-42   432
  5.710598e-01   1.349464e-41   1.401185e-04   1.364175e-42   560
  5.717846e-01   1.031721e-41   2.217929e-04   9.046493e-43   840
  5.726922e-01   8.243239e-42   1.313712e-04   7.436016e-43   504
  5.734129e-01   7.328245e-42   2.681208e-04   3.066964e-43   696
  5.744289e-01   8.276701e-42   1.464380e-04   6.150307e-43   384
  5.752203e-01   1.269346e-41   2.145144e-04   1.782607e-42   576
  5.761776e-01   9.691958e-42   1.323876e-04   1.064957e-42   360
  5.769491e-01   9.155908e-42   1.971572e-04   8.732914e-43   828
  5.777814e-01   1.732469e-41   1.756051e-04   2.667344e-42   372
  5.785440e-01   1.156279e-41   2.681827e-04   1.213609e-42   576
  5.795542e-01   1.472824e-41   1.123146e-04   1.213825e-42   636
  5.802740e-01   9.911330e-42   2.165136e-04   6.068326e-43   648
  5.812477e-01   1.094556e-41   1.760019e-04   1.571752e-42   576
  5.819467e-01   1.091067e-41   2.839096e-04   1.158493e-42   528
  5.828762e-01   8.873950e-42   1.213831e-04   5.682824e-43   360
  5.836457e-01   6.997297e-42   2.792266e-04   2.957542e-43   672
  5.846504e-01   1.511421e-41   1.430245e-04   1.920267e-42   804
  5.854866e-01   9.368735e-42   1.577731e-04   7.750416e-43   408
  5.864116e-01   9.141130e-42   9.752092e-05   5.959380e-43   384
  5.870345e-01   7.815302e-42   2.231653e-04   3.796101e-43   480
  5.879130e-01   9.299355e-42   1.441975e-04   7.981481e-43   432
  5.887557e-01   1.222127e-41   2.657252e-04   1.200598e-42   648
  5.897530e-01   1.484303e-41   1.648813e-04   1.967766e-42   624
  5.904826e-01   1.029690e-41   1.499734e-04   7.874694e-43   456
  5.914788e-01   1.759949e-41   2.048770e-04   2.985719e-42   588
  5.921465e-01   9.395868e-42   1.307107e-04   6.284310e-43   600
  5.931212e-01   1.268934e-41   2.038766e-04   2.511257e-42   708
  5.938912e-01   1.742342e-41   1.284383e-04   1.846595e-42   360
  5.947420e-01   1.148917e-41   1.476433e-04   1.460101e-42   552
  5.955576e-01   7.876507e-42   1.035752e-04   5.189446e-43   288
  5.963856e-01   9.678986e-42   1.947498e-04   6.516411e-43   528
  5.971636e-01   1.773416e-41   1.313872e-04   2.940333e-42   456
  5.980328e-01   8.906234e-42   2.329780e-04   4.667734e-43   608
  5.989070e-01   7.896887e-42   1.127174e-04   4.021040e-43   504
  5.998623e-01   1.431584e-41   2.419978e-04   1.910634e-42   540
  6.006113e-01   1.320156e-41   2.597778e-04   1.245964e-42   360
  6.014188e-01   1.863464e-41   1.176407e-04   2.354196e-42   540
  6.021329e-01   9.184991e-42   1.010085e-04   7.687025e-43   576
  6.031714e-01   1.147263e-41   2.342044e-04   8.641631e-43   588
  6.041588e-01   1.536249e-41   3.231314e-04   1.586168e-42   672
  6.050070e-01   8.342433e-42   2.469721e-04   4.197111e-43   552
  6.056908e-01   1.005075e-41   2.470970e-04   1.052470e-42   144
  6.065633e-01   1.792028e-41   2.099342e-04   3.172416e-42   600
  6.073906e-01   1.055297e-41   2.630934e-04   9.751344e-43   504
  6.083088e-01   1.045883e-41   2.702501e-04   6.868575e-43   336
  6.092745e-01   1.050651e-41   3.037623e-04   5.441262e-43   600
  6.101395e-01   1.082930e-41   1.960382e-04   1.028673e-42   636
  6.110731e-01   1.355936e-41   1.576165e-04   1.620741e-42   384
  6.117276e-01   1.295170e-41   2.198564e-04   1.148104e-42   504
  6.126710e-01   9.755213e-42   9.227064e-05   1.156855e-42   240
  6.134155e-01   1.457066e-41   2.167569e-04   1.439172e-42   744
  6.143088e-01   9.201619e-42   1.480120e-04   5.839342e-43   648
  6.151027e-01   1.172359e-41   9.825476e-05   1.184552e-42   120
  6.160331e-01   1.577138e-41   1.543455e-04   2.286968e-42   564
  6.167362e-01   1.145546e-41   2.424089e-04   7.038881e-43   432
  6.176746e-01   9.788881e-42   1.881572e-04   7.451094e-43   480
  6.183811e-01   7.776425e-42   1.384885e-04   4.105634e-43   456
  6.192152e-01   2.589648e-41   2.291780e-04   7.850279e-42   444
  6.201616e-01   1.014528e-41   3.506544e-04   5.733232e-43   528
  6.209930e-01   8.855730e-42   2.604238e-04   8.307836e-43   264
  6.217998e-01   1.193674e-41   2.668956e-04   1.410785e-42   444
  6.228852e-01   1.471419e-41   2.923449e-04   1.642950e-42   696
  6.237861e-01   2.692372e-41   1.563558e-04   5.146297e-42   384
  6.244450e-01   1.126875e-41   1.975687e-04   8.090579e-43   432
  6.254698e-01   1.061299e-41   1.365107e-04   9.375379e-43   488
  6.261352e-01   1.434813e-41   2.057386e-04   1.236713e-42   480
  6.270999e-01   9.443785e-42   2.294412e-04   5.513856e-43   480
  6.278471e-01   1.038495e-41   9.626648e-05   8.669355e-43   240
  6.286954e-01   1.915586e-41   2.248709e-04   4.487697e-42   600
  6.294955e-01   8.415972e-42   1.959519e-04   6.042356e-43   288
  6.303474e-01   1.056473e-41   1.884914e-04   6.445186e-43   480
  6.312103e-01   9.859921e-42   3.352926e-04   6.084464e-43   504
  6.320598e-01   9.872401e-42   1.438614e-04   1.221000e-42   216
  6.331433e-01   1.726664e-41   2.355240e-04   2.270151e-42   504
  6.339871e-01   2.359375e-41   1.894329e-04   5.016695e-42   456
  6.349107e-01   9.882710e-42   1.086430e-04   7.391798e-43   384
  6.355225e-01   1.690568e-41   2.205061e-04   1.788522e-42   480
  6.363918e-01   1.298537e-41   1.936290e-04   1.172956e-42   504
  6.371972e-01   1.081765e-41   1.228262e-04   7.231299e-43   312
  6.380652e-01   1.564387e-41   1.979302e-04   2.093645e-42   492
  6.388334e-01   1.146857e-41   1.855135e-04   9.657131e-43   312
  6.398223e-01   1.001645e-41   3.013519e-04   4.835952e-43   576
  6.406929e-01   1.029321e-41   2.781722e-04   8.680790e-43   336
  6.414159e-01   9.763360e-42   2.141797e-04   7.860385e-43   240
  6.424183e-01   9.938621e-42   2.839481e-04   5.368495e-43   468
  6.432837e-01   8.599353e-42   1.777925e-04   6.489519e-43   192
  6.441896e-01   1.408842e-41   1.783224e-04   1.330084e-42   324
  6.448535e-01   1.395087e-41   1.294235e-04   1.290487e-42   600
  6.457583e-01   1.915763e-41   2.099764e-04   2.216230e-42   456
  6.464302e-01   1.341463e-41   9.444737e-05   1.234165e-42   336
  6.475438e-01   2.152402e-41   2.828021e-04   4.608807e-42   612
  6.483539e-01   1.512657e-41   2.373399e-04   1.860666e-42   144
  6.491201e-01   9.745137e-42   2.770366e-04   4.867163e-43   552
  6.501620e-01   9.340075e-42   1.091004e-04   8.557557e-43   264
  6.507507e-01   1.118982e-41   2.525953e-04   9.839731e-43   336
  6.516793e-01   1.208767e-41   1.669063e-04   6.987484e-43   384
  6.524847e-01   8.499469e-42   9.395175e-05   6.277281e-43   216
  6.533762e-01   1.126238e-41   1.991971e-04   7.946054e-43   344
  6.541891e-01   1.077522e-41   2.972114e-04   5.894261e-43   408
  6.551797e-01   1.595400e-41   2.283876e-04   3.354105e-42   264
  6.560575e-01   2.384879e-41   3.183837e-04   3.782644e-42   612
  6.569345e-01   1.696065e-41   1.638646e-04   2.112214e-42   408
  6.578364e-01   1.954002e-41   1.641001e-04   2.857572e-42   444
  6.584991e-01   1.371289e-41   9.177996e-05   1.566830e-42   120
  6.593870e-01   1.463033e-41   2.535712e-04   9.508393e-43   336
  6.600460e-01   9.917457e-42   8.811499e-05   6.103159e-43   288
  6.609366e-01   1.178730e-41   2.742154e-04   6.031725e-43   552
  6.621610e-01   9.476922e-42   0.000000e+00   1.126776e-42   72
  6.627906e-01   1.158085e-41   2.723657e-04   6.791469e-43   504
  6.635259e-01   1.096964e-41   8.764464e-05   8.831939e-43   216
  6.644787e-01   1.067036e-41   1.564835e-04   7.650708e-43   312
  6.653340e-01   1.091474e-41   1.781811e-04   9.572690e-43   336
  6.661492e-01   1.435806e-41   2.469789e-04   1.552411e-42   204
  6.669611e-01   2.175529e-41   2.870270e-04   2.269993e-42   504
  6.678221e-01   2.711495e-41   2.733322e-04   3.761676e-42   396
  6.686501e-01   1.151411e-41   2.506599e-04   7.048378e-43   312
  6.696540e-01   1.594135e-41   1.531800e-04   1.350930e-42   216
  6.703613e-01   9.537691e-42   8.313373e-05   1.026007e-42   168
  6.712208e-01   1.248990e-41   2.099173e-04   5.927207e-43   588
  6.722017e-01   1.479393e-41   2.849381e-04   1.468085e-42   240
  6.729637e-01   9.636807e-42   2.516481e-04   6.967010e-43   264
  6.738575e-01   1.179949e-41   3.112147e-04   1.067853e-42   288
  6.746505e-01   1.208219e-41   1.554077e-04   7.864085e-43   288
  6.756555e-01   9.419514e-42   1.459525e-04   5.714420e-43   288
  6.763322e-01   1.520613e-41   1.690738e-04   1.909941e-42   192
  6.771836e-01   1.009715e-41   1.799115e-04   7.343788e-43   264
  6.779946e-01   5.076120e-41   2.959295e-04   1.109485e-41   372
  6.788675e-01   1.683439e-41   3.196167e-04   1.503004e-42   360
  6.799329e-01   1.368913e-41   1.352648e-04   1.438138e-42   144
  6.804835e-01   1.393291e-41   1.878769e-04   8.917842e-43   296
  6.813527e-01   1.259768e-41   2.024276e-04   9.347923e-43   288
  6.823478e-01   1.149794e-41   3.025230e-04   5.730888e-43   480
  6.832061e-01   1.210723e-41   2.513677e-04   9.982460e-43   192
  6.840407e-01   1.242131e-41   2.696262e-04   8.496093e-43   192
  6.847993e-01   9.460485e-42   1.718359e-04   7.687891e-43   288
  6.858544e-01   1.439583e-41   1.495808e-04   1.954579e-42   108
  6.863859e-01   1.597372e-41   1.438036e-04   1.243413e-42   240
  6.873243e-01   1.220807e-41   2.682690e-04   7.782601e-43   384
  6.882884e-01   3.605504e-41   3.272578e-04   1.379154e-41   108
  6.891409e-01   4.754303e-41   1.918773e-04   7.634645e-42   348
  6.900373e-01   1.594212e-41   2.002507e-04   1.114561e-42   312
  6.908379e-01   1.785375e-41   1.945855e-04   3.613021e-42   96
  6.915741e-01   1.460806e-41   2.590555e-04   8.448995e-43   384
  6.923987e-01   8.989917e-42   1.781778e-04   7.134171e-43   144
  6.932053e-01   1.427317e-41   2.737780e-04   9.756930e-43   408
  6.942079e-01   1.391530e-41   1.221243e-04   1.664287e-42   144
  6.951550e-01   1.695805e-41   2.347853e-04   1.776163e-42   192
  6.957167e-01   1.326569e-41   2.642552e-04   1.121296e-42   144
  6.966323e-01   1.000457e-41   2.148492e-04   8.270811e-43   144
  6.974962e-01   1.423815e-41   2.625805e-04   8.545108e-43   336
  6.985541e-01   1.488371e-41   1.942763e-04   1.084726e-42   240
  6.992249e-01   1.340279e-41   8.821915e-05   1.630019e-42   96
  7.001605e-01   2.856953e-41   2.587043e-04   4.645965e-42   372
  7.011070e-01   1.802135e-41   3.077232e-04   1.960325e-42   132
  7.019384e-01   1.096839e-41   1.904154e-04   6.375724e-43   264
  7.026821e-01   1.898018e-41   1.462304e-04   1.682981e-42   168
  7.034759e-01   1.584295e-41   2.337943e-04   1.144566e-42   216
  7.041771e-01   1.325106e-41   1.430383e-04   1.204639e-42   216
  7.051983e-01   1.045947e-41   2.624157e-04   9.652471e-43   96
  7.061249e-01   2.183634e-41   1.712023e-04   1.970468e-42   120
  7.069747e-01   1.336116e-41   2.176463e-04   1.028833e-42   216
  7.076747e-01   1.135930e-41   9.511215e-05   1.076002e-42   200
  7.086015e-01   1.391399e-41   2.462045e-04   8.880903e-43   288
  7.097902e-01   1.444825e-41   6.478119e-05   1.592327e-42   144
  7.102908e-01   9.965504e-42   2.015951e-04   7.188189e-43   168
  7.113130e-01   2.228587e-41   2.268765e-04   2.304609e-42   159
  7.121109e-01   1.560229e-41   2.380480e-04   1.107018e-42   174
  7.128831e-01   1.774796e-41   2.158536e-04   1.812254e-42   144
  7.138943e-01   1.532512e-41   1.246398e-04   1.159525e-42   222
  7.145705e-01   1.296220e-41   1.257726e-04   1.064590e-42   168
  7.157386e-01   2.583862e-41   2.758677e-04   6.682739e-42   30
  7.162211e-01   1.081029e-41   2.435709e-04   1.712037e-42   72
  7.171298e-01   1.419660e-41   2.173841e-04   1.068461e-42   258
  7.181290e-01   1.596266e-41   1.361533e-04   1.302514e-42   264
  7.186286e-01   1.244092e-41   1.468278e-08   1.589724e-42   72
  7.196697e-01   1.659643e-41   2.698616e-04   1.519419e-42   174
  7.206123e-01   1.353379e-41   2.873527e-04   1.042718e-42   168
  7.213701e-01   1.447025e-41   8.991328e-09   1.872084e-42   48
  7.221837e-01   1.562941e-41   1.622748e-04   2.027567e-42   150
  7.231270e-01   1.960544e-41   2.985162e-04   1.872223e-42   168
  7.240729e-01   1.248187e-41   1.818422e-04   9.815546e-43   144
  7.249427e-01   1.534884e-41   1.698820e-04   1.750210e-42   102
  7.255906e-01   1.731332e-41   2.514545e-04   2.709267e-42   96
  7.266185e-01   1.454157e-41   2.495518e-04   1.317381e-42   120
  7.273797e-01   1.275037e-41   2.676508e-04   1.059668e-42   168
  7.282031e-01   1.913146e-41   1.976389e-04   2.396322e-42   126
  7.289046e-01   1.618110e-41   1.490593e-04   1.494811e-42   168
  7.298711e-01   1.469337e-41   2.390167e-04   1.680873e-42   72
  7.307158e-01   1.454245e-41   2.993022e-04   1.270970e-42   168
  7.314557e-01   1.736540e-41   8.205344e-05   1.963750e-42   78
  7.324696e-01   1.852761e-41   1.347256e-04   3.328727e-42   60
  7.332860e-01   2.689347e-41   2.185468e-04   3.176735e-42   96
  7.341327e-01   1.676866e-41   2.651884e-04   1.287964e-42   168
  7.349284e-01   1.762392e-41   1.678009e-04   2.264950e-42   86
  7.357634e-01   1.218964e-41   1.499742e-04   1.364052e-42   120
  7.369601e-01   1.170020e-41   1.069515e-04   8.944854e-43   168
  7.376055e-01   1.289923e-41   0.000000e+00   2.127174e-42   48
  7.384747e-01   1.408263e-41   1.948541e-04   1.302884e-42   120
  7.389742e-01   1.741897e-41   1.421539e-04   1.468997e-42   126
  7.401935e-01   1.832657e-41   2.500091e-04   2.481531e-42   96
  7.409848e-01   1.683269e-41   7.209028e-05   1.845215e-42   96
  7.416089e-01   1.985995e-41   8.477105e-09   3.624564e-42   72
  7.429385e-01   2.665839e-41   8.991328e-09   8.424139e-42   24
  7.437683e-01   2.778172e-41   1.483601e-04   3.921271e-42   120
  7.444157e-01   1.517068e-41   2.164118e-04   2.034540e-42   126
  7.451355e-01   1.560722e-41   1.804085e-04   1.737983e-42   96
  7.459766e-01   1.030808e-41   3.117986e-04   1.131415e-42   72
  7.469132e-01   1.727979e-41   1.348634e-04   1.420495e-42   144
  7.476836e-01   1.854839e-41   7.778603e-05   2.223842e-42   72
  7.484533e-01   1.682857e-41   1.553665e-04   2.364202e-42   54
  7.491306e-01   1.817889e-41   1.369149e-04   2.056797e-42   108
  7.505382e-01   2.054178e-41   1.342120e-04   2.669243e-42   72
  7.509765e-01   2.748549e-41   7.744493e-05   4.686321e-42   72
  7.520162e-01   1.517313e-41   1.557344e-08   3.047006e-42   24
  7.529998e-01   1.288395e-41   1.638381e-04   1.582484e-42   48
  7.535971e-01   2.136667e-41   1.248023e-04   2.097672e-42   102
  7.544963e-01   2.035913e-41   2.822510e-04   2.478641e-42   168
  7.556711e-01   1.251350e-41   1.539331e-04   1.605380e-42   72
  7.561064e-01   1.501449e-41   0.000000e+00   2.031417e-42   48
  7.570195e-01   2.483707e-41   2.647743e-04   2.570873e-42   120
  7.582245e-01   1.958769e-41   1.627091e-04   3.160483e-42   96
  7.593627e-01   2.495174e-41   1.438612e-08   4.003991e-42   30
  7.607153e-01   2.629438e-41   7.644796e-05   3.250499e-42   72
  7.613097e-01   2.340834e-41   8.991328e-09   5.780617e-42   24
  7.620733e-01   1.341974e-41   1.133148e-04   1.519605e-42   56
  7.629285e-01   1.682772e-41   1.617059e-04   1.454583e-42   96
  7.639519e-01   1.580882e-41   1.785629e-04   1.533732e-42   144
  7.647411e-01   1.597952e-41   1.013810e-04   2.106137e-42   54
  7.658874e-01   2.179824e-41   1.518795e-04   2.231740e-42   108
  7.670409e-01   5.076114e-41   8.041947e-05   5.955947e-42   48
  7.681392e-01   2.598664e-41   3.028050e-04   3.166593e-42   72
  7.707744e-01   2.409083e-41   2.000642e-04   3.028629e-42   78
  7.715046e-01   1.272233e-41   1.507735e-04   1.411143e-42   72
  7.723570e-01   1.656957e-41   1.505863e-04   1.778517e-42   72
  7.732482e-01   1.576717e-41   3.633813e-04   1.509390e-42   96
  7.739527e-01   1.704030e-41   1.502759e-04   1.660686e-42   72
  7.748024e-01   6.136799e-41   0.000000e+00   1.313410e-41   24
  7.756510e-01   3.431953e-41   2.998733e-04   4.502301e-42   72
  7.775680e-01   1.930276e-41   1.904287e-04   4.976755e-42   30
  7.779804e-01   2.722397e-41   0.000000e+00   5.497439e-42   24
  7.801973e-01   8.691577e-42   1.581267e-04   1.378852e-42   48
  7.808927e-01   1.261177e-41   3.402886e-04   1.008198e-42   120
  7.818296e-01   1.835030e-41   1.487821e-04   2.267174e-42   72
  7.827758e-01   2.446676e-41   1.486022e-04   6.909512e-42   36
  7.834261e-01   2.834359e-41   2.937071e-04   4.031450e-42   78
  7.852411e-01   2.676292e-41   1.571111e-04   5.245471e-42   48
  7.875942e-01   2.775121e-41   1.271566e-08   4.990570e-42   24
  7.892707e-01   1.213659e-41   1.094089e-04   1.861934e-42   56
  7.901149e-01   1.730060e-41   1.683597e-04   2.763197e-42   102
  7.911888e-01   2.417577e-41   1.198844e-08   3.674152e-42   72
  7.918122e-01   3.022276e-41   8.991328e-09   7.811885e-42   24
  7.929021e-01   4.005706e-41   1.555930e-04   1.034293e-41   48
  7.949223e-01   5.962529e-41   0.000000e+00   1.013016e-41   24
  7.974016e-01   5.509013e-41   0.000000e+00   2.673298e-41   6
  7.981748e-01   1.492875e-41   0.000000e+00   4.698085e-42   24
  7.986898e-01   1.911409e-41   1.456409e-04   1.844460e-42   72
  7.996307e-01   2.000134e-41   2.717068e-04   2.557373e-42   84
  8.006440e-01   2.454824e-41   0.000000e+00   6.428377e-42   24
  8.009521e-01   3.395101e-41   1.271566e-08   9.181161e-42   24
  8.024909e-01   3.462184e-41   1.557344e-08   1.429396e-41   24
  8.046403e-01   5.951700e-41   0.000000e+00   2.191214e-41   6
  8.073954e-01   1.021991e-41   1.528000e-04   1.641222e-42   48
  8.080572e-01   3.009610e-41   2.878503e-04   5.219266e-42   72
  8.089220e-01   2.220747e-41   1.525117e-04   6.613307e-42   48
  8.102934e-01   3.347784e-41   0.000000e+00   5.612428e-42   24
  8.121184e-01   9.981573e-41   0.000000e+00   3.817079e-41   6
  8.162097e-01   2.357593e-41   0.000000e+00   5.120268e-42   8
  8.165120e-01   2.037166e-41   8.991328e-09   3.380029e-42   48
  8.172369e-01   3.162990e-41   1.479045e-04   4.639783e-42   60
  8.183231e-01   3.002984e-41   0.000000e+00   7.722358e-42   24
  8.198293e-01   5.526636e-41   0.000000e+00   1.465155e-41   6
  8.253784e-01   2.030151e-41   0.000000e+00   4.054917e-42   24
  8.258266e-01   3.129913e-41   1.493898e-04   3.571372e-42   48
  8.265733e-01   4.574349e-41   0.000000e+00   8.430826e-42   24
  8.277664e-01   7.429226e-41   0.000000e+00   3.698545e-41   6
  8.345448e-01   2.986787e-41   1.393664e-04   3.382063e-42   36
  8.350375e-01   2.610935e-41   0.000000e+00   4.865068e-42   24
  8.359234e-01   5.307103e-41   0.000000e+00   1.059587e-41   6
  8.436361e-01   3.286352e-41   1.266552e-04   3.729563e-42   32
  8.442939e-01   1.523363e-41   0.000000e+00   4.222220e-42   6
  8.525822e-01   3.713132e-41   0.000000e+00   7.822421e-42   12
  8.528715e-01   1.151722e-41   0.000000e+00   2.648086e-42   6
  8.616502e-01   4.487411e-42   0.000000e+00   9.228301e-43   6
