# power spectrum of pi_k
# redshift z=9.951253
# k              Pk             sigma(k)       sigma(Pk)      count
  1.570796e-02   9.070992e-11   0.000000e+00   3.659514e-11   6
  2.221441e-02   4.110776e-11   0.000000e+00   8.216358e-12   12
  2.720699e-02   2.509554e-11   2.980232e-10   5.218100e-12   8
  3.141593e-02   7.055785e-11   0.000000e+00   7.652600e-12   6
  3.512407e-02   4.264527e-11   5.619580e-10   1.355799e-11   24
  3.847649e-02   5.392239e-11   5.619580e-10   9.209137e-12   24
  4.635387e-02   2.107274e-11   1.217504e-03   3.741523e-12   42
  4.967294e-02   2.607370e-11   0.000000e+00   5.644694e-12   24
  5.209742e-02   2.275064e-11   9.733398e-10   5.638439e-12   24
  5.608040e-02   2.197952e-11   9.621049e-04   2.356831e-12   32
  5.877382e-02   1.911023e-11   0.000000e+00   2.714089e-12   48
  6.283185e-02   2.099259e-11   0.000000e+00   9.269605e-12   6
  6.557030e-02   1.619154e-11   9.291969e-04   1.550682e-12   84
  6.935879e-02   1.743071e-11   8.893614e-04   2.637942e-12   48
  7.254758e-02   1.278175e-11   7.985346e-04   1.277616e-12   72
  7.695299e-02   1.315846e-11   1.123916e-09   1.977860e-12   24
  7.963774e-02   8.805856e-12   7.087081e-04   8.114308e-13   102
  8.367643e-02   1.007195e-11   1.370308e-03   1.036491e-12   104
  8.603606e-02   6.121381e-12   0.000000e+00   9.100540e-13   48
  9.068541e-02   5.602309e-12   9.092824e-04   4.876428e-13   108
  9.343657e-02   7.273589e-12   6.413175e-04   7.832524e-13   78
  9.650974e-02   7.550842e-12   5.553727e-04   7.136229e-13   96
  1.007521e-01   5.362908e-12   7.827476e-04   4.170947e-13   168
  1.046631e-01   5.128738e-12   9.466177e-04   5.242975e-13   120
  1.065366e-01   4.786760e-12   0.000000e+00   7.056134e-13   48
  1.109423e-01   4.717652e-12   9.164765e-04   4.000383e-13   194
  1.147571e-01   4.018651e-12   7.498405e-04   3.229492e-13   192
  1.180701e-01   4.869530e-12   5.224442e-04   4.047338e-13   96
  1.203984e-01   3.300888e-12   4.446482e-04   3.061314e-13   96
  1.233385e-01   3.398929e-12   6.559487e-04   2.777645e-13   174
  1.272878e-01   3.551823e-12   6.453399e-04   2.569108e-13   216
  1.304784e-01   2.812295e-12   6.685951e-04   1.986478e-13   192
  1.345850e-01   2.828529e-12   7.087816e-04   1.957876e-13   204
  1.374813e-01   2.263662e-12   9.706973e-04   1.474177e-13   224
  1.414909e-01   2.903121e-12   5.479655e-04   2.336375e-13   174
  1.446033e-01   2.402266e-12   1.053365e-03   1.337644e-13   288
  1.484650e-01   2.003471e-12   5.185518e-04   1.245979e-13   288
  1.514788e-01   1.787090e-12   1.000184e-03   1.289537e-13   192
  1.554236e-01   1.849986e-12   7.319331e-04   1.103528e-13   252
  1.579196e-01   1.796460e-12   4.361590e-04   1.106234e-13   246
  1.613100e-01   1.541615e-12   8.276231e-04   9.103845e-14   312
  1.643345e-01   1.572026e-12   5.346625e-04   8.021867e-14   248
  1.684860e-01   1.243646e-12   1.131025e-03   6.037494e-14   432
  1.718304e-01   1.568914e-12   9.472090e-04   1.079940e-13   198
  1.751353e-01   1.495649e-12   1.145604e-03   6.620137e-14   456
  1.789950e-01   1.231680e-12   6.685341e-04   7.624301e-14   324
  1.817267e-01   1.200706e-12   7.914724e-04   6.891734e-14   312
  1.851131e-01   1.075782e-12   9.927979e-04   5.511189e-14   408
  1.893262e-01   1.062183e-12   9.168549e-04   5.437930e-14   414
  1.922237e-01   8.863658e-13   7.933788e-04   4.354933e-14   392
  1.951891e-01   1.161053e-12   8.939032e-04   5.622451e-14   408
  1.990919e-01   1.004297e-12   9.488231e-04   4.687864e-14   444
  2.020561e-01   9.265152e-13   7.670392e-04   4.317717e-14   360
  2.058410e-01   8.676805e-13   1.052783e-03   3.176971e-14   678
  2.098438e-01   8.657877e-13   6.748154e-04   4.643905e-14   360
  2.129201e-01   7.666534e-13   1.111301e-03   3.394102e-14   648
  2.158529e-01   7.298003e-13   5.136230e-04   4.267118e-14   288
  2.195886e-01   6.654096e-13   9.568926e-04   2.548624e-14   686
  2.231016e-01   6.637636e-13   7.114303e-04   3.083236e-14   444
  2.262783e-01   6.334109e-13   9.881180e-04   2.447279e-14   696
  2.294381e-01   6.571594e-13   9.387623e-04   3.084153e-14   408
  2.328670e-01   5.760414e-13   9.712657e-04   2.189151e-14   648
  2.364370e-01   6.199423e-13   8.503906e-04   2.614642e-14   582
  2.396199e-01   5.067620e-13   1.064401e-03   1.976134e-14   744
  2.431321e-01   5.876024e-13   1.062590e-03   2.399222e-14   516
  2.463676e-01   5.334237e-13   1.028291e-03   2.092333e-14   728
  2.493547e-01   4.931149e-13   8.519968e-04   2.122814e-14   558
  2.529620e-01   4.301518e-13   8.588943e-04   1.491827e-14   768
  2.568725e-01   4.716393e-13   9.956413e-04   1.571626e-14   960
  2.602888e-01   4.608529e-13   6.965241e-04   1.975635e-14   576
  2.635727e-01   4.586719e-13   1.130592e-03   1.540475e-14   816
  2.671089e-01   3.640316e-13   8.722599e-04   1.262307e-14   666
  2.702138e-01   4.111660e-13   1.022915e-03   1.312809e-14   960
  2.739239e-01   3.742596e-13   1.008817e-03   1.420727e-14   824
  2.775241e-01   3.608468e-13   1.110885e-03   1.130872e-14   936
  2.808394e-01   3.341229e-13   8.261366e-04   1.326808e-14   624
  2.838930e-01   3.557764e-13   9.725641e-04   1.179650e-14   1062
  2.874377e-01   3.364820e-13   1.059457e-03   1.286111e-14   732
  2.905463e-01   2.937949e-13   9.192852e-04   9.237449e-15   1080
  2.942546e-01   3.059618e-13   1.002209e-03   1.054015e-14   936
  2.976082e-01   2.849709e-13   1.082494e-03   9.703512e-15   878
  3.011413e-01   2.691503e-13   1.097016e-03   8.104592e-15   1152
  3.044218e-01   2.612977e-13   8.479143e-04   8.230779e-15   1056
  3.079105e-01   2.581062e-13   1.001477e-03   9.166740e-15   864
  3.110264e-01   2.613870e-13   9.782607e-04   8.146978e-15   1092
  3.147509e-01   2.531868e-13   1.033457e-03   7.463185e-15   1206
  3.182989e-01   2.542869e-13   1.048759e-03   7.286871e-15   1248
  3.215758e-01   2.403648e-13   7.107183e-04   7.891374e-15   864
  3.244931e-01   2.266520e-13   7.379012e-04   7.072902e-15   1152
  3.282964e-01   2.255180e-13   1.098528e-03   6.613874e-15   1382
  3.320084e-01   2.202309e-13   9.790321e-04   6.635275e-15   1188
  3.352589e-01   1.949927e-13   1.037410e-03   5.823330e-15   1248
  3.383281e-01   2.082455e-13   9.840824e-04   6.129742e-15   1152
  3.416961e-01   2.091065e-13   1.080699e-03   5.510633e-15   1320
  3.454323e-01   1.854299e-13   7.162673e-04   5.470442e-15   1206
  3.485323e-01   1.958261e-13   1.040639e-03   5.160480e-15   1560
  3.522149e-01   1.768369e-13   9.687237e-04   4.910216e-15   1280
  3.553656e-01   1.650701e-13   9.753251e-04   4.507122e-15   1308
  3.588126e-01   1.679758e-13   9.788304e-04   4.073380e-15   1512
  3.622462e-01   1.594470e-13   7.986109e-04   4.366788e-15   1350
  3.657845e-01   1.628113e-13   1.055155e-03   4.176463e-15   1608
  3.688093e-01   1.628253e-13   9.074168e-04   4.637493e-15   1320
  3.723318e-01   1.526601e-13   1.093091e-03   3.880456e-15   1656
  3.755028e-01   1.410966e-13   8.593531e-04   3.806877e-15   1254
  3.791706e-01   1.443867e-13   9.807940e-04   3.205228e-15   1932
  3.826277e-01   1.505318e-13   8.807497e-04   3.957223e-15   1640
  3.860340e-01   1.384756e-13   9.142769e-04   3.585923e-15   1488
  3.892465e-01   1.311640e-13   8.838091e-04   3.379376e-15   1560
  3.929003e-01   1.268308e-13   1.061554e-03   3.015469e-15   2046
  3.962918e-01   1.208096e-13   9.522112e-04   3.169240e-15   1512
  3.995770e-01   1.201975e-13   9.476029e-04   2.916662e-15   1764
  4.028533e-01   1.168225e-13   9.447944e-04   2.886107e-15   1776
  4.062341e-01   1.161280e-13   1.135757e-03   2.831088e-15   1704
  4.098613e-01   1.113770e-13   1.112243e-03   2.298193e-15   2126
  4.131278e-01   1.066781e-13   7.726530e-04   2.612987e-15   1632
  4.164062e-01   1.059808e-13   1.029302e-03   2.382554e-15   2064
  4.197114e-01   1.084136e-13   8.486884e-04   2.567360e-15   1680
  4.233078e-01   1.024994e-13   9.519603e-04   2.315778e-15   2154
  4.266550e-01   1.002424e-13   9.636572e-04   2.192311e-15   2016
  4.302596e-01   9.539008e-14   1.057936e-03   2.014101e-15   2304
  4.335625e-01   9.867763e-14   8.422558e-04   2.415662e-15   1680
  4.369940e-01   9.301831e-14   9.757286e-04   1.911979e-15   2432
  4.404338e-01   9.037342e-14   9.614444e-04   2.117806e-15   1902
  4.438479e-01   8.841975e-14   9.886846e-04   1.889962e-15   2292
  4.468928e-01   8.247956e-14   7.831116e-04   1.849432e-15   1992
  4.505057e-01   8.159708e-14   1.003841e-03   1.555304e-15   2568
  4.539799e-01   7.624946e-14   8.764344e-04   1.901310e-15   1806
  4.574906e-01   8.250629e-14   1.078056e-03   1.540028e-15   3000
  4.610452e-01   8.019354e-14   9.809961e-04   1.726748e-15   2016
  4.640126e-01   8.212470e-14   9.156925e-04   1.657968e-15   2168
  4.673956e-01   7.529486e-14   9.350459e-04   1.575521e-15   2412
  4.709322e-01   6.996100e-14   1.022794e-03   1.340876e-15   2550
  4.743353e-01   7.485779e-14   1.015444e-03   1.554355e-15   2592
  4.778871e-01   6.497131e-14   9.354682e-04   1.269381e-15   2496
  4.812642e-01   6.740667e-14   1.034855e-03   1.358642e-15   2688
  4.846328e-01   6.726710e-14   8.939911e-04   1.379636e-15   2424
  4.881831e-01   6.481492e-14   8.203417e-04   1.291289e-15   2634
  4.913828e-01   6.495923e-14   9.840370e-04   1.286723e-15   2552
  4.945705e-01   6.278649e-14   1.032361e-03   1.198472e-15   2832
  4.981085e-01   6.054521e-14   9.803825e-04   1.275225e-15   2424
  5.015971e-01   5.642388e-14   1.087506e-03   1.026837e-15   3198
  5.048631e-01   6.018774e-14   8.681062e-04   1.263776e-15   2400
  5.083252e-01   5.792067e-14   9.985776e-04   9.887966e-16   3336
  5.119027e-01   5.651765e-14   8.404887e-04   1.186740e-15   2508
  5.150462e-01   5.385743e-14   1.013004e-03   1.015753e-15   3104
  5.187218e-01   5.425103e-14   1.019172e-03   1.017671e-15   2934
  5.220343e-01   5.502777e-14   9.369744e-04   1.057275e-15   3120
  5.256263e-01   5.163276e-14   1.045384e-03   8.710026e-16   3288
  5.289357e-01   4.925332e-14   8.800568e-04   9.438102e-16   2808
  5.323338e-01   4.647706e-14   1.104468e-03   8.915858e-16   2988
  5.357545e-01   5.051861e-14   1.011140e-03   9.362001e-16   3486
  5.390675e-01   4.920684e-14   9.571221e-04   9.377777e-16   3000
  5.422664e-01   4.829919e-14   8.325653e-04   9.085920e-16   3024
  5.458504e-01   4.373635e-14   9.168226e-04   7.652900e-16   3584
  5.494456e-01   4.527314e-14   9.821560e-04   8.016334e-16   3486
  5.527991e-01   4.531949e-14   8.845337e-04   8.370408e-16   3120
  5.560782e-01   4.228296e-14   8.734506e-04   7.394533e-16   3396
  5.593885e-01   4.044001e-14   9.978964e-04   6.904683e-16   3552
  5.629224e-01   4.173986e-14   9.603534e-04   7.331704e-16   3384
  5.664153e-01   4.055429e-14   9.777364e-04   7.323980e-16   3726
  5.697413e-01   4.121207e-14   9.475502e-04   7.314299e-16   3344
  5.729010e-01   4.034952e-14   9.736455e-04   6.874787e-16   3744
  5.765144e-01   3.809705e-14   9.477817e-04   6.575884e-16   3540
  5.799021e-01   3.829369e-14   1.006149e-03   6.320944e-16   3822
  5.834565e-01   3.805305e-14   9.878124e-04   6.113283e-16   4056
  5.866916e-01   3.808295e-14   9.078164e-04   7.066795e-16   3288
  5.900838e-01   3.511007e-14   1.048596e-03   5.585270e-16   4056
  5.934141e-01   3.519038e-14   9.605270e-04   6.232611e-16   3984
  5.970600e-01   3.415797e-14   8.831345e-04   5.633012e-16   3662
  6.001481e-01   3.528769e-14   9.636098e-04   6.078206e-16   3828
  6.036318e-01   3.358464e-14   1.089370e-03   5.264103e-16   4632
  6.071049e-01   3.208094e-14   8.410059e-04   5.571970e-16   3600
  6.105769e-01   3.103774e-14   9.985737e-04   5.099794e-16   4320
  6.138621e-01   3.309413e-14   7.834444e-04   5.732804e-16   3918
  6.171787e-01   3.257018e-14   9.014176e-04   5.344693e-16   4200
  6.205131e-01   3.238659e-14   1.022920e-03   5.488682e-16   4188
  6.239700e-01   2.959452e-14   1.038929e-03   4.680883e-16   4360
  6.274803e-01   2.919395e-14   1.038850e-03   4.665941e-16   4582
  6.308743e-01   2.973638e-14   9.234335e-04   5.062400e-16   4128
  6.343253e-01   2.936233e-14   9.920101e-04   4.528309e-16   4752
  6.375752e-01   2.773220e-14   9.131947e-04   4.596489e-16   4176
  6.411096e-01   2.881464e-14   1.050053e-03   4.493866e-16   4848
  6.446482e-01   2.759017e-14   9.123418e-04   4.519045e-16   4338
  6.479820e-01   2.739236e-14   9.957341e-04   3.912778e-16   5160
  6.512782e-01   2.662826e-14   8.072490e-04   4.406111e-16   4008
  6.548541e-01   2.529640e-14   1.067151e-03   3.648545e-16   5360
  6.581452e-01   2.562231e-14   9.926354e-04   4.249875e-16   4110
  6.615688e-01   2.579452e-14   1.063460e-03   3.866940e-16   5424
  6.648330e-01   2.562594e-14   9.093259e-04   4.327817e-16   4140
  6.682670e-01   2.442447e-14   1.015985e-03   3.364001e-16   5664
  6.717913e-01   2.316079e-14   8.830334e-04   3.725617e-16   4632
  6.751475e-01   2.482526e-14   9.313969e-04   3.693662e-16   4902
  6.784717e-01   2.441095e-14   9.953030e-04   3.870045e-16   5072
  6.818744e-01   2.333046e-14   9.385334e-04   3.361045e-16   5472
  6.852422e-01   2.340197e-14   9.538134e-04   3.680792e-16   4704
  6.886975e-01   2.230326e-14   1.047734e-03   3.204561e-16   5436
  6.922157e-01   2.309759e-14   9.975801e-04   3.302846e-16   5646
  6.954149e-01   2.235922e-14   8.926250e-04   3.694991e-16   4512
  6.988202e-01   2.116226e-14   1.140100e-03   2.847094e-16   6120
  7.023308e-01   2.087217e-14   8.820433e-04   3.056949e-16   5112
  7.057067e-01   2.074130e-14   1.042362e-03   2.992954e-16   5606
  7.091042e-01   2.107214e-14   9.714200e-04   2.988032e-16   5328
  7.124930e-01   2.070480e-14   9.787204e-04   2.942668e-16   5964
  7.158971e-01   2.014290e-14   9.940447e-04   2.851298e-16   5448
  7.193484e-01   1.950706e-14   1.017941e-03   2.735196e-16   5904
  7.228752e-01   1.995288e-14   1.000362e-03   2.944321e-16   5598
  7.261287e-01   1.999340e-14   9.386933e-04   2.867270e-16   5952
  7.294916e-01   1.902306e-14   1.026954e-03   2.787056e-16   5688
  7.328942e-01   1.858440e-14   9.846955e-04   2.600428e-16   5876
  7.362274e-01   1.822647e-14   9.604209e-04   2.632029e-16   5784
  7.396880e-01   1.801880e-14   9.580629e-04   2.448034e-16   6462
  7.431585e-01   1.845168e-14   1.033342e-03   2.784712e-16   5688
  7.463730e-01   1.795013e-14   9.533939e-04   2.551146e-16   6408
  7.498476e-01   1.700000e-14   9.842501e-04   2.383538e-16   6000
  7.533888e-01   1.721167e-14   1.059159e-03   2.343868e-16   6582
  7.568883e-01   1.725388e-14   1.008047e-03   2.365549e-16   6564
  7.601644e-01   1.683982e-14   8.888373e-04   2.450902e-16   6048
  7.635621e-01   1.616706e-14   1.018608e-03   2.219836e-16   6512
  7.671229e-01   1.617914e-14   1.012583e-03   2.139250e-16   6816
  7.705313e-01   1.609684e-14   8.855598e-04   2.303545e-16   6222
  7.737298e-01   1.654960e-14   9.227087e-04   2.232825e-16   6432
  7.771462e-01   1.547453e-14   9.712111e-04   2.063963e-16   6804
  7.805425e-01   1.558634e-14   9.154579e-04   2.072729e-16   6432
  7.838667e-01   1.485198e-14   1.076466e-03   1.963097e-16   6846
  7.872436e-01   1.577192e-14   9.829553e-04   2.289435e-16   6424
  7.904718e-01   1.484393e-14   8.822090e-04   2.056427e-16   6952
  7.940184e-01   1.525032e-14   1.063073e-03   1.940031e-16   7560
  7.975016e-01   1.437205e-14   9.134936e-04   1.971222e-16   6648
  8.010940e-01   1.451509e-14   1.003794e-03   1.795462e-16   7578
  8.042561e-01   1.500403e-14   9.063446e-04   2.073322e-16   6552
  8.076731e-01   1.436589e-14   9.979139e-04   1.866402e-16   7536
  8.111567e-01   1.350178e-14   9.132376e-04   1.724150e-16   7272
  8.145479e-01   1.368581e-14   9.728104e-04   1.842679e-16   6936
  8.178031e-01   1.398352e-14   9.977143e-04   1.857257e-16   7430
  8.213250e-01   1.339174e-14   1.045033e-03   1.741220e-16   7644
  8.245935e-01   1.321121e-14   9.307740e-04   1.710557e-16   7248
  8.281463e-01   1.257157e-14   1.064794e-03   1.551713e-16   8232
  8.316185e-01   1.299633e-14   9.710105e-04   1.830171e-16   7038
  8.349567e-01   1.280329e-14   9.438683e-04   1.644579e-16   7824
  8.382335e-01   1.248907e-14   9.942267e-04   1.606190e-16   7752
  8.416157e-01   1.254583e-14   1.003152e-03   1.697021e-16   7480
  8.451302e-01   1.200409e-14   1.011833e-03   1.435790e-16   8404
  8.485444e-01   1.232630e-14   9.399091e-04   1.558491e-16   7614
  8.518207e-01   1.222050e-14   9.844427e-04   1.569905e-16   7776
  8.551174e-01   1.181051e-14   9.392352e-04   1.522063e-16   7944
  8.585635e-01   1.186899e-14   9.766291e-04   1.437184e-16   8424
  8.619639e-01   1.142912e-14   9.583464e-04   1.500070e-16   7872
  8.654765e-01   1.180021e-14   9.630186e-04   1.418057e-16   8658
  8.688452e-01   1.112624e-14   9.611694e-04   1.406993e-16   8352
  8.723129e-01   1.107237e-14   9.655449e-04   1.349973e-16   8648
  8.755912e-01   1.108910e-14   9.149173e-04   1.483340e-16   7680
  8.790367e-01   1.078446e-14   9.531068e-04   1.328767e-16   8646
  8.822382e-01   1.100848e-14   9.234329e-04   1.429854e-16   8448
  8.857769e-01   1.093371e-14   9.812644e-04   1.306285e-16   9120
  8.891913e-01   1.074188e-14   9.588814e-04   1.378278e-16   8316
  8.926442e-01   1.047490e-14   1.034938e-03   1.212565e-16   9504
  8.961124e-01   1.077001e-14   9.411707e-04   1.383842e-16   8358
  8.995737e-01   1.030054e-14   9.948383e-04   1.213073e-16   9584
  9.029179e-01   1.014977e-14   9.519874e-04   1.244034e-16   8616
  9.063714e-01   9.794619e-15   1.036501e-03   1.159500e-16   9432
  9.098983e-01   9.848770e-15   1.054421e-03   1.195614e-16   9018
  9.130995e-01   9.960621e-15   8.925739e-04   1.311754e-16   8568
  9.164447e-01   9.917203e-15   9.935089e-04   1.164352e-16   9816
  9.199052e-01   9.481965e-15   9.405935e-04   1.149860e-16   9000
  9.233247e-01   9.406858e-15   9.837551e-04   1.108220e-16   9504
  9.267306e-01   9.079509e-15   1.006398e-03   1.083130e-16   9446
  9.300802e-01   9.769366e-15   9.624225e-04   1.162556e-16   9696
  9.335244e-01   9.174513e-15   8.956216e-04   1.074379e-16   9180
  9.369074e-01   8.996792e-15   1.035278e-03   1.028213e-16   10512
  9.403628e-01   8.949072e-15   9.787470e-04   1.110475e-16   9048
  9.437812e-01   9.145204e-15   9.387702e-04   1.139018e-16   10014
  9.469467e-01   8.702272e-15   9.162358e-04   1.071060e-16   9096
  9.503901e-01   8.831658e-15   1.048815e-03   9.893084e-17   11088
  9.540508e-01   8.667914e-15   1.020389e-03   1.041527e-16   9860
  9.574037e-01   8.356156e-15   9.672113e-04   9.798018e-17   10110
  9.607663e-01   8.734563e-15   1.006739e-03   1.020488e-16   10104
  9.641489e-01   8.303975e-15   9.545583e-04   9.601276e-17   10392
  9.675729e-01   8.518068e-15   9.880976e-04   1.008412e-16   10104
  9.710628e-01   8.001726e-15   1.022530e-03   9.038462e-17   11352
  9.746180e-01   8.246185e-15   9.364871e-04   1.023244e-16   10014
  9.777749e-01   8.178926e-15   8.644241e-04   9.821008e-17   9636
  9.811143e-01   7.840146e-15   1.024502e-03   8.797642e-17   11552
  9.846389e-01   8.118226e-15   9.519720e-04   9.331380e-17   10488
  9.880418e-01   7.742683e-15   9.942196e-04   9.012972e-17   10254
  9.913535e-01   7.842395e-15   9.360901e-04   8.720549e-17   11304
  9.947947e-01   7.965525e-15   9.500453e-04   8.948856e-17   10872
  9.982198e-01   7.772633e-15   1.018789e-03   8.578890e-17   10932
  1.001538e+00   7.476008e-15   9.191792e-04   8.277301e-17   10848
  1.004968e+00   7.605369e-15   9.613098e-04   8.662193e-17   10998
  1.008371e+00   7.599412e-15   1.010151e-03   8.408086e-17   11720
  1.011785e+00   7.438069e-15   9.293623e-04   8.703066e-17   10776
  1.015145e+00   7.099931e-15   1.016690e-03   7.647045e-17   12072
  1.018627e+00   7.198544e-15   9.322439e-04   8.636513e-17   10704
  1.021966e+00   7.418755e-15   9.563293e-04   8.677581e-17   11730
  1.025452e+00   7.109787e-15   9.932906e-04   8.072627e-17   12144
  1.028814e+00   7.093295e-15   9.411395e-04   7.784088e-17   11568
  1.032333e+00   7.004426e-15   1.018099e-03   7.891789e-17   11552
  1.035496e+00   6.861555e-15   9.188638e-04   7.987943e-17   10926
  1.038938e+00   7.017026e-15   1.040698e-03   7.698175e-17   13032
  1.042312e+00   6.954083e-15   8.505148e-04   8.158019e-17   10776
  1.045727e+00   6.454538e-15   1.046983e-03   6.909202e-17   13116
  1.049219e+00   6.693550e-15   9.853293e-04   7.482865e-17   12288
  1.052658e+00   6.647473e-15   9.056138e-04   7.967016e-17   11262
  1.055879e+00   6.697065e-15   9.783290e-04   7.610992e-17   12672
  1.059343e+00   6.483451e-15   9.592412e-04   6.991226e-17   12624
  1.062777e+00   6.481492e-15   9.623576e-04   7.283661e-17   12392
  1.066184e+00   6.261736e-15   9.864834e-04   7.018873e-17   12060
  1.069636e+00   6.397961e-15   1.040331e-03   6.895032e-17   13662
  1.072946e+00   6.420254e-15   8.984272e-04   7.405634e-17   11592
  1.076393e+00   6.276490e-15   1.067653e-03   6.617986e-17   13776
  1.079833e+00   5.966507e-15   9.079546e-04   6.651981e-17   12240
  1.083287e+00   6.126393e-15   1.046073e-03   6.499245e-17   13662
  1.086532e+00   6.253262e-15   8.990309e-04   7.332508e-17   11520
  1.090035e+00   6.034477e-15   1.036209e-03   6.072016e-17   15044
  1.093490e+00   5.924649e-15   9.313428e-04   6.590459e-17   12384
  1.096882e+00   5.660929e-15   9.804345e-04   5.961184e-17   13176
  1.100202e+00   5.912604e-15   8.879465e-04   6.684945e-17   12798
  1.103628e+00   5.921355e-15   1.008480e-03   6.096473e-17   14376
  1.106957e+00   5.784083e-15   9.586156e-04   6.694710e-17   12528
  1.110377e+00   5.636851e-15   1.006656e-03   5.874643e-17   14100
  1.113686e+00   5.611174e-15   9.133782e-04   6.356874e-17   12630
  1.117102e+00   5.820321e-15   9.919328e-04   6.405874e-17   14624
  1.120482e+00   5.746542e-15   9.894156e-04   6.135536e-17   13272
  1.123923e+00   5.557647e-15   1.008580e-03   5.805093e-17   14664
  1.127428e+00   5.291322e-15   1.031064e-03   5.567761e-17   14328
  1.130809e+00   5.375299e-15   9.574326e-04   5.991392e-17   13086
  1.134236e+00   5.426852e-15   1.030026e-03   5.430136e-17   15612
  1.137653e+00   5.229585e-15   8.878573e-04   5.637999e-17   13416
  1.140971e+00   5.332012e-15   1.044367e-03   5.592949e-17   14360
  1.144380e+00   5.032702e-15   9.770905e-04   5.271837e-17   14064
  1.147853e+00   5.212149e-15   1.005516e-03   5.398714e-17   15750
  1.151277e+00   5.177086e-15   9.498220e-04   5.685996e-17   13680
  1.154655e+00   5.138280e-15   1.034040e-03   5.334036e-17   15468
  1.158090e+00   4.998669e-15   9.964048e-04   5.306222e-17   14352
  1.161422e+00   5.064373e-15   9.831061e-04   5.561344e-17   14454
  1.164771e+00   5.196416e-15   1.009534e-03   5.390561e-17   15048
  1.168219e+00   4.956122e-15   9.356739e-04   5.161262e-17   15360
  1.171622e+00   4.923325e-15   1.028303e-03   5.220267e-17   15224
  1.175043e+00   4.944226e-15   9.737025e-04   4.953456e-17   15096
  1.178436e+00   4.840044e-15   9.513142e-04   5.031157e-17   14514
  1.181744e+00   4.927295e-15   9.972118e-04   5.114966e-17   16416
  1.185216e+00   4.859235e-15   9.813109e-04   5.173319e-17   15216
  1.188760e+00   4.662028e-15   9.875256e-04   4.637052e-17   16440
  1.192145e+00   4.545995e-15   9.934307e-04   4.732794e-17   14904
  1.195382e+00   4.730527e-15   9.331760e-04   4.818303e-17   15134
  1.198830e+00   4.735217e-15   1.044008e-03   4.751357e-17   16644
  1.202273e+00   4.448404e-15   9.801415e-04   4.472145e-17   16128
  1.205649e+00   4.519880e-15   9.739380e-04   4.880228e-17   15384
  1.208976e+00   4.531732e-15   9.574053e-04   4.842468e-17   15462
  1.212384e+00   4.565903e-15   1.022817e-03   4.623986e-17   17304
  1.215857e+00   4.319957e-15   9.644898e-04   4.446427e-17   16176
  1.219267e+00   4.337605e-15   1.020273e-03   4.272607e-17   16824
  1.222757e+00   4.319393e-15   9.384566e-04   4.417562e-17   15980
  1.226044e+00   4.172365e-15   9.341167e-04   4.406001e-17   16326
  1.229359e+00   4.521755e-15   9.971528e-04   4.757476e-17   16488
  1.232793e+00   4.291553e-15   9.674257e-04   4.425853e-17   16944
  1.236242e+00   4.201822e-15   1.018099e-03   4.218967e-17   17256
  1.239567e+00   4.267308e-15   9.442015e-04   4.352038e-17   15966
  1.243019e+00   4.351008e-15   1.002557e-03   4.672103e-17   17628
  1.246398e+00   4.076279e-15   9.523046e-04   4.147060e-17   17280
  1.249813e+00   4.117619e-15   1.048272e-03   4.123180e-17   17056
  1.253179e+00   4.052688e-15   9.884505e-04   4.121508e-17   17296
  1.256693e+00   4.069392e-15   9.682006e-04   4.042883e-17   17526
  1.260009e+00   4.072370e-15   9.743928e-04   4.096777e-17   17592
  1.263462e+00   4.091069e-15   1.013641e-03   4.110062e-17   17880
  1.266826e+00   3.911879e-15   9.399981e-04   4.007726e-17   17028
  1.270153e+00   3.818332e-15   9.558687e-04   3.832690e-17   17376
  1.273537e+00   4.007205e-15   9.489771e-04   4.030862e-17   18414
  1.277033e+00   4.013340e-15   9.732250e-04   4.150531e-17   17840
  1.280422e+00   3.794053e-15   1.021714e-03   3.679890e-17   18960
  1.283800e+00   3.787723e-15   9.491477e-04   3.891075e-17   16992
  1.287191e+00   3.819277e-15   1.045598e-03   3.721847e-17   18378
  1.290511e+00   3.834737e-15   9.309987e-04   4.090961e-17   18192
  1.293964e+00   3.729264e-15   9.939797e-04   3.634764e-17   19320
  1.297392e+00   3.742283e-15   9.640812e-04   3.909769e-17   17856
  1.300808e+00   3.572457e-15   9.952112e-04   3.449725e-17   19128
  1.304168e+00   3.712618e-15   9.205139e-04   3.766387e-17   18246
  1.307589e+00   3.786852e-15   9.567778e-04   3.743050e-17   19184
  1.310975e+00   3.522693e-15   9.792411e-04   3.455930e-17   18900
  1.314454e+00   3.492249e-15   1.021314e-03   3.385755e-17   19776
  1.317772e+00   3.427240e-15   9.370417e-04   3.439304e-17   17814
  1.321221e+00   3.702281e-15   1.019691e-03   3.712281e-17   19944
  1.324582e+00   3.536303e-15   1.005872e-03   3.539969e-17   19536
  1.328059e+00   3.507671e-15   9.953972e-04   3.502607e-17   20112
  1.331434e+00   3.392982e-15   9.251142e-04   3.434072e-17   18116
  1.334798e+00   3.336060e-15   9.644510e-04   3.316861e-17   19878
  1.338104e+00   3.564315e-15   9.747533e-04   3.609868e-17   19800
  1.341597e+00   3.464167e-15   9.746917e-04   3.350074e-17   20136
  1.345077e+00   3.327473e-15   1.025284e-03   3.194712e-17   20808
  1.348466e+00   3.223259e-15   9.288316e-04   3.259633e-17   19152
  1.351874e+00   3.507245e-15   9.810813e-04   3.520520e-17   20526
  1.355317e+00   3.314371e-15   1.009394e-03   3.332411e-17   20532
  1.358658e+00   3.340917e-15   1.003080e-03   3.271979e-17   20120
  1.361967e+00   3.200242e-15   9.347410e-04   3.245957e-17   19512
  1.365426e+00   3.204786e-15   1.015429e-03   2.946306e-17   21246
  1.368810e+00   3.320852e-15   9.234922e-04   3.398276e-17   20112
  1.372239e+00   3.289101e-15   1.028308e-03   3.190729e-17   22104
  1.375656e+00   3.247242e-15   1.009051e-03   3.217570e-17   19620
  1.379051e+00   2.991724e-15   1.002997e-03   2.771409e-17   21912
  1.382450e+00   3.139835e-15   9.358667e-04   3.215488e-17   20070
  1.385835e+00   3.181518e-15   1.019290e-03   3.028814e-17   22064
  1.389281e+00   2.963799e-15   9.677197e-04   2.934937e-17   21048
  1.392624e+00   3.008929e-15   9.464641e-04   2.903463e-17   21168
  1.396022e+00   2.909190e-15   1.023526e-03   2.786083e-17   21384
  1.399510e+00   2.983333e-15   9.261037e-04   2.846970e-17   22146
  1.402917e+00   3.074315e-15   9.907340e-04   2.971265e-17   22200
  1.406352e+00   2.946242e-15   9.384676e-04   2.782117e-17   21648
  1.409715e+00   2.848308e-15   1.004739e-03   2.785219e-17   21144
  1.413042e+00   2.852429e-15   9.557029e-04   2.707774e-17   21710
  1.416464e+00   2.989752e-15   1.015437e-03   2.805020e-17   23112
  1.419994e+00   2.941730e-15   1.013025e-03   2.905314e-17   23064
  1.423397e+00   2.811447e-15   9.375385e-04   2.754054e-17   21252
  1.426667e+00   2.732886e-15   9.398251e-04   2.589997e-17   22128
  1.430079e+00   2.923968e-15   9.741612e-04   2.938113e-17   22446
  1.433489e+00   2.875907e-15   9.547049e-04   2.747658e-17   22848
  1.436865e+00   2.712969e-15   9.559285e-04   2.554530e-17   23208
  1.440318e+00   2.737911e-15   9.839042e-04   2.552047e-17   22536
  1.443716e+00   2.667144e-15   9.977885e-04   2.533129e-17   22586
  1.447106e+00   2.832134e-15   1.017372e-03   2.690718e-17   24096
  1.450516e+00   2.797527e-15   9.545662e-04   2.806925e-17   22440
  1.453882e+00   2.719060e-15   1.040231e-03   2.641405e-17   23400
  1.457251e+00   2.605664e-15   9.449552e-04   2.477280e-17   23232
  1.460730e+00   2.680157e-15   9.950400e-04   2.585448e-17   23886
  1.464083e+00   2.773851e-15   9.568206e-04   2.663942e-17   23376
  1.467479e+00   2.590275e-15   9.653968e-04   2.513181e-17   23540
  1.470837e+00   2.574583e-15   9.576052e-04   2.448766e-17   24240
  1.474322e+00   2.554172e-15   1.007568e-03   2.384851e-17   23952
  1.477751e+00   2.612293e-15   9.425996e-04   2.521523e-17   24006
  1.481188e+00   2.588571e-15   1.057459e-03   2.462577e-17   25560
  1.484513e+00   2.626600e-15   9.375935e-04   2.592072e-17   22728
  1.487845e+00   2.447967e-15   9.449672e-04   2.391138e-17   23556
  1.491222e+00   2.441013e-15   9.861154e-04   2.253618e-17   25398
  1.494647e+00   2.604268e-15   9.661087e-04   2.537043e-17   24088
  1.498058e+00   2.544676e-15   1.005693e-03   2.415883e-17   25696
  1.501476e+00   2.362659e-15   9.445009e-04   2.206524e-17   24144
  1.504866e+00   2.425479e-15   1.009435e-03   2.274907e-17   25560
  1.508279e+00   2.406782e-15   9.311536e-04   2.329445e-17   24246
  1.511702e+00   2.499363e-15   9.886422e-04   2.345624e-17   26292
  1.515117e+00   2.406892e-15   9.750958e-04   2.357825e-17   25200
  1.518516e+00   2.396498e-15   1.015518e-03   2.319977e-17   25296
  1.521840e+00   2.278249e-15   9.273872e-04   2.162760e-17   24192
  1.525374e+00   2.393134e-15   1.024084e-03   2.214772e-17   28646
  1.528819e+00   2.437145e-15   9.416682e-04   2.409215e-17   24552
  1.532197e+00   2.366721e-15   9.871622e-04   2.255840e-17   25788
  1.535497e+00   2.295334e-15   9.319875e-04   2.162141e-17   25272
  1.538910e+00   2.352373e-15   1.008561e-03   2.281428e-17   26118
  1.542254e+00   2.405134e-15   9.872169e-04   2.377216e-17   26016
  1.545754e+00   2.255311e-15   9.973691e-04   2.078139e-17   27792
  1.549107e+00   2.239271e-15   9.782537e-04   2.137599e-17   25072
  1.552489e+00   2.203965e-15   1.013302e-03   2.047443e-17   26824
  1.555876e+00   2.247424e-15   9.251742e-04   2.152702e-17   26106
  1.559322e+00   2.304549e-15   1.018165e-03   2.184443e-17   28296
  1.562736e+00   2.208157e-15   9.795929e-04   2.103096e-17   26640
  1.566139e+00   2.187925e-15   9.326427e-04   2.131514e-17   26064
  1.569509e+00   2.149909e-15   1.023197e-03   1.986010e-17   27822
  1.572858e+00   2.226354e-15   9.509197e-04   2.192699e-17   26160
  1.576250e+00   2.226434e-15   1.045692e-03   2.117966e-17   28108
  1.579675e+00   2.113245e-15   9.994315e-04   1.973893e-17   27664
  1.583072e+00   2.079629e-15   9.941707e-04   1.961059e-17   27600
  1.586528e+00   2.134250e-15   9.963156e-04   2.052665e-17   27510
  1.589938e+00   2.145816e-15   9.859005e-04   1.981544e-17   28848
  1.593332e+00   2.088264e-15   9.762803e-04   1.976251e-17   27744
  1.596742e+00   2.027728e-15   9.511846e-04   1.871157e-17   27888
  1.600131e+00   2.014967e-15   9.670142e-04   1.848123e-17   27780
  1.603528e+00   2.064294e-15   9.742031e-04   1.950163e-17   28734
  1.606889e+00   2.098226e-15   1.005991e-03   2.041393e-17   28232
  1.610329e+00   2.046686e-15   1.000286e-03   1.874524e-17   29016
  1.613693e+00   2.013441e-15   9.883033e-04   1.963730e-17   28056
  1.617078e+00   1.964353e-15   9.591200e-04   1.870446e-17   28710
  1.620494e+00   2.149851e-15   1.013131e-03   2.140579e-17   29220
  1.624041e+00   1.928301e-15   1.036386e-03   1.701442e-17   31584
  1.627400e+00   1.963854e-15   9.553743e-04   1.941560e-17   26904
  1.630674e+00   1.894864e-15   9.285874e-04   1.784518e-17   28512
  1.634161e+00   1.962147e-15   1.000248e-03   1.867301e-17   30878
  1.637619e+00   1.960629e-15   1.004557e-03   1.850760e-17   30408
  1.641002e+00   1.957342e-15   9.703596e-04   1.824070e-17   28632
  1.644329e+00   1.849106e-15   9.338123e-04   1.790385e-17   28764
  1.647688e+00   1.820254e-15   1.038911e-03   1.622796e-17   30630
  1.651141e+00   1.928674e-15   9.619060e-04   1.835727e-17   30240
  1.654600e+00   1.869721e-15   9.855083e-04   1.684961e-17   31008
  1.657971e+00   1.880280e-15   9.439236e-04   1.787210e-17   29240
  1.661283e+00   1.771439e-15   9.632944e-04   1.687381e-17   30000
  1.664737e+00   1.865543e-15   1.019644e-03   1.751290e-17   30978
  1.668138e+00   1.892815e-15   9.612856e-04   1.863620e-17   30696
  1.671525e+00   1.809838e-15   1.007582e-03   1.686860e-17   31320
  1.674870e+00   1.824847e-15   9.416567e-04   1.748083e-17   29280
  1.678263e+00   1.705755e-15   1.006944e-03   1.513594e-17   31488
  1.681653e+00   1.838702e-15   9.453471e-04   1.753374e-17   31326
  1.685080e+00   1.821580e-15   1.015014e-03   1.706968e-17   31480
  1.688539e+00   1.723455e-15   9.846423e-04   1.590626e-17   32572
  1.691988e+00   1.722675e-15   9.852371e-04   1.619724e-17   31296
  1.695337e+00   1.726505e-15   9.580987e-04   1.631617e-17   30798
  1.698756e+00   1.843531e-15   1.019947e-03   1.779856e-17   32256
  1.702112e+00   1.753953e-15   9.851718e-04   1.644713e-17   32088
  1.705471e+00   1.695805e-15   9.749849e-04   1.602225e-17   30936
  1.708872e+00   1.661310e-15   1.013665e-03   1.471606e-17   33036
  1.712340e+00   1.713342e-15   9.814605e-04   1.662381e-17   31846
  1.715716e+00   1.763099e-15   1.000452e-03   1.643474e-17   33832
  1.719107e+00   1.709969e-15   9.267229e-04   1.650834e-17   30912
  1.722470e+00   1.621594e-15   9.718409e-04   1.490774e-17   32976
  1.725849e+00   1.610239e-15   9.589091e-04   1.498986e-17   32712
  1.729299e+00   1.767603e-15   9.694589e-04   1.693090e-17   33438
  1.732697e+00   1.669972e-15   9.759808e-04   1.577845e-17   32556
  1.736008e+00   1.610389e-15   9.673595e-04   1.490824e-17   33144
  1.739423e+00   1.591320e-15   9.568897e-04   1.459095e-17   33504
  1.742928e+00   1.604401e-15   9.907617e-04   1.515226e-17   33542
  1.746251e+00   1.656274e-15   9.761088e-04   1.580996e-17   33768
  1.749697e+00   1.618936e-15   9.890657e-04   1.523389e-17   34368
  1.753059e+00   1.561367e-15   9.398519e-04   1.488488e-17   32856
  1.756491e+00   1.499736e-15   9.718883e-04   1.385264e-17   34524
  1.759859e+00   1.592458e-15   9.230442e-04   1.568003e-17   33510
  1.763319e+00   1.594905e-15   1.033008e-03   1.443832e-17   35856
  1.766738e+00   1.582875e-15   9.789033e-04   1.564065e-17   33888
  1.770094e+00   1.518917e-15   9.592478e-04   1.438008e-17   33752
  1.773444e+00   1.499704e-15   1.008735e-03   1.399415e-17   34902
  1.776965e+00   1.593610e-15   9.868343e-04   1.584688e-17   35484
  1.780394e+00   1.583853e-15   1.015830e-03   1.522847e-17   36648
  1.783785e+00   1.529678e-15   9.394377e-04   1.495557e-17   33000
  1.787135e+00   1.482636e-15   1.015728e-03   1.359434e-17   35520
  1.790596e+00   1.473441e-15   9.921111e-04   1.396028e-17   36078
  1.793965e+00   1.591995e-15   9.711127e-04   1.557986e-17   34992
  1.797329e+00   1.480729e-15   9.608864e-04   1.416097e-17   35072
  1.800764e+00   1.458413e-15   1.007567e-03   1.375210e-17   36876
  1.804084e+00   1.405567e-15   9.316889e-04   1.359502e-17   33216
  1.807491e+00   1.524801e-15   1.032331e-03   1.453100e-17   38382
  1.810984e+00   1.512084e-15   9.682750e-04   1.480519e-17   36072
  1.814418e+00   1.447502e-15   9.696935e-04   1.352797e-17   37464
  1.817773e+00   1.415031e-15   9.320563e-04   1.374896e-17   34416
  1.821192e+00   1.430474e-15   1.021416e-03   1.384314e-17   37386
  1.824585e+00   1.508304e-15   9.752191e-04   1.494826e-17   37040
  1.827967e+00   1.437072e-15   9.494317e-04   1.395238e-17   36240
  1.831325e+00   1.398319e-15   1.012861e-03   1.328063e-17   36432
  1.834733e+00   1.354312e-15   9.562728e-04   1.290716e-17   37560
  1.838152e+00   1.447690e-15   9.909694e-04   1.419511e-17   37350
  1.841634e+00   1.431284e-15   1.013075e-03   1.412554e-17   38616
  1.845012e+00   1.401325e-15   9.549061e-04   1.361765e-17   37092
  1.848409e+00   1.341384e-15   9.182933e-04   1.306051e-17   37272
  1.851799e+00   1.351087e-15   1.011002e-03   1.312799e-17   37616
  1.855230e+00   1.398174e-15   9.791045e-04   1.418535e-17   38478
  1.858608e+00   1.418912e-15   9.948864e-04   1.413946e-17   37992
  1.861981e+00   1.337073e-15   9.755720e-04   1.303074e-17   38232
  1.865360e+00   1.284598e-15   9.561314e-04   1.256856e-17   36708
  1.868749e+00   1.315089e-15   1.000812e-03   1.274296e-17   39534
  1.872173e+00   1.361629e-15   1.002785e-03   1.335751e-17   39336
  1.875572e+00   1.351113e-15   9.646922e-04   1.360946e-17   37624
  1.878977e+00   1.290363e-15   9.870851e-04   1.246803e-17   40408
  1.882408e+00   1.234310e-15   9.441395e-04   1.220376e-17   38256
  1.885822e+00   1.334043e-15   9.645504e-04   1.336504e-17   39438
  1.889268e+00   1.331314e-15   9.952977e-04   1.318833e-17   40524
  1.892622e+00   1.300098e-15   9.396870e-04   1.329175e-17   38448
  1.896001e+00   1.254602e-15   9.889896e-04   1.218140e-17   39312
  1.899370e+00   1.253112e-15   9.454305e-04   1.261311e-17   38718
  1.902752e+00   1.311448e-15   1.008786e-03   1.309976e-17   40872
  1.906153e+00   1.269294e-15   9.579164e-04   1.274401e-17   40088
  1.909607e+00   1.252039e-15   1.021028e-03   1.221063e-17   40644
  1.913014e+00   1.185431e-15   9.580841e-04   1.152472e-17   40176
  1.916440e+00   1.248995e-15   1.015811e-03   1.262825e-17   40998
  1.919781e+00   1.260080e-15   9.315444e-04   1.274520e-17   39192
  1.923177e+00   1.244348e-15   9.835940e-04   1.233158e-17   41640
  1.926591e+00   1.174307e-15   9.865853e-04   1.166177e-17   41400
  1.929954e+00   1.164419e-15   9.710201e-04   1.142209e-17   38640
  1.933373e+00   1.231471e-15   9.964131e-04   1.191475e-17   43658
  1.936792e+00   1.204840e-15   9.582756e-04   1.207753e-17   40608
  1.940176e+00   1.181063e-15   9.782447e-04   1.220370e-17   41880
  1.943631e+00   1.134578e-15   9.669901e-04   1.107558e-17   41712
  1.947085e+00   1.145855e-15   1.009457e-03   1.103916e-17   42942
  1.950463e+00   1.262926e-15   9.589570e-04   1.375909e-17   40896
  1.953853e+00   1.173003e-15   9.879975e-04   1.219179e-17   42708
  1.957213e+00   1.112804e-15   9.351117e-04   1.156081e-17   40968
  1.960629e+00   1.082549e-15   1.015965e-03   1.051662e-17   43496
  1.964036e+00   1.173920e-15   9.725754e-04   1.181889e-17   41454
  1.967447e+00   1.201222e-15   1.004526e-03   1.188584e-17   43704
  1.970751e+00   1.098061e-15   9.256831e-04   1.147465e-17   41208
  1.974178e+00   1.095063e-15   1.015706e-03   1.102813e-17   43944
  1.977639e+00   1.068529e-15   9.801018e-04   1.119474e-17   43218
  1.981069e+00   1.163501e-15   9.835304e-04   1.231247e-17   44136
  1.984421e+00   1.149401e-15   9.689214e-04   1.212602e-17   42304
  1.987802e+00   1.107228e-15   9.842599e-04   1.154874e-17   43096
  1.991130e+00   1.052966e-15   9.631295e-04   1.094897e-17   43464
  1.994604e+00   1.025928e-15   1.004342e-03   1.146147e-17   44382
  1.998002e+00   1.024053e-15   1.003266e-03   1.205680e-17   44316
  2.001426e+00   9.299442e-16   9.893154e-04   1.107930e-17   44592
  2.004809e+00   9.411213e-16   9.680892e-04   1.106562e-17   44328
  2.008236e+00   9.086822e-16   9.523162e-04   1.038460e-17   43560
  2.011631e+00   9.265653e-16   9.817514e-04   1.112855e-17   44763
  2.015012e+00   8.521576e-16   9.843293e-04   9.915414e-18   44216
  2.018416e+00   8.832054e-16   1.002968e-03   1.046905e-17   45144
  2.021845e+00   8.188743e-16   9.533111e-04   1.006374e-17   42876
  2.025221e+00   7.713171e-16   1.039094e-03   8.615138e-18   46164
  2.028603e+00   7.372031e-16   9.538972e-04   8.518910e-18   42360
  2.032052e+00   7.251260e-16   1.004468e-03   7.858837e-18   45324
  2.035424e+00   6.864061e-16   9.995889e-04   7.854862e-18   43320
  2.038817e+00   6.637806e-16   1.007297e-03   7.482277e-18   44580
  2.042292e+00   6.420630e-16   1.006134e-03   7.335426e-18   44468
  2.045700e+00   5.921335e-16   9.571103e-04   6.478059e-18   43416
  2.049007e+00   5.848472e-16   9.503154e-04   6.252499e-18   42264
  2.052427e+00   5.499661e-16   9.982480e-04   5.649910e-18   44580
  2.055855e+00   5.580579e-16   1.013336e-03   5.858249e-18   43824
  2.059268e+00   5.068006e-16   9.523479e-04   5.523607e-18   43392
  2.062640e+00   5.120176e-16   9.709336e-04   5.400348e-18   43296
  2.066077e+00   4.941692e-16   9.345634e-04   5.055191e-18   42656
  2.069429e+00   4.569992e-16   9.980838e-04   4.927767e-18   43728
  2.072869e+00   4.534106e-16   1.006399e-03   4.562424e-18   43536
  2.076268e+00   4.364373e-16   1.001616e-03   4.491316e-18   42180
  2.079670e+00   4.034039e-16   9.698728e-04   4.057380e-18   44136
  2.083087e+00   4.138832e-16   9.773400e-04   4.204103e-18   42372
  2.086460e+00   3.856144e-16   9.552676e-04   3.990738e-18   41604
  2.089832e+00   3.746362e-16   1.006521e-03   3.637114e-18   43440
  2.093239e+00   3.663887e-16   1.007289e-03   3.557038e-18   42488
  2.096600e+00   3.555946e-16   9.671663e-04   3.514869e-18   41496
  2.100046e+00   3.315516e-16   1.009561e-03   3.155767e-18   44112
  2.103476e+00   3.351119e-16   9.627245e-04   3.308675e-18   41688
  2.106847e+00   3.204760e-16   1.002887e-03   3.041022e-18   42276
  2.110231e+00   3.030661e-16   9.673004e-04   2.765208e-18   41172
  2.113637e+00   2.936650e-16   1.014189e-03   2.625429e-18   43536
  2.117060e+00   2.851363e-16   9.440682e-04   2.712033e-18   41496
  2.120446e+00   2.714756e-16   1.001696e-03   2.499627e-18   40764
  2.123824e+00   2.713107e-16   9.829124e-04   2.408443e-18   43220
  2.127251e+00   2.612290e-16   9.741948e-04   2.395092e-18   41076
  2.130650e+00   2.599551e-16   9.736862e-04   2.324008e-18   41532
  2.134066e+00   2.491414e-16   9.913433e-04   2.274384e-18   41928
  2.137452e+00   2.418143e-16   9.489903e-04   2.103698e-18   41412
  2.140836e+00   2.293369e-16   9.876425e-04   2.066687e-18   40032
  2.144200e+00   2.254625e-16   9.795004e-04   1.936999e-18   41880
  2.147583e+00   2.139271e-16   9.747362e-04   1.853871e-18   40264
  2.151008e+00   2.151691e-16   9.980952e-04   1.796681e-18   42592
  2.154444e+00   2.049767e-16   9.574599e-04   1.814780e-18   39588
  2.157836e+00   1.988573e-16   9.899106e-04   1.649936e-18   42180
  2.161205e+00   1.992675e-16   9.550806e-04   1.721024e-18   39240
  2.164591e+00   1.921748e-16   1.002498e-03   1.631749e-18   40920
  2.168021e+00   1.835729e-16   9.895186e-04   1.582248e-18   41184
  2.171435e+00   1.812667e-16   9.802064e-04   1.480235e-18   40872
  2.174814e+00   1.755896e-16   9.323587e-04   1.514208e-18   38748
  2.178230e+00   1.694646e-16   9.923713e-04   1.379060e-18   41420
  2.181596e+00   1.646228e-16   9.733624e-04   1.366631e-18   39816
  2.185019e+00   1.659099e-16   9.758566e-04   1.350701e-18   39792
  2.188398e+00   1.603164e-16   9.322510e-04   1.301279e-18   39816
  2.191853e+00   1.543128e-16   1.007568e-03   1.212437e-18   41064
  2.195255e+00   1.494518e-16   9.665765e-04   1.197998e-18   39204
  2.198703e+00   1.483610e-16   1.019970e-03   1.202651e-18   40080
  2.202014e+00   1.441494e-16   9.424963e-04   1.175432e-18   38332
  2.205420e+00   1.382171e-16   9.836872e-04   1.072425e-18   39952
  2.208814e+00   1.411776e-16   9.826829e-04   1.125181e-18   39000
  2.212292e+00   1.290744e-16   1.009126e-03   9.999041e-19   40356
  2.215686e+00   1.316974e-16   9.900841e-04   1.018608e-18   39300
  2.219073e+00   1.254984e-16   9.768590e-04   9.814082e-19   37452
  2.222434e+00   1.271911e-16   9.686015e-04   9.758497e-19   39732
  2.225893e+00   1.205318e-16   9.735156e-04   9.115447e-19   39312
  2.229261e+00   1.210357e-16   9.899780e-04   9.535792e-19   37632
  2.232646e+00   1.133692e-16   9.733727e-04   8.712765e-19   38420
  2.236046e+00   1.147881e-16   1.005997e-03   8.834070e-19   39564
  2.239457e+00   1.093465e-16   9.680250e-04   8.368602e-19   37236
  2.242822e+00   1.109836e-16   9.786551e-04   8.451897e-19   38100
  2.246202e+00   1.052739e-16   9.621843e-04   7.828421e-19   38208
  2.249650e+00   1.062926e-16   1.001343e-03   7.892924e-19   39072
  2.253028e+00   1.023778e-16   9.255374e-04   7.983555e-19   36192
  2.256433e+00   1.008637e-16   1.000569e-03   7.438533e-19   38928
  2.259875e+00   9.634702e-17   9.940952e-04   7.145629e-19   38768
  2.263364e+00   9.641181e-17   9.767718e-04   7.398304e-19   37596
  2.266775e+00   9.381275e-17   9.724364e-04   6.769750e-19   37296
  2.270122e+00   9.215283e-17   9.733477e-04   6.778977e-19   36948
  2.273485e+00   9.191997e-17   9.983394e-04   6.836344e-19   37248
  2.276967e+00   9.054946e-17   9.858991e-04   6.698180e-19   37152
  2.280308e+00   8.548533e-17   9.842197e-04   6.248022e-19   37512
  2.283721e+00   8.479667e-17   9.421972e-04   6.234478e-19   35876
  2.287109e+00   8.308867e-17   1.004095e-03   6.065553e-19   36936
  2.290550e+00   8.066981e-17   1.000342e-03   5.737382e-19   38028
  2.293967e+00   7.931530e-17   9.518210e-04   5.739770e-19   35592
  2.297304e+00   7.875111e-17   9.445855e-04   5.635668e-19   35508
  2.300680e+00   7.713696e-17   9.795177e-04   5.560547e-19   36492
  2.304133e+00   7.635226e-17   1.010473e-03   5.350796e-19   37608
  2.307551e+00   7.352294e-17   9.970499e-04   5.358092e-19   34848
  2.310869e+00   7.386008e-17   9.351021e-04   5.283115e-19   35220
  2.314285e+00   7.044292e-17   9.755168e-04   4.858778e-19   36884
  2.317699e+00   7.057482e-17   9.681382e-04   5.032279e-19   35412
  2.321162e+00   6.719945e-17   1.002430e-03   4.766523e-19   35652
  2.324531e+00   6.816346e-17   1.002197e-03   4.852551e-19   36072
  2.327908e+00   6.657228e-17   9.658515e-04   4.742730e-19   34368
  2.331324e+00   6.481518e-17   9.783685e-04   4.552279e-19   35484
  2.334741e+00   6.467181e-17   9.684744e-04   4.611380e-19   35256
  2.338088e+00   6.409638e-17   1.008122e-03   4.502317e-19   34476
  2.341506e+00   6.219050e-17   9.890537e-04   4.466258e-19   34916
  2.344896e+00   6.086927e-17   9.753182e-04   4.335841e-19   34596
  2.348289e+00   6.002910e-17   9.540538e-04   4.145046e-19   34656
  2.351696e+00   5.949332e-17   9.882911e-04   4.237488e-19   34596
  2.355125e+00   5.806459e-17   9.587525e-04   4.026486e-19   33984
  2.358476e+00   5.660609e-17   9.788210e-04   4.036038e-19   34080
  2.361852e+00   5.578128e-17   9.830509e-04   3.912022e-19   34140
  2.365304e+00   5.610964e-17   1.015340e-03   3.907743e-19   33804
  2.368719e+00   5.390338e-17   9.759441e-04   3.716486e-19   35096
  2.372155e+00   5.420184e-17   9.675675e-04   3.817551e-19   33108
  2.375492e+00   5.392358e-17   9.625095e-04   3.933347e-19   32280
  2.378878e+00   5.189686e-17   9.798228e-04   3.629345e-19   34404
  2.382324e+00   5.077832e-17   9.998368e-04   3.458572e-19   34248
  2.385781e+00   4.981214e-17   9.368618e-04   3.587581e-19   32016
  2.389171e+00   4.938892e-17   9.889111e-04   3.410414e-19   34344
  2.392588e+00   4.913667e-17   9.508792e-04   3.412063e-19   32024
  2.395887e+00   4.810893e-17   9.856404e-04   3.482734e-19   31908
  2.399315e+00   4.720747e-17   9.877149e-04   3.235448e-19   33192
  2.402753e+00   4.662381e-17   1.023393e-03   3.253914e-19   33288
  2.406122e+00   4.620903e-17   9.318436e-04   3.289510e-19   31356
  2.409537e+00   4.500536e-17   1.008572e-03   3.178503e-19   32496
  2.412934e+00   4.475800e-17   9.586275e-04   3.155503e-19   31944
  2.416251e+00   4.352694e-17   9.843477e-04   3.073613e-19   31512
  2.419642e+00   4.289629e-17   9.554269e-04   3.053362e-19   31156
  2.423118e+00   4.270727e-17   1.006701e-03   2.954482e-19   33352
  2.426525e+00   4.235625e-17   9.764504e-04   2.951510e-19   31344
  2.429966e+00   4.077563e-17   1.011019e-03   2.904887e-19   31068
  2.433353e+00   4.091063e-17   9.971418e-04   2.864469e-19   31752
  2.436684e+00   4.033928e-17   9.204472e-04   2.915451e-19   29868
  2.440099e+00   4.026122e-17   1.011444e-03   2.866176e-19   32052
  2.443539e+00   3.949601e-17   9.596990e-04   2.845494e-19   30012
  2.446898e+00   3.865238e-17   1.006915e-03   2.739141e-19   31520
  2.450354e+00   3.805280e-17   9.844685e-04   2.736828e-19   30648
  2.453706e+00   3.800862e-17   9.710870e-04   2.723621e-19   29304
  2.457112e+00   3.784014e-17   9.628022e-04   2.691600e-19   31140
  2.460584e+00   3.654528e-17   1.025697e-03   2.583025e-19   31320
  2.463992e+00   3.555930e-17   9.680019e-04   2.636341e-19   28356
  2.467346e+00   3.495988e-17   9.894595e-04   2.535847e-19   30288
  2.470691e+00   3.546799e-17   9.833600e-04   2.629393e-19   29472
  2.474056e+00   3.421302e-17   9.720749e-04   2.574189e-19   28716
  2.477529e+00   3.438679e-17   9.646939e-04   2.482188e-19   30740
  2.480961e+00   3.410096e-17   9.839130e-04   2.554913e-19   29304
  2.484327e+00   3.444405e-17   9.799311e-04   2.641896e-19   28476
  2.487752e+00   3.241941e-17   9.925668e-04   2.394740e-19   29304
  2.491155e+00   3.292225e-17   9.914075e-04   2.393879e-19   29280
  2.494601e+00   3.170602e-17   9.888067e-04   2.382415e-19   29100
  2.498031e+00   3.113490e-17   9.693726e-04   2.350988e-19   27816
  2.501330e+00   3.172572e-17   9.737231e-04   2.357167e-19   27692
  2.504737e+00   3.059675e-17   1.012495e-03   2.259442e-19   29724
  2.508211e+00   2.997894e-17   9.651031e-04   2.305127e-19   27240
  2.511571e+00   3.078672e-17   9.380122e-04   2.324231e-19   27588
  2.514934e+00   2.973863e-17   9.761300e-04   2.249816e-19   28560
  2.518371e+00   2.999987e-17   9.886158e-04   2.335671e-19   26952
  2.521774e+00   2.947490e-17   9.897907e-04   2.277806e-19   27516
  2.525163e+00   2.892994e-17   1.000219e-03   2.183779e-19   28344
  2.528599e+00   2.875818e-17   9.851718e-04   2.280576e-19   26196
  2.531920e+00   2.787750e-17   9.634803e-04   2.211264e-19   26360
  2.535324e+00   2.835836e-17   9.960409e-04   2.195198e-19   28152
  2.538760e+00   2.754174e-17   9.632402e-04   2.190739e-19   25896
  2.542127e+00   2.721683e-17   9.862139e-04   2.103244e-19   26592
  2.545539e+00   2.718846e-17   9.442321e-04   2.117572e-19   26568
  2.548976e+00   2.733894e-17   9.991750e-04   2.176533e-19   26832
  2.552322e+00   2.587922e-17   9.474214e-04   2.121127e-19   24972
  2.555791e+00   2.697964e-17   9.989695e-04   2.082441e-19   27000
  2.559168e+00   2.609091e-17   9.577813e-04   2.169100e-19   25448
  2.562535e+00   2.545801e-17   9.902443e-04   2.067304e-19   25476
  2.565992e+00   2.569536e-17   9.706909e-04   2.089043e-19   25152
  2.569333e+00   2.582374e-17   9.951122e-04   2.064437e-19   25968
  2.572775e+00   2.445180e-17   9.906648e-04   1.967640e-19   25320
  2.576210e+00   2.341941e-17   9.358363e-04   1.915115e-19   23796
  2.579496e+00   2.482787e-17   9.822477e-04   2.059381e-19   25500
  2.582914e+00   2.434655e-17   9.788363e-04   2.067844e-19   24420
  2.586378e+00   2.284217e-17   1.013161e-03   1.901519e-19   24656
  2.589722e+00   2.454000e-17   9.599232e-04   2.104985e-19   24036
  2.593114e+00   2.408110e-17   9.927315e-04   2.028560e-19   24528
  2.596483e+00   2.244583e-17   9.590289e-04   1.957076e-19   23004
  2.599888e+00   2.390098e-17   9.848565e-04   2.036511e-19   24576
  2.603308e+00   2.238750e-17   9.407132e-04   1.887326e-19   23736
  2.606725e+00   2.244110e-17   9.994817e-04   1.990897e-19   23712
  2.610164e+00   2.243679e-17   9.704406e-04   1.948789e-19   22992
  2.613550e+00   2.227595e-17   9.637349e-04   1.937877e-19   23984
  2.616935e+00   2.157277e-17   9.626269e-04   1.947717e-19   22344
  2.620337e+00   2.149873e-17   9.768169e-04   1.924218e-19   22536
  2.623720e+00   2.177114e-17   9.667935e-04   1.984439e-19   23268
  2.627096e+00   2.138334e-17   9.929071e-04   1.970448e-19   22152
  2.630500e+00   2.055430e-17   9.804448e-04   1.910996e-19   22068
  2.633988e+00   2.129280e-17   1.006815e-03   1.855273e-19   23664
  2.637353e+00   2.097037e-17   9.350088e-04   1.960460e-19   20640
  2.640713e+00   1.955206e-17   9.923052e-04   1.791357e-19   22376
  2.644179e+00   2.037225e-17   9.759242e-04   1.930897e-19   21444
  2.647520e+00   2.060177e-17   1.011260e-03   1.941629e-19   21576
  2.650919e+00   1.945668e-17   1.002590e-03   1.847062e-19   21660
  2.654412e+00   1.943044e-17   1.013805e-03   1.850044e-19   20916
  2.657789e+00   2.003621e-17   9.944119e-04   1.926196e-19   21504
  2.661144e+00   1.888892e-17   9.476635e-04   1.874046e-19   20508
  2.664583e+00   1.834319e-17   1.012559e-03   1.801892e-19   20036
  2.667961e+00   1.974729e-17   9.799347e-04   1.892013e-19   21276
  2.671380e+00   1.875055e-17   9.701273e-04   1.884770e-19   20652
  2.674793e+00   1.744149e-17   9.654062e-04   1.713597e-19   18696
  2.678197e+00   1.923502e-17   1.010458e-03   1.870415e-19   21504
  2.681608e+00   1.876240e-17   9.449905e-04   2.009068e-19   19284
  2.685012e+00   1.688268e-17   1.019116e-03   1.740959e-19   19356
  2.688395e+00   1.807105e-17   9.630933e-04   1.853543e-19   19236
  2.691747e+00   1.890829e-17   9.819342e-04   1.991403e-19   19476
  2.695170e+00   1.659466e-17   1.021783e-03   1.730438e-19   19184
  2.698647e+00   1.713969e-17   9.898888e-04   1.781143e-19   18852
  2.702034e+00   1.825786e-17   9.582506e-04   1.924015e-19   18876
  2.705357e+00   1.664004e-17   9.961544e-04   1.853822e-19   18336
  2.708799e+00   1.587941e-17   9.995508e-04   1.741821e-19   17820
  2.712259e+00   1.741359e-17   1.008841e-03   1.835924e-19   19392
  2.715616e+00   1.622587e-17   9.989261e-04   1.836085e-19   17616
  2.718949e+00   1.565179e-17   9.403994e-04   1.819603e-19   16320
  2.722413e+00   1.731718e-17   1.018465e-03   1.942083e-19   19292
  2.725776e+00   1.611068e-17   9.756316e-04   1.868195e-19   17112
  2.729283e+00   1.478731e-17   9.888233e-04   1.691397e-19   17388
  2.732704e+00   1.644161e-17   9.257555e-04   1.965807e-19   16692
  2.735930e+00   1.623673e-17   9.792720e-04   1.895625e-19   16956
  2.739452e+00   1.465948e-17   9.876901e-04   1.727319e-19   17040
  2.742894e+00   1.505679e-17   9.773330e-04   1.936692e-19   16092
  2.746164e+00   1.639677e-17   9.706985e-04   2.005896e-19   16380
  2.749642e+00   1.414798e-17   9.977628e-04   1.814840e-19   16688
  2.753053e+00   1.364045e-17   9.980974e-04   1.682086e-19   14940
  2.756401e+00   1.590071e-17   1.003592e-03   1.955247e-19   16668
  2.759872e+00   1.404080e-17   9.800161e-04   1.729119e-19   15804
  2.763238e+00   1.381446e-17   9.732068e-04   1.829215e-19   14280
  2.766639e+00   1.505345e-17   9.580540e-04   1.917253e-19   16068
  2.770034e+00   1.350924e-17   9.764201e-04   1.759712e-19   15048
  2.773410e+00   1.292695e-17   9.951146e-04   1.634431e-19   13940
  2.776793e+00   1.349202e-17   9.510677e-04   1.761748e-19   15072
  2.780185e+00   1.362384e-17   1.013899e-03   1.860788e-19   14808
  2.783543e+00   1.206308e-17   9.414253e-04   1.633767e-19   13200
  2.786996e+00   1.299943e-17   9.972653e-04   1.720176e-19   15156
  2.790453e+00   1.307567e-17   9.725079e-04   1.750518e-19   13788
  2.793844e+00   1.175632e-17   9.584580e-04   1.636631e-19   13608
  2.797233e+00   1.155975e-17   9.137161e-04   1.555662e-19   13224
  2.800612e+00   1.287561e-17   9.851237e-04   1.886391e-19   13320
  2.803972e+00   1.165467e-17   9.713652e-04   1.714578e-19   13220
  2.807429e+00   1.091467e-17   9.817789e-04   1.569723e-19   12984
  2.810903e+00   1.230789e-17   9.937490e-04   1.791524e-19   12780
  2.814182e+00   1.063228e-17   9.405135e-04   1.638813e-19   12360
  2.817641e+00   1.034168e-17   9.894990e-04   1.452509e-19   12480
  2.821091e+00   1.128303e-17   9.611149e-04   1.767906e-19   11892
  2.824384e+00   1.020741e-17   9.964972e-04   1.526582e-19   12192
  2.827831e+00   1.003797e-17   9.769214e-04   1.540308e-19   11328
  2.831260e+00   9.140519e-18   1.035957e-03   1.337431e-19   12020
  2.834610e+00   9.912189e-18   9.524676e-04   1.549001e-19   11052
  2.838092e+00   9.103095e-18   1.011816e-03   1.439440e-19   11304
  2.841356e+00   8.756840e-18   9.310152e-04   1.379287e-19   10368
  2.844694e+00   8.564319e-18   9.688111e-04   1.243289e-19   10899
  2.848216e+00   8.714506e-18   9.712629e-04   1.292706e-19   10752
  2.851560e+00   7.918146e-18   9.748745e-04   1.148163e-19   10446
  2.855007e+00   8.069042e-18   9.594983e-04   1.153888e-19   10092
  2.858423e+00   7.255094e-18   9.722089e-04   1.072118e-19   10220
  2.861722e+00   7.984248e-18   9.522226e-04   1.277298e-19   9636
  2.865233e+00   7.442367e-18   9.795968e-04   1.070193e-19   10020
  2.868677e+00   6.956402e-18   1.017742e-03   1.050793e-19   9906
  2.872011e+00   7.103232e-18   9.440243e-04   1.071195e-19   8940
  2.875468e+00   6.660462e-18   9.573450e-04   9.548037e-20   9558
  2.878844e+00   6.759985e-18   1.042557e-03   9.816583e-20   9180
  2.882185e+00   6.592166e-18   9.980883e-04   8.895604e-20   8674
  2.885679e+00   6.547858e-18   9.921159e-04   9.219371e-20   9454
  2.889055e+00   6.082009e-18   1.019679e-03   8.801607e-20   8316
  2.892409e+00   6.468761e-18   1.005575e-03   9.719939e-20   8622
  2.895912e+00   5.908825e-18   9.984805e-04   8.134109e-20   9006
  2.899261e+00   5.713461e-18   1.006426e-03   8.843985e-20   7698
  2.902617e+00   5.802001e-18   9.656669e-04   7.669623e-20   8406
  2.906123e+00   5.720599e-18   1.030423e-03   7.946933e-20   8646
  2.909458e+00   5.231670e-18   9.790969e-04   7.845554e-20   7014
  2.912801e+00   5.733845e-18   9.732754e-04   8.168121e-20   8510
  2.916355e+00   5.548179e-18   1.025772e-03   8.285053e-20   7890
  2.919690e+00   5.070054e-18   9.840041e-04   7.377878e-20   6966
  2.922978e+00   5.475744e-18   9.405721e-04   7.862703e-20   7902
  2.926483e+00   4.910444e-18   1.025831e-03   6.939252e-20   7278
  2.929893e+00   4.929270e-18   1.007738e-03   7.553154e-20   7338
  2.933248e+00   4.886434e-18   9.333698e-04   7.091158e-20   7254
  2.936686e+00   4.918150e-18   1.005241e-03   6.928705e-20   6678
  2.940020e+00   4.770955e-18   1.004294e-03   6.869420e-20   7286
  2.943557e+00   4.916807e-18   9.935741e-04   7.258923e-20   7200
  2.947070e+00   4.678014e-18   9.643759e-04   7.316942e-20   6234
  2.950183e+00   4.638085e-18   9.665943e-04   7.065955e-20   6630
  2.953710e+00   4.639751e-18   9.967120e-04   6.725434e-20   6822
  2.957208e+00   4.326241e-18   9.389826e-04   6.238389e-20   6078
  2.960394e+00   4.415083e-18   9.982063e-04   6.149894e-20   6528
  2.963920e+00   4.579662e-18   9.540002e-04   7.131294e-20   6034
  2.967295e+00   3.939001e-18   9.769421e-04   5.737131e-20   6190
  2.970648e+00   4.438029e-18   1.003693e-03   6.324571e-20   6270
  2.974190e+00   4.417652e-18   9.026267e-04   6.923529e-20   5520
  2.977431e+00   3.839377e-18   1.010599e-03   5.325847e-20   6126
  2.980823e+00   4.360691e-18   9.449916e-04   6.863905e-20   5562
  2.984382e+00   4.012787e-18   9.449251e-04   6.028450e-20   5790
  2.987609e+00   3.872706e-18   9.674247e-04   5.881294e-20   5496
  2.991029e+00   4.219297e-18   9.744149e-04   6.801455e-20   5262
  2.994510e+00   3.761383e-18   9.596787e-04   5.433046e-20   5774
  2.997839e+00   3.673411e-18   9.507037e-04   5.599634e-20   5124
  3.001346e+00   3.884037e-18   9.536598e-04   6.158860e-20   5070
  3.004645e+00   3.738398e-18   9.927132e-04   5.735445e-20   5430
  3.008016e+00   3.585303e-18   9.272914e-04   5.459939e-20   4680
  3.011587e+00   3.628751e-18   9.603639e-04   5.364614e-20   5370
  3.014869e+00   3.511056e-18   9.175102e-04   5.634740e-20   4638
  3.018210e+00   3.836854e-18   9.645033e-04   6.130004e-20   4536
  3.021696e+00   3.543067e-18   9.657981e-04   5.519516e-20   5222
  3.025044e+00   3.411648e-18   8.862693e-04   5.565974e-20   4254
  3.028475e+00   3.540741e-18   9.769455e-04   5.751782e-20   4548
  3.031790e+00   3.440498e-18   9.474352e-04   5.281002e-20   4638
  3.035175e+00   3.504761e-18   9.353877e-04   5.687087e-20   4176
  3.038687e+00   3.408324e-18   9.386274e-04   5.408263e-20   4518
  3.042021e+00   3.460065e-18   9.457109e-04   5.602109e-20   4278
  3.045343e+00   3.246617e-18   9.150178e-04   6.169601e-20   3732
  3.048746e+00   3.202272e-18   9.666582e-04   5.061194e-20   4502
  3.052175e+00   3.378126e-18   9.396687e-04   5.698912e-20   3984
  3.055637e+00   3.242429e-18   9.734809e-04   5.582369e-20   3726
  3.058859e+00   3.140647e-18   9.383075e-04   5.259007e-20   4014
  3.062253e+00   3.192963e-18   9.839881e-04   5.654917e-20   3756
  3.065874e+00   2.983274e-18   9.875702e-04   4.949515e-20   3894
  3.069162e+00   3.198671e-18   9.663769e-04   5.480814e-20   3744
  3.072480e+00   3.154359e-18   9.823894e-04   5.527728e-20   3174
  3.075941e+00   3.090065e-18   1.005522e-03   5.199322e-20   3968
  3.079369e+00   2.955390e-18   1.013997e-03   5.082833e-20   3522
  3.082951e+00   2.994643e-18   1.041435e-03   5.583754e-20   3198
  3.086200e+00   2.955316e-18   1.020090e-03   5.151975e-20   3648
  3.089591e+00   2.962465e-18   1.036958e-03   5.529588e-20   3054
  3.093164e+00   2.776310e-18   9.752705e-04   4.962969e-20   3312
  3.096416e+00   2.803887e-18   1.030232e-03   4.708036e-20   3354
  3.099859e+00   3.090515e-18   1.018756e-03   5.954354e-20   2624
  3.103228e+00   2.745278e-18   9.938936e-04   4.621062e-20   3462
  3.106655e+00   3.002065e-18   1.036730e-03   5.518431e-20   2976
  3.110270e+00   2.855851e-18   9.814041e-04   5.558064e-20   2670
  3.113407e+00   2.793548e-18   1.021601e-03   5.118655e-20   3186
  3.116767e+00   2.902807e-18   9.543614e-04   5.889076e-20   2376
  3.120346e+00   2.734154e-18   1.006058e-03   5.112103e-20   3102
  3.123650e+00   2.789261e-18   9.847799e-04   5.573134e-20   2688
  3.127086e+00   2.917491e-18   1.027393e-03   6.112105e-20   2286
  3.130454e+00   2.712108e-18   9.909871e-04   4.867237e-20   3020
  3.133859e+00   2.752027e-18   9.439116e-04   5.688219e-20   2310
  3.137474e+00   2.691607e-18   1.043166e-03   5.466511e-20   2544
  3.140695e+00   2.654525e-18   9.725494e-04   5.243663e-20   2526
  3.144064e+00   2.867160e-18   9.987847e-04   6.062070e-20   2112
  3.147593e+00   2.652461e-18   9.598648e-04   5.387587e-20   2538
  3.150931e+00   2.777002e-18   9.985896e-04   5.886259e-20   2304
  3.154328e+00   2.843567e-18   9.852879e-04   6.522946e-20   1902
  3.157623e+00   2.601994e-18   9.412660e-04   5.452981e-20   2408
  3.161035e+00   2.679523e-18   9.929091e-04   5.847965e-20   2094
  3.164668e+00   2.730318e-18   1.011639e-03   6.152491e-20   2028
  3.167856e+00   2.596555e-18   9.595772e-04   5.959876e-20   2094
  3.171241e+00   2.729009e-18   1.046849e-03   6.449291e-20   1920
  3.174835e+00   2.536036e-18   8.826100e-04   6.008863e-20   1926
  3.178123e+00   2.518634e-18   1.030221e-03   5.697815e-20   2088
  3.181468e+00   2.521878e-18   9.037369e-04   6.267951e-20   1434
  3.184829e+00   2.336703e-18   9.555433e-04   4.807749e-20   2048
  3.188160e+00   2.627160e-18   9.527742e-04   6.254516e-20   1758
  3.191826e+00   2.526468e-18   1.051156e-03   6.276567e-20   1584
  3.195185e+00   2.492517e-18   1.041430e-03   5.420598e-20   1998
  3.198586e+00   2.502680e-18   9.485689e-04   7.099489e-20   1428
  3.202148e+00   2.370666e-18   7.939925e-04   6.348698e-20   1488
  3.205259e+00   2.507943e-18   1.011466e-03   6.084119e-20   1806
  3.208542e+00   2.377029e-18   9.208043e-04   7.050775e-20   1040
  3.212051e+00   2.419844e-18   9.648325e-04   5.920332e-20   1782
  3.215260e+00   2.558787e-18   9.120959e-04   7.177653e-20   1428
  3.219099e+00   2.468841e-18   1.095182e-03   7.048767e-20   1206
  3.222346e+00   2.406896e-18   1.017509e-03   5.900383e-20   1728
  3.225619e+00   2.511847e-18   9.535870e-04   7.722668e-20   1038
  3.229392e+00   2.517464e-18   7.737160e-04   7.402558e-20   1248
  3.232374e+00   2.336407e-18   9.867404e-04   5.857704e-20   1530
  3.235646e+00   2.415591e-18   9.043822e-04   1.005638e-19   656
  3.239303e+00   2.439449e-18   1.013919e-03   6.275878e-20   1662
  3.242391e+00   2.459637e-18   8.393937e-04   8.186647e-20   1008
  3.246465e+00   2.531085e-18   1.114612e-03   8.417341e-20   960
  3.249524e+00   2.337361e-18   9.584513e-04   6.227418e-20   1458
  3.252720e+00   2.466982e-18   9.470398e-04   9.689806e-20   672
  3.256641e+00   2.405421e-18   7.422534e-04   7.726744e-20   1062
  3.259417e+00   2.337787e-18   9.629091e-04   6.289442e-20   1224
  3.262741e+00   2.277305e-18   8.411043e-04   1.181631e-19   374
  3.266486e+00   2.445302e-18   1.011004e-03   6.419308e-20   1512
  3.269516e+00   2.465621e-18   8.472106e-04   9.716831e-20   666
  3.273852e+00   2.556238e-18   1.035820e-03   9.791422e-20   720
  3.276572e+00   2.190501e-18   9.275922e-04   5.846563e-20   1224
  3.279914e+00   2.601024e-18   9.221403e-04   1.262123e-19   390
  3.283914e+00   2.339983e-18   6.856472e-04   7.783397e-20   936
  3.286459e+00   2.406570e-18   9.782860e-04   8.328425e-20   882
  3.290092e+00   2.252948e-18   9.551822e-04   1.446137e-19   216
  3.293625e+00   2.345238e-18   9.484183e-04   6.370690e-20   1286
  3.296619e+00   2.376404e-18   7.922754e-04   1.138935e-19   384
  3.301196e+00   2.436538e-18   9.974032e-04   9.806036e-20   576
  3.303565e+00   2.345218e-18   8.939464e-04   7.554369e-20   930
  3.306956e+00   2.300389e-18   8.781672e-04   1.724417e-19   216
  3.311281e+00   2.282287e-18   7.049195e-04   7.518080e-20   918
  3.313773e+00   2.160716e-18   9.494675e-04   1.027149e-19   480
  3.317151e+00   2.866071e-18   8.000415e-04   2.527689e-19   78
  3.320657e+00   2.437098e-18   8.648004e-04   7.156178e-20   1052
  3.323895e+00   2.657118e-18   1.006959e-03   1.808023e-19   240
  3.328852e+00   2.240955e-18   3.676460e-04   1.044864e-19   438
  3.330545e+00   2.360310e-18   8.506072e-04   8.462972e-20   648
  3.333703e+00   2.637794e-18   7.023041e-04   2.966733e-19   78
  3.338411e+00   2.530357e-18   6.127751e-04   8.227866e-20   780
  3.340778e+00   2.816189e-18   8.550342e-04   1.886421e-19   240
  3.343694e+00   3.719365e-18   0.000000e+00   9.066216e-19   6
  3.347623e+00   2.160689e-18   7.832637e-04   6.816990e-20   824
  3.350467e+00   2.186004e-18   6.055240e-04   2.040947e-19   78
  3.356076e+00   2.540679e-18   3.165921e-04   1.221849e-19   432
  3.357541e+00   2.397885e-18   7.656969e-04   1.319562e-19   348
  3.360330e+00   1.709309e-18   0.000000e+00   4.972383e-19   6
  3.365426e+00   2.320055e-18   5.413225e-04   8.250700e-20   600
  3.367442e+00   2.166330e-18   5.097238e-04   1.720209e-19   78
  3.374544e+00   2.579828e-18   6.700717e-04   1.113514e-19   572
  3.377176e+00   3.553720e-18   0.000000e+00   4.007939e-19   6
  3.383243e+00   2.275730e-18   3.146063e-04   1.098536e-19   384
  3.384459e+00   3.524011e-18   4.676281e-04   3.165445e-19   102
  3.392411e+00   2.332845e-18   4.599741e-04   1.273184e-19   396
  3.394229e+00   3.631565e-18   0.000000e+00   1.780757e-19   6
  3.401391e+00   2.432594e-18   4.161630e-04   1.404008e-19   326
  3.410329e+00   2.614180e-18   2.893928e-04   1.662981e-19   252
  3.411486e+00   1.675988e-18   0.000000e+00   4.815185e-19   6
  3.419333e+00   2.305033e-18   2.633341e-04   1.496602e-19   198
  3.428323e+00   2.123457e-18   2.009286e-04   1.799520e-19   146
  3.437326e+00   2.638422e-18   1.474817e-04   2.450333e-19   102
  3.446340e+00   1.751408e-18   1.024960e-04   2.065297e-19   66
  3.455367e+00   1.546636e-18   6.509513e-05   2.241008e-19   38
  3.464404e+00   3.618893e-18   3.357406e-05   6.665583e-19   18
  3.473449e+00   2.948356e-18   0.000000e+00   9.646033e-19   6
