# power spectrum of pi_v_k
# redshift z=9.951253
# k              Pk             sigma(k)       sigma(Pk)      count
  1.570796e-02   2.300097e-11   0.000000e+00   9.293401e-12   6
  2.221441e-02   1.052835e-11   0.000000e+00   2.115041e-12   12
  2.720699e-02   6.418187e-12   2.980232e-10   1.419859e-12   8
  3.141593e-02   1.765349e-11   0.000000e+00   2.008224e-12   6
  3.512407e-02   1.087562e-11   5.619580e-10   3.411142e-12   24
  3.847649e-02   1.350521e-11   5.619580e-10   2.369583e-12   24
  4.635387e-02   5.117389e-12   1.217504e-03   8.531306e-13   42
  4.967294e-02   6.584287e-12   0.000000e+00   1.340447e-12   24
  5.209742e-02   5.995045e-12   9.733398e-10   1.439872e-12   24
  5.608040e-02   5.524487e-12   9.621049e-04   5.999501e-13   32
  5.877382e-02   4.801574e-12   0.000000e+00   7.033908e-13   48
  6.283185e-02   4.651393e-12   0.000000e+00   2.034924e-12   6
  6.557030e-02   4.002108e-12   9.291969e-04   4.135398e-13   84
  6.935879e-02   4.728883e-12   8.893614e-04   6.956277e-13   48
  7.254758e-02   3.366504e-12   7.985346e-04   3.337099e-13   72
  7.695299e-02   3.639932e-12   1.123916e-09   4.955600e-13   24
  7.963774e-02   2.482419e-12   7.087081e-04   2.357862e-13   102
  8.367643e-02   2.769332e-12   1.370308e-03   2.936444e-13   104
  8.603606e-02   1.437171e-12   0.000000e+00   2.095329e-13   48
  9.068541e-02   1.688011e-12   9.092824e-04   1.316909e-13   108
  9.343657e-02   1.938369e-12   6.413175e-04   2.241110e-13   78
  9.650974e-02   2.418082e-12   5.553727e-04   2.288571e-13   96
  1.007521e-01   1.492963e-12   7.827476e-04   1.272049e-13   168
  1.046631e-01   1.404106e-12   9.466177e-04   1.314060e-13   120
  1.065366e-01   1.339046e-12   0.000000e+00   1.782905e-13   48
  1.109423e-01   1.451722e-12   9.164765e-04   1.179308e-13   194
  1.147571e-01   1.207991e-12   7.498405e-04   9.173084e-14   192
  1.180701e-01   1.423981e-12   5.224442e-04   1.208490e-13   96
  1.203984e-01   1.140450e-12   4.446482e-04   9.566788e-14   96
  1.233385e-01   1.048390e-12   6.559487e-04   7.796352e-14   174
  1.272878e-01   1.082219e-12   6.453399e-04   7.654544e-14   216
  1.304784e-01   9.142879e-13   6.685951e-04   7.068220e-14   192
  1.345850e-01   8.208967e-13   7.087816e-04   6.134695e-14   204
  1.374813e-01   8.110626e-13   9.706973e-04   5.992809e-14   224
  1.414909e-01   1.019598e-12   5.479655e-04   8.505515e-14   174
  1.446033e-01   9.260072e-13   1.053365e-03   4.921933e-14   288
  1.484650e-01   7.220516e-13   5.185518e-04   4.708408e-14   288
  1.514788e-01   7.162150e-13   1.000184e-03   5.034057e-14   192
  1.554236e-01   6.869303e-13   7.319331e-04   4.098903e-14   252
  1.579196e-01   6.886277e-13   4.361590e-04   4.133146e-14   246
  1.613100e-01   6.283332e-13   8.276231e-04   3.280538e-14   312
  1.643345e-01   6.411761e-13   5.346625e-04   3.900598e-14   248
  1.684860e-01   5.105513e-13   1.131025e-03   2.576623e-14   432
  1.718304e-01   6.594246e-13   9.472090e-04   4.512469e-14   198
  1.751353e-01   5.940593e-13   1.145604e-03   2.947811e-14   456
  1.789950e-01   5.625833e-13   6.685341e-04   3.550177e-14   324
  1.817267e-01   5.091047e-13   7.914724e-04   3.364608e-14   312
  1.851131e-01   4.779016e-13   9.927979e-04   2.276867e-14   408
  1.893262e-01   5.044074e-13   9.168549e-04   2.479479e-14   414
  1.922237e-01   4.073334e-13   7.933788e-04   2.039066e-14   392
  1.951891e-01   5.089393e-13   8.939032e-04   2.198123e-14   408
  1.990919e-01   4.647707e-13   9.488231e-04   2.243866e-14   444
  2.020561e-01   4.671196e-13   7.670392e-04   2.161713e-14   360
  2.058410e-01   4.697242e-13   1.052783e-03   1.796491e-14   678
  2.098438e-01   3.888147e-13   6.748154e-04   1.772647e-14   360
  2.129201e-01   4.057048e-13   1.111301e-03   1.607602e-14   648
  2.158529e-01   3.889490e-13   5.136230e-04   2.419448e-14   288
  2.195886e-01   3.530541e-13   9.568926e-04   1.258665e-14   686
  2.231016e-01   3.845040e-13   7.114303e-04   1.664040e-14   444
  2.262783e-01   3.836839e-13   9.881180e-04   1.584886e-14   696
  2.294381e-01   4.128130e-13   9.387623e-04   2.263654e-14   408
  2.328670e-01   3.238034e-13   9.712657e-04   1.273633e-14   648
  2.364370e-01   3.628469e-13   8.503906e-04   1.445506e-14   582
  2.396199e-01   3.209621e-13   1.064401e-03   1.210668e-14   744
  2.431321e-01   3.356019e-13   1.062590e-03   1.486803e-14   516
  2.463676e-01   3.163827e-13   1.028291e-03   1.180598e-14   728
  2.493547e-01   3.368432e-13   8.519968e-04   1.385889e-14   558
  2.529620e-01   2.949426e-13   8.588943e-04   1.046910e-14   768
  2.568725e-01   3.082888e-13   9.956413e-04   9.887210e-15   960
  2.602888e-01   3.214482e-13   6.965241e-04   1.304037e-14   576
  2.635727e-01   3.058299e-13   1.130592e-03   1.004025e-14   816
  2.671089e-01   2.831813e-13   8.722599e-04   9.931034e-15   666
  2.702138e-01   3.069456e-13   1.022915e-03   1.001546e-14   960
  2.739239e-01   2.876380e-13   1.008817e-03   9.884684e-15   824
  2.775241e-01   2.625243e-13   1.110885e-03   8.598449e-15   936
  2.808394e-01   2.721475e-13   8.261366e-04   1.086083e-14   624
  2.838930e-01   2.595010e-13   9.725641e-04   8.493970e-15   1062
  2.874377e-01   2.430738e-13   1.059457e-03   1.022407e-14   732
  2.905463e-01   2.265119e-13   9.192852e-04   7.534335e-15   1080
  2.942546e-01   2.593629e-13   1.002209e-03   9.045688e-15   936
  2.976082e-01   2.379660e-13   1.082494e-03   8.368316e-15   878
  3.011413e-01   2.522301e-13   1.097016e-03   8.082718e-15   1152
  3.044218e-01   2.364414e-13   8.479143e-04   7.076993e-15   1056
  3.079105e-01   2.474261e-13   1.001477e-03   1.050081e-14   864
  3.110264e-01   2.217916e-13   9.782607e-04   6.809035e-15   1092
  3.147509e-01   2.308960e-13   1.033457e-03   7.230999e-15   1206
  3.182989e-01   2.509257e-13   1.048759e-03   7.792180e-15   1248
  3.215758e-01   2.306726e-13   7.107183e-04   8.040045e-15   864
  3.244931e-01   2.092496e-13   7.379012e-04   6.404261e-15   1152
  3.282964e-01   2.211337e-13   1.098528e-03   6.471959e-15   1382
  3.320084e-01   2.348336e-13   9.790321e-04   7.154462e-15   1188
  3.352589e-01   2.140882e-13   1.037410e-03   6.652808e-15   1248
  3.383281e-01   2.348498e-13   9.840824e-04   7.115156e-15   1152
  3.416961e-01   2.150467e-13   1.080699e-03   6.413059e-15   1320
  3.454323e-01   2.006292e-13   7.162673e-04   6.344217e-15   1206
  3.485323e-01   2.272266e-13   1.040639e-03   5.905289e-15   1560
  3.522149e-01   2.039723e-13   9.687237e-04   5.691205e-15   1280
  3.553656e-01   2.005889e-13   9.753251e-04   5.573830e-15   1308
  3.588126e-01   1.887746e-13   9.788304e-04   5.010875e-15   1512
  3.622462e-01   2.079069e-13   7.986109e-04   6.016952e-15   1350
  3.657845e-01   2.072988e-13   1.055155e-03   5.581931e-15   1608
  3.688093e-01   1.927764e-13   9.074168e-04   6.063651e-15   1320
  3.723318e-01   1.764875e-13   1.093091e-03   4.590746e-15   1656
  3.755028e-01   1.786008e-13   8.593531e-04   5.268894e-15   1254
  3.791706e-01   1.903768e-13   9.807940e-04   4.637485e-15   1932
  3.826277e-01   1.877130e-13   8.807497e-04   4.840228e-15   1640
  3.860340e-01   1.867762e-13   9.142769e-04   5.035956e-15   1488
  3.892465e-01   1.801049e-13   8.838091e-04   4.957728e-15   1560
  3.929003e-01   1.887614e-13   1.061554e-03   4.465719e-15   2046
  3.962918e-01   1.855770e-13   9.522112e-04   5.251780e-15   1512
  3.995770e-01   1.797193e-13   9.476029e-04   5.031659e-15   1764
  4.028533e-01   1.714360e-13   9.447944e-04   4.220807e-15   1776
  4.062341e-01   1.716759e-13   1.135757e-03   4.619321e-15   1704
  4.098613e-01   1.675296e-13   1.112243e-03   4.050053e-15   2126
  4.131278e-01   1.695529e-13   7.726530e-04   4.305281e-15   1632
  4.164062e-01   1.711264e-13   1.029302e-03   4.115141e-15   2064
  4.197114e-01   1.583710e-13   8.486884e-04   4.102311e-15   1680
  4.233078e-01   1.619170e-13   9.519603e-04   3.723584e-15   2154
  4.266550e-01   1.645324e-13   9.636572e-04   3.924274e-15   2016
  4.302596e-01   1.650680e-13   1.057936e-03   3.657029e-15   2304
  4.335625e-01   1.698048e-13   8.422558e-04   4.567293e-15   1680
  4.369940e-01   1.575164e-13   9.757286e-04   3.265018e-15   2432
  4.404338e-01   1.622660e-13   9.614444e-04   4.008770e-15   1902
  4.438479e-01   1.657053e-13   9.886846e-04   3.915960e-15   2292
  4.468928e-01   1.458929e-13   7.831116e-04   3.639372e-15   1992
  4.505057e-01   1.504687e-13   1.003841e-03   3.130491e-15   2568
  4.539799e-01   1.322247e-13   8.764344e-04   3.263237e-15   1806
  4.574906e-01   1.499949e-13   1.078056e-03   3.069274e-15   3000
  4.610452e-01   1.479729e-13   9.809961e-04   3.516142e-15   2016
  4.640126e-01   1.549543e-13   9.156925e-04   3.692485e-15   2168
  4.673956e-01   1.359873e-13   9.350459e-04   2.870879e-15   2412
  4.709322e-01   1.485997e-13   1.022794e-03   3.169701e-15   2550
  4.743353e-01   1.454277e-13   1.015444e-03   3.202019e-15   2592
  4.778871e-01   1.406496e-13   9.354682e-04   3.157789e-15   2496
  4.812642e-01   1.435955e-13   1.034855e-03   3.054181e-15   2688
  4.846328e-01   1.418040e-13   8.939911e-04   3.152398e-15   2424
  4.881831e-01   1.385607e-13   8.203417e-04   3.011989e-15   2634
  4.913828e-01   1.409348e-13   9.840370e-04   3.295852e-15   2552
  4.945705e-01   1.276078e-13   1.032361e-03   2.566553e-15   2832
  4.981085e-01   1.343410e-13   9.803825e-04   3.201678e-15   2424
  5.015971e-01   1.281535e-13   1.087506e-03   2.565948e-15   3198
  5.048631e-01   1.398605e-13   8.681062e-04   3.274093e-15   2400
  5.083252e-01   1.327931e-13   9.985776e-04   2.604735e-15   3336
  5.119027e-01   1.305780e-13   8.404887e-04   2.857812e-15   2508
  5.150462e-01   1.279258e-13   1.013004e-03   2.733880e-15   3104
  5.187218e-01   1.281230e-13   1.019172e-03   2.772173e-15   2934
  5.220343e-01   1.317076e-13   9.369744e-04   2.631010e-15   3120
  5.256263e-01   1.279299e-13   1.045384e-03   2.566058e-15   3288
  5.289357e-01   1.190581e-13   8.800568e-04   2.504272e-15   2808
  5.323338e-01   1.251428e-13   1.104468e-03   2.709830e-15   2988
  5.357545e-01   1.245478e-13   1.011140e-03   2.350443e-15   3486
  5.390675e-01   1.226545e-13   9.571221e-04   2.671097e-15   3000
  5.422664e-01   1.248620e-13   8.325653e-04   2.499878e-15   3024
  5.458504e-01   1.147239e-13   9.168226e-04   2.302830e-15   3584
  5.494456e-01   1.190193e-13   9.821560e-04   2.217302e-15   3486
  5.527991e-01   1.250018e-13   8.845337e-04   2.575149e-15   3120
  5.560782e-01   1.166540e-13   8.734506e-04   2.241690e-15   3396
  5.593885e-01   1.085978e-13   9.978964e-04   2.058164e-15   3552
  5.629224e-01   1.137448e-13   9.603534e-04   2.239496e-15   3384
  5.664153e-01   1.128775e-13   9.777364e-04   2.140409e-15   3726
  5.697413e-01   1.176314e-13   9.475502e-04   2.482899e-15   3344
  5.729010e-01   1.125865e-13   9.736455e-04   2.022226e-15   3744
  5.765144e-01   1.070555e-13   9.477817e-04   2.017450e-15   3540
  5.799021e-01   1.069757e-13   1.006149e-03   1.931129e-15   3822
  5.834565e-01   1.138879e-13   9.878124e-04   1.985003e-15   4056
  5.866916e-01   1.180958e-13   9.078164e-04   2.352388e-15   3288
  5.900838e-01   1.061604e-13   1.048596e-03   1.900168e-15   4056
  5.934141e-01   1.055886e-13   9.605270e-04   2.008215e-15   3984
  5.970600e-01   1.044244e-13   8.831345e-04   1.990484e-15   3662
  6.001481e-01   1.130797e-13   9.636098e-04   2.123797e-15   3828
  6.036318e-01   1.023682e-13   1.089370e-03   1.730300e-15   4632
  6.071049e-01   1.054483e-13   8.410059e-04   2.144238e-15   3600
  6.105769e-01   9.624735e-14   9.985737e-04   1.693943e-15   4320
  6.138621e-01   1.078306e-13   7.834444e-04   2.102324e-15   3918
  6.171787e-01   1.047473e-13   9.014176e-04   1.916265e-15   4200
  6.205131e-01   1.055615e-13   1.022920e-03   1.890661e-15   4188
  6.239700e-01   9.482491e-14   1.038929e-03   1.674358e-15   4360
  6.274803e-01   9.733027e-14   1.038850e-03   1.675050e-15   4582
  6.308743e-01   1.020406e-13   9.234335e-04   1.946694e-15   4128
  6.343253e-01   9.701546e-14   9.920101e-04   1.639581e-15   4752
  6.375752e-01   9.888157e-14   9.131947e-04   1.738134e-15   4176
  6.411096e-01   1.013395e-13   1.050053e-03   1.689429e-15   4848
  6.446482e-01   9.494713e-14   9.123418e-04   1.659990e-15   4338
  6.479820e-01   9.391885e-14   9.957341e-04   1.490722e-15   5160
  6.512782e-01   9.407661e-14   8.072490e-04   1.747945e-15   4008
  6.548541e-01   9.410497e-14   1.067151e-03   1.526597e-15   5360
  6.581452e-01   8.972771e-14   9.926354e-04   1.652014e-15   4110
  6.615688e-01   9.573271e-14   1.063460e-03   1.538735e-15   5424
  6.648330e-01   9.583941e-14   9.093259e-04   1.719016e-15   4140
  6.682670e-01   8.782427e-14   1.015985e-03   1.384050e-15   5664
  6.717913e-01   8.816670e-14   8.830334e-04   1.610881e-15   4632
  6.751475e-01   9.411752e-14   9.313969e-04   1.585449e-15   4902
  6.784717e-01   9.967349e-14   9.953030e-04   1.723156e-15   5072
  6.818744e-01   8.748800e-14   9.385334e-04   1.378517e-15   5472
  6.852422e-01   9.218065e-14   9.538134e-04   1.607142e-15   4704
  6.886975e-01   8.826276e-14   1.047734e-03   1.517296e-15   5436
  6.922157e-01   9.134293e-14   9.975801e-04   1.475771e-15   5646
  6.954149e-01   9.093186e-14   8.926250e-04   1.655612e-15   4512
  6.988202e-01   8.840301e-14   1.140100e-03   1.416140e-15   6120
  7.023308e-01   8.283567e-14   8.820433e-04   1.372444e-15   5112
  7.057067e-01   8.720729e-14   1.042362e-03   1.401311e-15   5606
  7.091042e-01   8.776975e-14   9.714200e-04   1.513428e-15   5328
  7.124930e-01   8.890766e-14   9.787204e-04   1.374118e-15   5964
  7.158971e-01   8.804779e-14   9.940447e-04   1.444306e-15   5448
  7.193484e-01   8.272206e-14   1.017941e-03   1.291146e-15   5904
  7.228752e-01   8.629867e-14   1.000362e-03   1.455903e-15   5598
  7.261287e-01   8.582343e-14   9.386933e-04   1.301406e-15   5952
  7.294916e-01   8.276597e-14   1.026954e-03   1.346174e-15   5688
  7.328942e-01   8.195164e-14   9.846955e-04   1.314926e-15   5876
  7.362274e-01   8.215632e-14   9.604209e-04   1.356994e-15   5784
  7.396880e-01   8.503981e-14   9.580629e-04   1.344194e-15   6462
  7.431585e-01   8.421241e-14   1.033342e-03   1.368054e-15   5688
  7.463730e-01   8.127343e-14   9.533939e-04   1.219986e-15   6408
  7.498476e-01   7.780912e-14   9.842501e-04   1.179235e-15   6000
  7.533888e-01   7.756974e-14   1.059159e-03   1.153799e-15   6582
  7.568883e-01   7.908441e-14   1.008047e-03   1.196133e-15   6564
  7.601644e-01   7.915962e-14   8.888373e-04   1.259856e-15   6048
  7.635621e-01   7.433811e-14   1.018608e-03   1.121855e-15   6512
  7.671229e-01   7.810927e-14   1.012583e-03   1.167375e-15   6816
  7.705313e-01   7.836201e-14   8.855598e-04   1.273730e-15   6222
  7.737298e-01   7.879340e-14   9.227087e-04   1.186402e-15   6432
  7.771462e-01   7.365081e-14   9.712111e-04   1.112949e-15   6804
  7.805425e-01   7.346779e-14   9.154579e-04   1.096970e-15   6432
  7.838667e-01   7.160007e-14   1.076466e-03   1.110777e-15   6846
  7.872436e-01   8.029556e-14   9.829553e-04   1.240773e-15   6424
  7.904718e-01   7.223993e-14   8.822090e-04   1.136900e-15   6952
  7.940184e-01   7.795709e-14   1.063073e-03   1.128648e-15   7560
  7.975016e-01   7.247839e-14   9.134936e-04   1.119247e-15   6648
  8.010940e-01   7.240295e-14   1.003794e-03   1.060347e-15   7578
  8.042561e-01   7.335799e-14   9.063446e-04   1.164018e-15   6552
  8.076731e-01   7.384996e-14   9.979139e-04   1.131969e-15   7536
  8.111567e-01   6.950563e-14   9.132376e-04   1.042138e-15   7272
  8.145479e-01   7.125547e-14   9.728104e-04   1.119976e-15   6936
  8.178031e-01   7.099046e-14   9.977143e-04   1.056005e-15   7430
  8.213250e-01   7.173238e-14   1.045033e-03   1.068830e-15   7644
  8.245935e-01   7.113828e-14   9.307740e-04   1.080524e-15   7248
  8.281463e-01   6.510722e-14   1.064794e-03   9.151707e-16   8232
  8.316185e-01   7.118332e-14   9.710105e-04   1.115252e-15   7038
  8.349567e-01   7.004119e-14   9.438683e-04   1.080014e-15   7824
  8.382335e-01   6.794732e-14   9.942267e-04   9.755202e-16   7752
  8.416157e-01   6.980298e-14   1.003152e-03   1.037182e-15   7480
  8.451302e-01   6.574535e-14   1.011833e-03   8.790365e-16   8404
  8.485444e-01   6.636020e-14   9.399091e-04   9.584834e-16   7614
  8.518207e-01   6.892104e-14   9.844427e-04   1.020179e-15   7776
  8.551174e-01   6.506945e-14   9.392352e-04   9.514709e-16   7944
  8.585635e-01   6.688630e-14   9.766291e-04   9.116304e-16   8424
  8.619639e-01   6.346793e-14   9.583464e-04   9.057228e-16   7872
  8.654765e-01   6.499409e-14   9.630186e-04   9.145145e-16   8658
  8.688452e-01   6.338214e-14   9.611694e-04   9.202933e-16   8352
  8.723129e-01   6.251258e-14   9.655449e-04   9.130351e-16   8648
  8.755912e-01   6.444306e-14   9.149173e-04   9.511170e-16   7680
  8.790367e-01   6.197335e-14   9.531068e-04   8.302281e-16   8646
  8.822382e-01   6.465356e-14   9.234329e-04   9.854783e-16   8448
  8.857769e-01   6.289404e-14   9.812644e-04   8.552443e-16   9120
  8.891913e-01   6.020684e-14   9.588814e-04   9.085130e-16   8316
  8.926442e-01   6.052645e-14   1.034938e-03   7.938758e-16   9504
  8.961124e-01   6.449979e-14   9.411707e-04   9.547982e-16   8358
  8.995737e-01   6.356648e-14   9.948383e-04   8.645460e-16   9584
  9.029179e-01   6.038791e-14   9.519874e-04   8.525528e-16   8616
  9.063714e-01   5.964788e-14   1.036501e-03   7.997575e-16   9432
  9.098983e-01   5.924897e-14   1.054421e-03   8.196172e-16   9018
  9.130995e-01   5.962811e-14   8.925739e-04   8.766025e-16   8568
  9.164447e-01   6.029725e-14   9.935089e-04   8.152213e-16   9816
  9.199052e-01   5.840975e-14   9.405935e-04   8.058823e-16   9000
  9.233247e-01   5.715820e-14   9.837551e-04   7.532707e-16   9504
  9.267306e-01   5.605752e-14   1.006398e-03   7.715182e-16   9446
  9.300802e-01   6.056732e-14   9.624225e-04   8.395948e-16   9696
  9.335244e-01   5.815285e-14   8.956216e-04   8.104087e-16   9180
  9.369074e-01   5.483438e-14   1.035278e-03   6.922348e-16   10512
  9.403628e-01   5.617112e-14   9.787470e-04   7.720636e-16   9048
  9.437812e-01   5.928973e-14   9.387702e-04   8.376518e-16   10014
  9.469467e-01   5.565046e-14   9.162358e-04   8.063232e-16   9096
  9.503901e-01   5.600292e-14   1.048815e-03   6.975504e-16   11088
  9.540508e-01   5.446636e-14   1.020389e-03   7.429927e-16   9860
  9.574037e-01   5.403751e-14   9.672113e-04   7.144250e-16   10110
  9.607663e-01   5.706034e-14   1.006739e-03   7.677993e-16   10104
  9.641489e-01   5.532257e-14   9.545583e-04   7.347003e-16   10392
  9.675729e-01   5.519069e-14   9.880976e-04   7.433418e-16   10104
  9.710628e-01   5.290179e-14   1.022530e-03   6.842570e-16   11352
  9.746180e-01   5.292069e-14   9.364871e-04   7.581176e-16   10014
  9.777749e-01   5.576699e-14   8.644241e-04   7.666788e-16   9636
  9.811143e-01   5.328687e-14   1.024502e-03   6.812920e-16   11552
  9.846389e-01   5.386251e-14   9.519720e-04   6.923683e-16   10488
  9.880418e-01   5.096476e-14   9.942196e-04   6.856692e-16   10254
  9.913535e-01   5.318559e-14   9.360901e-04   6.839564e-16   11304
  9.947947e-01   5.417312e-14   9.500453e-04   7.231942e-16   10872
  9.982198e-01   5.417277e-14   1.018789e-03   7.126558e-16   10932
  1.001538e+00   4.901512e-14   9.191792e-04   6.509627e-16   10848
  1.004968e+00   5.236974e-14   9.613098e-04   7.073325e-16   10998
  1.008371e+00   5.157725e-14   1.010151e-03   6.872193e-16   11720
  1.011785e+00   5.271226e-14   9.293623e-04   7.188383e-16   10776
  1.015145e+00   5.034421e-14   1.016690e-03   6.236248e-16   12072
  1.018627e+00   4.823770e-14   9.322439e-04   6.260999e-16   10704
  1.021966e+00   5.197696e-14   9.563293e-04   6.796499e-16   11730
  1.025452e+00   5.045519e-14   9.932906e-04   6.449474e-16   12144
  1.028814e+00   4.986028e-14   9.411395e-04   6.383112e-16   11568
  1.032333e+00   4.932652e-14   1.018099e-03   6.453060e-16   11552
  1.035496e+00   4.731537e-14   9.188638e-04   6.149648e-16   10926
  1.038938e+00   4.872533e-14   1.040698e-03   6.054755e-16   13032
  1.042312e+00   5.061563e-14   8.505148e-04   6.788045e-16   10776
  1.045727e+00   4.606042e-14   1.046983e-03   5.666122e-16   13116
  1.049219e+00   4.756098e-14   9.853293e-04   6.008959e-16   12288
  1.052658e+00   4.653972e-14   9.056138e-04   6.407786e-16   11262
  1.055879e+00   4.849402e-14   9.783290e-04   6.165518e-16   12672
  1.059343e+00   4.839980e-14   9.592412e-04   6.187194e-16   12624
  1.062777e+00   4.685849e-14   9.623576e-04   6.135553e-16   12392
  1.066184e+00   4.475944e-14   9.864834e-04   5.720195e-16   12060
  1.069636e+00   4.718282e-14   1.040331e-03   5.832550e-16   13662
  1.072946e+00   4.679179e-14   8.984272e-04   6.438263e-16   11592
  1.076393e+00   4.596412e-14   1.067653e-03   5.521238e-16   13776
  1.079833e+00   4.417481e-14   9.079546e-04   5.810829e-16   12240
  1.083287e+00   4.484702e-14   1.046073e-03   5.254932e-16   13662
  1.086532e+00   4.682585e-14   8.990309e-04   6.218260e-16   11520
  1.090035e+00   4.528134e-14   1.036209e-03   5.525956e-16   15044
  1.093490e+00   4.369933e-14   9.313428e-04   5.705565e-16   12384
  1.096882e+00   4.226885e-14   9.804345e-04   5.187124e-16   13176
  1.100202e+00   4.332480e-14   8.879465e-04   5.486998e-16   12798
  1.103628e+00   4.479008e-14   1.008480e-03   5.203514e-16   14376
  1.106957e+00   4.472289e-14   9.586156e-04   6.013822e-16   12528
  1.110377e+00   4.344123e-14   1.006656e-03   5.308784e-16   14100
  1.113686e+00   4.334124e-14   9.133782e-04   5.616171e-16   12630
  1.117102e+00   4.440714e-14   9.919328e-04   5.390034e-16   14624
  1.120482e+00   4.428165e-14   9.894156e-04   5.593544e-16   13272
  1.123923e+00   4.241462e-14   1.008580e-03   5.064663e-16   14664
  1.127428e+00   4.090960e-14   1.031064e-03   4.956127e-16   14328
  1.130809e+00   4.241891e-14   9.574326e-04   5.496788e-16   13086
  1.134236e+00   4.269203e-14   1.030026e-03   5.124612e-16   15612
  1.137653e+00   4.104228e-14   8.878573e-04   5.157839e-16   13416
  1.140971e+00   4.249796e-14   1.044367e-03   5.255706e-16   14360
  1.144380e+00   3.975403e-14   9.770905e-04   4.858443e-16   14064
  1.147853e+00   4.292342e-14   1.005516e-03   5.321506e-16   15750
  1.151277e+00   4.110159e-14   9.498220e-04   5.251531e-16   13680
  1.154655e+00   4.020731e-14   1.034040e-03   4.766260e-16   15468
  1.158090e+00   3.944809e-14   9.964048e-04   4.957246e-16   14352
  1.161422e+00   3.953881e-14   9.831061e-04   4.870407e-16   14454
  1.164771e+00   4.159158e-14   1.009534e-03   5.125832e-16   15048
  1.168219e+00   4.000321e-14   9.356739e-04   4.875707e-16   15360
  1.171622e+00   3.992008e-14   1.028303e-03   5.050726e-16   15224
  1.175043e+00   3.942506e-14   9.737025e-04   4.587772e-16   15096
  1.178436e+00   3.949047e-14   9.513142e-04   4.937902e-16   14514
  1.181744e+00   4.078570e-14   9.972118e-04   4.916835e-16   16416
  1.185216e+00   3.950802e-14   9.813109e-04   4.899593e-16   15216
  1.188760e+00   3.787238e-14   9.875256e-04   4.301103e-16   16440
  1.192145e+00   3.707006e-14   9.934307e-04   4.672790e-16   14904
  1.195382e+00   3.907271e-14   9.331760e-04   4.743529e-16   15134
  1.198830e+00   3.923463e-14   1.044008e-03   4.691439e-16   16644
  1.202273e+00   3.647253e-14   9.801415e-04   4.309360e-16   16128
  1.205649e+00   3.831662e-14   9.739380e-04   4.773404e-16   15384
  1.208976e+00   3.732443e-14   9.574053e-04   4.566554e-16   15462
  1.212384e+00   3.826641e-14   1.022817e-03   4.477092e-16   17304
  1.215857e+00   3.782333e-14   9.644898e-04   4.633101e-16   16176
  1.219267e+00   3.732953e-14   1.020273e-03   4.362880e-16   16824
  1.222757e+00   3.592661e-14   9.384566e-04   4.143503e-16   15980
  1.226044e+00   3.647862e-14   9.341167e-04   4.400668e-16   16326
  1.229359e+00   3.922785e-14   9.971528e-04   4.751103e-16   16488
  1.232793e+00   3.705943e-14   9.674257e-04   4.491270e-16   16944
  1.236242e+00   3.473847e-14   1.018099e-03   3.992200e-16   17256
  1.239567e+00   3.478957e-14   9.442015e-04   4.097782e-16   15966
  1.243019e+00   3.752542e-14   1.002557e-03   4.476611e-16   17628
  1.246398e+00   3.565555e-14   9.523046e-04   4.195676e-16   17280
  1.249813e+00   3.610930e-14   1.048272e-03   4.319635e-16   17056
  1.253179e+00   3.515230e-14   9.884505e-04   4.063934e-16   17296
  1.256693e+00   3.515888e-14   9.682006e-04   4.216324e-16   17526
  1.260009e+00   3.602883e-14   9.743928e-04   4.322915e-16   17592
  1.263462e+00   3.598083e-14   1.013641e-03   4.127611e-16   17880
  1.266826e+00   3.444097e-14   9.399981e-04   4.178220e-16   17028
  1.270153e+00   3.403698e-14   9.558687e-04   3.961161e-16   17376
  1.273537e+00   3.606523e-14   9.489771e-04   4.302135e-16   18414
  1.277033e+00   3.493886e-14   9.732250e-04   4.189310e-16   17840
  1.280422e+00   3.358075e-14   1.021714e-03   3.802192e-16   18960
  1.283800e+00   3.309897e-14   9.491477e-04   3.963697e-16   16992
  1.287191e+00   3.400099e-14   1.045598e-03   3.834857e-16   18378
  1.290511e+00   3.394536e-14   9.309987e-04   4.175541e-16   18192
  1.293964e+00   3.332009e-14   9.939797e-04   3.719857e-16   19320
  1.297392e+00   3.347526e-14   9.640812e-04   3.913673e-16   17856
  1.300808e+00   3.134361e-14   9.952112e-04   3.547702e-16   19128
  1.304168e+00   3.375720e-14   9.205139e-04   4.096872e-16   18246
  1.307589e+00   3.484419e-14   9.567778e-04   3.973439e-16   19184
  1.310975e+00   3.257571e-14   9.792411e-04   3.894255e-16   18900
  1.314454e+00   3.161342e-14   1.021314e-03   3.578360e-16   19776
  1.317772e+00   3.158626e-14   9.370417e-04   3.691127e-16   17814
  1.321221e+00   3.452639e-14   1.019691e-03   3.874855e-16   19944
  1.324582e+00   3.164428e-14   1.005872e-03   3.690769e-16   19536
  1.328059e+00   3.233780e-14   9.953972e-04   3.709082e-16   20112
  1.331434e+00   3.127782e-14   9.251142e-04   3.720462e-16   18116
  1.334798e+00   3.108458e-14   9.644510e-04   3.678480e-16   19878
  1.338104e+00   3.362617e-14   9.747533e-04   3.912578e-16   19800
  1.341597e+00   3.231615e-14   9.746917e-04   3.803497e-16   20136
  1.345077e+00   3.094048e-14   1.025284e-03   3.546329e-16   20808
  1.348466e+00   3.059054e-14   9.288316e-04   3.560371e-16   19152
  1.351874e+00   3.298111e-14   9.810813e-04   3.800287e-16   20526
  1.355317e+00   3.089928e-14   1.009394e-03   3.581249e-16   20532
  1.358658e+00   3.089682e-14   1.003080e-03   3.458058e-16   20120
  1.361967e+00   3.010279e-14   9.347410e-04   3.574512e-16   19512
  1.365426e+00   3.007812e-14   1.015429e-03   3.361344e-16   21246
  1.368810e+00   3.065836e-14   9.234922e-04   3.673261e-16   20112
  1.372239e+00   3.061996e-14   1.028308e-03   3.303998e-16   22104
  1.375656e+00   3.067889e-14   1.009051e-03   3.587250e-16   19620
  1.379051e+00   2.784781e-14   1.002997e-03   3.087070e-16   21912
  1.382450e+00   3.039870e-14   9.358667e-04   3.434726e-16   20070
  1.385835e+00   3.041813e-14   1.019290e-03   3.264041e-16   22064
  1.389281e+00   2.909655e-14   9.677197e-04   3.362361e-16   21048
  1.392624e+00   2.923210e-14   9.464641e-04   3.295211e-16   21168
  1.396022e+00   2.888419e-14   1.023526e-03   3.207824e-16   21384
  1.399510e+00   2.864774e-14   9.261037e-04   3.197848e-16   22146
  1.402917e+00   3.028687e-14   9.907340e-04   3.408144e-16   22200
  1.406352e+00   2.934474e-14   9.384676e-04   3.432659e-16   21648
  1.409715e+00   2.855413e-14   1.004739e-03   3.333122e-16   21144
  1.413042e+00   2.781427e-14   9.557029e-04   3.101680e-16   21710
  1.416464e+00   2.972316e-14   1.015437e-03   3.295826e-16   23112
  1.419994e+00   2.869094e-14   1.013025e-03   3.166470e-16   23064
  1.423397e+00   2.801410e-14   9.375385e-04   3.288717e-16   21252
  1.426667e+00   2.761687e-14   9.398251e-04   3.078465e-16   22128
  1.430079e+00   2.952593e-14   9.741612e-04   3.445192e-16   22446
  1.433489e+00   2.822941e-14   9.547049e-04   3.088993e-16   22848
  1.436865e+00   2.767700e-14   9.559285e-04   3.108190e-16   23208
  1.440318e+00   2.789528e-14   9.839042e-04   3.020010e-16   22536
  1.443716e+00   2.659314e-14   9.977885e-04   2.943886e-16   22586
  1.447106e+00   2.948764e-14   1.017372e-03   3.243997e-16   24096
  1.450516e+00   2.907802e-14   9.545662e-04   3.277748e-16   22440
  1.453882e+00   2.714710e-14   1.040231e-03   3.136429e-16   23400
  1.457251e+00   2.618114e-14   9.449552e-04   2.891350e-16   23232
  1.460730e+00   2.723746e-14   9.950400e-04   2.996781e-16   23886
  1.464083e+00   2.768619e-14   9.568206e-04   3.127822e-16   23376
  1.467479e+00   2.663557e-14   9.653968e-04   3.030913e-16   23540
  1.470837e+00   2.667601e-14   9.576052e-04   2.920001e-16   24240
  1.474322e+00   2.643982e-14   1.007568e-03   2.878805e-16   23952
  1.477751e+00   2.750524e-14   9.425996e-04   3.171770e-16   24006
  1.481188e+00   2.694343e-14   1.057459e-03   2.891926e-16   25560
  1.484513e+00   2.638617e-14   9.375935e-04   2.898117e-16   22728
  1.487845e+00   2.587886e-14   9.449672e-04   2.952407e-16   23556
  1.491222e+00   2.570110e-14   9.861154e-04   2.727349e-16   25398
  1.494647e+00   2.712073e-14   9.661087e-04   3.091751e-16   24088
  1.498058e+00   2.688765e-14   1.005693e-03   2.985983e-16   25696
  1.501476e+00   2.546605e-14   9.445009e-04   2.835661e-16   24144
  1.504866e+00   2.516994e-14   1.009435e-03   2.670318e-16   25560
  1.508279e+00   2.491640e-14   9.311536e-04   2.760494e-16   24246
  1.511702e+00   2.696783e-14   9.886422e-04   2.940861e-16   26292
  1.515117e+00   2.515492e-14   9.750958e-04   2.802528e-16   25200
  1.518516e+00   2.504340e-14   1.015518e-03   2.765560e-16   25296
  1.521840e+00   2.415853e-14   9.273872e-04   2.656007e-16   24192
  1.525374e+00   2.553165e-14   1.024084e-03   2.651658e-16   28646
  1.528819e+00   2.559392e-14   9.416682e-04   2.941664e-16   24552
  1.532197e+00   2.534131e-14   9.871622e-04   2.814880e-16   25788
  1.535497e+00   2.348956e-14   9.319875e-04   2.572060e-16   25272
  1.538910e+00   2.489507e-14   1.008561e-03   2.731813e-16   26118
  1.542254e+00   2.567827e-14   9.872169e-04   2.843429e-16   26016
  1.545754e+00   2.442322e-14   9.973691e-04   2.676165e-16   27792
  1.549107e+00   2.393006e-14   9.782537e-04   2.652186e-16   25072
  1.552489e+00   2.311715e-14   1.013302e-03   2.468982e-16   26824
  1.555876e+00   2.441444e-14   9.251742e-04   2.676075e-16   26106
  1.559322e+00   2.469821e-14   1.018165e-03   2.622576e-16   28296
  1.562736e+00   2.414337e-14   9.795929e-04   2.655008e-16   26640
  1.566139e+00   2.377237e-14   9.326427e-04   2.621033e-16   26064
  1.569509e+00   2.343645e-14   1.023197e-03   2.499923e-16   27822
  1.572858e+00   2.469877e-14   9.509197e-04   2.775752e-16   26160
  1.576250e+00   2.492379e-14   1.045692e-03   2.761465e-16   28108
  1.579675e+00   2.291042e-14   9.994315e-04   2.489123e-16   27664
  1.583072e+00   2.267789e-14   9.941707e-04   2.454691e-16   27600
  1.586528e+00   2.349485e-14   9.963156e-04   2.568772e-16   27510
  1.589938e+00   2.504431e-14   9.859005e-04   2.685555e-16   28848
  1.593332e+00   2.317881e-14   9.762803e-04   2.508709e-16   27744
  1.596742e+00   2.317714e-14   9.511846e-04   2.435163e-16   27888
  1.600131e+00   2.210845e-14   9.670142e-04   2.351639e-16   27780
  1.603528e+00   2.370116e-14   9.742031e-04   2.592882e-16   28734
  1.606889e+00   2.361094e-14   1.005991e-03   2.608348e-16   28232
  1.610329e+00   2.319372e-14   1.000286e-03   2.453220e-16   29016
  1.613693e+00   2.234751e-14   9.883033e-04   2.482242e-16   28056
  1.617078e+00   2.223399e-14   9.591200e-04   2.409382e-16   28710
  1.620494e+00   2.440658e-14   1.013131e-03   2.584985e-16   29220
  1.624041e+00   2.259923e-14   1.036386e-03   2.351108e-16   31584
  1.627400e+00   2.243821e-14   9.553743e-04   2.486732e-16   26904
  1.630674e+00   2.199368e-14   9.285874e-04   2.335611e-16   28512
  1.634161e+00   2.296774e-14   1.000248e-03   2.422662e-16   30878
  1.637619e+00   2.303604e-14   1.004557e-03   2.512053e-16   30408
  1.641002e+00   2.261946e-14   9.703596e-04   2.443467e-16   28632
  1.644329e+00   2.205732e-14   9.338123e-04   2.338495e-16   28764
  1.647688e+00   2.108034e-14   1.038911e-03   2.217306e-16   30630
  1.651141e+00   2.285381e-14   9.619060e-04   2.540000e-16   30240
  1.654600e+00   2.260799e-14   9.855083e-04   2.428583e-16   31008
  1.657971e+00   2.266630e-14   9.439236e-04   2.475866e-16   29240
  1.661283e+00   2.115106e-14   9.632944e-04   2.309793e-16   30000
  1.664737e+00   2.192042e-14   1.019644e-03   2.301191e-16   30978
  1.668138e+00   2.219455e-14   9.612856e-04   2.432847e-16   30696
  1.671525e+00   2.183695e-14   1.007582e-03   2.357196e-16   31320
  1.674870e+00   2.184260e-14   9.416567e-04   2.378002e-16   29280
  1.678263e+00   2.052024e-14   1.006944e-03   2.164381e-16   31488
  1.681653e+00   2.235653e-14   9.453471e-04   2.467091e-16   31326
  1.685080e+00   2.242285e-14   1.015014e-03   2.381857e-16   31480
  1.688539e+00   2.140696e-14   9.846423e-04   2.253182e-16   32572
  1.691988e+00   2.116692e-14   9.852371e-04   2.276466e-16   31296
  1.695337e+00   2.083023e-14   9.580987e-04   2.246102e-16   30798
  1.698756e+00   2.297034e-14   1.019947e-03   2.483811e-16   32256
  1.702112e+00   2.131587e-14   9.851718e-04   2.285684e-16   32088
  1.705471e+00   2.071917e-14   9.749849e-04   2.305269e-16   30936
  1.708872e+00   2.073240e-14   1.013665e-03   2.160400e-16   33036
  1.712340e+00   2.068771e-14   9.814605e-04   2.260010e-16   31846
  1.715716e+00   2.159348e-14   1.000452e-03   2.276416e-16   33832
  1.719107e+00   2.136310e-14   9.267229e-04   2.390088e-16   30912
  1.722470e+00   2.011697e-14   9.718409e-04   2.152124e-16   32976
  1.725849e+00   1.963225e-14   9.589091e-04   2.097091e-16   32712
  1.729299e+00   2.201890e-14   9.694589e-04   2.359146e-16   33438
  1.732697e+00   2.096135e-14   9.759808e-04   2.299459e-16   32556
  1.736008e+00   2.059422e-14   9.673595e-04   2.126453e-16   33144
  1.739423e+00   1.997208e-14   9.568897e-04   2.086859e-16   33504
  1.742928e+00   2.031097e-14   9.907617e-04   2.114342e-16   33542
  1.746251e+00   2.093321e-14   9.761088e-04   2.314307e-16   33768
  1.749697e+00   2.057722e-14   9.890657e-04   2.150367e-16   34368
  1.753059e+00   2.055618e-14   9.398519e-04   2.219047e-16   32856
  1.756491e+00   1.912864e-14   9.718883e-04   2.013219e-16   34524
  1.759859e+00   2.029422e-14   9.230442e-04   2.227259e-16   33510
  1.763319e+00   2.122891e-14   1.033008e-03   2.195595e-16   35856
  1.766738e+00   1.996210e-14   9.789033e-04   2.162333e-16   33888
  1.770094e+00   1.971518e-14   9.592478e-04   2.123630e-16   33752
  1.773444e+00   1.940370e-14   1.008735e-03   2.005923e-16   34902
  1.776965e+00   2.085783e-14   9.868343e-04   2.195632e-16   35484
  1.780394e+00   1.994583e-14   1.015830e-03   2.112411e-16   36648
  1.783785e+00   2.007866e-14   9.394377e-04   2.168701e-16   33000
  1.787135e+00   1.896043e-14   1.015728e-03   1.919096e-16   35520
  1.790596e+00   1.913448e-14   9.921111e-04   2.016363e-16   36078
  1.793965e+00   2.073124e-14   9.711127e-04   2.158442e-16   34992
  1.797329e+00   1.922448e-14   9.608864e-04   2.096390e-16   35072
  1.800764e+00   1.971344e-14   1.007567e-03   2.098759e-16   36876
  1.804084e+00   1.911084e-14   9.316889e-04   2.074084e-16   33216
  1.807491e+00   2.067816e-14   1.032331e-03   2.171245e-16   38382
  1.810984e+00   1.977360e-14   9.682750e-04   2.127900e-16   36072
  1.814418e+00   1.996857e-14   9.696935e-04   2.027032e-16   37464
  1.817773e+00   1.864823e-14   9.320563e-04   2.104342e-16   34416
  1.821192e+00   1.893642e-14   1.021416e-03   1.961157e-16   37386
  1.824585e+00   2.086927e-14   9.752191e-04   2.247546e-16   37040
  1.827967e+00   1.952471e-14   9.494317e-04   2.103566e-16   36240
  1.831325e+00   1.906059e-14   1.012861e-03   2.044939e-16   36432
  1.834733e+00   1.840028e-14   9.562728e-04   1.973182e-16   37560
  1.838152e+00   2.006266e-14   9.909694e-04   2.166665e-16   37350
  1.841634e+00   1.952994e-14   1.013075e-03   2.040978e-16   38616
  1.845012e+00   1.924357e-14   9.549061e-04   2.050775e-16   37092
  1.848409e+00   1.858152e-14   9.182933e-04   2.007320e-16   37272
  1.851799e+00   1.909900e-14   1.011002e-03   2.078283e-16   37616
  1.855230e+00   1.974675e-14   9.791045e-04   2.131839e-16   38478
  1.858608e+00   1.954979e-14   9.948864e-04   2.068998e-16   37992
  1.861981e+00   1.877762e-14   9.755720e-04   1.977238e-16   38232
  1.865360e+00   1.806679e-14   9.561314e-04   1.967601e-16   36708
  1.868749e+00   1.848020e-14   1.000812e-03   1.955265e-16   39534
  1.872173e+00   2.000656e-14   1.002785e-03   2.192724e-16   39336
  1.875572e+00   1.932970e-14   9.646922e-04   2.073912e-16   37624
  1.878977e+00   1.855113e-14   9.870851e-04   1.930791e-16   40408
  1.882408e+00   1.776267e-14   9.441395e-04   1.871598e-16   38256
  1.885822e+00   1.939128e-14   9.645504e-04   2.122166e-16   39438
  1.889268e+00   1.920649e-14   9.952977e-04   2.050081e-16   40524
  1.892622e+00   1.847202e-14   9.396870e-04   1.972472e-16   38448
  1.896001e+00   1.826323e-14   9.889896e-04   1.999229e-16   39312
  1.899370e+00   1.812669e-14   9.454305e-04   1.921803e-16   38718
  1.902752e+00   1.989544e-14   1.008786e-03   2.136399e-16   40872
  1.906153e+00   1.839094e-14   9.579164e-04   1.975161e-16   40088
  1.909607e+00   1.862651e-14   1.021028e-03   1.998401e-16   40644
  1.913014e+00   1.799750e-14   9.580841e-04   1.907396e-16   40176
  1.916440e+00   1.869658e-14   1.015811e-03   2.044763e-16   40998
  1.919781e+00   1.912673e-14   9.315444e-04   2.067155e-16   39192
  1.923177e+00   1.865834e-14   9.835940e-04   1.992110e-16   41640
  1.926591e+00   1.781260e-14   9.865853e-04   1.921284e-16   41400
  1.929954e+00   1.724209e-14   9.710201e-04   1.869280e-16   38640
  1.933373e+00   1.874088e-14   9.964131e-04   1.937150e-16   43658
  1.936792e+00   1.905711e-14   9.582756e-04   2.087502e-16   40608
  1.940176e+00   1.809134e-14   9.782447e-04   1.941674e-16   41880
  1.943631e+00   1.801877e-14   9.669901e-04   1.940850e-16   41712
  1.947085e+00   1.783180e-14   1.009457e-03   1.853227e-16   42942
  1.950463e+00   1.910861e-14   9.589570e-04   2.099160e-16   40896
  1.953853e+00   1.851224e-14   9.879975e-04   1.964481e-16   42708
  1.957213e+00   1.809730e-14   9.351117e-04   2.014150e-16   40968
  1.960629e+00   1.734051e-14   1.015965e-03   1.852286e-16   43496
  1.964036e+00   1.900943e-14   9.725754e-04   2.068797e-16   41454
  1.967447e+00   1.937235e-14   1.004526e-03   2.071388e-16   43704
  1.970751e+00   1.787142e-14   9.256831e-04   1.965768e-16   41208
  1.974178e+00   1.816585e-14   1.015706e-03   1.887243e-16   43944
  1.977639e+00   1.718188e-14   9.801018e-04   1.817361e-16   43218
  1.981069e+00   1.916320e-14   9.835304e-04   2.103392e-16   44136
  1.984421e+00   1.866615e-14   9.689214e-04   2.011006e-16   42304
  1.987802e+00   1.790693e-14   9.842599e-04   1.977922e-16   43096
  1.991130e+00   1.729627e-14   9.631295e-04   1.851948e-16   43464
  1.994604e+00   1.746724e-14   1.004342e-03   1.908045e-16   44382
  1.998002e+00   1.818218e-14   1.003266e-03   1.912198e-16   44316
  2.001426e+00   1.688920e-14   9.893154e-04   1.802595e-16   44592
  2.004809e+00   1.662374e-14   9.680892e-04   1.770746e-16   44328
  2.008236e+00   1.643750e-14   9.523162e-04   1.731213e-16   43560
  2.011631e+00   1.686568e-14   9.817514e-04   1.847102e-16   44763
  2.015012e+00   1.622549e-14   9.843293e-04   1.737425e-16   44216
  2.018416e+00   1.635561e-14   1.002968e-03   1.701376e-16   45144
  2.021845e+00   1.526164e-14   9.533111e-04   1.633650e-16   42876
  2.025221e+00   1.504310e-14   1.039094e-03   1.540698e-16   46164
  2.028603e+00   1.451982e-14   9.538972e-04   1.559269e-16   42360
  2.032052e+00   1.434080e-14   1.004468e-03   1.485079e-16   45324
  2.035424e+00   1.341575e-14   9.995889e-04   1.370508e-16   43320
  2.038817e+00   1.351483e-14   1.007297e-03   1.357501e-16   44580
  2.042292e+00   1.311201e-14   1.006134e-03   1.311797e-16   44468
  2.045700e+00   1.238187e-14   9.571103e-04   1.240547e-16   43416
  2.049007e+00   1.240028e-14   9.503154e-04   1.285504e-16   42264
  2.052427e+00   1.167810e-14   9.982480e-04   1.110527e-16   44580
  2.055855e+00   1.183247e-14   1.013336e-03   1.127313e-16   43824
  2.059268e+00   1.067853e-14   9.523479e-04   1.033341e-16   43392
  2.062640e+00   1.101886e-14   9.709336e-04   1.038220e-16   43296
  2.066077e+00   1.089757e-14   9.345634e-04   1.046536e-16   42656
  2.069429e+00   1.010082e-14   9.980838e-04   9.753469e-17   43728
  2.072869e+00   1.035795e-14   1.006399e-03   9.656341e-17   43536
  2.076268e+00   9.880696e-15   1.001616e-03   9.310625e-17   42180
  2.079670e+00   9.305218e-15   9.698728e-04   8.641652e-17   44136
  2.083087e+00   9.335323e-15   9.773400e-04   8.646322e-17   42372
  2.086460e+00   9.145728e-15   9.552676e-04   8.639637e-17   41604
  2.089832e+00   8.873095e-15   1.006521e-03   8.132932e-17   43440
  2.093239e+00   8.692170e-15   1.007289e-03   7.940203e-17   42488
  2.096600e+00   8.419404e-15   9.671663e-04   7.746742e-17   41496
  2.100046e+00   8.052877e-15   1.009561e-03   7.058085e-17   44112
  2.103476e+00   8.045176e-15   9.627245e-04   7.112399e-17   41688
  2.106847e+00   7.637962e-15   1.002887e-03   6.673801e-17   42276
  2.110231e+00   7.651854e-15   9.673004e-04   6.770100e-17   41172
  2.113637e+00   7.554861e-15   1.014189e-03   6.563957e-17   43536
  2.117060e+00   7.305311e-15   9.440682e-04   6.549985e-17   41496
  2.120446e+00   7.111559e-15   1.001696e-03   6.319633e-17   40764
  2.123824e+00   6.904298e-15   9.829124e-04   5.807492e-17   43220
  2.127251e+00   6.753502e-15   9.741948e-04   6.033401e-17   41076
  2.130650e+00   6.755006e-15   9.736862e-04   5.710831e-17   41532
  2.134066e+00   6.489534e-15   9.913433e-04   5.421068e-17   41928
  2.137452e+00   6.454456e-15   9.489903e-04   5.450414e-17   41412
  2.140836e+00   6.335342e-15   9.876425e-04   5.504105e-17   40032
  2.144200e+00   6.326114e-15   9.795004e-04   5.271195e-17   41880
  2.147583e+00   5.935451e-15   9.747362e-04   5.023507e-17   40264
  2.151008e+00   5.857282e-15   9.980952e-04   4.742793e-17   42592
  2.154444e+00   5.522906e-15   9.574599e-04   4.601426e-17   39588
  2.157836e+00   5.591736e-15   9.899106e-04   4.446298e-17   42180
  2.161205e+00   5.574212e-15   9.550806e-04   4.669997e-17   39240
  2.164591e+00   5.516681e-15   1.002498e-03   4.450264e-17   40920
  2.168021e+00   5.169179e-15   9.895186e-04   4.090973e-17   41184
  2.171435e+00   5.218010e-15   9.802064e-04   4.186452e-17   40872
  2.174814e+00   5.138293e-15   9.323587e-04   4.155663e-17   38748
  2.178230e+00   4.964968e-15   9.923713e-04   3.873968e-17   41420
  2.181596e+00   4.877316e-15   9.733624e-04   3.805961e-17   39816
  2.185019e+00   4.800293e-15   9.758566e-04   3.782002e-17   39792
  2.188398e+00   4.669975e-15   9.322510e-04   3.680809e-17   39816
  2.191853e+00   4.558720e-15   1.007568e-03   3.411946e-17   41064
  2.195255e+00   4.423632e-15   9.665765e-04   3.381066e-17   39204
  2.198703e+00   4.458773e-15   1.019970e-03   3.475788e-17   40080
  2.202014e+00   4.438960e-15   9.424963e-04   3.452508e-17   38332
  2.205420e+00   4.195216e-15   9.836872e-04   3.168914e-17   39952
  2.208814e+00   4.367577e-15   9.826829e-04   3.300350e-17   39000
  2.212292e+00   4.085366e-15   1.009126e-03   3.114523e-17   40356
  2.215686e+00   4.127851e-15   9.900841e-04   3.153360e-17   39300
  2.219073e+00   3.974196e-15   9.768590e-04   3.065214e-17   37452
  2.222434e+00   3.976848e-15   9.686015e-04   2.953292e-17   39732
  2.225893e+00   3.804999e-15   9.735156e-04   2.795740e-17   39312
  2.229261e+00   3.865739e-15   9.899780e-04   2.896217e-17   37632
  2.232646e+00   3.676396e-15   9.733727e-04   2.688850e-17   38420
  2.236046e+00   3.709876e-15   1.005997e-03   2.702768e-17   39564
  2.239457e+00   3.560137e-15   9.680250e-04   2.628820e-17   37236
  2.242822e+00   3.575407e-15   9.786551e-04   2.590501e-17   38100
  2.246202e+00   3.460767e-15   9.621843e-04   2.535016e-17   38208
  2.249650e+00   3.466745e-15   1.001343e-03   2.440203e-17   39072
  2.253028e+00   3.320467e-15   9.255374e-04   2.465224e-17   36192
  2.256433e+00   3.341891e-15   1.000569e-03   2.380030e-17   38928
  2.259875e+00   3.267898e-15   9.940952e-04   2.307484e-17   38768
  2.263364e+00   3.246335e-15   9.767718e-04   2.346832e-17   37596
  2.266775e+00   3.143352e-15   9.724364e-04   2.229464e-17   37296
  2.270122e+00   3.075400e-15   9.733477e-04   2.211874e-17   36948
  2.273485e+00   3.104022e-15   9.983394e-04   2.210350e-17   37248
  2.276967e+00   3.017423e-15   9.858991e-04   2.115997e-17   37152
  2.280308e+00   2.942883e-15   9.842197e-04   2.057020e-17   37512
  2.283721e+00   2.934574e-15   9.421972e-04   2.077011e-17   35876
  2.287109e+00   2.875491e-15   1.004095e-03   2.006341e-17   36936
  2.290550e+00   2.848076e-15   1.000342e-03   1.937632e-17   38028
  2.293967e+00   2.755174e-15   9.518210e-04   1.934231e-17   35592
  2.297304e+00   2.787180e-15   9.445855e-04   1.991125e-17   35508
  2.300680e+00   2.685994e-15   9.795177e-04   1.864617e-17   36492
  2.304133e+00   2.685493e-15   1.010473e-03   1.836793e-17   37608
  2.307551e+00   2.648818e-15   9.970499e-04   1.903169e-17   34848
  2.310869e+00   2.606394e-15   9.351021e-04   1.826767e-17   35220
  2.314285e+00   2.551978e-15   9.755168e-04   1.715823e-17   36884
  2.317699e+00   2.568301e-15   9.681382e-04   1.759746e-17   35412
  2.321162e+00   2.467701e-15   1.002430e-03   1.693934e-17   35652
  2.324531e+00   2.471809e-15   1.002197e-03   1.689976e-17   36072
  2.327908e+00   2.446288e-15   9.658515e-04   1.685425e-17   34368
  2.331324e+00   2.436324e-15   9.783685e-04   1.665518e-17   35484
  2.334741e+00   2.379938e-15   9.684744e-04   1.631432e-17   35256
  2.338088e+00   2.411636e-15   1.008122e-03   1.686995e-17   34476
  2.341506e+00   2.321447e-15   9.890537e-04   1.600734e-17   34916
  2.344896e+00   2.314181e-15   9.753182e-04   1.618964e-17   34596
  2.348289e+00   2.283556e-15   9.540538e-04   1.550568e-17   34656
  2.351696e+00   2.218335e-15   9.882911e-04   1.526838e-17   34596
  2.355125e+00   2.233587e-15   9.587525e-04   1.526561e-17   33984
  2.358476e+00   2.178553e-15   9.788210e-04   1.499429e-17   34080
  2.361852e+00   2.168220e-15   9.830509e-04   1.459034e-17   34140
  2.365304e+00   2.136078e-15   1.015340e-03   1.422283e-17   33804
  2.368719e+00   2.099636e-15   9.759441e-04   1.396164e-17   35096
  2.372155e+00   2.087373e-15   9.675675e-04   1.424004e-17   33108
  2.375492e+00   2.100936e-15   9.625095e-04   1.453756e-17   32280
  2.378878e+00   2.010420e-15   9.798228e-04   1.336347e-17   34404
  2.382324e+00   2.020448e-15   9.998368e-04   1.320762e-17   34248
  2.385781e+00   1.992985e-15   9.368618e-04   1.386736e-17   32016
  2.389171e+00   1.964420e-15   9.889111e-04   1.297674e-17   34344
  2.392588e+00   1.972261e-15   9.508792e-04   1.357869e-17   32024
  2.395887e+00   1.950654e-15   9.856404e-04   1.368324e-17   31908
  2.399315e+00   1.902148e-15   9.877149e-04   1.275383e-17   33192
  2.402753e+00   1.893574e-15   1.023393e-03   1.287726e-17   33288
  2.406122e+00   1.904616e-15   9.318436e-04   1.314563e-17   31356
  2.409537e+00   1.878581e-15   1.008572e-03   1.286281e-17   32496
  2.412934e+00   1.844295e-15   9.586275e-04   1.291636e-17   31944
  2.416251e+00   1.813981e-15   9.843477e-04   1.275969e-17   31512
  2.419642e+00   1.802641e-15   9.554269e-04   1.268728e-17   31156
  2.423118e+00   1.808162e-15   1.006701e-03   1.232901e-17   33352
  2.426525e+00   1.729765e-15   9.764504e-04   1.173759e-17   31344
  2.429966e+00   1.730390e-15   1.011019e-03   1.223069e-17   31068
  2.433353e+00   1.738321e-15   9.971418e-04   1.209466e-17   31752
  2.436684e+00   1.727601e-15   9.204472e-04   1.200773e-17   29868
  2.440099e+00   1.697054e-15   1.011444e-03   1.162087e-17   32052
  2.443539e+00   1.701501e-15   9.596990e-04   1.198697e-17   30012
  2.446898e+00   1.714616e-15   1.006915e-03   1.178415e-17   31520
  2.450354e+00   1.637702e-15   9.844685e-04   1.136854e-17   30648
  2.453706e+00   1.624698e-15   9.710870e-04   1.130220e-17   29304
  2.457112e+00   1.653664e-15   9.628022e-04   1.142564e-17   31140
  2.460584e+00   1.588731e-15   1.025697e-03   1.090681e-17   31320
  2.463992e+00   1.565964e-15   9.680019e-04   1.134299e-17   28356
  2.467346e+00   1.562493e-15   9.894595e-04   1.084095e-17   30288
  2.470691e+00   1.570362e-15   9.833600e-04   1.107430e-17   29472
  2.474056e+00   1.574756e-15   9.720749e-04   1.120082e-17   28716
  2.477529e+00   1.527876e-15   9.646939e-04   1.071335e-17   30740
  2.480961e+00   1.523069e-15   9.839130e-04   1.071718e-17   29304
  2.484327e+00   1.506405e-15   9.799311e-04   1.083262e-17   28476
  2.487752e+00   1.453749e-15   9.925668e-04   1.036716e-17   29304
  2.491155e+00   1.527470e-15   9.914075e-04   1.091382e-17   29280
  2.494601e+00   1.451119e-15   9.888067e-04   1.034939e-17   29100
  2.498031e+00   1.424194e-15   9.693726e-04   1.036787e-17   27816
  2.501330e+00   1.485393e-15   9.737231e-04   1.062390e-17   27692
  2.504737e+00   1.396348e-15   1.012495e-03   9.697828e-18   29724
  2.508211e+00   1.419124e-15   9.651031e-04   1.074259e-17   27240
  2.511571e+00   1.472114e-15   9.380122e-04   1.073281e-17   27588
  2.514934e+00   1.399209e-15   9.761300e-04   1.021241e-17   28560
  2.518371e+00   1.385563e-15   9.886158e-04   1.036994e-17   26952
  2.521774e+00   1.384310e-15   9.897907e-04   9.990634e-18   27516
  2.525163e+00   1.362691e-15   1.000219e-03   9.833874e-18   28344
  2.528599e+00   1.377220e-15   9.851718e-04   1.035938e-17   26196
  2.531920e+00   1.321966e-15   9.634803e-04   1.014886e-17   26360
  2.535324e+00   1.342571e-15   9.960409e-04   9.701011e-18   28152
  2.538760e+00   1.357304e-15   9.632402e-04   1.041213e-17   25896
  2.542127e+00   1.303916e-15   9.862139e-04   9.977421e-18   26592
  2.545539e+00   1.334916e-15   9.442321e-04   1.017821e-17   26568
  2.548976e+00   1.319749e-15   9.991750e-04   9.781438e-18   26832
  2.552322e+00   1.289616e-15   9.474214e-04   1.019560e-17   24972
  2.555791e+00   1.316292e-15   9.989695e-04   9.780623e-18   27000
  2.559168e+00   1.276672e-15   9.577813e-04   9.902571e-18   25448
  2.562535e+00   1.261496e-15   9.902443e-04   9.736376e-18   25476
  2.565992e+00   1.285725e-15   9.706909e-04   1.013606e-17   25152
  2.569333e+00   1.272273e-15   9.951122e-04   9.981805e-18   25968
  2.572775e+00   1.221563e-15   9.906648e-04   9.573072e-18   25320
  2.576210e+00   1.235599e-15   9.358363e-04   9.882966e-18   23796
  2.579496e+00   1.238630e-15   9.822477e-04   9.802734e-18   25500
  2.582914e+00   1.216404e-15   9.788363e-04   9.731578e-18   24420
  2.586378e+00   1.171420e-15   1.013161e-03   9.350765e-18   24656
  2.589722e+00   1.222700e-15   9.599232e-04   1.008018e-17   24036
  2.593114e+00   1.217534e-15   9.927315e-04   9.767802e-18   24528
  2.596483e+00   1.156778e-15   9.590289e-04   9.687161e-18   23004
  2.599888e+00   1.201248e-15   9.848565e-04   9.509191e-18   24576
  2.603308e+00   1.163140e-15   9.407132e-04   9.668249e-18   23736
  2.606725e+00   1.151341e-15   9.994817e-04   9.345154e-18   23712
  2.610164e+00   1.168217e-15   9.704406e-04   9.762660e-18   22992
  2.613550e+00   1.154724e-15   9.637349e-04   9.328169e-18   23984
  2.616935e+00   1.134420e-15   9.626269e-04   9.675647e-18   22344
  2.620337e+00   1.146963e-15   9.768169e-04   9.722289e-18   22536
  2.623720e+00   1.155620e-15   9.667935e-04   9.732797e-18   23268
  2.627096e+00   1.130446e-15   9.929071e-04   9.820974e-18   22152
  2.630500e+00   1.107564e-15   9.804448e-04   9.983992e-18   22068
  2.633988e+00   1.135239e-15   1.006815e-03   9.367419e-18   23664
  2.637353e+00   1.145354e-15   9.350088e-04   1.043295e-17   20640
  2.640713e+00   1.060916e-15   9.923052e-04   9.397697e-18   22376
  2.644179e+00   1.086666e-15   9.759242e-04   9.732156e-18   21444
  2.647520e+00   1.083600e-15   1.011260e-03   9.297381e-18   21576
  2.650919e+00   1.053793e-15   1.002590e-03   9.504888e-18   21660
  2.654412e+00   1.079002e-15   1.013805e-03   9.708406e-18   20916
  2.657789e+00   1.108155e-15   9.944119e-04   1.018060e-17   21504
  2.661144e+00   1.051411e-15   9.476635e-04   9.606364e-18   20508
  2.664583e+00   1.034900e-15   1.012559e-03   9.526782e-18   20036
  2.667961e+00   1.096833e-15   9.799347e-04   1.010639e-17   21276
  2.671380e+00   1.037182e-15   9.701273e-04   9.459113e-18   20652
  2.674793e+00   9.967623e-16   9.654062e-04   9.590325e-18   18696
  2.678197e+00   1.074714e-15   1.010458e-03   9.718890e-18   21504
  2.681608e+00   1.025687e-15   9.449905e-04   9.911149e-18   19284
  2.685012e+00   9.728939e-16   1.019116e-03   9.060152e-18   19356
  2.688395e+00   1.032590e-15   9.630933e-04   9.765374e-18   19236
  2.691747e+00   1.046771e-15   9.819342e-04   1.023208e-17   19476
  2.695170e+00   9.533662e-16   1.021783e-03   9.157022e-18   19184
  2.698647e+00   9.968911e-16   9.898888e-04   9.849527e-18   18852
  2.702034e+00   1.028340e-15   9.582506e-04   1.000615e-17   18876
  2.705357e+00   9.519566e-16   9.961544e-04   9.411906e-18   18336
  2.708799e+00   9.294518e-16   9.995508e-04   9.033050e-18   17820
  2.712259e+00   1.014648e-15   1.008841e-03   1.024964e-17   19392
  2.715616e+00   9.521213e-16   9.989261e-04   9.770436e-18   17616
  2.718949e+00   9.221947e-16   9.403994e-04   1.005525e-17   16320
  2.722413e+00   9.847636e-16   1.018465e-03   9.828717e-18   19292
  2.725776e+00   9.280024e-16   9.756316e-04   9.603165e-18   17112
  2.729283e+00   8.895992e-16   9.888233e-04   9.310075e-18   17388
  2.732704e+00   9.512645e-16   9.257555e-04   1.014014e-17   16692
  2.735930e+00   9.474080e-16   9.792720e-04   1.004413e-17   16956
  2.739452e+00   8.458718e-16   9.876901e-04   8.676421e-18   17040
  2.742894e+00   8.945691e-16   9.773330e-04   9.534435e-18   16092
  2.746164e+00   9.481761e-16   9.706985e-04   1.036437e-17   16380
  2.749642e+00   8.432225e-16   9.977628e-04   9.053823e-18   16688
  2.753053e+00   8.443046e-16   9.980974e-04   9.604829e-18   14940
  2.756401e+00   9.170879e-16   1.003592e-03   1.035245e-17   16668
  2.759872e+00   8.406901e-16   9.800161e-04   9.293426e-18   15804
  2.763238e+00   8.063550e-16   9.732068e-04   8.979379e-18   14280
  2.766639e+00   9.018253e-16   9.580540e-04   1.018127e-17   16068
  2.770034e+00   8.451392e-16   9.764201e-04   9.802609e-18   15048
  2.773410e+00   8.137572e-16   9.951146e-04   9.934277e-18   13940
  2.776793e+00   8.311867e-16   9.510677e-04   9.881272e-18   15072
  2.780185e+00   8.378261e-16   1.013899e-03   9.770624e-18   14808
  2.783543e+00   7.824272e-16   9.414253e-04   9.504324e-18   13200
  2.786996e+00   8.224937e-16   9.972653e-04   9.832697e-18   15156
  2.790453e+00   8.295606e-16   9.725079e-04   1.041666e-17   13788
  2.793844e+00   7.503918e-16   9.584580e-04   9.044423e-18   13608
  2.797233e+00   7.366474e-16   9.137161e-04   8.971488e-18   13224
  2.800612e+00   8.052388e-16   9.851237e-04   1.017537e-17   13320
  2.803972e+00   7.356510e-16   9.713652e-04   9.166392e-18   13220
  2.807429e+00   6.983637e-16   9.817789e-04   8.315239e-18   12984
  2.810903e+00   7.805623e-16   9.937490e-04   1.038889e-17   12780
  2.814182e+00   7.232476e-16   9.405135e-04   9.031029e-18   12360
  2.817641e+00   6.744909e-16   9.894990e-04   8.100178e-18   12480
  2.821091e+00   7.066521e-16   9.611149e-04   9.629122e-18   11892
  2.824384e+00   6.943130e-16   9.964972e-04   9.089211e-18   12192
  2.827831e+00   6.705409e-16   9.769214e-04   8.515266e-18   11328
  2.831260e+00   6.319291e-16   1.035957e-03   7.843082e-18   12020
  2.834610e+00   6.499575e-16   9.524676e-04   8.284108e-18   11052
  2.838092e+00   6.411008e-16   1.011816e-03   8.641022e-18   11304
  2.841356e+00   6.043105e-16   9.310152e-04   8.042525e-18   10368
  2.844694e+00   6.108162e-16   9.688111e-04   7.850561e-18   10899
  2.848216e+00   5.968980e-16   9.712629e-04   7.755170e-18   10752
  2.851560e+00   5.783655e-16   9.748745e-04   7.695698e-18   10446
  2.855007e+00   5.805753e-16   9.594983e-04   7.727422e-18   10092
  2.858423e+00   5.489367e-16   9.722089e-04   6.985868e-18   10220
  2.861722e+00   5.576255e-16   9.522226e-04   7.222665e-18   9636
  2.865233e+00   5.590876e-16   9.795968e-04   7.129698e-18   10020
  2.868677e+00   5.260157e-16   1.017742e-03   6.747715e-18   9906
  2.872011e+00   5.523458e-16   9.440243e-04   7.550361e-18   8940
  2.875468e+00   5.123330e-16   9.573450e-04   6.473157e-18   9558
  2.878844e+00   5.226445e-16   1.042557e-03   7.036688e-18   9180
  2.882185e+00   5.038783e-16   9.980883e-04   6.385229e-18   8674
  2.885679e+00   5.080005e-16   9.921159e-04   6.387979e-18   9454
  2.889055e+00   4.656144e-16   1.019679e-03   6.390541e-18   8316
  2.892409e+00   4.934661e-16   1.005575e-03   6.226743e-18   8622
  2.895912e+00   4.543122e-16   9.984805e-04   5.749872e-18   9006
  2.899261e+00   4.665003e-16   1.006426e-03   6.706778e-18   7698
  2.902617e+00   4.844361e-16   9.656669e-04   6.263394e-18   8406
  2.906123e+00   4.635820e-16   1.030423e-03   6.004245e-18   8646
  2.909458e+00   4.438319e-16   9.790969e-04   6.530660e-18   7014
  2.912801e+00   4.664975e-16   9.732754e-04   6.191699e-18   8510
  2.916355e+00   4.519162e-16   1.025772e-03   5.816702e-18   7890
  2.919690e+00   4.242530e-16   9.840041e-04   5.883468e-18   6966
  2.922978e+00   4.376220e-16   9.405721e-04   5.560980e-18   7902
  2.926483e+00   4.238998e-16   1.025831e-03   5.563854e-18   7278
  2.929893e+00   4.162448e-16   1.007738e-03   5.421239e-18   7338
  2.933248e+00   4.376589e-16   9.333698e-04   6.050384e-18   7254
  2.936686e+00   4.319544e-16   1.005241e-03   5.579446e-18   6678
  2.940020e+00   4.126546e-16   1.004294e-03   5.445018e-18   7286
  2.943557e+00   4.174391e-16   9.935741e-04   5.431648e-18   7200
  2.947070e+00   4.040215e-16   9.643759e-04   5.846046e-18   6234
  2.950183e+00   3.879037e-16   9.665943e-04   5.335048e-18   6630
  2.953710e+00   4.147614e-16   9.967120e-04   5.588625e-18   6822
  2.957208e+00   3.939802e-16   9.389826e-04   5.578281e-18   6078
  2.960394e+00   3.846888e-16   9.982063e-04   5.240325e-18   6528
  2.963920e+00   4.179892e-16   9.540002e-04   5.709780e-18   6034
  2.967295e+00   3.585237e-16   9.769421e-04   4.743097e-18   6190
  2.970648e+00   3.923969e-16   1.003693e-03   5.452793e-18   6270
  2.974190e+00   4.010916e-16   9.026267e-04   5.994063e-18   5520
  2.977431e+00   3.615892e-16   1.010599e-03   4.745935e-18   6126
  2.980823e+00   3.872282e-16   9.449916e-04   5.572793e-18   5562
  2.984382e+00   3.626933e-16   9.449251e-04   5.132247e-18   5790
  2.987609e+00   3.563558e-16   9.674247e-04   5.032906e-18   5496
  2.991029e+00   3.787476e-16   9.744149e-04   5.430585e-18   5262
  2.994510e+00   3.624728e-16   9.596787e-04   4.883907e-18   5774
  2.997839e+00   3.528084e-16   9.507037e-04   5.269384e-18   5124
  3.001346e+00   3.640327e-16   9.536598e-04   5.315661e-18   5070
  3.004645e+00   3.467169e-16   9.927132e-04   5.031915e-18   5430
  3.008016e+00   3.467167e-16   9.272914e-04   5.154183e-18   4680
  3.011587e+00   3.639044e-16   9.603639e-04   5.309789e-18   5370
  3.014869e+00   3.500113e-16   9.175102e-04   5.417846e-18   4638
  3.018210e+00   3.440407e-16   9.645033e-04   5.429928e-18   4536
  3.021696e+00   3.403944e-16   9.657981e-04   4.861602e-18   5222
  3.025044e+00   3.433358e-16   8.862693e-04   5.450988e-18   4254
  3.028475e+00   3.468845e-16   9.769455e-04   5.442095e-18   4548
  3.031790e+00   3.319187e-16   9.474352e-04   5.317284e-18   4638
  3.035175e+00   3.544530e-16   9.353877e-04   5.696768e-18   4176
  3.038687e+00   3.260737e-16   9.386274e-04   4.882487e-18   4518
  3.042021e+00   3.428426e-16   9.457109e-04   5.528707e-18   4278
  3.045343e+00   3.525678e-16   9.150178e-04   5.752479e-18   3732
  3.048746e+00   3.349173e-16   9.666582e-04   5.299874e-18   4502
  3.052175e+00   3.419667e-16   9.396687e-04   5.305147e-18   3984
  3.055637e+00   3.307964e-16   9.734809e-04   5.611115e-18   3726
  3.058859e+00   3.204578e-16   9.383075e-04   5.113966e-18   4014
  3.062253e+00   3.249476e-16   9.839881e-04   5.405883e-18   3756
  3.065874e+00   3.151914e-16   9.875702e-04   5.154678e-18   3894
  3.069162e+00   3.084775e-16   9.663769e-04   5.230129e-18   3744
  3.072480e+00   3.185172e-16   9.823894e-04   5.765028e-18   3174
  3.075941e+00   3.109517e-16   1.005522e-03   5.342190e-18   3968
  3.079369e+00   3.139933e-16   1.013997e-03   5.521533e-18   3522
  3.082951e+00   3.130332e-16   1.041435e-03   5.628093e-18   3198
  3.086200e+00   3.178941e-16   1.020090e-03   5.326976e-18   3648
  3.089591e+00   3.243221e-16   1.036958e-03   5.882486e-18   3054
  3.093164e+00   3.063532e-16   9.752705e-04   5.398129e-18   3312
  3.096416e+00   3.158826e-16   1.030232e-03   5.593162e-18   3354
  3.099859e+00   3.115529e-16   1.018756e-03   6.303920e-18   2624
  3.103228e+00   3.067659e-16   9.938936e-04   5.388362e-18   3462
  3.106655e+00   3.005974e-16   1.036730e-03   5.407274e-18   2976
  3.110270e+00   3.105075e-16   9.814041e-04   5.947292e-18   2670
  3.113407e+00   3.024210e-16   1.021601e-03   5.497729e-18   3186
  3.116767e+00   2.974584e-16   9.543614e-04   6.123969e-18   2376
  3.120346e+00   2.995707e-16   1.006058e-03   5.588287e-18   3102
  3.123650e+00   3.127780e-16   9.847799e-04   5.993207e-18   2688
  3.127086e+00   3.062757e-16   1.027393e-03   6.490762e-18   2286
  3.130454e+00   3.015827e-16   9.909871e-04   5.645815e-18   3020
  3.133859e+00   2.895218e-16   9.439116e-04   5.629594e-18   2310
  3.137474e+00   3.039538e-16   1.043166e-03   6.109137e-18   2544
  3.140695e+00   2.935542e-16   9.725494e-04   5.900047e-18   2526
  3.144064e+00   3.196483e-16   9.987847e-04   7.210472e-18   2112
  3.147593e+00   2.887928e-16   9.598648e-04   5.755574e-18   2538
  3.150931e+00   3.006474e-16   9.985896e-04   6.248130e-18   2304
  3.154328e+00   3.073005e-16   9.852879e-04   7.287265e-18   1902
  3.157623e+00   2.662539e-16   9.412660e-04   5.532579e-18   2408
  3.161035e+00   2.996365e-16   9.929091e-04   6.820718e-18   2094
  3.164668e+00   3.061129e-16   1.011639e-03   6.945998e-18   2028
  3.167856e+00   2.870375e-16   9.595772e-04   6.269488e-18   2094
  3.171241e+00   2.900423e-16   1.046849e-03   6.814857e-18   1920
  3.174835e+00   2.721877e-16   8.826100e-04   6.143478e-18   1926
  3.178123e+00   2.828087e-16   1.030221e-03   6.507625e-18   2088
  3.181468e+00   2.944131e-16   9.037369e-04   7.766878e-18   1434
  3.184829e+00   2.825627e-16   9.555433e-04   6.318250e-18   2048
  3.188160e+00   2.893862e-16   9.527742e-04   6.890077e-18   1758
  3.191826e+00   2.999503e-16   1.051156e-03   7.712646e-18   1584
  3.195185e+00   3.038783e-16   1.041430e-03   6.734592e-18   1998
  3.198586e+00   2.997552e-16   9.485689e-04   7.793667e-18   1428
  3.202148e+00   2.893061e-16   7.939925e-04   7.359993e-18   1488
  3.205259e+00   3.004846e-16   1.011466e-03   7.555418e-18   1806
  3.208542e+00   2.896935e-16   9.208043e-04   7.992681e-18   1040
  3.212051e+00   2.839319e-16   9.648325e-04   6.744540e-18   1782
  3.215260e+00   2.693004e-16   9.120959e-04   7.466412e-18   1428
  3.219099e+00   2.999233e-16   1.095182e-03   8.837402e-18   1206
  3.222346e+00   2.744384e-16   1.017509e-03   6.724198e-18   1728
  3.225619e+00   3.011236e-16   9.535870e-04   9.332189e-18   1038
  3.229392e+00   3.017669e-16   7.737160e-04   8.920550e-18   1248
  3.232374e+00   2.930911e-16   9.867404e-04   7.353010e-18   1530
  3.235646e+00   2.869042e-16   9.043822e-04   1.089488e-17   656
  3.239303e+00   2.991605e-16   1.013919e-03   7.078124e-18   1662
  3.242391e+00   2.943808e-16   8.393937e-04   9.302092e-18   1008
  3.246465e+00   2.826153e-16   1.114612e-03   9.113625e-18   960
  3.249524e+00   2.896763e-16   9.584513e-04   7.771127e-18   1458
  3.252720e+00   3.014788e-16   9.470398e-04   1.193011e-17   672
  3.256641e+00   2.785694e-16   7.422534e-04   7.865571e-18   1062
  3.259417e+00   2.816559e-16   9.629091e-04   7.406169e-18   1224
  3.262741e+00   2.654240e-16   8.411043e-04   1.374812e-17   374
  3.266486e+00   2.908891e-16   1.011004e-03   7.244281e-18   1512
  3.269516e+00   2.786973e-16   8.472106e-04   1.023096e-17   666
  3.273852e+00   2.749451e-16   1.035820e-03   1.028988e-17   720
  3.276572e+00   2.949446e-16   9.275922e-04   8.775165e-18   1224
  3.279914e+00   2.957717e-16   9.221403e-04   1.516327e-17   390
  3.283914e+00   2.896247e-16   6.856472e-04   8.982708e-18   936
  3.286459e+00   2.758916e-16   9.782860e-04   9.185108e-18   882
  3.290092e+00   3.150823e-16   9.551822e-04   2.139308e-17   216
  3.293625e+00   2.746185e-16   9.484183e-04   7.445674e-18   1286
  3.296619e+00   3.203077e-16   7.922754e-04   1.535109e-17   384
  3.301196e+00   2.790558e-16   9.974032e-04   1.149550e-17   576
  3.303565e+00   2.870860e-16   8.939464e-04   9.751803e-18   930
  3.306956e+00   2.952833e-16   8.781672e-04   1.572711e-17   216
  3.311281e+00   2.766693e-16   7.049195e-04   8.700627e-18   918
  3.313773e+00   2.894102e-16   9.494675e-04   1.403619e-17   480
  3.317151e+00   3.092330e-16   8.000415e-04   3.009074e-17   78
  3.320657e+00   2.837012e-16   8.648004e-04   8.986933e-18   1052
  3.323895e+00   2.656611e-16   1.006959e-03   1.672790e-17   240
  3.328852e+00   2.725593e-16   3.676460e-04   1.325824e-17   438
  3.330545e+00   2.936558e-16   8.506072e-04   1.136911e-17   648
  3.333703e+00   3.050892e-16   7.023041e-04   2.993852e-17   78
  3.338411e+00   2.871296e-16   6.127751e-04   9.335558e-18   780
  3.340778e+00   3.025803e-16   8.550342e-04   1.947602e-17   240
  3.343694e+00   3.021272e-16   0.000000e+00   7.702109e-17   6
  3.347623e+00   3.148728e-16   7.832637e-04   1.083591e-17   824
  3.350467e+00   2.378498e-16   6.055240e-04   2.841912e-17   78
  3.356076e+00   2.661531e-16   3.165921e-04   1.168275e-17   432
  3.357541e+00   2.797311e-16   7.656969e-04   1.481013e-17   348
  3.360330e+00   3.777732e-16   0.000000e+00   1.600953e-16   6
  3.365426e+00   2.732600e-16   5.413225e-04   1.038762e-17   600
  3.367442e+00   3.241202e-16   5.097238e-04   3.096919e-17   78
  3.374544e+00   3.139440e-16   6.700717e-04   1.183959e-17   572
  3.377176e+00   2.815840e-16   0.000000e+00   1.314183e-16   6
  3.383243e+00   2.649329e-16   3.146063e-04   1.294641e-17   384
  3.384459e+00   2.829747e-16   4.676281e-04   3.061801e-17   102
  3.392411e+00   2.857441e-16   4.599741e-04   1.421112e-17   396
  3.394229e+00   1.926054e-16   0.000000e+00   4.462647e-17   6
  3.401391e+00   2.896782e-16   4.161630e-04   1.731760e-17   326
  3.410329e+00   2.837982e-16   2.893928e-04   1.956390e-17   252
  3.411486e+00   7.126798e-16   0.000000e+00   2.143585e-16   6
  3.419333e+00   3.015425e-16   2.633341e-04   1.766941e-17   198
  3.428323e+00   2.572238e-16   2.009286e-04   2.025076e-17   146
  3.437326e+00   3.530062e-16   1.474817e-04   3.091990e-17   102
  3.446340e+00   3.039431e-16   1.024960e-04   3.599394e-17   66
  3.455367e+00   2.663334e-16   6.509513e-05   4.935964e-17   38
  3.464404e+00   3.825385e-16   3.357406e-05   5.379481e-17   18
  3.473449e+00   6.977709e-16   0.000000e+00   1.288763e-16   6
