  1.570796e-02   2.255144e-11   0.000000e+00   9.104031e-12   6
  2.221441e-02   1.020964e-11   0.000000e+00   2.040133e-12   12
  2.720699e-02   6.206752e-12   2.980232e-10   1.299147e-12   8
  3.141593e-02   1.758141e-11   0.000000e+00   1.900251e-12   6
  3.512407e-02   1.059251e-11   5.619580e-10   3.368664e-12   24
  3.847649e-02   1.339781e-11   5.619580e-10   2.307539e-12   24
  4.635387e-02   5.215758e-12   1.217504e-03   9.165522e-13   42
  4.967294e-02   6.514897e-12   0.000000e+00   1.397608e-12   24
  5.209742e-02   5.631117e-12   9.733398e-10   1.402837e-12   24
  5.608040e-02   5.462098e-12   9.621049e-04   5.910533e-13   32
  5.877382e-02   4.750502e-12   0.000000e+00   6.775433e-13   48
  6.283185e-02   5.182045e-12   0.000000e+00   2.291175e-12   6
  6.557030e-02   4.037146e-12   9.291969e-04   3.877130e-13   84
  6.935879e-02   4.357824e-12   8.893614e-04   6.622606e-13   48
  7.254758e-02   3.166488e-12   7.985346e-04   3.144831e-13   72
  7.695299e-02   3.374068e-12   1.123916e-09   4.965047e-13   24
  7.963774e-02   2.200718e-12   7.087081e-04   2.033073e-13   102
  8.367643e-02   2.527314e-12   1.370308e-03   2.606146e-13   104
  8.603606e-02   1.536855e-12   0.000000e+00   2.294281e-13   48
  9.068541e-02   1.411635e-12   9.092824e-04   1.230226e-13   108
  9.343657e-02   1.810416e-12   6.413175e-04   1.985421e-13   78
  9.650974e-02   1.918937e-12   5.553727e-04   1.824291e-13   96
  1.007521e-01   1.334037e-12   7.827476e-04   1.046964e-13   168
  1.046631e-01   1.276842e-12   9.466177e-04   1.279427e-13   120
  1.065366e-01   1.177272e-12   0.000000e+00   1.724518e-13   48
  1.109423e-01   1.193903e-12   9.164765e-04   9.954193e-14   194
  1.147571e-01   1.015115e-12   7.498405e-04   8.256617e-14   192
  1.180701e-01   1.227625e-12   5.224442e-04   1.026778e-13   96
  1.203984e-01   8.276179e-13   4.446482e-04   7.693794e-14   96
  1.233385e-01   8.514682e-13   6.559487e-04   6.841744e-14   174
  1.272878e-01   9.054777e-13   6.453399e-04   6.654848e-14   216
  1.304784e-01   7.091600e-13   6.685951e-04   5.156874e-14   192
  1.345850e-01   7.119224e-13   7.087816e-04   4.951617e-14   204
  1.374813e-01   5.857067e-13   9.706973e-04   3.750633e-14   224
  1.414909e-01   7.450362e-13   5.479655e-04   5.954512e-14   174
  1.446033e-01   6.115360e-13   1.053365e-03   3.318502e-14   288
  1.484650e-01   5.038748e-13   5.185518e-04   3.208757e-14   288
  1.514788e-01   4.623803e-13   1.000184e-03   3.253237e-14   192
  1.554236e-01   4.777997e-13   7.319331e-04   2.895016e-14   252
  1.579196e-01   4.637290e-13   4.361590e-04   2.845658e-14   246
  1.613100e-01   3.951236e-13   8.276231e-04   2.350868e-14   312
  1.643345e-01   4.046167e-13   5.346625e-04   2.131036e-14   248
  1.684860e-01   3.236555e-13   1.131025e-03   1.571106e-14   432
  1.718304e-01   4.056859e-13   9.472090e-04   2.788429e-14   198
  1.751353e-01   3.830658e-13   1.145604e-03   1.705835e-14   456
  1.789950e-01   3.200993e-13   6.685341e-04   1.983029e-14   324
  1.817267e-01   3.200347e-13   7.914724e-04   1.809930e-14   312
  1.851131e-01   2.721561e-13   9.927979e-04   1.392495e-14   408
  1.893262e-01   2.817116e-13   9.168549e-04   1.416939e-14   414
  1.922237e-01   2.419295e-13   7.933788e-04   1.192935e-14   392
  1.951891e-01   3.068282e-13   8.939032e-04   1.465233e-14   408
  1.990919e-01   2.653162e-13   9.488231e-04   1.245147e-14   444
  2.020561e-01   2.409307e-13   7.670392e-04   1.162067e-14   360
  2.058410e-01   2.327124e-13   1.052783e-03   8.297189e-15   678
  2.098438e-01   2.360238e-13   6.748154e-04   1.175539e-14   360
  2.129201e-01   2.064296e-13   1.111301e-03   8.866202e-15   648
  2.158529e-01   2.018827e-13   5.136230e-04   1.170378e-14   288
  2.195886e-01   1.830957e-13   9.568926e-04   7.174399e-15   686
  2.231016e-01   1.781908e-13   7.114303e-04   8.334957e-15   444
  2.262783e-01   1.734445e-13   9.881180e-04   6.871120e-15   696
  2.294381e-01   1.756617e-13   9.387623e-04   7.927291e-15   408
  2.328670e-01   1.649432e-13   9.712657e-04   6.102883e-15   648
  2.364370e-01   1.711186e-13   8.503906e-04   7.199089e-15   582
  2.396199e-01   1.434584e-13   1.064401e-03   5.603453e-15   744
  2.431321e-01   1.673588e-13   1.062590e-03   6.821116e-15   516
  2.463676e-01   1.434984e-13   1.028291e-03   5.454029e-15   728
  2.493547e-01   1.350394e-13   8.519968e-04   5.792834e-15   558
  2.529620e-01   1.240669e-13   8.588943e-04   4.384314e-15   768
  2.568725e-01   1.329859e-13   9.956413e-04   4.419846e-15   960
  2.602888e-01   1.318126e-13   6.965241e-04   5.477918e-15   576
  2.635727e-01   1.303377e-13   1.130592e-03   4.343490e-15   816
  2.671089e-01   1.049635e-13   8.722599e-04   3.715774e-15   666
  2.702138e-01   1.219983e-13   1.022915e-03   3.820800e-15   960
  2.739239e-01   1.079979e-13   1.008817e-03   4.258267e-15   824
  2.775241e-01   1.048414e-13   1.110885e-03   3.336388e-15   936
  2.808394e-01   1.000463e-13   8.261366e-04   4.129872e-15   624
  2.838930e-01   1.060004e-13   9.725641e-04   3.595898e-15   1062
  2.874377e-01   9.973620e-14   1.059457e-03   3.721185e-15   732
  2.905463e-01   8.982539e-14   9.192852e-04   2.897996e-15   1080
  2.942546e-01   9.439578e-14   1.002209e-03   3.191451e-15   936
  2.976082e-01   8.764940e-14   1.082494e-03   2.934933e-15   878
  3.011413e-01   8.314486e-14   1.097016e-03   2.537121e-15   1152
  3.044218e-01   8.310008e-14   8.479143e-04   2.509956e-15   1056
  3.079105e-01   7.794142e-14   1.001477e-03   2.625478e-15   864
  3.110264e-01   8.148040e-14   9.782607e-04   2.486714e-15   1092
  3.147509e-01   7.929659e-14   1.033457e-03   2.379428e-15   1206
  3.182989e-01   8.139826e-14   1.048759e-03   2.364561e-15   1248
  3.215758e-01   8.031315e-14   7.107183e-04   2.720531e-15   864
  3.244931e-01   7.305229e-14   7.379012e-04   2.237676e-15   1152
  3.282964e-01   7.065029e-14   1.098528e-03   2.110934e-15   1382
  3.320084e-01   7.386786e-14   9.790321e-04   2.299570e-15   1188
  3.352589e-01   6.444481e-14   1.037410e-03   1.866256e-15   1248
  3.383281e-01   6.738359e-14   9.840824e-04   1.993848e-15   1152
  3.416961e-01   6.704709e-14   1.080699e-03   1.794951e-15   1320
  3.454323e-01   6.184942e-14   7.162673e-04   1.835816e-15   1206
  3.485323e-01   6.444602e-14   1.040639e-03   1.762208e-15   1560
  3.522149e-01   5.858310e-14   9.687237e-04   1.714193e-15   1280
  3.553656e-01   5.757849e-14   9.753251e-04   1.594747e-15   1308
  3.588126e-01   5.789578e-14   9.788304e-04   1.436620e-15   1512
  3.622462e-01   5.438667e-14   7.986109e-04   1.609691e-15   1350
  3.657845e-01   5.952128e-14   1.055155e-03   1.572931e-15   1608
  3.688093e-01   5.731102e-14   9.074168e-04   1.710767e-15   1320
  3.723318e-01   5.377541e-14   1.093091e-03   1.426936e-15   1656
  3.755028e-01   5.013588e-14   8.593531e-04   1.379223e-15   1254
  3.791706e-01   4.996204e-14   9.807940e-04   1.101705e-15   1932
  3.826277e-01   5.414756e-14   8.807497e-04   1.382067e-15   1640
  3.860340e-01   4.997152e-14   9.142769e-04   1.304812e-15   1488
  3.892465e-01   4.759880e-14   8.838091e-04   1.196713e-15   1560
  3.929003e-01   4.740450e-14   1.061554e-03   1.173977e-15   2046
  3.962918e-01   4.546234e-14   9.522112e-04   1.218496e-15   1512
  3.995770e-01   4.391984e-14   9.476029e-04   1.087782e-15   1764
  4.028533e-01   4.522625e-14   9.447944e-04   1.170306e-15   1776
  4.062341e-01   4.338751e-14   1.135757e-03   1.052635e-15   1704
  4.098613e-01   4.516396e-14   1.112243e-03   1.025044e-15   2126
  4.131278e-01   4.140556e-14   7.726530e-04   1.111270e-15   1632
  4.164062e-01   3.946463e-14   1.029302e-03   8.702384e-16   2064
  4.197114e-01   4.168097e-14   8.486884e-04   1.032392e-15   1680
  4.233078e-01   4.269614e-14   9.519603e-04   9.690707e-16   2154
  4.266550e-01   4.137957e-14   9.636572e-04   9.364396e-16   2016
  4.302596e-01   3.867934e-14   1.057936e-03   8.693434e-16   2304
  4.335625e-01   3.836446e-14   8.422558e-04   9.596072e-16   1680
  4.369940e-01   3.699736e-14   9.757286e-04   7.763416e-16   2432
  4.404338e-01   3.827580e-14   9.614444e-04   9.121091e-16   1902
  4.438479e-01   3.731652e-14   9.886846e-04   8.582709e-16   2292
  4.468928e-01   3.479727e-14   7.831116e-04   9.297598e-16   1992
  4.505057e-01   3.544367e-14   1.003841e-03   7.268949e-16   2568
  4.539799e-01   3.229252e-14   8.764344e-04   8.377030e-16   1806
  4.574906e-01   3.538376e-14   1.078056e-03   7.062416e-16   3000
  4.610452e-01   3.608885e-14   9.809961e-04   8.078635e-16   2016
  4.640126e-01   3.453695e-14   9.156925e-04   7.805443e-16   2168
  4.673956e-01   3.289975e-14   9.350459e-04   7.217679e-16   2412
  4.709322e-01   3.241502e-14   1.022794e-03   6.687851e-16   2550
  4.743353e-01   3.431965e-14   1.015444e-03   7.361658e-16   2592
  4.778871e-01   2.979169e-14   9.354682e-04   6.364680e-16   2496
  4.812642e-01   3.098546e-14   1.034855e-03   6.350815e-16   2688
  4.846328e-01   3.151148e-14   8.939911e-04   7.321568e-16   2424
  4.881831e-01   3.087206e-14   8.203417e-04   6.670905e-16   2634
  4.913828e-01   3.048935e-14   9.840370e-04   6.778209e-16   2552
  4.945705e-01   3.111389e-14   1.032361e-03   6.190228e-16   2832
  4.981085e-01   2.896360e-14   9.803825e-04   6.443854e-16   2424
  5.015971e-01   2.733965e-14   1.087506e-03   5.278488e-16   3198
  5.048631e-01   2.801089e-14   8.681062e-04   6.160835e-16   2400
  5.083252e-01   2.816774e-14   9.985776e-04   4.978014e-16   3336
  5.119027e-01   2.767829e-14   8.404887e-04   6.397668e-16   2508
  5.150462e-01   2.665275e-14   1.013004e-03   5.282698e-16   3104
  5.187218e-01   2.711635e-14   1.019172e-03   5.792233e-16   2934
  5.220343e-01   2.866443e-14   9.369744e-04   5.728301e-16   3120
  5.256263e-01   2.670934e-14   1.045384e-03   5.255936e-16   3288
  5.289357e-01   2.543609e-14   8.800568e-04   5.042122e-16   2808
  5.323338e-01   2.526672e-14   1.104468e-03   4.937170e-16   2988
  5.357545e-01   2.699267e-14   1.011140e-03   5.614730e-16   3486
  5.390675e-01   2.476683e-14   9.571221e-04   4.904933e-16   3000
  5.422664e-01   2.547703e-14   8.325653e-04   4.864121e-16   3024
  5.458504e-01   2.319016e-14   9.168226e-04   4.400621e-16   3584
  5.494456e-01   2.406575e-14   9.821560e-04   4.406695e-16   3486
  5.527991e-01   2.512801e-14   8.845337e-04   5.166726e-16   3120
  5.560782e-01   2.297207e-14   8.734506e-04   4.599178e-16   3396
  5.593885e-01   2.204679e-14   9.978964e-04   3.990776e-16   3552
  5.629224e-01   2.260671e-14   9.603534e-04   4.145587e-16   3384
  5.664153e-01   2.296851e-14   9.777364e-04   4.551541e-16   3726
  5.697413e-01   2.444855e-14   9.475502e-04   4.953066e-16   3344
  5.729010e-01   2.261935e-14   9.736455e-04   4.409703e-16   3744
  5.765144e-01   2.117014e-14   9.477817e-04   3.842953e-16   3540
  5.799021e-01   2.228176e-14   1.006149e-03   4.355086e-16   3822
  5.834565e-01   2.255186e-14   9.878124e-04   4.186674e-16   4056
  5.866916e-01   2.188187e-14   9.078164e-04   4.255756e-16   3288
  5.900838e-01   2.093137e-14   1.048596e-03   3.715363e-16   4056
  5.934141e-01   2.115077e-14   9.605270e-04   3.902825e-16   3984
  5.970600e-01   2.158229e-14   8.831345e-04   4.052443e-16   3662
  6.001481e-01   2.105135e-14   9.636098e-04   3.921406e-16   3828
  6.036318e-01   2.046941e-14   1.089370e-03   3.662934e-16   4632
  6.071049e-01   1.961203e-14   8.410059e-04   3.483467e-16   3600
  6.105769e-01   1.903653e-14   9.985737e-04   3.475572e-16   4320
  6.138621e-01   2.125006e-14   7.834444e-04   4.235740e-16   3918
  6.171787e-01   2.054121e-14   9.014176e-04   3.734251e-16   4200
  6.205131e-01   2.015975e-14   1.022920e-03   3.519501e-16   4188
  6.239700e-01   1.798556e-14   1.038929e-03   3.109073e-16   4360
  6.274803e-01   1.967300e-14   1.038850e-03   3.516775e-16   4582
  6.308743e-01   1.956018e-14   9.234335e-04   3.602047e-16   4128
  6.343253e-01   1.932823e-14   9.920101e-04   3.300727e-16   4752
  6.375752e-01   1.857017e-14   9.131947e-04   3.425146e-16   4176
  6.411096e-01   1.850182e-14   1.050053e-03   3.124635e-16   4848
  6.446482e-01   1.887565e-14   9.123418e-04   3.603815e-16   4338
  6.479820e-01   1.823825e-14   9.957341e-04   3.038160e-16   5160
  6.512782e-01   1.834535e-14   8.072490e-04   3.457188e-16   4008
  6.548541e-01   1.731032e-14   1.067151e-03   2.752905e-16   5360
  6.581452e-01   1.726080e-14   9.926354e-04   3.145139e-16   4110
  6.615688e-01   1.812802e-14   1.063460e-03   2.981200e-16   5424
  6.648330e-01   1.804581e-14   9.093259e-04   3.349254e-16   4140
  6.682670e-01   1.763385e-14   1.015985e-03   2.741312e-16   5664
  6.717913e-01   1.679610e-14   8.830334e-04   2.898237e-16   4632
  6.751475e-01   1.681264e-14   9.313969e-04   2.839067e-16   4902
  6.784717e-01   1.765054e-14   9.953030e-04   2.973127e-16   5072
  6.818744e-01   1.713926e-14   9.385334e-04   2.936020e-16   5472
  6.852422e-01   1.691232e-14   9.538134e-04   3.031563e-16   4704
  6.886975e-01   1.584920e-14   1.047734e-03   2.423283e-16   5436
  6.922157e-01   1.689401e-14   9.975801e-04   2.795056e-16   5646
  6.954149e-01   1.699378e-14   8.926250e-04   3.113313e-16   4512
  6.988202e-01   1.626789e-14   1.140100e-03   2.492790e-16   6120
  7.023308e-01   1.558773e-14   8.820433e-04   2.735874e-16   5112
  7.057067e-01   1.594420e-14   1.042362e-03   2.539994e-16   5606
  7.091042e-01   1.636049e-14   9.714200e-04   2.733379e-16   5328
  7.124930e-01   1.610159e-14   9.787204e-04   2.552972e-16   5964
  7.158971e-01   1.534880e-14   9.940447e-04   2.430369e-16   5448
  7.193484e-01   1.529878e-14   1.017941e-03   2.255098e-16   5904
  7.228752e-01   1.563673e-14   1.000362e-03   2.572443e-16   5598
  7.261287e-01   1.560220e-14   9.386933e-04   2.571691e-16   5952
  7.294916e-01   1.503205e-14   1.026954e-03   2.299339e-16   5688
  7.328942e-01   1.494731e-14   9.846955e-04   2.440712e-16   5876
  7.362274e-01   1.448970e-14   9.604209e-04   2.355718e-16   5784
  7.396880e-01   1.465851e-14   9.580629e-04   2.209701e-16   6462
  7.431585e-01   1.528624e-14   1.033342e-03   2.550329e-16   5688
  7.463730e-01   1.428996e-14   9.533939e-04   2.280064e-16   6408
  7.498476e-01   1.444376e-14   9.842501e-04   2.243706e-16   6000
  7.533888e-01   1.411454e-14   1.059159e-03   2.177959e-16   6582
  7.568883e-01   1.451528e-14   1.008047e-03   2.259087e-16   6564
  7.601644e-01   1.448449e-14   8.888373e-04   2.360865e-16   6048
  7.635621e-01   1.413537e-14   1.018608e-03   2.247051e-16   6512
  7.671229e-01   1.346646e-14   1.012583e-03   1.955622e-16   6816
  7.705313e-01   1.394390e-14   8.855598e-04   2.366706e-16   6222
  7.737298e-01   1.458422e-14   9.227087e-04   2.245958e-16   6432
  7.771462e-01   1.400437e-14   9.712111e-04   2.171485e-16   6804
  7.805425e-01   1.357294e-14   9.154579e-04   2.020721e-16   6432
  7.838667e-01   1.317798e-14   1.076466e-03   2.049195e-16   6846
  7.872436e-01   1.420567e-14   9.829553e-04   2.264376e-16   6424
  7.904718e-01   1.349798e-14   8.822090e-04   1.950227e-16   6952
  7.940184e-01   1.362908e-14   1.063073e-03   1.973009e-16   7560
  7.975016e-01   1.297769e-14   9.134936e-04   2.025529e-16   6648
  8.010940e-01   1.305260e-14   1.003794e-03   1.850214e-16   7578
  8.042561e-01   1.386976e-14   9.063446e-04   2.250986e-16   6552
  8.076731e-01   1.319337e-14   9.979139e-04   1.865066e-16   7536
  8.111567e-01   1.268388e-14   9.132376e-04   1.754812e-16   7272
  8.145479e-01   1.191863e-14   9.728104e-04   1.773474e-16   6936
  8.178031e-01   1.281919e-14   9.977143e-04   1.956366e-16   7430
  8.213250e-01   1.309504e-14   1.045033e-03   1.952581e-16   7644
  8.245935e-01   1.218263e-14   9.307740e-04   1.850087e-16   7248
  8.281463e-01   1.206792e-14   1.064794e-03   1.741148e-16   8232
  8.316185e-01   1.233720e-14   9.710105e-04   1.976111e-16   7038
  8.349567e-01   1.260423e-14   9.438683e-04   1.897862e-16   7824
  8.382335e-01   1.228710e-14   9.942267e-04   1.786117e-16   7752
  8.416157e-01   1.237951e-14   1.003152e-03   1.834846e-16   7480
  8.451302e-01   1.174031e-14   1.011833e-03   1.647466e-16   8404
  8.485444e-01   1.218092e-14   9.399091e-04   1.745569e-16   7614
  8.518207e-01   1.256841e-14   9.844427e-04   1.902218e-16   7776
  8.551174e-01   1.205648e-14   9.392352e-04   1.772150e-16   7944
  8.585635e-01   1.138831e-14   9.766291e-04   1.585165e-16   8424
  8.619639e-01   1.115044e-14   9.583464e-04   1.594102e-16   7872
  8.654765e-01   1.212846e-14   9.630186e-04   1.759565e-16   8658
  8.688452e-01   1.192401e-14   9.611694e-04   1.694973e-16   8352
  8.723129e-01   1.101234e-14   9.655449e-04   1.513944e-16   8648
  8.755912e-01   1.124133e-14   9.149173e-04   1.637327e-16   7680
  8.790367e-01   1.100270e-14   9.531068e-04   1.580660e-16   8646
  8.822382e-01   1.164612e-14   9.234329e-04   1.758383e-16   8448
  8.857769e-01   1.157126e-14   9.812644e-04   1.564916e-16   9120
  8.891913e-01   1.100943e-14   9.588814e-04   1.633450e-16   8316
  8.926442e-01   1.083997e-14   1.034938e-03   1.458814e-16   9504
  8.961124e-01   1.156913e-14   9.411707e-04   1.774432e-16   8358
  8.995737e-01   1.118543e-14   9.948383e-04   1.519671e-16   9584
  9.029179e-01   1.073471e-14   9.519874e-04   1.533772e-16   8616
  9.063714e-01   1.022122e-14   1.036501e-03   1.365234e-16   9432
  9.098983e-01   1.039408e-14   1.054421e-03   1.445104e-16   9018
  9.130995e-01   1.110357e-14   8.925739e-04   1.645135e-16   8568
  9.164447e-01   1.109673e-14   9.935089e-04   1.506679e-16   9816
  9.199052e-01   1.028291e-14   9.405935e-04   1.382172e-16   9000
  9.233247e-01   1.013668e-14   9.837551e-04   1.359375e-16   9504
  9.267306e-01   1.039677e-14   1.006398e-03   1.455072e-16   9446
  9.300802e-01   1.095507e-14   9.624225e-04   1.554110e-16   9696
  9.335244e-01   1.002249e-14   8.956216e-04   1.368253e-16   9180
  9.369074e-01   9.968372e-15   1.035278e-03   1.303880e-16   10512
  9.403628e-01   9.947545e-15   9.787470e-04   1.384134e-16   9048
  9.437812e-01   1.072386e-14   9.387702e-04   1.528113e-16   10014
  9.469467e-01   9.759006e-15   9.162358e-04   1.374241e-16   9096
  9.503901e-01   1.000594e-14   1.048815e-03   1.306238e-16   11088
  9.540508e-01   9.788089e-15   1.020389e-03   1.322661e-16   9860
  9.574037e-01   9.552911e-15   9.672113e-04   1.282197e-16   10110
  9.607663e-01   1.008455e-14   1.006739e-03   1.377072e-16   10104
  9.641489e-01   9.792316e-15   9.545583e-04   1.282583e-16   10392
  9.675729e-01   9.633533e-15   9.880976e-04   1.321453e-16   10104
  9.710628e-01   9.159902e-15   1.022530e-03   1.114289e-16   11352
  9.746180e-01   9.650828e-15   9.364871e-04   1.340778e-16   10014
  9.777749e-01   1.011970e-14   8.644241e-04   1.445775e-16   9636
  9.811143e-01   9.314425e-15   1.024502e-03   1.144310e-16   11552
  9.846389e-01   9.671050e-15   9.519720e-04   1.283627e-16   10488
  9.880418e-01   9.009546e-15   9.942196e-04   1.214279e-16   10254
  9.913535e-01   9.584766e-15   9.360901e-04   1.233885e-16   11304
  9.947947e-01   9.431548e-15   9.500453e-04   1.267984e-16   10872
  9.982198e-01   9.543828e-15   1.018789e-03   1.224378e-16   10932
  1.001538e+00   9.048442e-15   9.191792e-04   1.207350e-16   10848
  1.004968e+00   9.478828e-15   9.613098e-04   1.233681e-16   10998
  1.008371e+00   9.176087e-15   1.010151e-03   1.168420e-16   11720
  1.011785e+00   9.218919e-15   9.293623e-04   1.205403e-16   10776
  1.015145e+00   8.643888e-15   1.016690e-03   1.037042e-16   12072
  1.018627e+00   8.593729e-15   9.322439e-04   1.113846e-16   10704
  1.021966e+00   8.984400e-15   9.563293e-04   1.156425e-16   11730
  1.025452e+00   9.044747e-15   9.932906e-04   1.180426e-16   12144
  1.028814e+00   8.820440e-15   9.411395e-04   1.094225e-16   11568
  1.032333e+00   8.682622e-15   1.018099e-03   1.086368e-16   11552
  1.035496e+00   8.526884e-15   9.188638e-04   1.117125e-16   10926
  1.038938e+00   9.002641e-15   1.040698e-03   1.119158e-16   13032
  1.042312e+00   8.991167e-15   8.505148e-04   1.344737e-16   10776
  1.045727e+00   8.615112e-15   1.046983e-03   1.076606e-16   13116
  1.049219e+00   8.348961e-15   9.853293e-04   1.018118e-16   12288
  1.052658e+00   8.716687e-15   9.056138e-04   1.148486e-16   11262
  1.055879e+00   8.671437e-15   9.783290e-04   1.110266e-16   12672
  1.059343e+00   8.487957e-15   9.592412e-04   1.058645e-16   12624
  1.062777e+00   8.545603e-15   9.623576e-04   1.100745e-16   12392
  1.066184e+00   8.233597e-15   9.864834e-04   1.052701e-16   12060
  1.069636e+00   8.496488e-15   1.040331e-03   1.078700e-16   13662
  1.072946e+00   8.378787e-15   8.984272e-04   1.124231e-16   11592
  1.076393e+00   8.445796e-15   1.067653e-03   1.044239e-16   13776
  1.079833e+00   7.758270e-15   9.079546e-04   9.759984e-17   12240
  1.083287e+00   8.212456e-15   1.046073e-03   1.027961e-16   13662
  1.086532e+00   8.513246e-15   8.990309e-04   1.134922e-16   11520
  1.090035e+00   8.042384e-15   1.036209e-03   9.323589e-17   15044
  1.093490e+00   7.974842e-15   9.313428e-04   1.030085e-16   12384
  1.096882e+00   7.919021e-15   9.804345e-04   1.049991e-16   13176
  1.100202e+00   8.139242e-15   8.879465e-04   1.048225e-16   12798
  1.103628e+00   8.213303e-15   1.008480e-03   1.021041e-16   14376
  1.106957e+00   7.715980e-15   9.586156e-04   9.921376e-17   12528
  1.110377e+00   7.826481e-15   1.006656e-03   9.395639e-17   14100
  1.113686e+00   7.665017e-15   9.133782e-04   9.786425e-17   12630
  1.117102e+00   7.923702e-15   9.919328e-04   9.872636e-17   14624
  1.120482e+00   7.875020e-15   9.894156e-04   9.775392e-17   13272
  1.123923e+00   7.604641e-15   1.008580e-03   9.084748e-17   14664
  1.127428e+00   7.372170e-15   1.031064e-03   9.144056e-17   14328
  1.130809e+00   7.484836e-15   9.574326e-04   9.448167e-17   13086
  1.134236e+00   7.798692e-15   1.030026e-03   9.234427e-17   15612
  1.137653e+00   7.193306e-15   8.878573e-04   8.843157e-17   13416
  1.140971e+00   7.437822e-15   1.044367e-03   8.487797e-17   14360
  1.144380e+00   6.998261e-15   9.770905e-04   8.523872e-17   14064
  1.147853e+00   7.351399e-15   1.005516e-03   8.798224e-17   15750
  1.151277e+00   7.390408e-15   9.498220e-04   9.553190e-17   13680
  1.154655e+00   7.429892e-15   1.034040e-03   9.039053e-17   15468
  1.158090e+00   6.927779e-15   9.964048e-04   8.652430e-17   14352
  1.161422e+00   7.241100e-15   9.831061e-04   8.585785e-17   14454
  1.164771e+00   7.422347e-15   1.009534e-03   9.016478e-17   15048
  1.168219e+00   6.899104e-15   9.356739e-04   8.494510e-17   15360
  1.171622e+00   6.928956e-15   1.028303e-03   8.268791e-17   15224
  1.175043e+00   6.961132e-15   9.737025e-04   8.245915e-17   15096
  1.178436e+00   7.186746e-15   9.513142e-04   8.893036e-17   14514
  1.181744e+00   6.777590e-15   9.972118e-04   7.886369e-17   16416
  1.185216e+00   6.984380e-15   9.813109e-04   8.301848e-17   15216
  1.188760e+00   6.674221e-15   9.875256e-04   7.613571e-17   16440
  1.192145e+00   6.543021e-15   9.934307e-04   7.740332e-17   14904
  1.195382e+00   7.067438e-15   9.331760e-04   8.509620e-17   15134
  1.198830e+00   7.003109e-15   1.044008e-03   8.391330e-17   16644
  1.202273e+00   6.799182e-15   9.801415e-04   8.110692e-17   16128
  1.205649e+00   6.357125e-15   9.739380e-04   7.582752e-17   15384
  1.208976e+00   6.730178e-15   9.574053e-04   8.269480e-17   15462
  1.212384e+00   6.743060e-15   1.022817e-03   7.804401e-17   17304
  1.215857e+00   6.546973e-15   9.644898e-04   7.790757e-17   16176
  1.219267e+00   6.485909e-15   1.020273e-03   7.647274e-17   16824
  1.222757e+00   6.547787e-15   9.384566e-04   7.719113e-17   15980
  1.226044e+00   6.341159e-15   9.341167e-04   7.696354e-17   16326
  1.229359e+00   6.732601e-15   9.971528e-04   8.168256e-17   16488
  1.232793e+00   6.598472e-15   9.674257e-04   7.834062e-17   16944
  1.236242e+00   6.210611e-15   1.018099e-03   7.376564e-17   17256
  1.239567e+00   6.387986e-15   9.442015e-04   7.759989e-17   15966
  1.243019e+00   6.627536e-15   1.002557e-03   7.964725e-17   17628
  1.246398e+00   6.313096e-15   9.523046e-04   7.493296e-17   17280
  1.249813e+00   6.233199e-15   1.048272e-03   7.413743e-17   17056
  1.253179e+00   6.163773e-15   9.884505e-04   7.067839e-17   17296
  1.256693e+00   6.098626e-15   9.682006e-04   7.067069e-17   17526
  1.260009e+00   6.433218e-15   9.743928e-04   7.541338e-17   17592
  1.263462e+00   6.140154e-15   1.013641e-03   6.954744e-17   17880
  1.266826e+00   6.178821e-15   9.399981e-04   7.257779e-17   17028
  1.270153e+00   6.044384e-15   9.558687e-04   7.158919e-17   17376
  1.273537e+00   6.118034e-15   9.489771e-04   6.903111e-17   18414
  1.277033e+00   6.059846e-15   9.732250e-04   7.195778e-17   17840
  1.280422e+00   5.870424e-15   1.021714e-03   6.382352e-17   18960
  1.283800e+00   5.926777e-15   9.491477e-04   7.226779e-17   16992
  1.287191e+00   5.928703e-15   1.045598e-03   6.697893e-17   18378
  1.290511e+00   6.068144e-15   9.309987e-04   7.615056e-17   18192
  1.293964e+00   5.892421e-15   9.939797e-04   6.812893e-17   19320
  1.297392e+00   6.001685e-15   9.640812e-04   7.104415e-17   17856
  1.300808e+00   5.644090e-15   9.952112e-04   6.463350e-17   19128
  1.304168e+00   5.954561e-15   9.205139e-04   6.982844e-17   18246
  1.307589e+00   6.120937e-15   9.567778e-04   7.096710e-17   19184
  1.310975e+00   5.704909e-15   9.792411e-04   6.571099e-17   18900
  1.314454e+00   5.631802e-15   1.021314e-03   6.232306e-17   19776
  1.317772e+00   5.584902e-15   9.370417e-04   6.335729e-17   17814
  1.321221e+00   5.918550e-15   1.019691e-03   6.853440e-17   19944
  1.324582e+00   5.568201e-15   1.005872e-03   6.276136e-17   19536
  1.328059e+00   5.581170e-15   9.953972e-04   6.030165e-17   20112
  1.331434e+00   5.538285e-15   9.251142e-04   6.486221e-17   18116
  1.334798e+00   5.345260e-15   9.644510e-04   6.035118e-17   19878
  1.338104e+00   5.806417e-15   9.747533e-04   6.589053e-17   19800
  1.341597e+00   5.545873e-15   9.746917e-04   6.232371e-17   20136
  1.345077e+00   5.390635e-15   1.025284e-03   5.931365e-17   20808
  1.348466e+00   5.367080e-15   9.288316e-04   6.257936e-17   19152
  1.351874e+00   5.561733e-15   9.810813e-04   6.373136e-17   20526
  1.355317e+00   5.386929e-15   1.009394e-03   5.912774e-17   20532
  1.358658e+00   5.495107e-15   1.003080e-03   6.253026e-17   20120
  1.361967e+00   5.241256e-15   9.347410e-04   5.905821e-17   19512
  1.365426e+00   5.382073e-15   1.015429e-03   6.245854e-17   21246
  1.368810e+00   5.515943e-15   9.234922e-04   6.236992e-17   20112
  1.372239e+00   5.410855e-15   1.028308e-03   5.875427e-17   22104
  1.375656e+00   5.355736e-15   1.009051e-03   5.958290e-17   19620
  1.379051e+00   5.086900e-15   1.002997e-03   5.601308e-17   21912
  1.382450e+00   5.297128e-15   9.358667e-04   6.255009e-17   20070
  1.385835e+00   5.487872e-15   1.019290e-03   6.073096e-17   22064
  1.389281e+00   5.110001e-15   9.677197e-04   5.831023e-17   21048
  1.392624e+00   5.130010e-15   9.464641e-04   5.545450e-17   21168
  1.396022e+00   5.055026e-15   1.023526e-03   5.522730e-17   21384
  1.399510e+00   5.049009e-15   9.261037e-04   5.643941e-17   22146
  1.402917e+00   5.256220e-15   9.907340e-04   5.790238e-17   22200
  1.406352e+00   5.138766e-15   9.384676e-04   5.656448e-17   21648
  1.409715e+00   4.801974e-15   1.004739e-03   5.367805e-17   21144
  1.413042e+00   4.872516e-15   9.557029e-04   5.260655e-17   21710
  1.416464e+00   5.210496e-15   1.015437e-03   5.808106e-17   23112
  1.419994e+00   5.180696e-15   1.013025e-03   5.679148e-17   23064
  1.423397e+00   4.925290e-15   9.375385e-04   5.713384e-17   21252
  1.426667e+00   4.770647e-15   9.398251e-04   5.401173e-17   22128
  1.430079e+00   4.907160e-15   9.741612e-04   5.343851e-17   22446
  1.433489e+00   4.996422e-15   9.547049e-04   5.554334e-17   22848
  1.436865e+00   4.928855e-15   9.559285e-04   5.341372e-17   23208
  1.440318e+00   4.986544e-15   9.839042e-04   5.675055e-17   22536
  1.443716e+00   4.659672e-15   9.977885e-04   5.291492e-17   22586
  1.447106e+00   5.096578e-15   1.017372e-03   5.510197e-17   24096
  1.450516e+00   5.013584e-15   9.545662e-04   5.458807e-17   22440
  1.453882e+00   4.730638e-15   1.040231e-03   5.323045e-17   23400
  1.457251e+00   4.535366e-15   9.449552e-04   4.989105e-17   23232
  1.460730e+00   4.805776e-15   9.950400e-04   5.501892e-17   23886
  1.464083e+00   5.040576e-15   9.568206e-04   5.629027e-17   23376
  1.467479e+00   4.806514e-15   9.653968e-04   5.364392e-17   23540
  1.470837e+00   4.617645e-15   9.576052e-04   5.119490e-17   24240
  1.474322e+00   4.540172e-15   1.007568e-03   4.887025e-17   23952
  1.477751e+00   4.886788e-15   9.425996e-04   5.622843e-17   24006
  1.481188e+00   4.730596e-15   1.057459e-03   5.034361e-17   25560
  1.484513e+00   4.752284e-15   9.375935e-04   5.421653e-17   22728
  1.487845e+00   4.462471e-15   9.449672e-04   5.039843e-17   23556
  1.491222e+00   4.506192e-15   9.861154e-04   4.760390e-17   25398
  1.494647e+00   4.806192e-15   9.661087e-04   5.667315e-17   24088
  1.498058e+00   4.658095e-15   1.005693e-03   4.902630e-17   25696
  1.501476e+00   4.457865e-15   9.445009e-04   4.938402e-17   24144
  1.504866e+00   4.448046e-15   1.009435e-03   4.762943e-17   25560
  1.508279e+00   4.486462e-15   9.311536e-04   4.910906e-17   24246
  1.511702e+00   4.719057e-15   9.886422e-04   5.045525e-17   26292
  1.515117e+00   4.512675e-15   9.750958e-04   4.971958e-17   25200
  1.518516e+00   4.478612e-15   1.015518e-03   5.010456e-17   25296
  1.521840e+00   4.176873e-15   9.273872e-04   4.502266e-17   24192
  1.525374e+00   4.540134e-15   1.024084e-03   4.633738e-17   28646
  1.528819e+00   4.405674e-15   9.416682e-04   4.956595e-17   24552
  1.532197e+00   4.484174e-15   9.871622e-04   4.887377e-17   25788
  1.535497e+00   4.208689e-15   9.319875e-04   4.685730e-17   25272
  1.538910e+00   4.351892e-15   1.008561e-03   4.645398e-17   26118
  1.542254e+00   4.547291e-15   9.872169e-04   5.061523e-17   26016
  1.545754e+00   4.287084e-15   9.973691e-04   4.528130e-17   27792
  1.549107e+00   4.384896e-15   9.782537e-04   4.880516e-17   25072
  1.552489e+00   4.080770e-15   1.013302e-03   4.310736e-17   26824
  1.555876e+00   4.287024e-15   9.251742e-04   4.640984e-17   26106
  1.559322e+00   4.398826e-15   1.018165e-03   4.628260e-17   28296
  1.562736e+00   4.220557e-15   9.795929e-04   4.497680e-17   26640
  1.566139e+00   4.287119e-15   9.326427e-04   4.852199e-17   26064
  1.569509e+00   3.982239e-15   1.023197e-03   3.983638e-17   27822
  1.572858e+00   4.297832e-15   9.509197e-04   5.044153e-17   26160
  1.576250e+00   4.323478e-15   1.045692e-03   4.508915e-17   28108
  1.579675e+00   4.092203e-15   9.994315e-04   4.450833e-17   27664
  1.583072e+00   3.944997e-15   9.941707e-04   4.295742e-17   27600
  1.586528e+00   4.137493e-15   9.963156e-04   4.419143e-17   27510
  1.589938e+00   4.234952e-15   9.859005e-04   4.505566e-17   28848
  1.593332e+00   4.112940e-15   9.762803e-04   4.480062e-17   27744
  1.596742e+00   4.014902e-15   9.511846e-04   4.211791e-17   27888
  1.600131e+00   3.961078e-15   9.670142e-04   4.270696e-17   27780
  1.603528e+00   4.119764e-15   9.742031e-04   4.509695e-17   28734
  1.606889e+00   4.160748e-15   1.005991e-03   4.488187e-17   28232
  1.610329e+00   3.997581e-15   1.000286e-03   4.113187e-17   29016
  1.613693e+00   3.872463e-15   9.883033e-04   4.232623e-17   28056
  1.617078e+00   3.842524e-15   9.591200e-04   4.040493e-17   28710
  1.620494e+00   4.159342e-15   1.013131e-03   4.377141e-17   29220
  1.624041e+00   3.870944e-15   1.036386e-03   3.895878e-17   31584
  1.627400e+00   4.079138e-15   9.553743e-04   4.690387e-17   26904
  1.630674e+00   3.938215e-15   9.285874e-04   4.221135e-17   28512
  1.634161e+00   4.029088e-15   1.000248e-03   4.258916e-17   30878
  1.637619e+00   3.982548e-15   1.004557e-03   4.272114e-17   30408
  1.641002e+00   3.974368e-15   9.703596e-04   4.315420e-17   28632
  1.644329e+00   3.866105e-15   9.338123e-04   4.180780e-17   28764
  1.647688e+00   3.719707e-15   1.038911e-03   3.824455e-17   30630
  1.651141e+00   3.910755e-15   9.619060e-04   4.109369e-17   30240
  1.654600e+00   3.949826e-15   9.855083e-04   4.201365e-17   31008
  1.657971e+00   3.915395e-15   9.439236e-04   4.327816e-17   29240
  1.661283e+00   3.613212e-15   9.632944e-04   3.949236e-17   30000
  1.664737e+00   3.863356e-15   1.019644e-03   4.108254e-17   30978
  1.668138e+00   3.864181e-15   9.612856e-04   4.183450e-17   30696
  1.671525e+00   3.797841e-15   1.007582e-03   4.120740e-17   31320
  1.674870e+00   3.781658e-15   9.416567e-04   4.040924e-17   29280
  1.678263e+00   3.563791e-15   1.006944e-03   3.744826e-17   31488
  1.681653e+00   3.795323e-15   9.453471e-04   4.086453e-17   31326
  1.685080e+00   3.842744e-15   1.015014e-03   4.039554e-17   31480
  1.688539e+00   3.614724e-15   9.846423e-04   3.653579e-17   32572
  1.691988e+00   3.648134e-15   9.852371e-04   3.843462e-17   31296
  1.695337e+00   3.661028e-15   9.580987e-04   3.877518e-17   30798
  1.698756e+00   3.847962e-15   1.019947e-03   4.040579e-17   32256
  1.702112e+00   3.702417e-15   9.851718e-04   3.882681e-17   32088
  1.705471e+00   3.662488e-15   9.749849e-04   4.021845e-17   30936
  1.708872e+00   3.545671e-15   1.013665e-03   3.710144e-17   33036
  1.712340e+00   3.562672e-15   9.814605e-04   3.941773e-17   31846
  1.715716e+00   3.730189e-15   1.000452e-03   3.802192e-17   33832
  1.719107e+00   3.748450e-15   9.267229e-04   4.270706e-17   30912
  1.722470e+00   3.441584e-15   9.718409e-04   3.528510e-17   32976
  1.725849e+00   3.448876e-15   9.589091e-04   3.621243e-17   32712
  1.729299e+00   3.749985e-15   9.694589e-04   3.905820e-17   33438
  1.732697e+00   3.652001e-15   9.759808e-04   3.925478e-17   32556
  1.736008e+00   3.516528e-15   9.673595e-04   3.677106e-17   33144
  1.739423e+00   3.519877e-15   9.568897e-04   3.661496e-17   33504
  1.742928e+00   3.535273e-15   9.907617e-04   3.632602e-17   33542
  1.746251e+00   3.530512e-15   9.761088e-04   3.693420e-17   33768
  1.749697e+00   3.623531e-15   9.890657e-04   3.892962e-17   34368
  1.753059e+00   3.527729e-15   9.398519e-04   3.725958e-17   32856
  1.756491e+00   3.378495e-15   9.718883e-04   3.475745e-17   34524
  1.759859e+00   3.501989e-15   9.230442e-04   3.913152e-17   33510
  1.763319e+00   3.721595e-15   1.033008e-03   3.764880e-17   35856
  1.766738e+00   3.392167e-15   9.789033e-04   3.746548e-17   33888
  1.770094e+00   3.364211e-15   9.592478e-04   3.609097e-17   33752
  1.773444e+00   3.385346e-15   1.008735e-03   3.484161e-17   34902
  1.776965e+00   3.656049e-15   9.868343e-04   4.046402e-17   35484
  1.780394e+00   3.535652e-15   1.015830e-03   3.733590e-17   36648
  1.783785e+00   3.455922e-15   9.394377e-04   3.669398e-17   33000
  1.787135e+00   3.280361e-15   1.015728e-03   3.386987e-17   35520
  1.790596e+00   3.266953e-15   9.921111e-04   3.403663e-17   36078
  1.793965e+00   3.575608e-15   9.711127e-04   3.714054e-17   34992
  1.797329e+00   3.345558e-15   9.608864e-04   3.539072e-17   35072
  1.800764e+00   3.231887e-15   1.007567e-03   3.182444e-17   36876
  1.804084e+00   3.226139e-15   9.316889e-04   3.431816e-17   33216
  1.807491e+00   3.458568e-15   1.032331e-03   3.514320e-17   38382
  1.810984e+00   3.376904e-15   9.682750e-04   3.552250e-17   36072
  1.814418e+00   3.372083e-15   9.696935e-04   3.493142e-17   37464
  1.817773e+00   3.228477e-15   9.320563e-04   3.499164e-17   34416
  1.821192e+00   3.237738e-15   1.021416e-03   3.355038e-17   37386
  1.824585e+00   3.511174e-15   9.752191e-04   3.711350e-17   37040
  1.827967e+00   3.361191e-15   9.494317e-04   3.667978e-17   36240
  1.831325e+00   3.303443e-15   1.012861e-03   3.488178e-17   36432
  1.834733e+00   3.108223e-15   9.562728e-04   3.183255e-17   37560
  1.838152e+00   3.351893e-15   9.909694e-04   3.418175e-17   37350
  1.841634e+00   3.415669e-15   1.013075e-03   3.570368e-17   38616
  1.845012e+00   3.317676e-15   9.549061e-04   3.558821e-17   37092
  1.848409e+00   3.125890e-15   9.182933e-04   3.196221e-17   37272
  1.851799e+00   3.192907e-15   1.011002e-03   3.270947e-17   37616
  1.855230e+00   3.372205e-15   9.791045e-04   3.594487e-17   38478
  1.858608e+00   3.379288e-15   9.948864e-04   3.609100e-17   37992
  1.861981e+00   3.206541e-15   9.755720e-04   3.295066e-17   38232
  1.865360e+00   3.094393e-15   9.561314e-04   3.335864e-17   36708
  1.868749e+00   3.171751e-15   1.000812e-03   3.296748e-17   39534
  1.872173e+00   3.335740e-15   1.002785e-03   3.491269e-17   39336
  1.875572e+00   3.281874e-15   9.646922e-04   3.537222e-17   37624
  1.878977e+00   3.181547e-15   9.870851e-04   3.353850e-17   40408
  1.882408e+00   3.123320e-15   9.441395e-04   3.224482e-17   38256
  1.885822e+00   3.231552e-15   9.645504e-04   3.415667e-17   39438
  1.889268e+00   3.304640e-15   9.952977e-04   3.390887e-17   40524
  1.892622e+00   3.174068e-15   9.396870e-04   3.377775e-17   38448
  1.896001e+00   3.104693e-15   9.889896e-04   3.142303e-17   39312
  1.899370e+00   2.997863e-15   9.454305e-04   3.099694e-17   38718
  1.902752e+00   3.309239e-15   1.008786e-03   3.490104e-17   40872
  1.906153e+00   3.246419e-15   9.579164e-04   3.484663e-17   40088
  1.909607e+00   3.267016e-15   1.021028e-03   3.452172e-17   40644
  1.913014e+00   3.009743e-15   9.580841e-04   3.171748e-17   40176
  1.916440e+00   3.149449e-15   1.015811e-03   3.338377e-17   40998
  1.919781e+00   3.271227e-15   9.315444e-04   3.535857e-17   39192
  1.923177e+00   3.280737e-15   9.835940e-04   3.502102e-17   41640
  1.926591e+00   3.009666e-15   9.865853e-04   3.155246e-17   41400
  1.929954e+00   3.018644e-15   9.710201e-04   3.277300e-17   38640
  1.933373e+00   3.261182e-15   9.964131e-04   3.359526e-17   43658
  1.936792e+00   3.190447e-15   9.582756e-04   3.489443e-17   40608
  1.940176e+00   3.038574e-15   9.782447e-04   3.235082e-17   41880
  1.943631e+00   3.067820e-15   9.669901e-04   3.272202e-17   41712
  1.947085e+00   3.006960e-15   1.009457e-03   3.071385e-17   42942
  1.950463e+00   3.323581e-15   9.589570e-04   3.750430e-17   40896
  1.953853e+00   3.183334e-15   9.879975e-04   3.325133e-17   42708
  1.957213e+00   3.010861e-15   9.351117e-04   3.240800e-17   40968
  1.960629e+00   2.883124e-15   1.015965e-03   2.976840e-17   43496
  1.964036e+00   3.164594e-15   9.725754e-04   3.341769e-17   41454
  1.967447e+00   3.298329e-15   1.004526e-03   3.440334e-17   43704
  1.970751e+00   2.998179e-15   9.256831e-04   3.235535e-17   41208
  1.974178e+00   3.001893e-15   1.015706e-03   3.091447e-17   43944
  1.977639e+00   2.868620e-15   9.801018e-04   2.959632e-17   43218
  1.981069e+00   3.152426e-15   9.835304e-04   3.343748e-17   44136
  1.984421e+00   3.197571e-15   9.689214e-04   3.586174e-17   42304
  1.987802e+00   3.064708e-15   9.842599e-04   3.340427e-17   43096
  1.991130e+00   2.915108e-15   9.631295e-04   3.050074e-17   43464
  1.994604e+00   3.032156e-15   1.004342e-03   3.339632e-17   44382
  1.998002e+00   3.064525e-15   1.003266e-03   3.387630e-17   44316
  2.001426e+00   2.982137e-15   9.893154e-04   3.332186e-17   44592
  2.004809e+00   2.809282e-15   9.680892e-04   3.020485e-17   44328
  2.008236e+00   2.855283e-15   9.523162e-04   3.181351e-17   43560
  2.011631e+00   2.851164e-15   9.817514e-04   3.171599e-17   44763
  2.015012e+00   2.735068e-15   9.843293e-04   3.110643e-17   44216
  2.018416e+00   2.810330e-15   1.002968e-03   3.123745e-17   45144
  2.021845e+00   2.633246e-15   9.533111e-04   3.027147e-17   42876
  2.025221e+00   2.535551e-15   1.039094e-03   2.775589e-17   46164
  2.028603e+00   2.449515e-15   9.538972e-04   2.639746e-17   42360
  2.032052e+00   2.423603e-15   1.004468e-03   2.553117e-17   45324
  2.035424e+00   2.298557e-15   9.995889e-04   2.454522e-17   43320
  2.038817e+00   2.303415e-15   1.007297e-03   2.486350e-17   44580
  2.042292e+00   2.168323e-15   1.006134e-03   2.304283e-17   44468
  2.045700e+00   2.027838e-15   9.571103e-04   2.147611e-17   43416
  2.049007e+00   2.034495e-15   9.503154e-04   2.184282e-17   42264
  2.052427e+00   1.957231e-15   9.982480e-04   2.030667e-17   44580
  2.055855e+00   1.980577e-15   1.013336e-03   2.043310e-17   43824
  2.059268e+00   1.787692e-15   9.523479e-04   1.866369e-17   43392
  2.062640e+00   1.817558e-15   9.709336e-04   1.854708e-17   43296
  2.066077e+00   1.775316e-15   9.345634e-04   1.825497e-17   42656
  2.069429e+00   1.649644e-15   9.980838e-04   1.664868e-17   43728
  2.072869e+00   1.686884e-15   1.006399e-03   1.727122e-17   43536
  2.076268e+00   1.605505e-15   1.001616e-03   1.627004e-17   42180
  2.079670e+00   1.512071e-15   9.698728e-04   1.495765e-17   44136
  2.083087e+00   1.531838e-15   9.773400e-04   1.550746e-17   42372
  2.086460e+00   1.452826e-15   9.552676e-04   1.441282e-17   41604
  2.089832e+00   1.426240e-15   1.006521e-03   1.403517e-17   43440
  2.093239e+00   1.398062e-15   1.007289e-03   1.390957e-17   42488
  2.096600e+00   1.362275e-15   9.671663e-04   1.347377e-17   41496
  2.100046e+00   1.261864e-15   1.009561e-03   1.212231e-17   44112
  2.103476e+00   1.293868e-15   9.627245e-04   1.268192e-17   41688
  2.106847e+00   1.242091e-15   1.002887e-03   1.232345e-17   42276
  2.110231e+00   1.208302e-15   9.673004e-04   1.169755e-17   41172
  2.113637e+00   1.139720e-15   1.014189e-03   1.030045e-17   43536
  2.117060e+00   1.122373e-15   9.440682e-04   1.074470e-17   41496
  2.120446e+00   1.091482e-15   1.001696e-03   1.053579e-17   40764
  2.123824e+00   1.082570e-15   9.829124e-04   9.976421e-18   43220
  2.127251e+00   1.026456e-15   9.741948e-04   9.559913e-18   41076
  2.130650e+00   1.032563e-15   9.736862e-04   9.462600e-18   41532
  2.134066e+00   1.002052e-15   9.913433e-04   9.631436e-18   41928
  2.137452e+00   9.760938e-16   9.489903e-04   8.925339e-18   41412
  2.140836e+00   9.418742e-16   9.876425e-04   9.093334e-18   40032
  2.144200e+00   9.304244e-16   9.795004e-04   8.374923e-18   41880
  2.147583e+00   8.884023e-16   9.747362e-04   8.215338e-18   40264
  2.151008e+00   8.842012e-16   9.980952e-04   7.690294e-18   42592
  2.154444e+00   8.369231e-16   9.574599e-04   7.774285e-18   39588
  2.157836e+00   8.179967e-16   9.899106e-04   7.047698e-18   42180
  2.161205e+00   8.020924e-16   9.550806e-04   7.355844e-18   39240
  2.164591e+00   8.204921e-16   1.002498e-03   7.368115e-18   40920
  2.168021e+00   7.382140e-16   9.895186e-04   6.507581e-18   41184
  2.171435e+00   7.593849e-16   9.802064e-04   6.880891e-18   40872
  2.174814e+00   7.386928e-16   9.323587e-04   6.719231e-18   38748
  2.178230e+00   7.307830e-16   9.923713e-04   6.367806e-18   41420
  2.181596e+00   6.969436e-16   9.733624e-04   6.084158e-18   39816
  2.185019e+00   6.916538e-16   9.758566e-04   6.027765e-18   39792
  2.188398e+00   6.685357e-16   9.322510e-04   5.852440e-18   39816
  2.191853e+00   6.369648e-16   1.007568e-03   5.339438e-18   41064
  2.195255e+00   6.297680e-16   9.665765e-04   5.432315e-18   39204
  2.198703e+00   6.143212e-16   1.019970e-03   5.152393e-18   40080
  2.202014e+00   6.126241e-16   9.424963e-04   5.273029e-18   38332
  2.205420e+00   5.695871e-16   9.836872e-04   4.867151e-18   39952
  2.208814e+00   5.996077e-16   9.826829e-04   5.014688e-18   39000
  2.212292e+00   5.464869e-16   1.009126e-03   4.468251e-18   40356
  2.215686e+00   5.489162e-16   9.900841e-04   4.584216e-18   39300
  2.219073e+00   5.455607e-16   9.768590e-04   4.650315e-18   37452
  2.222434e+00   5.283179e-16   9.686015e-04   4.347683e-18   39732
  2.225893e+00   5.096801e-16   9.735156e-04   4.192495e-18   39312
  2.229261e+00   5.119168e-16   9.899780e-04   4.097115e-18   37632
  2.232646e+00   4.929269e-16   9.733727e-04   4.076120e-18   38420
  2.236046e+00   4.885328e-16   1.005997e-03   3.921043e-18   39564
  2.239457e+00   4.649737e-16   9.680250e-04   3.736397e-18   37236
  2.242822e+00   4.679062e-16   9.786551e-04   3.877060e-18   38100
  2.246202e+00   4.501978e-16   9.621843e-04   3.545705e-18   38208
  2.249650e+00   4.512070e-16   1.001343e-03   3.596254e-18   39072
  2.253028e+00   4.376761e-16   9.255374e-04   3.534842e-18   36192
  2.256433e+00   4.313039e-16   1.000569e-03   3.444532e-18   38928
  2.259875e+00   4.172782e-16   9.940952e-04   3.274235e-18   38768
  2.263364e+00   4.087023e-16   9.767718e-04   3.201950e-18   37596
  2.266775e+00   4.039529e-16   9.724364e-04   3.154800e-18   37296
  2.270122e+00   3.982704e-16   9.733477e-04   3.110597e-18   36948
  2.273485e+00   3.877046e-16   9.983394e-04   3.017118e-18   37248
  2.276967e+00   3.855940e-16   9.858991e-04   3.041015e-18   37152
  2.280308e+00   3.645859e-16   9.842197e-04   2.754933e-18   37512
  2.283721e+00   3.661843e-16   9.421972e-04   2.856290e-18   35876
  2.287109e+00   3.587932e-16   1.004095e-03   2.745470e-18   36936
  2.290550e+00   3.537624e-16   1.000342e-03   2.634643e-18   38028
  2.293967e+00   3.421113e-16   9.518210e-04   2.632983e-18   35592
  2.297304e+00   3.465346e-16   9.445855e-04   2.660235e-18   35508
  2.300680e+00   3.313595e-16   9.795177e-04   2.525080e-18   36492
  2.304133e+00   3.253450e-16   1.010473e-03   2.433005e-18   37608
  2.307551e+00   3.178288e-16   9.970499e-04   2.485523e-18   34848
  2.310869e+00   3.199511e-16   9.351021e-04   2.428596e-18   35220
  2.314285e+00   3.073697e-16   9.755168e-04   2.286497e-18   36884
  2.317699e+00   3.087577e-16   9.681382e-04   2.319034e-18   35412
  2.321162e+00   2.983466e-16   1.002430e-03   2.231634e-18   35652
  2.324531e+00   2.918078e-16   1.002197e-03   2.183989e-18   36072
  2.327908e+00   2.885008e-16   9.658515e-04   2.164670e-18   34368
  2.331324e+00   2.837042e-16   9.783685e-04   2.088925e-18   35484
  2.334741e+00   2.796522e-16   9.684744e-04   2.086316e-18   35256
  2.338088e+00   2.759514e-16   1.008122e-03   2.075351e-18   34476
  2.341506e+00   2.693244e-16   9.890537e-04   2.051137e-18   34916
  2.344896e+00   2.634838e-16   9.753182e-04   1.954716e-18   34596
  2.348289e+00   2.629536e-16   9.540538e-04   1.947360e-18   34656
  2.351696e+00   2.524174e-16   9.882911e-04   1.828273e-18   34596
  2.355125e+00   2.529508e-16   9.587525e-04   1.825999e-18   33984
  2.358476e+00   2.418310e-16   9.788210e-04   1.842877e-18   34080
  2.361852e+00   2.475283e-16   9.830509e-04   1.839085e-18   34140
  2.365304e+00   2.433593e-16   1.015340e-03   1.777906e-18   33804
  2.368719e+00   2.372322e-16   9.759441e-04   1.689808e-18   35096
  2.372155e+00   2.345386e-16   9.675675e-04   1.719873e-18   33108
  2.375492e+00   2.309245e-16   9.625095e-04   1.686984e-18   32280
  2.378878e+00   2.225998e-16   9.798228e-04   1.611486e-18   34404
  2.382324e+00   2.231927e-16   9.998368e-04   1.606790e-18   34248
  2.385781e+00   2.165222e-16   9.368618e-04   1.621507e-18   32016
  2.389171e+00   2.139903e-16   9.889111e-04   1.544283e-18   34344
  2.392588e+00   2.120013e-16   9.508792e-04   1.572170e-18   32024
  2.395887e+00   2.068646e-16   9.856404e-04   1.516315e-18   31908
  2.399315e+00   2.051803e-16   9.877149e-04   1.424641e-18   33192
  2.402753e+00   2.004610e-16   1.023393e-03   1.396414e-18   33288
  2.406122e+00   1.999676e-16   9.318436e-04   1.446415e-18   31356
  2.409537e+00   1.957220e-16   1.008572e-03   1.410013e-18   32496
  2.412934e+00   1.920448e-16   9.586275e-04   1.379547e-18   31944
  2.416251e+00   1.866572e-16   9.843477e-04   1.359325e-18   31512
  2.419642e+00   1.883234e-16   9.554269e-04   1.365471e-18   31156
  2.423118e+00   1.829615e-16   1.006701e-03   1.268861e-18   33352
  2.426525e+00   1.818312e-16   9.764504e-04   1.310617e-18   31344
  2.429966e+00   1.775691e-16   1.011019e-03   1.292802e-18   31068
  2.433353e+00   1.784979e-16   9.971418e-04   1.258357e-18   31752
  2.436684e+00   1.769175e-16   9.204472e-04   1.268075e-18   29868
  2.440099e+00   1.726340e-16   1.011444e-03   1.233576e-18   32052
  2.443539e+00   1.699742e-16   9.596990e-04   1.251038e-18   30012
  2.446898e+00   1.700901e-16   1.006915e-03   1.221585e-18   31520
  2.450354e+00   1.653102e-16   9.844685e-04   1.235144e-18   30648
  2.453706e+00   1.646228e-16   9.710870e-04   1.208043e-18   29304
  2.457112e+00   1.654728e-16   9.628022e-04   1.179633e-18   31140
  2.460584e+00   1.609476e-16   1.025697e-03   1.155719e-18   31320
  2.463992e+00   1.573220e-16   9.680019e-04   1.160105e-18   28356
  2.467346e+00   1.543344e-16   9.894595e-04   1.122050e-18   30288
  2.470691e+00   1.523867e-16   9.833600e-04   1.093052e-18   29472
  2.474056e+00   1.503717e-16   9.720749e-04   1.101075e-18   28716
  2.477529e+00   1.497784e-16   9.646939e-04   1.080740e-18   30740
  2.480961e+00   1.500903e-16   9.839130e-04   1.111971e-18   29304
  2.484327e+00   1.462197e-16   9.799311e-04   1.080817e-18   28476
  2.487752e+00   1.423997e-16   9.925668e-04   1.019384e-18   29304
  2.491155e+00   1.485585e-16   9.914075e-04   1.066133e-18   29280
  2.494601e+00   1.405240e-16   9.888067e-04   1.054292e-18   29100
  2.498031e+00   1.348871e-16   9.693726e-04   1.005723e-18   27816
  2.501330e+00   1.401983e-16   9.737231e-04   1.032030e-18   27692
  2.504737e+00   1.341400e-16   1.012495e-03   9.713224e-19   29724
  2.508211e+00   1.329186e-16   9.651031e-04   1.015973e-18   27240
  2.511571e+00   1.323639e-16   9.380122e-04   9.608284e-19   27588
  2.514934e+00   1.282896e-16   9.761300e-04   9.374268e-19   28560
  2.518371e+00   1.287866e-16   9.886158e-04   9.851392e-19   26952
  2.521774e+00   1.290969e-16   9.897907e-04   9.747448e-19   27516
  2.525163e+00   1.296619e-16   1.000219e-03   9.694808e-19   28344
  2.528599e+00   1.258021e-16   9.851718e-04   9.728474e-19   26196
  2.531920e+00   1.216689e-16   9.634803e-04   9.081560e-19   26360
  2.535324e+00   1.249691e-16   9.960409e-04   9.140257e-19   28152
  2.538760e+00   1.194341e-16   9.632402e-04   9.417289e-19   25896
  2.542127e+00   1.190378e-16   9.862139e-04   9.124026e-19   26592
  2.545539e+00   1.178302e-16   9.442321e-04   8.907503e-19   26568
  2.548976e+00   1.190574e-16   9.991750e-04   9.108119e-19   26832
  2.552322e+00   1.137199e-16   9.474214e-04   8.848637e-19   24972
  2.555791e+00   1.154322e-16   9.989695e-04   8.650929e-19   27000
  2.559168e+00   1.141143e-16   9.577813e-04   8.755926e-19   25448
  2.562535e+00   1.103737e-16   9.902443e-04   8.640144e-19   25476
  2.565992e+00   1.125605e-16   9.706909e-04   8.947515e-19   25152
  2.569333e+00   1.119439e-16   9.951122e-04   8.673222e-19   25968
  2.572775e+00   1.087016e-16   9.906648e-04   8.630071e-19   25320
  2.576210e+00   1.076443e-16   9.358363e-04   8.833836e-19   23796
  2.579496e+00   1.067282e-16   9.822477e-04   8.251238e-19   25500
  2.582914e+00   1.091413e-16   9.788363e-04   8.688966e-19   24420
  2.586378e+00   1.021140e-16   1.013161e-03   8.156841e-19   24656
  2.589722e+00   1.076498e-16   9.599232e-04   8.784384e-19   24036
  2.593114e+00   1.030050e-16   9.927315e-04   8.243719e-19   24528
  2.596483e+00   1.008664e-16   9.590289e-04   8.421094e-19   23004
  2.599888e+00   1.038590e-16   9.848565e-04   8.545507e-19   24576
  2.603308e+00   9.969313e-17   9.407132e-04   8.129234e-19   23736
  2.606725e+00   9.766050e-17   9.994817e-04   8.109182e-19   23712
  2.610164e+00   1.026072e-16   9.704406e-04   8.568043e-19   22992
  2.613550e+00   9.770577e-17   9.637349e-04   8.250747e-19   23984
  2.616935e+00   9.522888e-17   9.626269e-04   8.151484e-19   22344
  2.620337e+00   9.475537e-17   9.768169e-04   8.143039e-19   22536
  2.623720e+00   9.584703e-17   9.667935e-04   8.004856e-19   23268
  2.627096e+00   9.477161e-17   9.929071e-04   8.076483e-19   22152
  2.630500e+00   9.262052e-17   9.804448e-04   7.989104e-19   22068
  2.633988e+00   9.463284e-17   1.006815e-03   7.937522e-19   23664
  2.637353e+00   9.223576e-17   9.350088e-04   8.300196e-19   20640
  2.640713e+00   8.835071e-17   9.923052e-04   7.723813e-19   22376
  2.644179e+00   8.988388e-17   9.759242e-04   8.057516e-19   21444
  2.647520e+00   9.014171e-17   1.011260e-03   7.964365e-19   21576
  2.650919e+00   8.710586e-17   1.002590e-03   7.881883e-19   21660
  2.654412e+00   8.810274e-17   1.013805e-03   8.126363e-19   20916
  2.657789e+00   8.956315e-17   9.944119e-04   8.168422e-19   21504
  2.661144e+00   8.668108e-17   9.476635e-04   7.944474e-19   20508
  2.664583e+00   8.336525e-17   1.012559e-03   7.719417e-19   20036
  2.667961e+00   8.834664e-17   9.799347e-04   8.202957e-19   21276
  2.671380e+00   8.470228e-17   9.701273e-04   7.782097e-19   20652
  2.674793e+00   7.964052e-17   9.654062e-04   7.711271e-19   18696
  2.678197e+00   8.463964e-17   1.010458e-03   7.704404e-19   21504
  2.681608e+00   8.325889e-17   9.449905e-04   7.942567e-19   19284
  2.685012e+00   7.825773e-17   1.019116e-03   7.514465e-19   19356
  2.688395e+00   8.136932e-17   9.630933e-04   8.041635e-19   19236
  2.691747e+00   8.232718e-17   9.819342e-04   7.928386e-19   19476
  2.695170e+00   7.429404e-17   1.021783e-03   7.174435e-19   19184
  2.698647e+00   7.662554e-17   9.898888e-04   7.412305e-19   18852
  2.702034e+00   8.224680e-17   9.582506e-04   8.280340e-19   18876
  2.705357e+00   7.479177e-17   9.961544e-04   7.757486e-19   18336
  2.708799e+00   7.249917e-17   9.995508e-04   7.232927e-19   17820
  2.712259e+00   8.102372e-17   1.008841e-03   8.263579e-19   19392
  2.715616e+00   7.433209e-17   9.989261e-04   7.679060e-19   17616
  2.718949e+00   6.870828e-17   9.403994e-04   7.176449e-19   16320
  2.722413e+00   7.793389e-17   1.018465e-03   7.996120e-19   19292
  2.725776e+00   7.257266e-17   9.756316e-04   7.683028e-19   17112
  2.729283e+00   6.816777e-17   9.888233e-04   7.042654e-19   17388
  2.732704e+00   7.188548e-17   9.257555e-04   7.830687e-19   16692
  2.735930e+00   7.543236e-17   9.792720e-04   8.284654e-19   16956
  2.739452e+00   6.585047e-17   9.876901e-04   6.850290e-19   17040
  2.742894e+00   6.946579e-17   9.773330e-04   7.798974e-19   16092
  2.746164e+00   7.338530e-17   9.706985e-04   8.325673e-19   16380
  2.749642e+00   6.528911e-17   9.977628e-04   7.248213e-19   16688
  2.753053e+00   6.527108e-17   9.980974e-04   7.391441e-19   14940
  2.756401e+00   7.134696e-17   1.003592e-03   8.110145e-19   16668
  2.759872e+00   6.512147e-17   9.800161e-04   7.426832e-19   15804
  2.763238e+00   6.057832e-17   9.732068e-04   6.977819e-19   14280
  2.766639e+00   7.137646e-17   9.580540e-04   8.525014e-19   16068
  2.770034e+00   6.375080e-17   9.764201e-04   7.477952e-19   15048
  2.773410e+00   6.002549e-17   9.951146e-04   7.379318e-19   13940
  2.776793e+00   6.347564e-17   9.510677e-04   8.043191e-19   15072
  2.780185e+00   6.469932e-17   1.013899e-03   7.872276e-19   14808
  2.783543e+00   6.048893e-17   9.414253e-04   7.503426e-19   13200
  2.786996e+00   5.836302e-17   9.972653e-04   6.803244e-19   15156
  2.790453e+00   6.130659e-17   9.725079e-04   7.681723e-19   13788
  2.793844e+00   5.515255e-17   9.584580e-04   7.077810e-19   13608
  2.797233e+00   5.496221e-17   9.137161e-04   6.541517e-19   13224
  2.800612e+00   6.240573e-17   9.851237e-04   8.526545e-19   13320
  2.803972e+00   5.446079e-17   9.713652e-04   6.857354e-19   13220
  2.807429e+00   5.190485e-17   9.817789e-04   6.861822e-19   12984
  2.810903e+00   5.702325e-17   9.937490e-04   7.935560e-19   12780
  2.814182e+00   5.289361e-17   9.405135e-04   7.532959e-19   12360
  2.817641e+00   5.061513e-17   9.894990e-04   6.614905e-19   12480
  2.821091e+00   5.173640e-17   9.611149e-04   7.247111e-19   11892
  2.824384e+00   4.902640e-17   9.964972e-04   7.150013e-19   12192
  2.827831e+00   4.731459e-17   9.769214e-04   6.430316e-19   11328
  2.831260e+00   4.615225e-17   1.035957e-03   6.669839e-19   12020
  2.834610e+00   4.751000e-17   9.524676e-04   6.563981e-19   11052
  2.838092e+00   4.499825e-17   1.011816e-03   6.663304e-19   11304
  2.841356e+00   4.268611e-17   9.310152e-04   5.811841e-19   10368
  2.844694e+00   4.472577e-17   9.688111e-04   6.624602e-19   10899
  2.848216e+00   4.271811e-17   9.712629e-04   5.813467e-19   10752
  2.851560e+00   3.899230e-17   9.748745e-04   5.144513e-19   10446
  2.855007e+00   3.990138e-17   9.594983e-04   5.364994e-19   10092
  2.858423e+00   3.845854e-17   9.722089e-04   5.165284e-19   10220
  2.861722e+00   3.986485e-17   9.522226e-04   5.511041e-19   9636
  2.865233e+00   3.749380e-17   9.795968e-04   5.192383e-19   10020
  2.868677e+00   3.585715e-17   1.017742e-03   4.955358e-19   9906
  2.872011e+00   3.791652e-17   9.440243e-04   5.149486e-19   8940
  2.875468e+00   3.584925e-17   9.573450e-04   4.941073e-19   9558
  2.878844e+00   3.383536e-17   1.042557e-03   4.610184e-19   9180
  2.882185e+00   3.436480e-17   9.980883e-04   4.817269e-19   8674
  2.885679e+00   3.351547e-17   9.921159e-04   4.414996e-19   9454
  2.889055e+00   3.121877e-17   1.019679e-03   4.417575e-19   8316
  2.892409e+00   3.364407e-17   1.005575e-03   4.787370e-19   8622
  2.895912e+00   3.139834e-17   9.984805e-04   4.338620e-19   9006
  2.899261e+00   3.069347e-17   1.006426e-03   4.493084e-19   7698
  2.902617e+00   3.172634e-17   9.656669e-04   4.361590e-19   8406
  2.906123e+00   3.008907e-17   1.030423e-03   4.113230e-19   8646
  2.909458e+00   2.829132e-17   9.790969e-04   4.080478e-19   7014
  2.912801e+00   3.027758e-17   9.732754e-04   4.043072e-19   8510
  2.916355e+00   2.855020e-17   1.025772e-03   3.894507e-19   7890
  2.919690e+00   2.813257e-17   9.840041e-04   4.058013e-19   6966
  2.922978e+00   2.856688e-17   9.405721e-04   4.116116e-19   7902
  2.926483e+00   2.769539e-17   1.025831e-03   3.926793e-19   7278
  2.929893e+00   2.660117e-17   1.007738e-03   3.797234e-19   7338
  2.933248e+00   2.697511e-17   9.333698e-04   3.848619e-19   7254
  2.936686e+00   2.671971e-17   1.005241e-03   3.893600e-19   6678
  2.940020e+00   2.535927e-17   1.004294e-03   3.539116e-19   7286
  2.943557e+00   2.654253e-17   9.935741e-04   3.815376e-19   7200
  2.947070e+00   2.507975e-17   9.643759e-04   3.728725e-19   6234
  2.950183e+00   2.425627e-17   9.665943e-04   3.375399e-19   6630
  2.953710e+00   2.617252e-17   9.967120e-04   3.746263e-19   6822
  2.957208e+00   2.375694e-17   9.389826e-04   3.595127e-19   6078
  2.960394e+00   2.463486e-17   9.982063e-04   3.638065e-19   6528
  2.963920e+00   2.475652e-17   9.540002e-04   3.587573e-19   6034
  2.967295e+00   2.188459e-17   9.769421e-04   3.113261e-19   6190
  2.970648e+00   2.413849e-17   1.003693e-03   3.581968e-19   6270
  2.974190e+00   2.362363e-17   9.026267e-04   3.578149e-19   5520
  2.977431e+00   2.132066e-17   1.010599e-03   2.932082e-19   6126
  2.980823e+00   2.241380e-17   9.449916e-04   3.370369e-19   5562
  2.984382e+00   2.152380e-17   9.449251e-04   3.123806e-19   5790
  2.987609e+00   2.044479e-17   9.674247e-04   2.974279e-19   5496
  2.991029e+00   2.357596e-17   9.744149e-04   3.628918e-19   5262
  2.994510e+00   2.107903e-17   9.596787e-04   3.011216e-19   5774
  2.997839e+00   1.999277e-17   9.507037e-04   3.041228e-19   5124
  3.001346e+00   2.224011e-17   9.536598e-04   3.554513e-19   5070
  3.004645e+00   2.012127e-17   9.927132e-04   2.978766e-19   5430
  3.008016e+00   2.013206e-17   9.272914e-04   3.106791e-19   4680
  3.011587e+00   1.949295e-17   9.603639e-04   2.815255e-19   5370
  3.014869e+00   1.994949e-17   9.175102e-04   3.148599e-19   4638
  3.018210e+00   2.116906e-17   9.645033e-04   3.549147e-19   4536
  3.021696e+00   1.973732e-17   9.657981e-04   3.082194e-19   5222
  3.025044e+00   1.887465e-17   8.862693e-04   3.159139e-19   4254
  3.028475e+00   1.925175e-17   9.769455e-04   3.117552e-19   4548
  3.031790e+00   1.870085e-17   9.474352e-04   2.955399e-19   4638
  3.035175e+00   1.967072e-17   9.353877e-04   3.304183e-19   4176
  3.038687e+00   1.815449e-17   9.386274e-04   2.843664e-19   4518
  3.042021e+00   1.869326e-17   9.457109e-04   3.071898e-19   4278
  3.045343e+00   1.919557e-17   9.150178e-04   3.366997e-19   3732
  3.048746e+00   1.840866e-17   9.666582e-04   2.960887e-19   4502
  3.052175e+00   1.832612e-17   9.396687e-04   3.230241e-19   3984
  3.055637e+00   1.844366e-17   9.734809e-04   3.099736e-19   3726
  3.058859e+00   1.777604e-17   9.383075e-04   2.985039e-19   4014
  3.062253e+00   1.852065e-17   9.839881e-04   3.357182e-19   3756
  3.065874e+00   1.767111e-17   9.875702e-04   2.873233e-19   3894
  3.069162e+00   1.727300e-17   9.663769e-04   2.918718e-19   3744
  3.072480e+00   1.742779e-17   9.823894e-04   3.224539e-19   3174
  3.075941e+00   1.730675e-17   1.005522e-03   2.930079e-19   3968
  3.079369e+00   1.725598e-17   1.013997e-03   2.948517e-19   3522
  3.082951e+00   1.751607e-17   1.041435e-03   3.258777e-19   3198
  3.086200e+00   1.675424e-17   1.020090e-03   2.935545e-19   3648
  3.089591e+00   1.701525e-17   1.036958e-03   3.197858e-19   3054
  3.093164e+00   1.674274e-17   9.752705e-04   3.242888e-19   3312
  3.096416e+00   1.657594e-17   1.030232e-03   2.990067e-19   3354
  3.099859e+00   1.698058e-17   1.018756e-03   3.305583e-19   2624
  3.103228e+00   1.511419e-17   9.938936e-04   2.561543e-19   3462
  3.106655e+00   1.666176e-17   1.036730e-03   2.929923e-19   2976
  3.110270e+00   1.700833e-17   9.814041e-04   3.415625e-19   2670
  3.113407e+00   1.566029e-17   1.021601e-03   2.932302e-19   3186
  3.116767e+00   1.653142e-17   9.543614e-04   3.418046e-19   2376
  3.120346e+00   1.563645e-17   1.006058e-03   3.107853e-19   3102
  3.123650e+00   1.522409e-17   9.847799e-04   3.085041e-19   2688
  3.127086e+00   1.614152e-17   1.027393e-03   3.486118e-19   2286
  3.130454e+00   1.550643e-17   9.909871e-04   2.868143e-19   3020
  3.133859e+00   1.540435e-17   9.439116e-04   3.356211e-19   2310
  3.137474e+00   1.565063e-17   1.043166e-03   3.110342e-19   2544
  3.140695e+00   1.533270e-17   9.725494e-04   3.071537e-19   2526
  3.144064e+00   1.584289e-17   9.987847e-04   3.520601e-19   2112
  3.147593e+00   1.462049e-17   9.598648e-04   2.913382e-19   2538
  3.150931e+00   1.470969e-17   9.985896e-04   3.329834e-19   2304
  3.154328e+00   1.636408e-17   9.852879e-04   3.832065e-19   1902
  3.157623e+00   1.426136e-17   9.412660e-04   2.957873e-19   2408
  3.161035e+00   1.547144e-17   9.929091e-04   3.404851e-19   2094
  3.164668e+00   1.509365e-17   1.011639e-03   3.287856e-19   2028
  3.167856e+00   1.517235e-17   9.595772e-04   3.243164e-19   2094
  3.171241e+00   1.488109e-17   1.046849e-03   3.335064e-19   1920
  3.174835e+00   1.477846e-17   8.826100e-04   3.288244e-19   1926
  3.178123e+00   1.405251e-17   1.030221e-03   3.025501e-19   2088
  3.181468e+00   1.430151e-17   9.037369e-04   3.903165e-19   1434
  3.184829e+00   1.512660e-17   9.555433e-04   3.373761e-19   2048
  3.188160e+00   1.491633e-17   9.527742e-04   3.550894e-19   1758
  3.191826e+00   1.487876e-17   1.051156e-03   3.676907e-19   1584
  3.195185e+00   1.536555e-17   1.041430e-03   3.368008e-19   1998
  3.198586e+00   1.548245e-17   9.485689e-04   4.273536e-19   1428
  3.202148e+00   1.516563e-17   7.939925e-04   4.012245e-19   1488
  3.205259e+00   1.459649e-17   1.011466e-03   3.450554e-19   1806
  3.208542e+00   1.589633e-17   9.208043e-04   5.321757e-19   1040
  3.212051e+00   1.345281e-17   9.648325e-04   3.228144e-19   1782
  3.215260e+00   1.465211e-17   9.120959e-04   3.620547e-19   1428
  3.219099e+00   1.400979e-17   1.095182e-03   4.171448e-19   1206
  3.222346e+00   1.406688e-17   1.017509e-03   3.562007e-19   1728
  3.225619e+00   1.367390e-17   9.535870e-04   4.028020e-19   1038
  3.229392e+00   1.359627e-17   7.737160e-04   3.885705e-19   1248
  3.232374e+00   1.475175e-17   9.867404e-04   3.519880e-19   1530
  3.235646e+00   1.585574e-17   9.043822e-04   5.872575e-19   656
  3.239303e+00   1.391526e-17   1.013919e-03   3.349265e-19   1662
  3.242391e+00   1.344156e-17   8.393937e-04   4.369065e-19   1008
  3.246465e+00   1.369879e-17   1.114612e-03   5.014472e-19   960
  3.249524e+00   1.352098e-17   9.584513e-04   3.734062e-19   1458
  3.252720e+00   1.533483e-17   9.470398e-04   5.516406e-19   672
  3.256641e+00   1.357644e-17   7.422534e-04   4.448195e-19   1062
  3.259417e+00   1.354566e-17   9.629091e-04   3.766156e-19   1224
  3.262741e+00   1.588207e-17   8.411043e-04   8.334345e-19   374
  3.266486e+00   1.282804e-17   1.011004e-03   3.383684e-19   1512
  3.269516e+00   1.494009e-17   8.472106e-04   5.228573e-19   666
  3.273852e+00   1.402365e-17   1.035820e-03   5.527116e-19   720
  3.276572e+00   1.328288e-17   9.275922e-04   3.831430e-19   1224
  3.279914e+00   1.538215e-17   9.221403e-04   7.257207e-19   390
  3.283914e+00   1.347478e-17   6.856472e-04   4.445960e-19   936
  3.286459e+00   1.283205e-17   9.782860e-04   4.180632e-19   882
  3.290092e+00   1.288511e-17   9.551822e-04   8.201743e-19   216
  3.293625e+00   1.351833e-17   9.484183e-04   3.828432e-19   1286
  3.296619e+00   1.394022e-17   7.922754e-04   7.507192e-19   384
  3.301196e+00   1.486842e-17   9.974032e-04   6.074644e-19   576
  3.303565e+00   1.220923e-17   8.939464e-04   3.914264e-19   930
  3.306956e+00   1.395322e-17   8.781672e-04   8.109412e-19   216
  3.311281e+00   1.246689e-17   7.049195e-04   3.929866e-19   918
  3.313773e+00   1.221908e-17   9.494675e-04   5.603113e-19   480
  3.317151e+00   1.356031e-17   8.000415e-04   1.459914e-18   78
  3.320657e+00   1.354866e-17   8.648004e-04   4.610244e-19   1052
  3.323895e+00   1.271691e-17   1.006959e-03   8.051568e-19   240
  3.328852e+00   1.378721e-17   3.676460e-04   6.468180e-19   438
  3.330545e+00   1.318709e-17   8.506072e-04   5.221191e-19   648
  3.333703e+00   1.400419e-17   7.023041e-04   2.184853e-18   78
  3.338411e+00   1.281299e-17   6.127751e-04   4.235937e-19   780
  3.340778e+00   1.488056e-17   8.550342e-04   8.764573e-19   240
  3.343694e+00   1.797711e-17   0.000000e+00   3.772831e-18   6
  3.347623e+00   1.375276e-17   7.832637e-04   4.890498e-19   824
  3.350467e+00   1.070252e-17   6.055240e-04   9.947724e-19   78
  3.356076e+00   1.409455e-17   3.165921e-04   6.049865e-19   432
  3.357541e+00   1.431947e-17   7.656969e-04   7.484804e-19   348
  3.360330e+00   1.330393e-17   0.000000e+00   1.750268e-18   6
  3.365426e+00   1.358116e-17   5.413225e-04   5.547180e-19   600
  3.367442e+00   1.339496e-17   5.097238e-04   1.843836e-18   78
  3.374544e+00   1.315794e-17   6.700717e-04   5.573260e-19   572
  3.377176e+00   1.371665e-18   0.000000e+00   5.741996e-19   6
  3.383243e+00   1.584129e-17   3.146063e-04   8.586216e-19   384
  3.384459e+00   1.587017e-17   4.676281e-04   1.606029e-18   102
  3.392411e+00   1.727123e-17   4.599741e-04   1.003844e-18   396
  3.394229e+00   1.807130e-17   0.000000e+00   2.981683e-18   6
  3.401391e+00   1.618924e-17   4.161630e-04   8.659382e-19   326
  3.410329e+00   1.607330e-17   2.893928e-04   9.177369e-19   252
  3.411486e+00   5.483301e-18   0.000000e+00   1.525963e-18   6
  3.419333e+00   1.382948e-17   2.633341e-04   9.437403e-19   198
  3.428323e+00   1.165536e-17   2.009286e-04   8.208665e-19   146
  3.437326e+00   1.246331e-17   1.474817e-04   1.423373e-18   102
  3.446340e+00   7.763913e-18   1.024960e-04   9.162760e-19   66
  3.455367e+00   1.766398e-17   6.509513e-05   2.278024e-18   38
  3.464404e+00   8.362195e-18   3.357406e-05   1.688940e-18   18
  3.473449e+00   2.523869e-17   0.000000e+00   7.161848e-18   6
