# power spectrum of phi
# redshift z=48.519767
# k              Pk             sigma(k)       sigma(Pk)      count
  1.570796e-02   2.166491e-10   0.000000e+00   8.732981e-11   6
  2.221441e-02   9.788297e-11   0.000000e+00   1.954016e-11   12
  2.720699e-02   5.977022e-11   2.980232e-10   1.217830e-11   8
  3.141593e-02   1.693233e-10   0.000000e+00   1.822084e-11   6
  3.512407e-02   1.016408e-10   5.619580e-10   3.240206e-11   24
  3.847649e-02   1.285183e-10   5.619580e-10   2.167840e-11   24
  4.442883e-02   4.780792e-11   0.000000e+00   2.150703e-11   12
  4.712389e-02   5.190355e-11   6.357829e-10   9.512472e-12   30
  4.967294e-02   6.244818e-11   0.000000e+00   1.375434e-11   24
  5.209742e-02   5.419649e-11   9.733398e-10   1.344357e-11   24
  5.441398e-02   6.001231e-11   5.960464e-10   1.214705e-11   8
  5.663587e-02   4.983490e-11   7.947286e-10   6.206542e-12   24
  5.877382e-02   4.546566e-11   0.000000e+00   6.396350e-12   48
  6.283185e-02   5.296786e-11   0.000000e+00   2.329200e-11   6
  6.476559e-02   4.060452e-11   7.947286e-10   5.687332e-12   48
  6.664324e-02   3.709289e-11   7.492773e-10   3.880412e-12   36
  6.846942e-02   5.124858e-11   7.947286e-10   1.073084e-11   24
  7.024815e-02   2.996242e-11   1.123916e-09   5.139229e-12   24
  7.198293e-02   2.611818e-11   0.000000e+00   3.544675e-12   48
  7.367688e-02   3.864692e-11   1.123916e-09   5.499743e-12   24
  7.695299e-02   2.984758e-11   1.123916e-09   4.685413e-12   24
  7.853982e-02   1.989193e-11   0.000000e+00   3.257067e-12   30
  8.009521e-02   2.089709e-11   0.000000e+00   2.289372e-12   72
  8.162097e-02   2.034824e-11   1.192093e-09   4.170170e-12   32
  8.458997e-02   2.490384e-11   0.000000e+00   2.868661e-12   72
  8.603606e-02   1.518804e-11   0.000000e+00   2.221696e-12   48
  8.885766e-02   7.474748e-12   0.000000e+00   2.219886e-12   12
  9.023538e-02   1.451024e-11   0.000000e+00   2.172024e-12   48
  9.159238e-02   1.244409e-11   0.000000e+00   1.227481e-12   48
  9.292956e-02   1.630669e-11   1.123916e-09   2.061654e-12   48
  9.424778e-02   1.909682e-11   1.271566e-09   3.342766e-12   30
  9.554781e-02   1.766116e-11   0.000000e+00   3.968209e-12   24
  9.683039e-02   1.719181e-11   2.369423e-09   1.767559e-12   72
  9.934588e-02   9.978486e-12   0.000000e+00   1.897764e-12   24
  1.005800e-01   1.442789e-11   0.000000e+00   1.407629e-12   96
  1.017992e-01   1.085933e-11   0.000000e+00   1.450275e-12   48
  1.030040e-01   8.837551e-12   1.946680e-09   2.164937e-12   24
  1.041948e-01   6.584047e-12   1.946680e-09   1.355818e-12   24
  1.053722e-01   1.518180e-11   0.000000e+00   1.849900e-12   72
  1.065366e-01   1.150768e-11   0.000000e+00   1.769981e-12   48
  1.088280e-01   9.233386e-12   1.192093e-09   2.739723e-12   8
  1.099557e-01   1.429293e-11   1.412851e-09   1.740896e-12   54
  1.110721e-01   9.261204e-12   0.000000e+00   1.584390e-12   84
  1.121773e-01   1.053890e-11   0.000000e+00   1.521175e-12   48
  1.132717e-01   6.346523e-12   1.589457e-09   1.127645e-12   24
  1.143557e-01   8.512915e-12   2.119276e-09   1.001180e-12   72
  1.154295e-01   1.104458e-11   0.000000e+00   1.250006e-12   96
  1.175476e-01   1.441530e-11   0.000000e+00   1.572929e-12   48
  1.185925e-01   7.967018e-12   0.000000e+00   7.505269e-13   48
  1.196283e-01   7.152989e-12   0.000000e+00   1.393125e-12   24
  1.206552e-01   7.840679e-12   0.000000e+00   8.523994e-13   72
  1.226831e-01   7.763120e-12   0.000000e+00   9.159800e-13   72
  1.236846e-01   7.717844e-12   0.000000e+00   8.802303e-13   96
  1.256637e-01   1.172680e-11   0.000000e+00   5.143728e-12   6
  1.266416e-01   8.657275e-12   0.000000e+00   8.595373e-13   96
  1.276121e-01   8.834328e-12   1.589457e-09   9.426599e-13   96
  1.285752e-01   5.732603e-12   0.000000e+00   1.365413e-12   24
  1.295312e-01   6.468356e-12   1.589457e-09   7.642544e-13   48
  1.304801e-01   6.596480e-12   0.000000e+00   6.627990e-13   96
  1.314222e-01   7.014489e-12   0.000000e+00   9.501203e-13   48
  1.332865e-01   6.473142e-12   1.498555e-09   1.172512e-12   36
  1.342089e-01   6.455023e-12   2.753021e-09   8.027673e-13   48
  1.351250e-01   7.012576e-12   3.114687e-09   6.259227e-13   120
  1.360350e-01   6.053907e-12   0.000000e+00   7.960102e-13   56
  1.369388e-01   3.300406e-12   1.589457e-09   5.802198e-13   24
  1.378368e-01   4.847727e-12   0.000000e+00   4.322067e-13   96
  1.387290e-01   5.017572e-12   0.000000e+00   6.455336e-13   48
  1.404963e-01   6.322818e-12   2.247832e-09   1.172080e-12   24
  1.413717e-01   6.523741e-12   0.000000e+00   6.523493e-13   102
  1.422417e-01   7.188284e-12   1.589457e-09   1.089464e-12   48
  1.431064e-01   6.157167e-12   0.000000e+00   6.226681e-13   72
  1.439659e-01   5.522361e-12   0.000000e+00   5.564317e-13   48
  1.448203e-01   6.189117e-12   0.000000e+00   1.132726e-12   48
  1.456697e-01   5.010178e-12   3.596531e-09   4.582623e-13   120
  1.473538e-01   6.941997e-12   2.247832e-09   1.153595e-12   24
  1.481886e-01   4.288367e-12   2.119276e-09   3.609515e-13   144
  1.490188e-01   4.297013e-12   2.543132e-09   4.201983e-13   120
  1.498444e-01   3.644194e-12   2.247832e-09   5.120743e-13   48
  1.514821e-01   4.847276e-12   2.247832e-09   6.479801e-13   48
  1.522944e-01   3.939816e-12   2.247832e-09   3.982792e-13   96
  1.544390e-01   4.842925e-12   3.768959e-04   5.739732e-13   72
  1.555009e-01   3.689541e-12   1.998073e-09   2.785298e-13   108
  1.562923e-01   4.184813e-12   0.000000e+00   4.468057e-13   72
  1.570796e-01   2.706442e-12   0.000000e+00   5.472804e-13   30
  1.578631e-01   4.264856e-12   0.000000e+00   3.292045e-13   168
  1.586427e-01   4.556601e-12   0.000000e+00   5.300761e-13   48
  1.601904e-01   2.894902e-12   0.000000e+00   3.442489e-13   72
  1.609587e-01   3.880089e-12   0.000000e+00   3.722475e-13   96
  1.617234e-01   3.623410e-12   4.238553e-09   5.571089e-13   72
  1.624844e-01   4.120699e-12   0.000000e+00   4.413805e-13   72
  1.637639e-01   3.778339e-12   3.480039e-04   2.913575e-13   104
  1.647465e-01   3.467233e-12   2.997109e-09   2.570107e-13   144
  1.669779e-01   2.409603e-12   5.026305e-09   2.297629e-13   96
  1.677152e-01   2.409569e-12   0.000000e+00   2.501792e-13   96
  1.688876e-01   3.376555e-12   3.580185e-04   3.130469e-13   120
  1.699076e-01   2.843527e-12   0.000000e+00   2.548876e-13   120
  1.706322e-01   3.432409e-12   0.000000e+00   3.725395e-13   72
  1.720721e-01   3.547865e-12   0.000000e+00   4.702551e-13   48
  1.727876e-01   3.484390e-12   3.912510e-09   4.118644e-13   78
  1.737029e-01   3.660452e-12   3.205713e-04   2.880260e-13   168
  1.756204e-01   3.316346e-12   3.670694e-09   2.834369e-13   144
  1.763215e-01   3.628615e-12   2.997109e-09   2.607181e-13   144
  1.783549e-01   3.053916e-12   1.846233e-04   2.704212e-13   156
  1.790983e-01   2.396522e-12   3.893359e-09   4.670925e-13   48
  1.797859e-01   2.758405e-12   2.543132e-09   2.597531e-13   120
  1.804708e-01   1.881506e-12   0.000000e+00   1.954616e-13   48
  1.816818e-01   2.879798e-12   2.825996e-04   2.031464e-13   216
  1.831848e-01   2.296591e-12   0.000000e+00   2.727987e-13   48
  1.838570e-01   2.287880e-12   2.247832e-09   1.971889e-13   96
  1.848128e-01   2.589663e-12   3.302618e-04   2.278055e-13   168
  1.858591e-01   2.059036e-12   2.247832e-09   2.952003e-13   48
  1.865217e-01   2.851975e-12   0.000000e+00   2.862337e-13   96
  1.871820e-01   2.407083e-12   0.000000e+00   4.380717e-13   48
  1.884956e-01   2.984414e-12   2.543132e-09   3.064563e-13   30
  1.891489e-01   1.981719e-12   0.000000e+00   1.628975e-13   96
  1.899298e-01   2.433930e-12   2.595564e-04   1.689404e-13   240
  1.909339e-01   3.714362e-12   2.800239e-04   5.365550e-13   32
  1.917401e-01   1.808600e-12   0.000000e+00   1.320448e-13   168
  1.923825e-01   2.132438e-12   0.000000e+00   2.067794e-13   120
  1.936608e-01   1.790408e-12   4.738846e-09   2.141121e-13   72
  1.942968e-01   2.675637e-12   2.119276e-09   2.474616e-13   144
  1.949307e-01   1.985247e-12   0.000000e+00   1.933955e-13   96
  1.955626e-01   2.459483e-12   0.000000e+00   1.982348e-13   96
  1.968202e-01   2.877714e-12   0.000000e+00   3.553692e-13   72
  1.974460e-01   2.059088e-12   3.178914e-09   2.026443e-13   96
  1.986918e-01   2.336869e-12   0.000000e+00   4.292069e-13   24
  1.993117e-01   2.285775e-12   0.000000e+00   1.613807e-13   192
  2.000418e-01   2.138019e-12   2.376333e-04   1.620704e-13   132
  2.011601e-01   2.337538e-12   0.000000e+00   2.024187e-13   96
  2.017724e-01   1.561935e-12   0.000000e+00   1.581532e-13   96
  2.023829e-01   1.999227e-12   2.543132e-09   1.647304e-13   120
  2.035985e-01   2.137171e-12   0.000000e+00   2.915253e-13   48
  2.045948e-01   1.551164e-12   2.879924e-04   9.690535e-14   222
  2.054083e-01   1.938104e-12   0.000000e+00   1.801988e-13   120
  2.060080e-01   1.845833e-12   3.893359e-09   3.749568e-13   24
  2.068812e-01   2.263564e-12   2.972500e-04   1.262695e-13   312
  2.087838e-01   2.412680e-12   2.786838e-04   2.549121e-13   72
  2.095704e-01   1.645017e-12   3.893359e-09   2.035506e-13   96
  2.103781e-01   2.034655e-12   2.838009e-04   1.616986e-13   192
  2.113290e-01   1.760424e-12   3.596531e-09   1.869153e-13   120
  2.119120e-01   1.795601e-12   0.000000e+00   1.760533e-13   144
  2.130732e-01   1.652813e-12   0.000000e+00   2.359563e-13   48
  2.138985e-01   1.561584e-12   2.853717e-04   9.427080e-14   336
  2.148032e-01   1.720121e-12   0.000000e+00   2.192469e-13   48
  2.159488e-01   1.595137e-12   0.000000e+00   1.481201e-13   192
  2.165193e-01   1.504572e-12   0.000000e+00   1.827147e-13   48
  2.181411e-01   1.548581e-12   1.980854e-04   1.881588e-13   56
  2.189475e-01   1.573706e-12   2.544090e-04   8.660279e-14   336
  2.199115e-01   1.595322e-12   2.825702e-09   2.363371e-13   54
  2.207512e-01   1.444330e-12   2.794324e-04   9.034841e-14   240
  2.224945e-01   1.458266e-12   2.675587e-04   1.150923e-13   228
  2.232521e-01   1.597797e-12   2.997109e-09   2.059057e-13   72
  2.239875e-01   1.666840e-12   2.595385e-04   1.233468e-13   144
  2.249038e-01   1.409620e-12   0.000000e+00   1.350720e-13   96
  2.254517e-01   1.369535e-12   3.596531e-09   9.079802e-14   240
  2.265435e-01   1.165811e-12   3.178914e-09   2.189959e-13   24
  2.272424e-01   1.413692e-12   2.451321e-04   8.150695e-14   336
  2.281713e-01   1.154630e-12   0.000000e+00   1.355614e-13   72
  2.290193e-01   1.609659e-12   2.666265e-04   1.177470e-13   168
  2.297877e-01   1.160487e-12   0.000000e+00   1.102769e-13   72
  2.308590e-01   1.724367e-12   0.000000e+00   1.684204e-13   96
  2.316886e-01   1.210663e-12   2.646263e-04   8.619555e-14   216
  2.324566e-01   9.970640e-13   0.000000e+00   7.602362e-14   96
  2.335157e-01   1.216944e-12   3.178914e-09   7.855803e-14   192
  2.340434e-01   1.229476e-12   2.997109e-09   9.656269e-14   144
  2.350953e-01   1.130554e-12   0.000000e+00   1.455014e-13   48
  2.358236e-01   1.291983e-12   2.551309e-04   9.079328e-14   246
  2.368131e-01   1.553813e-12   2.352347e-04   1.189214e-13   168
  2.377046e-01   1.257294e-12   6.229375e-09   1.414566e-13   120
  2.382231e-01   1.035321e-12   0.000000e+00   7.187001e-14   240
  2.392566e-01   8.239379e-13   0.000000e+00   1.678852e-13   24
  2.400800e-01   1.148274e-12   2.517980e-04   6.872686e-14   360
  2.411056e-01   1.245995e-12   2.507265e-04   9.766089e-14   120
  2.418210e-01   1.232256e-12   0.000000e+00   1.022228e-13   144
  2.423307e-01   1.353673e-12   0.000000e+00   1.168662e-13   96
  2.438532e-01   1.199082e-12   0.000000e+00   9.164908e-14   144
  2.443586e-01   1.325379e-12   0.000000e+00   1.158122e-13   132
  2.450688e-01   1.088950e-12   2.474633e-04   8.075503e-14   176
  2.460999e-01   1.109631e-12   2.498881e-04   5.929643e-14   312
  2.473693e-01   1.478844e-12   0.000000e+00   2.154729e-13   96
  2.478675e-01   9.792924e-13   0.000000e+00   8.749705e-14   144
  2.486319e-01   1.133066e-12   2.473817e-04   6.684732e-14   312
  2.498505e-01   1.150891e-12   0.000000e+00   1.149075e-13   48
  2.503437e-01   9.709814e-13   3.178914e-09   7.002918e-14   192
  2.513274e-01   4.905408e-13   0.000000e+00   1.508103e-13   6
  2.519810e-01   9.156101e-13   2.307253e-04   4.958291e-14   288
  2.530395e-01   9.519839e-13   2.437763e-04   7.052946e-14   192
  2.537699e-01   8.912625e-13   7.476104e-09   5.728542e-14   216
  2.542556e-01   1.069752e-12   0.000000e+00   1.435928e-13   72
  2.554657e-01   9.608158e-13   2.414611e-04   8.177405e-14   192
  2.562693e-01   1.140529e-12   1.792979e-04   7.065396e-14   288
  2.571504e-01   9.306301e-13   0.000000e+00   1.816492e-13   24
  2.578312e-01   1.032292e-12   2.362101e-04   5.036411e-14   456
  2.590624e-01   7.011625e-13   0.000000e+00   1.067867e-13   48
  2.598231e-01   9.630278e-13   2.326575e-04   6.848938e-14   240
  2.606974e-01   1.126267e-12   2.351266e-04   7.455378e-14   216
  2.614326e-01   8.578498e-13   0.000000e+00   1.035650e-13   72
  2.619041e-01   8.195681e-13   8.123736e-09   6.736058e-14   168
  2.632353e-01   9.665480e-13   1.747662e-04   6.157125e-14   288
  2.639818e-01   9.900044e-13   2.312456e-04   7.118083e-14   168
  2.651809e-01   1.053460e-12   0.000000e+00   8.046652e-14   192
  2.656458e-01   8.218997e-13   2.997109e-09   5.911046e-14   144
  2.665730e-01   1.212924e-12   2.997109e-09   1.561703e-13   36
  2.673593e-01   7.312070e-13   2.111764e-04   3.846879e-14   342
  2.681111e-01   8.566490e-13   2.168525e-04   7.259151e-14   144
  2.690776e-01   8.488749e-13   2.274240e-04   4.635632e-14   384
  2.702500e-01   1.000272e-12   6.229375e-09   9.594576e-14   120
  2.708303e-01   9.797311e-13   2.027960e-04   5.877354e-14   264
  2.716161e-01   8.071142e-13   1.005261e-08   5.867671e-14   192
  2.723561e-01   8.329152e-13   2.185515e-04   6.364499e-14   152
  2.729753e-01   7.812466e-13   5.994218e-09   7.199294e-14   144
  2.742778e-01   6.437742e-13   1.414487e-04   4.732406e-14   216
  2.748807e-01   9.053773e-13   1.890132e-04   4.928442e-14   312
  2.759419e-01   7.671122e-13   2.190625e-04   4.396881e-14   240
  2.765672e-01   8.549115e-13   3.178914e-09   8.740725e-14   96
  2.777541e-01   6.820829e-13   2.094396e-04   5.534146e-14   144
  2.784857e-01   7.700393e-13   2.058607e-04   3.843922e-14   456
  2.796723e-01   5.737576e-13   0.000000e+00   3.775817e-14   120
  2.801131e-01   6.609585e-13   0.000000e+00   6.087373e-14   144
  2.809926e-01   5.377918e-13   4.495664e-09   8.801592e-14   24
  2.815564e-01   7.182380e-13   1.978798e-04   3.671123e-14   336
  2.825316e-01   6.834981e-13   2.182345e-04   5.135688e-14   198
  2.834454e-01   7.355001e-13   2.122205e-04   4.263085e-14   432
  2.844833e-01   9.317616e-13   6.357829e-09   9.606824e-14   48
  2.850248e-01   8.603906e-13   1.873540e-04   4.577875e-14   384
  2.859970e-01   7.312561e-13   2.156842e-04   6.240049e-14   144
  2.868780e-01   8.661487e-13   2.141460e-04   6.123449e-14   264
  2.879317e-01   6.028820e-13   0.000000e+00   5.792387e-14   48
  2.886387e-01   7.015915e-13   2.036179e-04   4.328533e-14   276
  2.893208e-01   6.535989e-13   1.845741e-04   5.700310e-14   192
  2.902325e-01   6.555686e-13   2.074207e-04   2.798669e-14   552
  2.913393e-01   4.696042e-13   5.086263e-09   4.502028e-14   120
  2.919972e-01   6.073058e-13   2.099609e-04   4.193532e-14   216
  2.926069e-01   6.062710e-13   5.086263e-09   4.788411e-14   120
  2.936961e-01   7.316401e-13   2.067600e-04   3.673393e-14   408
  2.947075e-01   4.595541e-13   4.495664e-09   6.088879e-14   24
  2.953347e-01   5.947922e-13   2.088648e-04   3.792128e-14   384
  2.962106e-01   5.100141e-13   2.040684e-04   3.406834e-14   240
  2.969712e-01   5.919343e-13   2.055628e-04   4.159385e-14   168
  2.980376e-01   4.614306e-13   0.000000e+00   4.616051e-14   120
  2.987251e-01   6.192822e-13   2.142884e-04   3.475366e-14   350
  2.998430e-01   6.417854e-13   3.527601e-04   3.720574e-14   384
  3.005110e-01   7.023320e-13   0.000000e+00   7.206273e-14   144
  3.017401e-01   5.239273e-13   4.238553e-09   3.421891e-14   288
  3.023819e-01   5.464298e-13   2.019242e-04   3.031990e-14   336
  3.032549e-01   5.865892e-13   1.838353e-04   4.533269e-14   168
  3.037776e-01   6.144327e-13   1.204945e-08   4.112941e-14   336
  3.048586e-01   4.761766e-13   1.908100e-04   2.798605e-14   288
  3.055078e-01   5.420512e-13   1.797918e-04   3.252634e-14   264
  3.066072e-01   5.350867e-13   0.000000e+00   3.474780e-14   240
  3.070093e-01   5.277681e-13   0.000000e+00   4.562933e-14   96
  3.084525e-01   6.080863e-13   2.445048e-04   3.546640e-14   360
  3.091260e-01   5.613530e-13   1.802420e-04   5.480664e-14   168
  3.099770e-01   5.405076e-13   1.964825e-04   2.580354e-14   456
  3.110018e-01   4.874515e-13   5.651403e-09   4.320839e-14   108
  3.115782e-01   4.386783e-13   1.971449e-04   2.953690e-14   264
  3.122973e-01   4.787168e-13   1.758853e-04   3.438434e-14   264
  3.132820e-01   5.584775e-13   1.659735e-04   3.095206e-14   312
  3.145081e-01   5.577963e-13   1.233364e-04   4.007221e-14   270
  3.150220e-01   5.291120e-13   1.565911e-04   4.142629e-14   240
  3.159458e-01   5.457344e-13   1.937229e-04   3.172328e-14   384
  3.165067e-01   4.298086e-13   6.357829e-09   2.919698e-14   192
  3.175962e-01   5.651786e-13   1.554368e-04   4.378900e-14   240
  3.182281e-01   5.384866e-13   1.918342e-04   3.165337e-14   336
  3.194167e-01   5.148242e-13   1.931178e-04   2.313127e-14   480
  3.203808e-01   5.350102e-13   4.238553e-09   5.976903e-14   72
  3.209194e-01   5.265400e-13   1.883074e-04   4.154136e-14   240
  3.216520e-01   4.401564e-13   1.769831e-04   2.456854e-14   312
  3.224917e-01   4.021589e-13   1.912763e-04   2.668535e-14   240
  3.237607e-01   4.830809e-13   1.453205e-04   2.543729e-14   408
  3.242630e-01   4.474651e-13   1.330785e-04   2.631330e-14   336
  3.252448e-01   4.692251e-13   1.689770e-04   3.591306e-14   264
  3.257273e-01   4.603533e-13   0.000000e+00   3.850324e-14   144
  3.270696e-01   4.557796e-13   2.342121e-04   2.490632e-14   464
  3.277768e-01   3.499032e-13   1.862466e-04   2.535431e-14   168
  3.284751e-01   5.009975e-13   1.696301e-04   2.984871e-14   336
  3.297371e-01   4.511136e-13   1.782296e-04   2.679755e-14   414
  3.304484e-01   5.801153e-13   1.855264e-04   4.380815e-14   216
  3.313598e-01   6.414305e-13   4.495664e-09   6.815399e-14   96
  3.317320e-01   4.316297e-13   1.101208e-08   2.453117e-14   384
  3.330355e-01   4.660851e-13   1.851680e-04   2.347873e-14   492
  3.337341e-01   4.150966e-13   1.810784e-04   2.603362e-14   240
  3.345237e-01   3.775584e-13   1.838580e-04   2.137056e-14   312
  3.356141e-01   3.411800e-13   1.837975e-04   2.517285e-14   192
  3.363048e-01   4.360193e-13   1.781220e-04   2.174845e-14   504
  3.372212e-01   4.264557e-13   1.179198e-04   2.704279e-14   408
  3.379427e-01   4.337804e-13   3.612619e-04   3.592350e-14   168
  3.388456e-01   4.373624e-13   1.716026e-04   2.947597e-14   288
  3.396033e-01   3.797773e-13   1.790820e-04   2.634905e-14   288
  3.403794e-01   3.668051e-13   1.801128e-04   1.927389e-14   432
  3.415052e-01   4.327820e-13   1.703267e-04   2.929850e-14   216
  3.421068e-01   3.793312e-13   1.699674e-04   2.107245e-14   360
  3.431777e-01   4.252930e-13   1.658865e-04   2.613006e-14   312
  3.441442e-01   5.282190e-13   0.000000e+00   8.416653e-14   48
  3.447014e-01   3.758618e-13   1.778543e-04   1.981365e-14   432
  3.456992e-01   3.450021e-13   2.966627e-04   1.791825e-14   414
  3.462885e-01   3.730427e-13   6.776666e-09   2.404589e-14   312
  3.473878e-01   3.991769e-13   2.603051e-04   2.148026e-14   528
  3.481296e-01   4.220721e-13   1.366381e-04   3.394371e-14   264
  3.490209e-01   3.806288e-13   1.620153e-04   2.192964e-14   480
  3.501854e-01   3.713632e-13   0.000000e+00   2.190509e-14   288
  3.506883e-01   3.871934e-13   1.740804e-04   3.479545e-14   168
  3.516084e-01   3.959079e-13   2.755688e-04   1.884694e-14   504
  3.526429e-01   5.075626e-13   4.238553e-09   4.351421e-14   144
  3.532937e-01   3.213720e-13   1.769812e-04   1.563539e-14   464
  3.542716e-01   2.992953e-13   2.597299e-04   1.552844e-14   432
  3.547358e-01   3.968207e-13   4.495664e-09   2.908553e-14   192
  3.559351e-01   3.119939e-13   1.925466e-04   1.527996e-14   396
  3.566434e-01   3.217289e-13   1.729600e-04   2.046527e-14   288
  3.573592e-01   3.221718e-13   1.708549e-04   1.944858e-14   336
  3.585027e-01   3.110765e-13   1.081887e-04   1.611760e-14   432
  3.592283e-01   3.473046e-13   2.804101e-04   1.999640e-14   360
  3.600431e-01   3.273827e-13   1.658667e-04   1.574128e-14   384
  3.612003e-01   2.809896e-13   1.464092e-04   2.120718e-14   198
  3.617579e-01   3.277918e-13   1.664197e-04   1.551913e-14   552
  3.627976e-01   3.213652e-13   2.329761e-04   2.334065e-14   432
  3.636656e-01   3.520842e-13   8.899106e-09   2.845974e-14   168
  3.643942e-01   3.613085e-13   2.888052e-04   1.986810e-14   480
  3.653579e-01   2.396986e-13   0.000000e+00   2.315306e-14   120
  3.657917e-01   3.191936e-13   2.358836e-04   2.230559e-14   336
  3.668502e-01   3.151379e-13   1.664122e-04   1.370570e-14   672
  3.678969e-01   3.435172e-13   2.420693e-04   1.660166e-14   528
  3.683844e-01   2.477180e-13   7.266090e-09   1.668273e-14   168
  3.695106e-01   3.189863e-13   2.700266e-04   1.618256e-14   456
  3.701979e-01   3.908825e-13   1.649075e-04   4.820521e-14   168
  3.709113e-01   3.196990e-13   1.646115e-04   1.801904e-14   504
  3.720973e-01   2.582242e-13   2.118297e-04   1.762756e-14   336
  3.728144e-01   3.437100e-13   1.527042e-04   2.099941e-14   312
  3.736099e-01   3.135782e-13   1.492023e-04   1.742506e-14   504
  3.746568e-01   2.801967e-13   1.035207e-04   1.287814e-14   432
  3.751490e-01   2.453897e-13   1.599738e-04   1.356722e-14   312
  3.761721e-01   2.635375e-13   1.639809e-04   1.363805e-14   384
  3.772403e-01   3.378116e-13   1.393208e-04   4.027294e-14   126
  3.778999e-01   2.898369e-13   2.446141e-04   1.512247e-14   492
  3.787423e-01   3.154449e-13   1.566756e-04   1.679704e-14   528
  3.797950e-01   2.754920e-13   1.591488e-04   1.489574e-14   480
  3.804477e-01   3.280209e-13   2.198632e-04   1.925056e-14   432
  3.813922e-01   3.108977e-13   1.728933e-04   1.770893e-14   440
  3.824891e-01   3.029108e-13   8.597912e-05   1.881512e-14   312
  3.829007e-01   2.789293e-13   1.288469e-04   2.055559e-14   480
  3.837450e-01   2.795750e-13   2.522797e-04   1.802721e-14   408
  3.849786e-01   3.104203e-13   1.510870e-04   1.854411e-14   360
  3.854998e-01   2.620277e-13   1.457935e-04   1.546236e-14   408
  3.864656e-01   2.286004e-13   1.483633e-04   1.227720e-14   456
  3.875531e-01   2.840021e-13   1.417988e-04   1.739899e-14   264
  3.881567e-01   2.698742e-13   1.538873e-04   1.762369e-14   384
  3.890354e-01   2.587704e-13   2.590801e-04   1.238118e-14   672
  3.900512e-01   2.936133e-13   1.549634e-04   2.594857e-14   240
  3.906373e-01   2.448976e-13   1.572490e-04   1.430309e-14   264
  3.914646e-01   1.891405e-13   1.939407e-04   8.975323e-15   624
  3.926991e-01   2.281539e-13   0.000000e+00   2.217760e-14   150
  3.931386e-01   3.028195e-13   2.173259e-04   1.595824e-14   600
  3.940655e-01   2.442234e-13   1.499928e-04   1.195390e-14   672
  3.951151e-01   2.410265e-13   1.410788e-04   1.804567e-14   336
  3.956998e-01   3.023954e-13   1.534526e-04   1.933316e-14   408
  3.966340e-01   2.580394e-13   1.530911e-04   1.803718e-14   408
  3.976732e-01   2.381317e-13   7.741108e-05   1.409205e-14   360
  3.983137e-01   2.697916e-13   2.842286e-04   1.644116e-14   456
  3.990874e-01   2.376847e-13   1.545652e-04   1.458641e-14   384
  4.000722e-01   2.199906e-13   1.426833e-04   1.116051e-14   348
  4.006044e-01   2.632269e-13   1.759003e-04   1.410432e-14   576
  4.016040e-01   2.258285e-13   1.448308e-04   1.126912e-14   504
  4.026266e-01   2.304318e-13   2.042754e-04   1.325690e-14   432
  4.035193e-01   2.085131e-13   2.779157e-04   9.026644e-15   576
  4.041559e-01   2.114455e-13   0.000000e+00   1.600263e-14   264
  4.051657e-01   2.226148e-13   2.211515e-04   9.280988e-15   768
  4.060439e-01   1.956907e-13   2.977401e-04   1.358057e-14   240
  4.067421e-01   2.038460e-13   2.625786e-04   1.988355e-14   192
  4.077592e-01   1.962406e-13   1.932899e-04   9.096498e-15   504
  4.085134e-01   2.264885e-13   2.604655e-04   1.444811e-14   590
  4.092368e-01   2.310142e-13   2.918373e-04   1.561214e-14   384
  4.101438e-01   2.142288e-13   2.438900e-04   1.244997e-14   504
  4.112389e-01   2.540946e-13   2.347064e-04   1.264635e-14   648
  4.123011e-01   2.026821e-13   6.374317e-05   1.189852e-14   504
  4.127294e-01   2.102583e-13   1.454101e-04   1.250298e-14   312
  4.134855e-01   2.192830e-13   2.095003e-04   1.115195e-14   576
  4.145236e-01   2.376187e-13   1.457924e-04   2.123920e-14   240
  4.151287e-01   1.884209e-13   1.473162e-04   9.481143e-15   552
  4.159853e-01   2.385297e-13   1.383265e-04   1.428915e-14   600
  4.172054e-01   2.052966e-13   1.689549e-04   1.053062e-14   600
  4.179389e-01   2.032413e-13   2.705679e-04   1.322965e-14   312
  4.186695e-01   2.275123e-13   2.356379e-04   1.254018e-14   480
  4.195820e-01   2.012655e-13   1.470154e-04   1.171759e-14   576
  4.203854e-01   2.416621e-13   2.367268e-04   1.760945e-14   408
  4.210983e-01   1.323660e-13   2.761527e-04   8.245634e-15   216
  4.220194e-01   1.767390e-13   2.115019e-04   9.783607e-15   516
  4.230063e-01   1.999883e-13   2.017943e-04   8.969686e-15   744
  4.240243e-01   2.027149e-13   1.347808e-04   1.119416e-14   462
  4.245995e-01   1.959997e-13   1.369852e-04   1.322259e-14   432
  4.254918e-01   2.239189e-13   1.270838e-04   1.061917e-14   648
  4.265409e-01   2.106250e-13   1.859472e-04   1.292425e-14   528
  4.273836e-01   1.846935e-13   2.239269e-04   9.111534e-15   600
  4.282256e-01   2.687262e-13   2.823132e-04   3.102918e-14   240
  4.290411e-01   1.796042e-13   2.162492e-04   8.871634e-15   720
  4.299890e-01   1.977311e-13   1.710922e-04   8.946645e-15   720
  4.310398e-01   1.068344e-13   0.000000e+00   8.065519e-15   144
  4.315927e-01   1.901560e-13   2.205891e-04   8.686766e-15   720
  4.323793e-01   2.126934e-13   1.322696e-04   1.250690e-14   384
  4.333641e-01   1.731274e-13   1.466278e-04   8.158137e-15   672
  4.342984e-01   2.153026e-13   2.567292e-04   1.651104e-14   336
  4.347447e-01   2.119770e-13   0.000000e+00   1.767781e-14   288
  4.358374e-01   1.618542e-13   2.031840e-04   7.086009e-15   776
  4.368489e-01   1.676029e-13   1.738547e-04   7.118729e-15   720
  4.376985e-01   1.535189e-13   1.400528e-04   8.923366e-15   432
  4.383780e-01   1.955408e-13   1.996629e-04   1.537458e-14   504
  4.391339e-01   1.593722e-13   1.398922e-04   9.020548e-15   528
  4.401917e-01   1.743914e-13   1.905949e-04   1.111238e-14   438
  4.410618e-01   1.819391e-13   2.218350e-04   1.112034e-14   624
  4.417176e-01   1.945606e-13   2.717180e-04   1.397043e-14   312
  4.426191e-01   2.084078e-13   1.463948e-04   9.446233e-15   696
  4.435512e-01   1.794467e-13   1.324608e-04   1.073872e-14   552
  4.445207e-01   1.617210e-13   1.024805e-04   9.162002e-15   516
  4.451205e-01   1.966994e-13   2.046970e-04   1.235256e-14   528
  4.458506e-01   1.205209e-13   1.331200e-04   6.117533e-15   528
  4.468878e-01   1.730509e-13   1.755583e-04   8.747681e-15   864
  4.475918e-01   1.637852e-13   2.404788e-04   1.095355e-14   408
  4.482965e-01   2.077490e-13   2.382549e-04   1.447384e-14   192
  4.492953e-01   1.498936e-13   1.971674e-04   7.350447e-15   720
  4.501385e-01   1.402586e-13   1.817980e-04   6.752780e-15   696
  4.511404e-01   1.575141e-13   1.963435e-04   7.070597e-15   720
  4.520570e-01   1.527655e-13   2.661201e-04   8.873350e-15   432
  4.525916e-01   1.257608e-13   1.566487e-04   9.220426e-15   264
  4.535534e-01   1.508750e-13   2.163249e-04   6.933235e-15   672
  4.544137e-01   1.611619e-13   2.214835e-04   8.274010e-15   600
  4.554346e-01   1.129352e-13   1.296784e-04   8.218038e-15   270
  4.559493e-01   1.553027e-13   1.952021e-04   1.016839e-14   528
  4.567673e-01   1.764001e-13   1.336675e-04   7.809382e-15   840
  4.578890e-01   1.816674e-13   2.555961e-04   8.555097e-15   888
  4.589254e-01   1.395177e-13   1.904380e-04   6.469431e-15   744
  4.598014e-01   1.734082e-13   9.785730e-05   1.031764e-14   456
  4.602370e-01   2.065965e-13   1.337280e-04   1.201279e-14   360
  4.609825e-01   1.364721e-13   1.158678e-04   1.060336e-14   384
  4.621264e-01   1.500483e-13   1.858509e-04   6.398976e-15   816
  4.629847e-01   1.539929e-13   2.696437e-04   6.614377e-15   824
  4.640279e-01   1.402077e-13   1.253432e-04   1.078343e-14   360
  4.645865e-01   1.736605e-13   1.849595e-04   8.209567e-15   624
  4.653553e-01   1.532717e-13   1.249856e-04   1.038340e-14   360
  4.663795e-01   1.410477e-13   1.700172e-04   6.523537e-15   876
  4.673045e-01   1.324090e-13   2.019296e-04   6.961320e-15   696
  4.682373e-01   1.305708e-13   1.303928e-04   8.811228e-15   336
  4.687264e-01   1.671654e-13   1.302463e-04   1.207081e-14   504
  4.695341e-01   1.356407e-13   1.313750e-04   8.306784e-15   672
  4.707324e-01   1.181693e-13   2.615370e-04   5.379526e-15   720
  4.715635e-01   1.388210e-13   1.975633e-04   7.333767e-15   774
  4.724808e-01   1.938070e-13   1.130801e-04   1.672324e-14   384
  4.729612e-01   1.748432e-13   2.176147e-04   1.163248e-14   528
  4.737068e-01   1.505269e-13   2.073989e-04   7.386096e-15   744
  4.749062e-01   1.712460e-13   1.710601e-04   8.747152e-15   768
  4.757025e-01   1.485888e-13   1.920278e-04   1.031485e-14   552
  4.766960e-01   1.263333e-13   2.092886e-04   6.239072e-15   696
  4.774351e-01   1.723557e-13   2.543221e-04   1.198178e-14   408
  4.780218e-01   1.544022e-13   1.098692e-04   9.142448e-15   504
  4.789519e-01   1.328159e-13   1.973758e-04   6.618674e-15   888
  4.798671e-01   1.223213e-13   2.051305e-04   7.294121e-15   648
  4.808184e-01   1.223320e-13   2.033722e-04   6.230863e-15   648
  4.817134e-01   1.269678e-13   2.192851e-04   6.366770e-15   792
  4.826614e-01   1.143604e-13   3.208291e-04   6.259068e-15   600
  4.833600e-01   9.977456e-14   2.174285e-04   5.582366e-15   456
  4.840953e-01   1.299241e-13   1.059654e-04   6.849356e-15   648
  4.850397e-01   1.124676e-13   2.066479e-04   4.797081e-15   936
  4.860593e-01   1.470662e-13   1.269084e-04   8.519992e-15   384
  4.869469e-01   1.232679e-16   0.000000e+00   9.878150e-18   198
  4.876318e-01   1.222032e-16   3.219776e-04   4.023913e-18   1224
  4.883707e-01   1.083206e-16   2.344988e-04   5.826804e-18   420
  4.892446e-01   1.138181e-16   2.269458e-04   4.748465e-18   792
  4.900991e-01   1.179531e-16   1.876648e-04   4.845995e-18   680
  4.910742e-01   1.200599e-16   1.723226e-04   5.683885e-18   600
  4.918588e-01   1.176466e-16   2.499151e-04   4.239274e-18   840
  4.929064e-01   1.327869e-16   1.179983e-04   6.895059e-18   432
  4.933067e-01   1.147478e-16   1.105800e-04   4.664697e-18   720
  4.941771e-01   1.168439e-16   2.214723e-04   4.018641e-18   960
  4.952596e-01   1.270760e-16   1.974263e-04   6.627771e-18   528
  4.960507e-01   1.087790e-16   2.018074e-04   4.453423e-18   624
  4.969923e-01   1.164758e-16   1.586192e-04   4.491448e-18   816
  4.979269e-01   9.910259e-17   2.608527e-04   3.936935e-18   696
  4.989597e-01   1.175334e-16   1.438612e-08   7.883212e-18   240
  4.993481e-01   1.217678e-16   1.538310e-04   4.798357e-18   672
  5.002149e-01   1.034076e-16   2.749181e-04   3.530045e-18   864
  5.011872e-01   1.148349e-16   2.109550e-04   4.215499e-18   816
  5.020636e-01   1.081258e-16   1.207434e-04   4.535818e-18   648
  5.030076e-01   1.101660e-16   1.234217e-04   3.811832e-18   843
  5.038089e-01   1.035972e-16   2.220660e-04   4.344371e-18   780
  5.047639e-01   1.112522e-16   1.191565e-04   7.307197e-18   216
  5.053529e-01   9.994814e-17   2.873328e-04   3.118072e-18   1056
  5.062588e-01   1.279703e-16   2.350705e-04   8.143235e-18   228
  5.070976e-01   1.024004e-16   2.926687e-04   3.537642e-18   924
  5.079587e-01   9.828498e-17   1.085637e-04   3.490372e-18   696
  5.088706e-01   9.652697e-17   1.932122e-04   3.226623e-18   996
  5.098035e-01   1.029176e-16   1.140687e-04   4.359253e-18   576
  5.107740e-01   1.034325e-16   1.760574e-04   4.743347e-18   552
  5.114815e-01   1.062628e-16   2.102064e-04   4.992819e-18   516
  5.121995e-01   1.003184e-16   3.056837e-04   3.585990e-18   744
  5.130199e-01   1.141797e-16   1.499561e-04   5.644736e-18   576
  5.137336e-01   9.082146e-17   1.543428e-04   3.021604e-18   792
  5.147477e-01   9.468940e-17   1.764424e-04   3.414993e-18   792
  5.154909e-01   9.868403e-17   1.902913e-04   3.683938e-18   720
  5.164960e-01   8.860416e-17   2.168883e-04   3.290771e-18   656
  5.174379e-01   9.224878e-17   2.368308e-04   3.323250e-18   816
  5.184034e-01   9.201452e-17   1.276952e-04   4.154507e-18   492
  5.189522e-01   9.707305e-17   1.836985e-04   3.962340e-18   552
  5.199822e-01   9.059975e-17   3.194294e-04   4.008133e-18   780
  5.206511e-01   9.084107e-17   1.962217e-04   4.186004e-18   528
  5.213718e-01   9.009572e-17   2.290504e-04   3.615996e-18   600
  5.224340e-01   9.214481e-17   1.903590e-04   2.841403e-18   900
  5.231662e-01   9.268982e-17   1.053860e-04   3.601804e-18   696
  5.241734e-01   9.359732e-17   2.664725e-04   3.469459e-18   696
  5.251479e-01   9.681864e-17   1.081054e-04   4.113253e-18   552
  5.259673e-01   7.385031e-17   1.257166e-04   2.832296e-18   708
  5.268258e-01   9.071417e-17   2.075652e-04   3.466643e-18   876
  5.277190e-01   8.443283e-17   1.102130e-04   6.262947e-18   216
  5.283184e-01   8.155519e-17   3.014475e-04   2.559502e-18   1032
  5.292161e-01   8.692985e-17   3.356286e-04   3.666803e-18   600
  5.301478e-01   8.643654e-17   1.601495e-04   3.331063e-18   600
  5.308585e-01   8.316204e-17   2.828090e-04   4.145594e-18   528
  5.316987e-01   8.311582e-17   1.552497e-04   2.892768e-18   732
  5.325837e-01   7.157539e-17   1.146378e-04   3.301276e-18   336
  5.336024e-01   8.195373e-17   1.633817e-04   2.696206e-18   912
  5.343638e-01   7.608086e-17   1.639857e-04   3.011005e-18   624
  5.351957e-01   7.959890e-17   1.381873e-04   2.989281e-18   768
  5.361666e-01   8.867659e-17   2.493171e-04   3.423876e-18   792
  5.371196e-01   7.685847e-17   1.236011e-04   3.345435e-18   660
  5.377977e-01   7.376960e-17   1.821461e-04   3.444319e-18   504
  5.384990e-01   8.270770e-17   2.975919e-04   4.096040e-18   480
  5.395501e-01   6.326564e-17   2.752337e-04   2.210639e-18   912
  5.403731e-01   8.671448e-17   3.065154e-04   4.806733e-18   432
  5.411504e-01   7.054487e-17   1.820016e-04   3.223296e-18   564
  5.418405e-01   7.682667e-17   1.742006e-04   3.193907e-18   600
  5.428119e-01   7.655593e-17   2.428192e-04   2.700973e-18   876
  5.435417e-01   8.015599e-17   1.091788e-04   4.661933e-18   264
  5.445477e-01   8.118243e-17   2.118499e-04   3.571076e-18   560
  5.453563e-01   7.057421e-17   1.439565e-04   2.336496e-18   840
  5.463378e-01   7.230577e-17   2.219395e-04   2.562637e-18   1008
  5.472454e-01   8.063282e-17   9.928084e-05   3.729736e-18   456
  5.480744e-01   8.112643e-17   1.286043e-04   3.338551e-18   576
  5.488407e-01   7.641300e-17   1.976142e-04   3.209609e-18   612
  5.498512e-01   7.035686e-17   1.765015e-04   2.706292e-18   780
  5.506755e-01   7.277249e-17   2.022627e-04   2.956223e-18   648
  5.515194e-01   8.143136e-17   9.425702e-05   5.306152e-18   312
  5.520587e-01   7.037758e-17   2.394916e-04   3.197522e-18   528
  5.529931e-01   6.619753e-17   3.127641e-04   2.709492e-18   720
  5.538866e-01   6.616739e-17   3.137436e-04   3.103655e-18   576
  5.549699e-01   6.725952e-17   2.706443e-04   2.992463e-18   444
  5.556439e-01   7.112295e-17   2.654148e-04   2.320205e-18   996
  5.564699e-01   6.191232e-17   2.217012e-04   3.240147e-18   432
  5.572506e-01   7.088698e-17   2.427192e-04   3.413254e-18   504
  5.579250e-01   7.327417e-17   1.094306e-04   3.261854e-18   504
  5.588852e-01   7.436963e-17   2.153608e-04   2.964206e-18   876
  5.597541e-01   6.485368e-17   2.478597e-04   3.053476e-18   504
  5.606589e-01   5.855981e-17   1.580720e-04   2.328561e-18   696
  5.614066e-01   7.376857e-17   1.351349e-04   3.518559e-18   492
  5.624240e-01   6.084530e-17   1.934522e-04   3.079711e-18   432
  5.631776e-01   6.632310e-17   1.811468e-04   2.414361e-18   768
  5.640708e-01   6.070397e-17   2.256427e-04   2.937157e-18   648
  5.649237e-01   5.670005e-17   1.472076e-04   2.687055e-18   456
  5.659038e-01   5.836664e-17   2.024344e-04   2.533489e-18   552
  5.665845e-01   6.105319e-17   1.387487e-04   2.960682e-18   648
  5.675213e-01   5.758943e-17   2.261525e-04   2.011986e-18   840
  5.684363e-01   6.875048e-17   1.078474e-04   3.551594e-18   432
  5.693524e-01   5.644626e-17   1.320946e-04   2.448038e-18   600
  5.699896e-01   6.561973e-17   1.407382e-04   3.678554e-18   432
  5.710598e-01   5.960264e-17   1.401185e-04   2.793243e-18   560
  5.717846e-01   5.883823e-17   2.217929e-04   2.281871e-18   840
  5.726922e-01   6.545892e-17   1.313712e-04   3.151645e-18   504
  5.734129e-01   5.467100e-17   2.681208e-04   2.354890e-18   696
  5.744289e-01   6.406788e-17   1.464380e-04   3.404832e-18   384
  5.752203e-01   5.173555e-17   2.145144e-04   2.325072e-18   576
  5.761776e-01   5.347768e-17   1.323876e-04   3.430320e-18   360
  5.769491e-01   5.445840e-17   1.971572e-04   2.331769e-18   828
  5.777814e-01   5.377224e-17   1.756051e-04   2.714864e-18   372
  5.785440e-01   5.765770e-17   2.681827e-04   2.650989e-18   576
  5.795542e-01   5.835555e-17   1.123146e-04   2.480615e-18   636
  5.802740e-01   5.294220e-17   2.165136e-04   2.274467e-18   648
  5.812477e-01   5.770376e-17   1.760019e-04   2.719656e-18   576
  5.819467e-01   5.285806e-17   2.839096e-04   2.601989e-18   528
  5.828762e-01   5.061152e-17   1.213831e-04   2.943484e-18   360
  5.836457e-01   4.778125e-17   2.792266e-04   1.916134e-18   672
  5.846504e-01   5.138432e-17   1.430245e-04   2.023743e-18   804
  5.854866e-01   5.822502e-17   1.577731e-04   3.140807e-18   408
  5.864116e-01   4.722710e-17   9.752092e-05   2.314685e-18   384
  5.870345e-01   4.569164e-17   2.231653e-04   2.520208e-18   480
  5.879130e-01   4.999430e-17   1.441975e-04   2.476901e-18   432
  5.887557e-01   5.846745e-17   2.657252e-04   2.411871e-18   648
  5.897530e-01   5.237331e-17   1.648813e-04   2.486422e-18   624
  5.904826e-01   5.178021e-17   1.499734e-04   2.929696e-18   456
  5.914788e-01   4.635036e-17   2.048770e-04   2.582908e-18   588
  5.921465e-01   4.411189e-17   1.307107e-04   2.023742e-18   600
  5.931212e-01   4.526033e-17   2.038766e-04   1.767851e-18   708
  5.938912e-01   4.309678e-17   1.284383e-04   2.449622e-18   360
  5.947420e-01   4.971092e-17   1.476433e-04   2.489043e-18   552
  5.955576e-01   4.478241e-17   1.035752e-04   3.344813e-18   288
  5.963856e-01   4.093946e-17   1.947498e-04   1.840638e-18   528
  5.971636e-01   4.339760e-17   1.313872e-04   2.029383e-18   456
  5.980328e-01   4.675466e-17   2.329780e-04   2.133948e-18   608
  5.989070e-01   3.965625e-17   1.127174e-04   1.884949e-18   504
  5.998623e-01   3.784740e-17   2.419978e-04   2.027457e-18   540
  6.006113e-01   5.052214e-17   2.597778e-04   3.151342e-18   360
  6.014188e-01   5.142692e-17   1.176407e-04   2.334043e-18   540
  6.021329e-01   4.444074e-17   1.010085e-04   2.173049e-18   576
  6.031714e-01   4.208218e-17   2.342044e-04   1.845903e-18   588
  6.041588e-01   4.381115e-17   3.231314e-04   2.012057e-18   672
  6.050070e-01   4.777175e-17   2.469721e-04   2.333305e-18   552
  6.056908e-01   3.173356e-17   2.470970e-04   2.702585e-18   144
  6.065633e-01   4.420072e-17   2.099342e-04   2.046113e-18   600
  6.073906e-01   3.723130e-17   2.630934e-04   1.981116e-18   504
  6.083088e-01   4.180025e-17   2.702501e-04   2.972610e-18   336
  6.092745e-01   3.968423e-17   3.037623e-04   1.695201e-18   600
  6.101395e-01   3.801265e-17   1.960382e-04   1.808627e-18   636
  6.110731e-01   4.278931e-17   1.576165e-04   3.190821e-18   384
  6.117276e-01   4.250445e-17   2.198564e-04   2.566920e-18   504
  6.126710e-01   4.031528e-17   9.227064e-05   2.811148e-18   240
  6.134155e-01   4.136712e-17   2.167569e-04   1.618231e-18   744
  6.143088e-01   3.573235e-17   1.480120e-04   1.679787e-18   648
  6.151027e-01   6.132085e-17   9.825476e-05   5.177300e-18   120
  6.160331e-01   3.483562e-17   1.543455e-04   1.521616e-18   564
  6.167362e-01   4.484229e-17   2.424089e-04   2.415565e-18   432
  6.176746e-01   3.373712e-17   1.881572e-04   2.206731e-18   480
  6.183811e-01   2.889236e-17   1.384885e-04   1.698103e-18   456
  6.192152e-01   3.649215e-17   2.291780e-04   2.073087e-18   444
  6.201616e-01   3.426598e-17   3.506544e-04   1.773437e-18   528
  6.209930e-01   3.843979e-17   2.604238e-04   3.219209e-18   264
  6.217998e-01   3.405289e-17   2.668956e-04   1.868870e-18   444
  6.228852e-01   3.663905e-17   2.923449e-04   1.598506e-18   696
  6.237861e-01   3.746468e-17   1.563558e-04   2.167698e-18   384
  6.244450e-01   3.637139e-17   1.975687e-04   1.970325e-18   432
  6.254698e-01   4.538936e-17   1.365107e-04   2.957034e-18   488
  6.261352e-01   4.045539e-17   2.057386e-04   1.912601e-18   480
  6.270999e-01   3.365921e-17   2.294412e-04   2.029770e-18   480
  6.278471e-01   3.049244e-17   9.626648e-05   1.867347e-18   240
  6.286954e-01   3.568386e-17   2.248709e-04   1.786216e-18   600
  6.294955e-01   3.070175e-17   1.959519e-04   2.085843e-18   288
  6.303474e-01   3.466492e-17   1.884914e-04   2.040690e-18   480
  6.312103e-01   2.744080e-17   3.352926e-04   1.568365e-18   504
  6.320598e-01   3.981135e-17   1.438614e-04   2.701119e-18   216
  6.331433e-01   3.567248e-17   2.355240e-04   2.166899e-18   504
  6.339871e-01   3.064886e-17   1.894329e-04   1.821325e-18   456
  6.349107e-01   4.448973e-17   1.086430e-04   2.829833e-18   384
  6.355225e-01   4.193312e-17   2.205061e-04   2.449703e-18   480
  6.363918e-01   2.838562e-17   1.936290e-04   1.734458e-18   504
  6.371972e-01   3.501229e-17   1.228262e-04   2.436720e-18   312
  6.380652e-01   3.338335e-17   1.979302e-04   2.002110e-18   492
  6.388334e-01   3.548928e-17   1.855135e-04   2.113072e-18   312
  6.398223e-01   2.821287e-17   3.013519e-04   1.268551e-18   576
  6.406929e-01   3.763910e-17   2.781722e-04   2.932462e-18   336
  6.414159e-01   2.205477e-17   2.141797e-04   1.627245e-18   240
  6.424183e-01   3.004036e-17   2.839481e-04   1.687633e-18   468
  6.432837e-01   2.897651e-17   1.777925e-04   2.954263e-18   192
  6.441896e-01   2.390588e-17   1.783224e-04   1.683236e-18   324
  6.448535e-01   2.889630e-17   1.294235e-04   1.574041e-18   600
  6.457583e-01   2.969361e-17   2.099764e-04   1.657685e-18   456
  6.464302e-01   3.273529e-17   9.444737e-05   2.248429e-18   336
  6.475438e-01   3.059670e-17   2.828021e-04   1.626235e-18   612
  6.483539e-01   1.972623e-17   2.373399e-04   2.938208e-18   144
  6.491201e-01   3.231363e-17   2.770366e-04   1.783926e-18   552
  6.501620e-01   1.941935e-17   1.091004e-04   1.131404e-18   264
  6.507507e-01   2.634797e-17   2.525953e-04   1.900107e-18   336
  6.516793e-01   2.373018e-17   1.669063e-04   1.379432e-18   384
  6.524847e-01   2.487585e-17   9.395175e-05   2.228579e-18   216
  6.533762e-01   2.109812e-17   1.991971e-04   1.470242e-18   344
  6.541891e-01   1.997391e-17   2.972114e-04   1.265860e-18   408
  6.551797e-01   2.544404e-17   2.283876e-04   2.393134e-18   264
  6.560575e-01   2.506590e-17   3.183837e-04   1.319366e-18   612
  6.569345e-01   3.087973e-17   1.638646e-04   2.011286e-18   408
  6.578364e-01   2.379209e-17   1.641001e-04   1.813241e-18   444
  6.584991e-01   4.319884e-17   9.177996e-05   3.890585e-18   120
  6.593870e-01   2.772432e-17   2.535712e-04   2.060571e-18   336
  6.600460e-01   2.246802e-17   8.811499e-05   1.694911e-18   288
  6.609366e-01   2.336441e-17   2.742154e-04   1.246925e-18   552
  6.621610e-01   2.797582e-17   0.000000e+00   3.866260e-18   72
  6.627906e-01   2.284335e-17   2.723657e-04   1.309322e-18   504
  6.635259e-01   1.389991e-17   8.764464e-05   1.318902e-18   216
  6.644787e-01   2.009140e-17   1.564835e-04   1.495271e-18   312
  6.653340e-01   1.586990e-17   1.781811e-04   1.063889e-18   336
  6.661492e-01   1.880862e-17   2.469789e-04   1.622645e-18   204
  6.669611e-01   3.344660e-17   2.870270e-04   2.279334e-18   504
  6.678221e-01   3.017672e-17   2.733322e-04   1.928772e-18   396
  6.686501e-01   2.272305e-17   2.506599e-04   1.698286e-18   312
  6.696540e-01   3.324444e-17   1.531800e-04   3.014646e-18   216
  6.703613e-01   2.146411e-17   8.313373e-05   2.260481e-18   168
  6.712208e-01   2.218627e-17   2.099173e-04   1.247930e-18   588
  6.722017e-01   1.570435e-17   2.849381e-04   1.444465e-18   240
  6.729637e-01   1.635239e-17   2.516481e-04   1.563932e-18   264
  6.738575e-01   2.065510e-17   3.112147e-04   1.849113e-18   288
  6.746505e-01   2.228100e-17   1.554077e-04   1.937281e-18   288
  6.756555e-01   1.580832e-17   1.459525e-04   1.287364e-18   288
  6.763322e-01   1.824424e-17   1.690738e-04   1.429357e-18   192
  6.771836e-01   1.356735e-17   1.799115e-04   1.100155e-18   264
  6.779946e-01   3.327500e-17   2.959295e-04   2.353690e-18   372
  6.788675e-01   3.199373e-17   3.196167e-04   3.047704e-18   360
  6.799329e-01   2.812865e-17   1.352648e-04   3.930456e-18   144
  6.804835e-01   1.555299e-17   1.878769e-04   1.638346e-18   296
  6.813527e-01   1.831407e-17   2.024276e-04   1.755679e-18   288
  6.823478e-01   1.926768e-17   3.025230e-04   1.250773e-18   480
  6.832061e-01   1.774345e-17   2.513677e-04   3.128586e-18   192
  6.840407e-01   2.243063e-17   2.696262e-04   1.939446e-18   192
  6.847993e-01   1.527306e-17   1.718359e-04   1.313917e-18   288
  6.858544e-01   8.088454e-18   1.495808e-04   9.790471e-19   108
  6.863859e-01   1.665638e-17   1.438036e-04   1.572318e-18   240
  6.873243e-01   1.321804e-17   2.682690e-04   1.149984e-18   384
  6.882884e-01   1.968217e-17   3.272578e-04   2.144650e-18   108
  6.891409e-01   2.452653e-17   1.918773e-04   1.892060e-18   348
  6.900373e-01   1.479541e-17   2.002507e-04   1.751152e-18   312
  6.908379e-01   1.631425e-17   1.945855e-04   3.573239e-18   96
  6.915741e-01   1.704745e-17   2.590555e-04   1.374478e-18   384
  6.923987e-01   1.775674e-17   1.781778e-04   1.627260e-18   144
  6.932053e-01   1.797312e-17   2.737780e-04   1.400024e-18   408
  6.942079e-01   9.631856e-18   1.221243e-04   1.438021e-18   144
  6.951550e-01   1.746768e-17   2.347853e-04   2.062513e-18   192
  6.957167e-01   2.059671e-17   2.642552e-04   2.228818e-18   144
  6.966323e-01   1.122919e-17   2.148492e-04   1.097808e-18   144
  6.974962e-01   1.765113e-17   2.625805e-04   1.696726e-18   336
  6.985541e-01   8.418642e-18   1.942763e-04   6.217870e-19   240
  6.992249e-01   1.281913e-17   8.821915e-05   1.813200e-18   96
  7.001605e-01   1.863645e-17   2.587043e-04   1.597616e-18   372
  7.011070e-01   1.412130e-17   3.077232e-04   2.454512e-18   132
  7.019384e-01   9.432236e-18   1.904154e-04   7.149207e-19   264
  7.026821e-01   2.407390e-17   1.462304e-04   3.030642e-18   168
  7.034759e-01   1.576329e-17   2.337943e-04   1.326622e-18   216
  7.041771e-01   1.120548e-17   1.430383e-04   1.526130e-18   216
  7.051983e-01   5.984383e-18   2.624157e-04   6.458170e-19   96
  7.061249e-01   1.806933e-17   1.712023e-04   2.241097e-18   120
  7.069747e-01   1.142608e-17   2.176463e-04   1.241763e-18   216
  7.076747e-01   9.258974e-18   9.511215e-05   9.652368e-19   200
  7.086015e-01   1.344786e-17   2.462045e-04   1.898908e-18   288
  7.097902e-01   4.116185e-18   6.478119e-05   3.242367e-19   144
  7.102908e-01   1.371539e-17   2.015951e-04   2.415138e-18   168
  7.113130e-01   1.248815e-17   2.268765e-04   1.976980e-18   159
  7.121109e-01   8.525068e-18   2.380480e-04   6.955891e-19   174
  7.128831e-01   7.437240e-18   2.158536e-04   7.150291e-19   144
  7.138943e-01   1.288318e-17   1.246398e-04   1.234692e-18   222
  7.145705e-01   9.214166e-18   1.257726e-04   1.112475e-18   168
  7.157386e-01   1.371717e-17   2.758677e-04   3.353188e-18   30
  7.162211e-01   3.482343e-18   2.435709e-04   4.685595e-19   72
  7.171298e-01   9.235937e-18   2.173841e-04   1.040192e-18   258
  7.181290e-01   7.390765e-18   1.361533e-04   6.063788e-19   264
  7.186286e-01   9.450806e-18   1.468278e-08   1.568229e-18   72
  7.196697e-01   5.038156e-18   2.698616e-04   6.246882e-19   174
  7.206123e-01   9.986397e-18   2.873527e-04   1.479404e-18   168
  7.213701e-01   2.407897e-18   8.991328e-09   3.399778e-19   48
  7.221837e-01   5.181049e-18   1.622748e-04   6.929875e-19   150
  7.231270e-01   1.228514e-17   2.985162e-04   1.120112e-18   168
  7.240729e-01   5.455483e-18   1.818422e-04   5.848705e-19   144
  7.249427e-01   8.957690e-18   1.698820e-04   1.771521e-18   102
  7.255906e-01   2.810104e-18   2.514545e-04   2.352330e-19   96
  7.266185e-01   2.151275e-18   2.495518e-04   1.666024e-19   120
  7.273797e-01   2.127615e-18   2.676508e-04   1.658156e-19   168
  7.282031e-01   1.003858e-17   1.976389e-04   1.015716e-18   126
  7.289046e-01   5.949333e-18   1.490593e-04   8.657487e-19   168
  7.298711e-01   3.004707e-18   2.390167e-04   4.202833e-19   72
  7.307158e-01   3.207983e-18   2.993022e-04   2.793510e-19   168
  7.314557e-01   7.941071e-18   8.205344e-05   1.693000e-18   78
  7.324696e-01   2.983141e-18   1.347256e-04   3.767728e-19   60
  7.332860e-01   1.133124e-17   2.185468e-04   2.139355e-18   96
  7.341327e-01   3.850381e-18   2.651884e-04   3.155293e-19   168
  7.349284e-01   3.452573e-18   1.678009e-04   6.691395e-19   86
  7.357634e-01   2.428534e-18   1.499742e-04   3.338590e-19   120
  7.369601e-01   2.831137e-18   1.069515e-04   2.664820e-19   168
  7.376055e-01   1.644317e-18   0.000000e+00   1.805761e-19   48
  7.384747e-01   6.690249e-18   1.948541e-04   7.657687e-19   120
  7.389742e-01   4.239169e-18   1.421539e-04   6.029374e-19   126
  7.401935e-01   3.627751e-18   2.500091e-04   4.339251e-19   96
  7.409848e-01   3.442763e-18   7.209028e-05   3.373186e-19   96
  7.416089e-01   2.278216e-18   8.477105e-09   2.685673e-19   72
  7.429385e-01   2.716674e-18   8.991328e-09   5.020810e-19   24
  7.437683e-01   3.917276e-18   1.483601e-04   3.640205e-19   120
  7.444157e-01   3.143040e-18   2.164118e-04   4.312420e-19   126
  7.451355e-01   2.166837e-18   1.804085e-04   2.622143e-19   96
  7.459766e-01   1.302338e-18   3.117986e-04   1.440687e-19   72
  7.469132e-01   2.248369e-18   1.348634e-04   1.908877e-19   144
  7.476836e-01   2.332372e-18   7.778603e-05   3.086197e-19   72
  7.484533e-01   3.661162e-18   1.553665e-04   7.674853e-19   54
  7.491306e-01   3.466012e-18   1.369149e-04   4.029218e-19   108
  7.505382e-01   3.839832e-18   1.342120e-04   4.278048e-19   72
  7.509765e-01   2.825726e-18   7.744493e-05   3.185582e-19   72
  7.520162e-01   1.619225e-18   1.557344e-08   2.024703e-19   24
  7.529998e-01   8.979390e-19   1.638381e-04   1.393336e-19   48
  7.535971e-01   2.703579e-18   1.248023e-04   3.748717e-19   102
  7.544963e-01   1.802698e-18   2.822510e-04   1.508862e-19   168
  7.556711e-01   1.311218e-18   1.539331e-04   1.753567e-19   72
  7.561064e-01   1.536395e-18   0.000000e+00   2.382878e-19   48
  7.570195e-01   2.090930e-18   2.647743e-04   2.216999e-19   120
  7.582245e-01   1.920953e-18   1.627091e-04   1.606004e-19   96
  7.593627e-01   4.757808e-18   1.438612e-08   1.655723e-18   30
  7.607153e-01   2.787022e-18   7.644796e-05   3.992751e-19   72
  7.613097e-01   1.427442e-18   8.991328e-09   3.109366e-19   24
  7.620733e-01   6.643040e-19   1.133148e-04   1.115135e-19   56
  7.629285e-01   6.604623e-19   1.617059e-04   5.975090e-20   96
  7.639519e-01   1.491331e-18   1.785629e-04   1.389618e-19   144
  7.647411e-01   2.238955e-18   1.013810e-04   5.033337e-19   54
  7.658874e-01   1.396086e-18   1.518795e-04   1.430807e-19   108
  7.670409e-01   3.694450e-18   8.041947e-05   6.644780e-19   48
  7.681392e-01   1.491309e-18   3.028050e-04   1.483564e-19   72
  7.707744e-01   2.868265e-18   2.000642e-04   3.728455e-19   78
  7.715046e-01   6.575804e-19   1.507735e-04   7.542029e-20   72
  7.723570e-01   7.256733e-19   1.505863e-04   8.131070e-20   72
  7.732482e-01   1.402623e-18   3.633813e-04   1.267100e-19   96
  7.739527e-01   7.903010e-19   1.502759e-04   5.077563e-20   72
  7.748024e-01   1.124917e-18   0.000000e+00   1.795034e-19   24
  7.756510e-01   1.287140e-18   2.998733e-04   1.424722e-19   72
  7.775680e-01   1.614659e-18   1.904287e-04   3.223053e-19   30
  7.779804e-01   2.180423e-18   0.000000e+00   4.533607e-19   24
  7.801973e-01   5.568945e-19   1.581267e-04   7.555621e-20   48
  7.808927e-01   8.649327e-19   3.402886e-04   1.233178e-19   120
  7.818296e-01   5.589524e-19   1.487821e-04   7.506952e-20   72
  7.827758e-01   8.097050e-19   1.486022e-04   1.325354e-19   36
  7.834261e-01   8.894581e-19   2.937071e-04   1.081045e-19   78
  7.852411e-01   1.081829e-18   1.571111e-04   1.164743e-19   48
  7.875942e-01   1.519869e-18   1.271566e-08   1.979586e-19   24
  7.892707e-01   2.832303e-19   1.094089e-04   4.330280e-20   56
  7.901149e-01   3.607652e-19   1.683597e-04   3.592606e-20   102
  7.911888e-01   5.719572e-19   1.198844e-08   6.430283e-20   72
  7.918122e-01   6.913489e-19   8.991328e-09   1.074615e-19   24
  7.929021e-01   5.624016e-19   1.555930e-04   6.879881e-20   48
  7.949223e-01   7.569896e-19   0.000000e+00   1.601981e-19   24
  7.974016e-01   6.786232e-19   0.000000e+00   3.447232e-19   6
  7.981748e-01   1.863452e-19   0.000000e+00   3.679121e-20   24
  7.986898e-01   3.084244e-19   1.456409e-04   3.266164e-20   72
  7.996307e-01   2.920215e-19   2.717068e-04   2.673399e-20   84
  8.006440e-01   4.519101e-19   0.000000e+00   1.016729e-19   24
  8.009521e-01   5.273616e-19   1.271566e-08   6.703012e-20   24
  8.024909e-01   5.166142e-19   1.557344e-08   9.660631e-20   24
  8.046403e-01   5.323574e-19   0.000000e+00   1.474716e-19   6
  8.073954e-01   1.703575e-19   1.528000e-04   2.114436e-20   48
  8.080572e-01   2.366695e-19   2.878503e-04   2.352870e-20   72
  8.089220e-01   3.177719e-19   1.525117e-04   4.344132e-20   48
  8.102934e-01   6.057800e-19   0.000000e+00   9.664706e-20   24
  8.121184e-01   1.124819e-18   0.000000e+00   1.578307e-19   6
  8.162097e-01   9.390801e-20   0.000000e+00   1.890596e-20   8
  8.165120e-01   1.861734e-19   8.991328e-09   4.668409e-20   48
  8.172369e-01   2.097854e-19   1.479045e-04   3.108227e-20   60
  8.183231e-01   3.294398e-19   0.000000e+00   6.455381e-20   24
  8.198293e-01   2.657522e-19   0.000000e+00   6.820620e-20   6
  8.253784e-01   1.239977e-19   0.000000e+00   2.083871e-20   24
  8.258266e-01   1.319440e-19   1.493898e-04   1.340175e-20   48
  8.265733e-01   1.622843e-19   0.000000e+00   4.275681e-20   24
  8.277664e-01   5.040436e-20   0.000000e+00   9.412128e-21   6
  8.345448e-01   7.173427e-20   1.393664e-04   1.271591e-20   36
  8.350375e-01   1.263159e-19   0.000000e+00   3.264440e-20   24
  8.359234e-01   1.305834e-19   0.000000e+00   6.406328e-20   6
  8.436361e-01   9.401400e-20   1.266552e-04   1.194974e-20   32
  8.442939e-01   4.827005e-20   0.000000e+00   1.177123e-20   6
  8.525822e-01   6.988236e-20   0.000000e+00   1.414891e-20   12
  8.528715e-01   1.067365e-19   0.000000e+00   5.964232e-21   6
  8.616502e-01   3.130849e-20   0.000000e+00   4.085568e-21   6
