# power spectrum of zeta
# redshift z=9.995116
# k              Pk             sigma(k)       sigma(Pk)      count
  1.570796e-02   1.529659e-16   0.000000e+00   6.642096e-17   6
  2.221441e-02   1.082163e-16   0.000000e+00   2.203304e-17   12
  2.720699e-02   6.230526e-17   2.980232e-10   1.216173e-17   8
  3.141593e-02   1.464648e-16   0.000000e+00   2.153499e-17   6
  3.512407e-02   2.164006e-16   5.619580e-10   5.234449e-17   24
  3.847649e-02   1.097182e-16   5.619580e-10   2.196403e-17   24
  4.442883e-02   9.528280e-17   0.000000e+00   2.846136e-17   12
  4.712389e-02   2.774053e-16   6.357829e-10   1.389937e-16   30
  4.967294e-02   2.444192e-16   0.000000e+00   3.354962e-17   24
  5.209742e-02   1.452646e-16   9.733398e-10   2.028925e-17   24
  5.441398e-02   2.644495e-17   5.960464e-10   1.083391e-17   8
  5.663587e-02   1.094018e-16   7.947286e-10   1.719568e-17   24
  5.877382e-02   9.183430e-17   0.000000e+00   1.104892e-17   48
  6.283185e-02   2.832390e-17   0.000000e+00   7.235274e-18   6
  6.476559e-02   4.949577e-16   7.947286e-10   9.616347e-17   48
  6.664324e-02   3.084530e-16   7.492773e-10   8.667834e-17   36
  6.846942e-02   7.952839e-17   7.947286e-10   1.629557e-17   24
  7.024815e-02   2.745102e-16   1.123916e-09   3.138957e-17   24
  7.198293e-02   1.485802e-16   0.000000e+00   3.631765e-17   48
  7.367688e-02   6.316495e-17   1.123916e-09   1.174133e-17   24
  7.695299e-02   8.782212e-17   1.123916e-09   1.613974e-17   24
  7.853982e-02   1.038530e-15   0.000000e+00   6.679903e-16   30
  8.009521e-02   3.389381e-16   0.000000e+00   5.764475e-17   72
  8.162097e-02   2.242330e-16   1.192093e-09   2.748145e-17   32
  8.458997e-02   1.086239e-16   0.000000e+00   1.830622e-17   72
  8.603606e-02   2.050852e-16   0.000000e+00   3.806846e-17   48
  8.885766e-02   3.491184e-17   0.000000e+00   8.076356e-18   12
  9.023538e-02   5.796936e-17   0.000000e+00   7.981258e-18   48
  9.159238e-02   5.659362e-17   0.000000e+00   1.381145e-17   48
  9.292956e-02   8.934668e-17   1.123916e-09   1.748126e-17   48
  9.424778e-02   1.991033e-16   1.271566e-09   1.059775e-16   30
  9.554781e-02   2.133804e-15   0.000000e+00   5.368085e-16   24
  9.683039e-02   1.784505e-16   2.369423e-09   2.771214e-17   72
  9.934588e-02   3.257232e-16   0.000000e+00   5.214170e-17   24
  1.005800e-01   1.147254e-16   0.000000e+00   1.317337e-17   96
  1.017992e-01   4.766833e-17   0.000000e+00   7.757977e-18   48
  1.030040e-01   3.223760e-17   1.946680e-09   3.882816e-18   24
  1.041948e-01   6.222979e-17   1.946680e-09   6.326935e-18   24
  1.053722e-01   8.111716e-17   0.000000e+00   1.370032e-17   72
  1.065366e-01   7.595929e-17   0.000000e+00   1.158934e-17   48
  1.088280e-01   1.249222e-17   1.192093e-09   5.820698e-18   8
  1.099557e-01   1.542689e-15   1.412851e-09   1.024739e-15   54
  1.110721e-01   6.826742e-16   0.000000e+00   1.328787e-16   84
  1.121773e-01   3.632430e-16   0.000000e+00   5.474398e-17   48
  1.132717e-01   2.733468e-17   1.589457e-09   4.426829e-18   24
  1.143557e-01   2.030643e-16   2.119276e-09   3.845246e-17   72
  1.154295e-01   2.560039e-16   0.000000e+00   4.579381e-17   96
  1.175476e-01   3.830616e-17   0.000000e+00   4.003190e-18   48
  1.185925e-01   8.121865e-17   0.000000e+00   2.063819e-17   48
  1.196283e-01   1.950290e-16   0.000000e+00   6.575111e-17   24
  1.206552e-01   1.030475e-16   0.000000e+00   2.070005e-17   72
  1.226831e-01   3.134713e-17   0.000000e+00   3.288785e-18   72
  1.236846e-01   6.695706e-17   0.000000e+00   9.735679e-18   96
  1.256637e-01   1.351864e-16   0.000000e+00   7.751392e-17   6
  1.266416e-01   1.595987e-15   0.000000e+00   3.906873e-16   96
  1.276121e-01   6.520969e-16   1.589457e-09   2.004658e-16   96
  1.285752e-01   4.556407e-17   0.000000e+00   4.478006e-18   24
  1.295312e-01   7.247319e-16   1.589457e-09   1.433039e-16   48
  1.304801e-01   3.581932e-16   0.000000e+00   9.730720e-17   96
  1.314222e-01   1.630804e-17   0.000000e+00   2.029516e-18   48
  1.332865e-01   2.281351e-16   1.498555e-09   6.072222e-17   36
  1.342089e-01   6.838666e-17   2.753021e-09   1.293543e-17   48
  1.351250e-01   9.132788e-17   3.114687e-09   1.293436e-17   120
  1.360350e-01   2.287831e-17   0.000000e+00   2.925885e-18   56
  1.369388e-01   2.412634e-17   1.589457e-09   3.163083e-18   24
  1.378368e-01   5.805100e-17   0.000000e+00   8.479327e-18   96
  1.387290e-01   2.772804e-17   0.000000e+00   5.940187e-18   48
  1.404963e-01   9.679147e-17   2.247832e-09   2.182864e-17   24
  1.413717e-01   1.471394e-15   0.000000e+00   9.969306e-16   102
  1.422417e-01   2.215613e-15   1.589457e-09   3.863824e-16   48
  1.431064e-01   4.273565e-16   0.000000e+00   7.431067e-17   72
  1.439659e-01   3.608816e-17   0.000000e+00   4.442975e-18   48
  1.448203e-01   4.829736e-16   0.000000e+00   1.127897e-16   48
  1.456697e-01   3.571704e-16   3.596531e-09   6.863073e-17   120
  1.473538e-01   2.583816e-17   2.247832e-09   4.171054e-18   24
  1.481886e-01   7.535984e-17   2.119276e-09   1.481519e-17   144
  1.490188e-01   7.045017e-17   2.543132e-09   2.563994e-17   120
  1.498444e-01   2.518417e-16   2.247832e-09   5.130799e-17   48
  1.514821e-01   2.978485e-17   2.247832e-09   3.315892e-18   48
  1.522944e-01   8.859767e-17   2.247832e-09   1.628494e-17   96
  1.544390e-01   4.993347e-17   3.768959e-04   1.075930e-17   72
  1.555009e-01   6.194728e-17   1.998073e-09   7.945096e-18   108
  1.562923e-01   3.743871e-17   0.000000e+00   5.302656e-18   72
  1.570796e-01   6.840923e-16   0.000000e+00   4.152406e-16   30
  1.578631e-01   1.218313e-15   0.000000e+00   3.696047e-16   168
  1.586427e-01   8.215738e-16   0.000000e+00   1.412735e-16   48
  1.601904e-01   3.455310e-16   0.000000e+00   8.217073e-17   72
  1.609587e-01   3.103264e-16   0.000000e+00   4.691635e-17   96
  1.617234e-01   4.477284e-17   4.238553e-09   7.474263e-18   72
  1.624844e-01   2.493023e-17   0.000000e+00   3.115661e-18   72
  1.637639e-01   1.711098e-16   3.480039e-04   3.208302e-17   104
  1.647465e-01   7.677664e-17   2.997109e-09   1.406415e-17   144
  1.669779e-01   8.824042e-17   5.026305e-09   1.645401e-17   96
  1.677152e-01   2.236886e-17   0.000000e+00   2.275918e-18   96
  1.688876e-01   2.888759e-17   3.580185e-04   3.350348e-18   120
  1.699076e-01   4.670396e-17   0.000000e+00   5.733998e-18   120
  1.706322e-01   4.462742e-17   0.000000e+00   1.096014e-17   72
  1.720721e-01   6.395432e-17   0.000000e+00   8.297644e-18   48
  1.727876e-01   3.388467e-15   3.912510e-09   2.350092e-15   78
  1.737029e-01   1.367430e-15   3.205713e-04   2.260821e-16   168
  1.756204e-01   2.971611e-16   3.670694e-09   6.745140e-17   144
  1.763215e-01   5.009147e-16   2.997109e-09   9.722410e-17   144
  1.783549e-01   8.878986e-17   1.846233e-04   2.125541e-17   156
  1.790983e-01   2.722236e-16   3.893359e-09   1.067550e-16   48
  1.797859e-01   1.693045e-16   2.543132e-09   3.773711e-17   120
  1.804708e-01   1.815210e-17   0.000000e+00   1.875248e-18   48
  1.816818e-01   6.628627e-17   2.825996e-04   1.140245e-17   216
  1.831848e-01   2.433137e-17   0.000000e+00   3.260646e-18   48
  1.838570e-01   4.732668e-17   2.247832e-09   9.564428e-18   96
  1.848128e-01   6.974447e-17   3.302618e-04   9.115242e-18   168
  1.858591e-01   1.785194e-17   2.247832e-09   2.647846e-18   48
  1.865217e-01   4.343823e-17   0.000000e+00   5.823233e-18   96
  1.871820e-01   1.352293e-17   0.000000e+00   2.438481e-18   48
  1.884956e-01   9.597785e-17   2.543132e-09   5.643754e-17   30
  1.891489e-01   4.218516e-15   0.000000e+00   1.037543e-15   96
  1.899298e-01   6.962717e-16   2.595564e-04   2.207080e-16   240
  1.909339e-01   2.692443e-15   2.800239e-04   4.644164e-16   32
  1.917401e-01   5.124690e-16   0.000000e+00   1.480044e-16   168
  1.923825e-01   3.229946e-17   0.000000e+00   4.568507e-18   120
  1.936608e-01   2.764344e-16   4.738846e-09   8.074176e-17   72
  1.942968e-01   6.271830e-17   2.119276e-09   1.209212e-17   144
  1.949307e-01   1.752411e-16   0.000000e+00   3.545871e-17   96
  1.955626e-01   2.185742e-17   0.000000e+00   2.970053e-18   96
  1.968202e-01   1.624201e-16   0.000000e+00   2.708169e-17   72
  1.974460e-01   2.341587e-17   3.178914e-09   4.906715e-18   96
  1.986918e-01   2.148840e-16   0.000000e+00   4.578701e-17   24
  1.993117e-01   5.239835e-17   0.000000e+00   6.421975e-18   192
  2.000418e-01   2.039565e-17   2.376333e-04   2.831182e-18   132
  2.011601e-01   5.110213e-17   0.000000e+00   6.564998e-18   96
  2.017724e-01   1.251196e-17   0.000000e+00   9.912179e-19   96
  2.023829e-01   1.539336e-17   2.543132e-09   1.634578e-18   120
  2.035985e-01   1.000680e-17   0.000000e+00   1.563919e-18   48
  2.045948e-01   2.626494e-15   2.879924e-04   1.064214e-15   222
  2.054083e-01   5.846979e-16   0.000000e+00   1.129878e-16   120
  2.060080e-01   6.064887e-18   3.893359e-09   1.172090e-18   24
  2.068812e-01   4.767215e-16   2.972500e-04   7.464934e-17   312
  2.087838e-01   2.320264e-16   2.786838e-04   6.550280e-17   72
  2.095704e-01   1.938266e-16   3.893359e-09   6.141324e-17   96
  2.103781e-01   1.555829e-16   2.838009e-04   3.540406e-17   192
  2.113290e-01   2.342873e-17   3.596531e-09   3.281976e-18   120
  2.119120e-01   1.204755e-16   0.000000e+00   2.188691e-17   144
  2.130732e-01   5.442843e-17   0.000000e+00   7.254722e-18   48
  2.138985e-01   5.700543e-17   2.853717e-04   7.034728e-18   336
  2.148032e-01   7.390874e-17   0.000000e+00   1.202796e-17   48
  2.159488e-01   3.484812e-17   0.000000e+00   5.475729e-18   192
  2.165193e-01   9.586480e-18   0.000000e+00   1.116533e-18   48
  2.181411e-01   1.496687e-17   1.980854e-04   2.103504e-18   56
  2.189475e-01   3.838676e-17   2.544090e-04   4.195457e-18   336
  2.199115e-01   7.647118e-16   2.825702e-09   4.734696e-16   54
  2.207512e-01   2.072488e-15   2.794324e-04   5.418655e-16   240
  2.224945e-01   4.934646e-16   2.675587e-04   7.066472e-17   228
  2.232521e-01   1.756760e-17   2.997109e-09   2.115660e-18   72
  2.239875e-01   7.167465e-17   2.595385e-04   1.186442e-17   144
  2.249038e-01   2.849951e-16   0.000000e+00   7.115615e-17   96
  2.254517e-01   8.436884e-17   3.596531e-09   1.657667e-17   240
  2.265435e-01   2.779500e-17   3.178914e-09   8.261563e-18   24
  2.272424e-01   5.982920e-17   2.451321e-04   1.051842e-17   336
  2.281713e-01   6.176182e-18   0.000000e+00   7.846576e-19   72
  2.290193e-01   7.087399e-17   2.666265e-04   8.145187e-18   168
  2.297877e-01   8.832074e-17   0.000000e+00   2.355696e-17   72
  2.308590e-01   7.185571e-17   0.000000e+00   9.927683e-18   96
  2.316886e-01   1.331526e-17   2.646263e-04   1.300051e-18   216
  2.324566e-01   1.417933e-17   0.000000e+00   1.406862e-18   96
  2.335157e-01   4.596182e-17   3.178914e-09   5.782907e-18   192
  2.340434e-01   3.331749e-17   2.997109e-09   4.804140e-18   144
  2.350953e-01   1.304702e-17   0.000000e+00   1.701180e-18   48
  2.358236e-01   3.413597e-15   2.551309e-04   1.461120e-15   246
  2.368131e-01   6.105898e-16   2.352347e-04   1.215992e-16   168
  2.377046e-01   5.754329e-16   6.229375e-09   1.475861e-16   120
  2.382231e-01   5.436303e-16   0.000000e+00   1.143312e-16   240
  2.392566e-01   3.866397e-17   0.000000e+00   5.212868e-18   24
  2.400800e-01   1.255369e-16   2.517980e-04   3.109935e-17   360
  2.411056e-01   2.936076e-16   2.507265e-04   6.616170e-17   120
  2.418210e-01   1.892236e-17   0.000000e+00   3.246995e-18   144
  2.423307e-01   2.171090e-16   0.000000e+00   4.321128e-17   96
  2.438532e-01   5.694403e-17   0.000000e+00   1.186679e-17   144
  2.443586e-01   1.036046e-16   0.000000e+00   1.787429e-17   132
  2.450688e-01   3.204062e-17   2.474633e-04   5.427626e-18   176
  2.460999e-01   2.984489e-17   2.498881e-04   3.306288e-18   312
  2.473693e-01   2.413053e-17   0.000000e+00   3.987943e-18   96
  2.478675e-01   1.332734e-17   0.000000e+00   1.362027e-18   144
  2.486319e-01   4.301425e-17   2.473817e-04   5.662701e-18   312
  2.498505e-01   9.003874e-18   0.000000e+00   1.105369e-18   48
  2.503437e-01   2.954799e-17   3.178914e-09   5.016886e-18   192
  2.513274e-01   7.881992e-16   0.000000e+00   4.366701e-16   6
  2.519810e-01   3.331850e-15   2.307253e-04   6.828656e-16   288
  2.530395e-01   7.673210e-16   2.437763e-04   1.774626e-16   192
  2.537699e-01   6.614421e-16   7.476104e-09   1.946445e-16   216
  2.542556e-01   3.213126e-17   0.000000e+00   9.292698e-18   72
  2.554657e-01   2.357153e-16   2.414611e-04   5.365903e-17   192
  2.562693e-01   1.052177e-16   1.792979e-04   2.236510e-17   288
  2.571504e-01   8.974281e-18   0.000000e+00   1.637721e-18   24
  2.578312e-01   4.778908e-17   2.362101e-04   7.847265e-18   456
  2.590624e-01   1.622325e-16   0.000000e+00   4.039452e-17   48
  2.598231e-01   7.141167e-17   2.326575e-04   8.821922e-18   240
  2.606974e-01   4.202302e-17   2.351266e-04   4.919778e-18   216
  2.614326e-01   2.055183e-17   0.000000e+00   2.497665e-18   72
  2.619041e-01   1.319695e-17   8.123736e-09   1.398279e-18   168
  2.632353e-01   3.890824e-17   1.747662e-04   5.493955e-18   288
  2.639818e-01   2.861667e-17   2.312456e-04   3.692210e-18   168
  2.651809e-01   2.505059e-17   0.000000e+00   2.962410e-18   192
  2.656458e-01   1.097218e-17   2.997109e-09   9.341150e-19   144
  2.665730e-01   3.806694e-17   2.997109e-09   4.461944e-18   36
  2.673593e-01   2.568854e-15   2.111764e-04   1.051958e-15   342
  2.681111e-01   7.376745e-16   2.168525e-04   1.457060e-16   144
  2.690776e-01   5.742595e-16   2.274240e-04   9.100644e-17   384
  2.702500e-01   3.586087e-17   6.229375e-09   5.251330e-18   120
  2.708303e-01   1.826580e-16   2.027960e-04   4.332341e-17   264
  2.716161e-01   2.233219e-16   1.005261e-08   5.170306e-17   192
  2.723561e-01   1.284914e-17   2.185515e-04   1.412193e-18   152
  2.729753e-01   1.689087e-16   5.994218e-09   3.088025e-17   144
  2.742778e-01   4.594823e-17   1.414487e-04   1.080662e-17   216
  2.748807e-01   7.970527e-17   1.890132e-04   9.675333e-18   312
  2.759419e-01   4.322205e-17   2.190625e-04   6.459534e-18   240
  2.765672e-01   1.331182e-17   3.178914e-09   1.444530e-18   96
  2.777541e-01   7.359526e-18   2.094396e-04   6.295743e-19   144
  2.784857e-01   3.360949e-17   2.058607e-04   4.120708e-18   456
  2.796723e-01   1.367791e-17   0.000000e+00   1.523257e-18   120
  2.801131e-01   3.298957e-17   0.000000e+00   6.004201e-18   144
  2.809926e-01   2.968839e-17   4.495664e-09   8.603212e-18   24
  2.815564e-01   1.429933e-17   1.978798e-04   1.202016e-18   336
  2.825316e-01   3.178466e-16   2.182345e-04   1.901068e-16   198
  2.834454e-01   1.631488e-15   2.122205e-04   4.318164e-16   432
  2.844833e-01   1.485336e-15   6.357829e-09   3.445287e-16   48
  2.850248e-01   2.300218e-16   1.873540e-04   3.806365e-17   384
  2.859970e-01   8.210077e-17   2.156842e-04   1.720557e-17   144
  2.868780e-01   2.395295e-16   2.141460e-04   4.258498e-17   264
  2.879317e-01   1.367477e-17   0.000000e+00   2.068158e-18   48
  2.886387e-01   9.032448e-17   2.036179e-04   1.820185e-17   276
  2.893208e-01   3.031326e-17   1.845741e-04   5.076154e-18   192
  2.902325e-01   4.173537e-17   2.074207e-04   5.453382e-18   552
  2.913393e-01   6.824043e-17   5.086263e-09   1.075495e-17   120
  2.919972e-01   6.892256e-18   2.099609e-04   5.007642e-19   216
  2.926069e-01   1.182881e-17   5.086263e-09   1.679862e-18   120
  2.936961e-01   4.236776e-17   2.067600e-04   4.522946e-18   408
  2.947075e-01   2.630951e-18   4.495664e-09   5.490359e-19   24
  2.953347e-01   2.108811e-17   2.088648e-04   2.759662e-18   384
  2.962106e-01   1.182306e-17   2.040684e-04   1.055905e-18   240
  2.969712e-01   1.865028e-17   2.055628e-04   2.202245e-18   168
  2.980376e-01   1.458761e-17   0.000000e+00   1.927352e-18   120
  2.987251e-01   3.207935e-15   2.142884e-04   1.401764e-15   350
  2.998430e-01   5.906777e-16   3.527601e-04   9.481178e-17   384
  3.005110e-01   1.167100e-15   0.000000e+00   2.392400e-16   144
  3.017401e-01   9.022650e-17   4.238553e-09   2.548543e-17   288
  3.023819e-01   2.196718e-16   2.019242e-04   4.835222e-17   336
  3.032549e-01   1.089103e-17   1.838353e-04   1.549115e-18   168
  3.037776e-01   9.521307e-17   1.204945e-08   1.775782e-17   336
  3.048586e-01   3.929050e-17   1.908100e-04   7.243043e-18   288
  3.055078e-01   9.249116e-17   1.797918e-04   1.331586e-17   264
  3.066072e-01   3.062551e-17   0.000000e+00   4.684095e-18   240
  3.070093e-01   1.643450e-17   0.000000e+00   2.343509e-18   96
  3.084525e-01   3.656725e-17   2.445048e-04   5.805135e-18   360
  3.091260e-01   3.508540e-17   1.802420e-04   4.333272e-18   168
  3.099770e-01   1.829172e-17   1.964825e-04   2.466545e-18   456
  3.110018e-01   1.036501e-17   5.651403e-09   1.140764e-18   108
  3.115782e-01   1.313397e-17   1.971449e-04   2.041055e-18   264
  3.122973e-01   2.077632e-17   1.758853e-04   2.600362e-18   264
  3.132820e-01   2.120412e-17   1.659735e-04   3.087618e-18   312
  3.145081e-01   3.060578e-15   1.233364e-04   7.859241e-16   270
  3.150220e-01   1.349431e-15   1.565911e-04   4.447181e-16   240
  3.159458e-01   8.788751e-16   1.937229e-04   1.658693e-16   384
  3.165067e-01   1.507678e-17   6.357829e-09   1.829505e-18   192
  3.175962e-01   2.154482e-16   1.554368e-04   5.174872e-17   240
  3.182281e-01   1.034843e-16   1.918342e-04   2.104952e-17   336
  3.194167e-01   5.396381e-17   1.931178e-04   8.768291e-18   480
  3.203808e-01   1.363155e-16   4.238553e-09   3.429991e-17   72
  3.209194e-01   7.849218e-17   1.883074e-04   1.086991e-17   240
  3.216520e-01   3.211903e-17   1.769831e-04   4.097092e-18   312
  3.224917e-01   7.688492e-18   1.912763e-04   5.907655e-19   240
  3.237607e-01   3.407170e-17   1.453205e-04   4.652001e-18   408
  3.242630e-01   2.111401e-17   1.330785e-04   2.420912e-18   336
  3.252448e-01   2.338055e-17   1.689770e-04   2.804192e-18   264
  3.257273e-01   6.464090e-18   0.000000e+00   5.558366e-19   144
  3.270696e-01   2.122651e-17   2.342121e-04   3.048833e-18   464
  3.277768e-01   1.535902e-17   1.862466e-04   1.764535e-18   168
  3.284751e-01   1.714171e-17   1.696301e-04   2.367427e-18   336
  3.297371e-01   1.263421e-15   1.782296e-04   8.764289e-16   414
  3.304484e-01   2.394139e-15   1.855264e-04   4.109141e-16   216
  3.313598e-01   8.547983e-16   4.495664e-09   2.107566e-16   96
  3.317320e-01   3.884325e-16   1.101208e-08   7.971185e-17   384
  3.330355e-01   1.146624e-16   1.851680e-04   2.531964e-17   492
  3.337341e-01   1.994052e-16   1.810784e-04   4.542575e-17   240
  3.345237e-01   8.650112e-17   1.838580e-04   1.531994e-17   312
  3.356141e-01   5.064037e-17   1.837975e-04   1.415353e-17   192
  3.363048e-01   5.005942e-17   1.781220e-04   6.432593e-18   504
  3.372212e-01   2.795613e-17   1.179198e-04   4.434739e-18   408
  3.379427e-01   1.038288e-17   3.612619e-04   1.802836e-18   168
  3.388456e-01   3.946200e-17   1.716026e-04   6.346835e-18   288
  3.396033e-01   2.307100e-17   1.790820e-04   2.885570e-18   288
  3.403794e-01   1.558550e-17   1.801128e-04   2.321340e-18   432
  3.415052e-01   1.940539e-17   1.703267e-04   2.305463e-18   216
  3.421068e-01   1.476054e-17   1.699674e-04   1.640252e-18   360
  3.431777e-01   1.844241e-17   1.658865e-04   2.479779e-18   312
  3.441442e-01   1.294433e-17   0.000000e+00   1.620895e-18   48
  3.447014e-01   1.244317e-17   1.778543e-04   1.134882e-18   432
  3.456992e-01   1.576042e-15   2.966627e-04   4.559847e-16   414
  3.462885e-01   3.834700e-16   6.776666e-09   8.233125e-17   312
  3.473878e-01   2.984713e-16   2.603051e-04   4.593259e-17   528
  3.481296e-01   5.573604e-17   1.366381e-04   1.124928e-17   264
  3.490209e-01   1.339967e-16   1.620153e-04   2.389633e-17   480
  3.501854e-01   8.638920e-17   0.000000e+00   1.879534e-17   288
  3.506883e-01   9.090324e-18   1.740804e-04   1.298000e-18   168
  3.516084e-01   4.779591e-17   2.755688e-04   6.132845e-18   504
  3.526429e-01   6.193476e-17   4.238553e-09   9.976442e-18   144
  3.532937e-01   9.713429e-18   1.769812e-04   6.370753e-19   464
  3.542716e-01   2.812376e-17   2.597299e-04   3.795507e-18   432
  3.547358e-01   3.005823e-17   4.495664e-09   5.535150e-18   192
  3.559351e-01   1.940271e-17   1.925466e-04   2.694054e-18   396
  3.566434e-01   1.187162e-17   1.729600e-04   1.155518e-18   288
  3.573592e-01   1.237581e-17   1.708549e-04   1.419060e-18   336
  3.585027e-01   1.158649e-17   1.081887e-04   9.917816e-19   432
  3.592283e-01   1.123192e-17   2.804101e-04   1.055889e-18   360
  3.600431e-01   1.348631e-17   1.658667e-04   1.774404e-18   384
  3.612003e-01   3.363059e-15   1.464092e-04   2.351789e-15   198
  3.617579e-01   9.655943e-16   1.664197e-04   1.720404e-16   552
  3.627976e-01   5.721099e-16   2.329761e-04   9.474552e-17   432
  3.636656e-01   1.679333e-17   8.899106e-09   3.066535e-18   168
  3.643942e-01   1.886806e-16   2.888052e-04   3.413878e-17   480
  3.653579e-01   6.719678e-18   0.000000e+00   5.960437e-19   120
  3.657917e-01   8.326401e-17   2.358836e-04   1.662864e-17   336
  3.668502e-01   3.916560e-17   1.664122e-04   5.319986e-18   672
  3.678969e-01   3.027732e-17   2.420693e-04   3.166550e-18   528
  3.683844e-01   6.391878e-18   7.266090e-09   4.930914e-19   168
  3.695106e-01   2.641533e-17   2.700266e-04   4.238787e-18   456
  3.701979e-01   3.247957e-17   1.649075e-04   4.700661e-18   168
  3.709113e-01   1.566908e-17   1.646115e-04   1.986935e-18   504
  3.720973e-01   9.852357e-18   2.118297e-04   1.718387e-18   336
  3.728144e-01   1.690281e-17   1.527042e-04   2.241608e-18   312
  3.736099e-01   1.362697e-17   1.492023e-04   1.930212e-18   504
  3.746568e-01   1.164966e-17   1.035207e-04   1.561120e-18   432
  3.751490e-01   7.784088e-18   1.599738e-04   5.501852e-19   312
  3.761721e-01   9.477789e-18   1.639809e-04   9.248047e-19   384
  3.772403e-01   5.325158e-15   1.393208e-04   1.322672e-15   126
  3.778999e-01   8.216724e-16   2.446141e-04   1.897925e-16   492
  3.787423e-01   2.654694e-16   1.566756e-04   7.770601e-17   528
  3.797950e-01   9.387379e-17   1.591488e-04   2.299671e-17   480
  3.804477e-01   6.565054e-17   2.198632e-04   1.266729e-17   432
  3.813922e-01   4.706191e-17   1.728933e-04   8.241282e-18   440
  3.824891e-01   6.924822e-17   8.597912e-05   9.800864e-18   312
  3.829007e-01   1.291324e-17   1.288469e-04   1.326981e-18   480
  3.837450e-01   2.205041e-17   2.522797e-04   2.783237e-18   408
  3.849786e-01   3.304138e-17   1.510870e-04   4.624028e-18   360
  3.854998e-01   1.467938e-17   1.457935e-04   1.740359e-18   408
  3.864656e-01   1.251389e-17   1.483633e-04   1.434923e-18   456
  3.875531e-01   1.148869e-17   1.417988e-04   1.129236e-18   264
  3.881567e-01   1.661940e-17   1.538873e-04   3.102235e-18   384
  3.890354e-01   1.220337e-17   2.590801e-04   1.116229e-18   672
  3.900512e-01   2.126463e-17   1.549634e-04   2.749337e-18   240
  3.906373e-01   7.179200e-18   1.572490e-04   5.972587e-19   264
  3.914646e-01   6.727294e-18   1.939407e-04   4.516151e-19   624
  3.926991e-01   2.217449e-15   0.000000e+00   1.545354e-15   150
  3.931386e-01   6.109179e-16   2.173259e-04   1.090542e-16   600
  3.940655e-01   2.464052e-16   1.499928e-04   3.930961e-17   672
  3.951151e-01   6.197768e-17   1.410788e-04   1.771066e-17   336
  3.956998e-01   1.310075e-16   1.534526e-04   2.471976e-17   408
  3.966340e-01   5.377615e-17   1.530911e-04   8.712583e-18   408
  3.976732e-01   2.908919e-17   7.741108e-05   6.165943e-18   360
  3.983137e-01   4.047815e-17   2.842286e-04   5.229198e-18   456
  3.990874e-01   2.512105e-17   1.545652e-04   4.249700e-18   384
  4.000722e-01   7.912621e-18   1.426833e-04   7.455872e-19   348
  4.006044e-01   2.328824e-17   1.759003e-04   2.620145e-18   576
  4.016040e-01   1.136100e-17   1.448308e-04   1.641503e-18   504
  4.026266e-01   9.135229e-18   2.042754e-04   7.851783e-19   432
  4.035193e-01   1.133318e-17   2.779157e-04   8.294225e-19   576
  4.041559e-01   1.201448e-17   0.000000e+00   1.969454e-18   264
  4.051657e-01   8.192874e-18   2.211515e-04   5.046980e-19   768
  4.060439e-01   4.960627e-18   2.977401e-04   3.239439e-19   240
  4.067421e-01   1.320514e-17   2.625786e-04   1.865503e-18   192
  4.077592e-01   7.371035e-18   1.932899e-04   7.383246e-19   504
  4.085134e-01   7.043398e-16   2.604655e-04   2.012705e-16   590
  4.092368e-01   3.256050e-16   2.918373e-04   5.578394e-17   384
  4.101438e-01   1.133171e-16   2.438900e-04   2.024141e-17   504
  4.112389e-01   8.087936e-17   2.347064e-04   1.218266e-17   648
  4.123011e-01   3.587658e-17   6.374317e-05   7.785320e-18   504
  4.127294e-01   9.308525e-18   1.454101e-04   6.779089e-19   312
  4.134855e-01   3.284920e-17   2.095003e-04   4.283003e-18   576
  4.145236e-01   2.882588e-17   1.457924e-04   4.323209e-18   240
  4.151287e-01   6.978719e-18   1.473162e-04   5.188737e-19   552
  4.159853e-01   2.164559e-17   1.383265e-04   2.472975e-18   600
  4.172054e-01   1.066367e-17   1.689549e-04   1.246325e-18   600
  4.179389e-01   8.873531e-18   2.705679e-04   8.369410e-19   312
  4.186695e-01   1.101843e-17   2.356379e-04   9.355427e-19   480
  4.195820e-01   8.045669e-18   1.470154e-04   6.433044e-19   576
  4.203854e-01   1.148997e-17   2.367268e-04   1.328465e-18   408
  4.210983e-01   4.543237e-18   2.761527e-04   2.656214e-19   216
  4.220194e-01   7.390928e-18   2.115019e-04   5.869422e-19   516
  4.230063e-01   8.126815e-18   2.017943e-04   5.068026e-19   744
  4.240243e-01   8.814263e-16   1.347808e-04   6.131389e-16   462
  4.245995e-01   7.025052e-16   1.369852e-04   1.250035e-16   432
  4.254918e-01   2.257457e-16   1.270838e-04   3.806254e-17   648
  4.265409e-01   5.936780e-17   1.859472e-04   1.508767e-17   528
  4.273836e-01   3.994485e-17   2.239269e-04   8.407206e-18   600
  4.282256e-01   6.977188e-17   2.823132e-04   1.471548e-17   240
  4.290411e-01   2.587796e-17   2.162492e-04   3.042421e-18   720
  4.299890e-01   1.124320e-17   1.710922e-04   1.017689e-18   720
  4.310398e-01   3.876321e-18   0.000000e+00   3.124514e-19   144
  4.315927e-01   1.814440e-17   2.205891e-04   2.109854e-18   720
  4.323793e-01   1.207769e-17   1.322696e-04   1.582967e-18   384
  4.333641e-01   6.727270e-18   1.466278e-04   5.265290e-19   672
  4.342984e-01   1.358859e-17   2.567292e-04   1.642552e-18   336
  4.347447e-01   1.050671e-17   0.000000e+00   1.746582e-18   288
  4.358374e-01   7.439140e-18   2.031840e-04   6.641933e-19   776
  4.368489e-01   6.484043e-18   1.738547e-04   4.751562e-19   720
  4.376985e-01   5.353526e-18   1.400528e-04   2.717244e-19   432
  4.383780e-01   7.126646e-18   1.996629e-04   5.183633e-19   504
  4.391339e-01   7.820307e-18   1.398922e-04   5.855006e-19   528
  4.401917e-01   8.875653e-16   1.905949e-04   1.817929e-16   438
  4.410618e-01   1.935922e-16   2.218350e-04   3.698180e-17   624
  4.417176e-01   5.125871e-17   2.717180e-04   1.760019e-17   312
  4.426191e-01   3.256285e-17   1.463948e-04   4.376580e-18   696
  4.435512e-01   2.278676e-17   1.324608e-04   3.590434e-18   552
  4.445207e-01   2.310726e-17   1.024805e-04   3.023261e-18   516
  4.451205e-01   1.612226e-17   2.046970e-04   1.567000e-18   528
  4.458506e-01   4.592709e-18   1.331200e-04   2.107050e-19   528
  4.468878e-01   1.325990e-17   1.755583e-04   1.291816e-18   864
  4.475918e-01   9.975702e-18   2.404788e-04   9.767005e-19   408
  4.482965e-01   1.110810e-17   2.382549e-04   1.171785e-18   192
  4.492953e-01   7.690300e-18   1.971674e-04   9.155188e-19   720
  4.501385e-01   7.404051e-18   1.817980e-04   6.454508e-19   696
  4.511404e-01   7.969247e-18   1.963435e-04   6.218594e-19   720
  4.520570e-01   7.003700e-18   2.661201e-04   4.492384e-19   432
  4.525916e-01   3.651862e-18   1.566487e-04   2.525187e-19   264
  4.535534e-01   7.253569e-18   2.163249e-04   4.979648e-19   672
  4.544137e-01   7.361037e-18   2.214835e-04   4.595394e-19   600
  4.554346e-01   2.330283e-16   1.296784e-04   1.584661e-16   270
  4.559493e-01   2.041094e-16   1.952021e-04   3.691978e-17   528
  4.567673e-01   6.361873e-17   1.336675e-04   9.655227e-18   840
  4.578890e-01   3.395002e-17   2.555961e-04   4.655205e-18   888
  4.589254e-01   1.481284e-17   1.904380e-04   2.039312e-18   744
  4.598014e-01   1.235776e-17   9.785730e-05   2.198529e-18   456
  4.602370e-01   2.291645e-17   1.337280e-04   3.157456e-18   360
  4.609825e-01   1.600211e-17   1.158678e-04   2.433256e-18   384
  4.621264e-01   9.304138e-18   1.858509e-04   8.741003e-19   816
  4.629847e-01   9.338774e-18   2.696437e-04   7.234159e-19   824
  4.640279e-01   6.818734e-18   1.253432e-04   6.564870e-19   360
  4.645865e-01   7.355742e-18   1.849595e-04   5.296860e-19   624
  4.653553e-01   8.033354e-18   1.249856e-04   8.434631e-19   360
  4.663795e-01   5.876435e-18   1.700172e-04   2.995830e-19   876
  4.673045e-01   5.665275e-18   2.019296e-04   4.325360e-19   696
  4.682373e-01   4.462934e-18   1.303928e-04   3.237515e-19   336
  4.687264e-01   6.461849e-18   1.302463e-04   4.838559e-19   504
  4.695341e-01   5.994700e-18   1.313750e-04   3.774717e-19   672
  4.707324e-01   5.066333e-18   2.615370e-04   3.369431e-19   720
  4.715635e-01   1.547040e-16   1.975633e-04   3.132715e-17   774
  4.724808e-01   6.790290e-17   1.130801e-04   1.360293e-17   384
  4.729612e-01   1.673732e-17   2.176147e-04   3.797803e-18   528
  4.737068e-01   2.053526e-17   2.073989e-04   3.150790e-18   744
  4.749062e-01   1.255492e-17   1.710601e-04   2.040709e-18   768
  4.757025e-01   1.935699e-17   1.920278e-04   2.540355e-18   552
  4.766960e-01   8.757782e-18   2.092886e-04   7.736709e-19   696
  4.774351e-01   1.135156e-17   2.543221e-04   1.256615e-18   408
  4.780218e-01   7.714332e-18   1.098692e-04   8.362264e-19   504
  4.789519e-01   5.903616e-18   1.973758e-04   3.837122e-19   888
  4.798671e-01   6.507975e-18   2.051305e-04   5.935711e-19   648
  4.808184e-01   6.213795e-18   2.033722e-04   4.468661e-19   648
  4.817134e-01   6.131535e-18   2.192851e-04   4.231491e-19   792
  4.826614e-01   5.577070e-18   3.208291e-04   3.774340e-19   600
  4.833600e-01   4.258388e-18   2.174285e-04   2.634961e-19   456
  4.840953e-01   5.306653e-18   1.059654e-04   2.824523e-19   648
  4.850397e-01   5.125608e-18   2.066479e-04   2.623697e-19   936
  4.860593e-01   4.831664e-18   1.269084e-04   3.077996e-19   384
  4.869469e-01   3.529078e-16   0.000000e+00   2.418491e-16   198
  4.876318e-01   4.871639e-17   3.219776e-04   8.041640e-18   1224
  4.883707e-01   4.843691e-17   2.344988e-04   9.276643e-18   420
  4.892446e-01   1.398745e-17   2.269458e-04   2.112156e-18   792
  4.900991e-01   1.033910e-17   1.876648e-04   1.977684e-18   680
  4.910742e-01   7.539123e-18   1.723226e-04   1.275894e-18   600
  4.918588e-01   6.165740e-18   2.499151e-04   8.951167e-19   840
  4.929064e-01   1.687719e-18   1.179983e-04   1.124296e-19   432
  4.933067e-01   8.750191e-18   1.105800e-04   1.253392e-18   720
  4.941771e-01   3.234670e-18   2.214723e-04   3.207888e-19   960
  4.952596e-01   5.246565e-18   1.974263e-04   6.725374e-19   528
  4.960507e-01   3.742626e-18   2.018074e-04   5.073685e-19   624
  4.969923e-01   3.141867e-18   1.586192e-04   2.543167e-19   816
  4.979269e-01   3.185632e-18   2.608527e-04   3.678770e-19   696
  4.989597e-01   1.544557e-18   1.438612e-08   1.408305e-19   240
  4.993481e-01   2.690274e-18   1.538310e-04   2.971532e-19   672
  5.002149e-01   2.764237e-18   2.749181e-04   2.764476e-19   864
  5.011872e-01   1.738683e-18   2.109550e-04   2.045069e-19   816
  5.020636e-01   1.616241e-18   1.207434e-04   1.292046e-19   648
  5.030076e-01   1.027729e-17   1.234217e-04   2.830653e-18   843
  5.038089e-01   9.422518e-18   2.220660e-04   2.621203e-18   780
  5.047639e-01   1.441121e-17   1.191565e-04   3.921272e-18   216
  5.053529e-01   5.902926e-18   2.873328e-04   9.536706e-19   1056
  5.062588e-01   3.339641e-18   2.350705e-04   8.070709e-19   228
  5.070976e-01   5.113859e-18   2.926687e-04   5.344841e-19   924
  5.079587e-01   2.330977e-18   1.085637e-04   2.038192e-19   696
  5.088706e-01   4.007113e-18   1.932122e-04   5.181221e-19   996
  5.098035e-01   1.944439e-18   1.140687e-04   2.977948e-19   576
  5.107740e-01   2.724327e-18   1.760574e-04   3.770988e-19   552
  5.114815e-01   3.259331e-18   2.102064e-04   3.391296e-19   516
  5.121995e-01   2.491143e-18   3.056837e-04   2.717617e-19   744
  5.130199e-01   1.262456e-18   1.499561e-04   1.297180e-19   576
  5.137336e-01   1.681224e-18   1.543428e-04   1.442154e-19   792
  5.147477e-01   1.783103e-18   1.764424e-04   1.895351e-19   792
  5.154909e-01   2.394372e-18   1.902913e-04   2.448356e-19   720
  5.164960e-01   1.245180e-18   2.168883e-04   9.968421e-20   656
  5.174379e-01   1.556255e-18   2.368308e-04   1.446451e-19   816
  5.184034e-01   1.791736e-18   1.276952e-04   2.219810e-19   492
  5.189522e-01   1.601767e-18   1.836985e-04   1.148934e-19   552
  5.199822e-01   1.349799e-18   3.194294e-04   1.602272e-19   780
  5.206511e-01   1.583840e-18   1.962217e-04   1.590281e-19   528
  5.213718e-01   1.094476e-18   2.290504e-04   1.135662e-19   600
  5.224340e-01   1.434238e-18   1.903590e-04   8.784832e-20   900
  5.231662e-01   1.210894e-18   1.053860e-04   8.580546e-20   696
  5.241734e-01   1.274951e-18   2.664725e-04   9.634775e-20   696
  5.251479e-01   8.470196e-19   1.081054e-04   5.531123e-20   552
  5.259673e-01   1.138637e-18   1.257166e-04   8.488798e-20   708
  5.268258e-01   9.508595e-19   2.075652e-04   5.892534e-20   876
  5.277190e-01   1.193100e-18   1.102130e-04   1.537104e-19   216
  5.283184e-01   1.188469e-18   3.014475e-04   6.848907e-20   1032
  5.292161e-01   1.201966e-18   3.356286e-04   1.908775e-19   600
  5.301478e-01   7.302953e-19   1.601495e-04   4.242832e-20   600
  5.308585e-01   1.193024e-18   2.828090e-04   1.147729e-19   528
  5.316987e-01   9.989673e-19   1.552497e-04   7.103653e-20   732
  5.325837e-01   1.165976e-18   1.146378e-04   1.147505e-19   336
  5.336024e-01   9.706219e-19   1.633817e-04   4.885323e-20   912
  5.343638e-01   6.793314e-19   1.639857e-04   5.058986e-20   624
  5.351957e-01   8.727532e-19   1.381873e-04   6.600191e-20   768
  5.361666e-01   7.546235e-19   2.493171e-04   3.900175e-20   792
  5.371196e-01   9.829166e-19   1.236011e-04   8.372343e-20   660
  5.377977e-01   7.975958e-19   1.821461e-04   6.127605e-20   504
  5.384990e-01   7.137375e-19   2.975919e-04   4.145102e-20   480
  5.395501e-01   6.848985e-19   2.752337e-04   4.111756e-20   912
  5.403731e-01   7.857664e-19   3.065154e-04   9.450854e-20   432
  5.411504e-01   8.655755e-19   1.820016e-04   7.644787e-20   564
  5.418405e-01   6.652278e-19   1.742006e-04   2.975637e-20   600
  5.428119e-01   7.277866e-19   2.428192e-04   3.489185e-20   876
  5.435417e-01   9.781337e-19   1.091788e-04   1.066376e-19   264
  5.445477e-01   5.808869e-19   2.118499e-04   4.228056e-20   560
  5.453563e-01   6.610789e-19   1.439565e-04   3.628493e-20   840
  5.463378e-01   5.846870e-19   2.219395e-04   2.803571e-20   1008
  5.472454e-01   5.974370e-19   9.928084e-05   3.827427e-20   456
  5.480744e-01   6.759264e-19   1.286043e-04   4.403666e-20   576
  5.488407e-01   6.543901e-19   1.976142e-04   3.874918e-20   612
  5.498512e-01   6.421839e-19   1.765015e-04   3.183957e-20   780
  5.506755e-01   6.462862e-19   2.022627e-04   3.585144e-20   648
  5.515194e-01   5.242983e-19   9.425702e-05   3.796879e-20   312
  5.520587e-01   5.617350e-19   2.394916e-04   4.052224e-20   528
  5.529931e-01   4.158606e-19   3.127641e-04   1.866976e-20   720
  5.538866e-01   5.649936e-19   3.137436e-04   3.840250e-20   576
  5.549699e-01   5.661196e-19   2.706443e-04   3.460363e-20   444
  5.556439e-01   5.564790e-19   2.654148e-04   2.851195e-20   996
  5.564699e-01   4.611016e-19   2.217012e-04   3.759397e-20   432
  5.572506e-01   5.564335e-19   2.427192e-04   5.002716e-20   504
  5.579250e-01   3.957448e-19   1.094306e-04   2.049166e-20   504
  5.588852e-01   5.746858e-19   2.153608e-04   2.848357e-20   876
  5.597541e-01   4.415200e-19   2.478597e-04   2.510393e-20   504
  5.606589e-01   4.355578e-19   1.580720e-04   2.839193e-20   696
  5.614066e-01   4.627334e-19   1.351349e-04   2.485446e-20   492
  5.624240e-01   4.084650e-19   1.934522e-04   2.468255e-20   432
  5.631776e-01   4.772568e-19   1.811468e-04   3.000262e-20   768
  5.640708e-01   3.945684e-19   2.256427e-04   2.634898e-20   648
  5.649237e-01   4.248540e-19   1.472076e-04   3.302054e-20   456
  5.659038e-01   5.496234e-19   2.024344e-04   3.653415e-20   552
  5.665845e-01   3.994246e-19   1.387487e-04   1.988321e-20   648
  5.675213e-01   3.854065e-19   2.261525e-04   1.612722e-20   840
  5.684363e-01   4.103900e-19   1.078474e-04   2.628724e-20   432
  5.693524e-01   4.064406e-19   1.320946e-04   2.728551e-20   600
  5.699896e-01   3.949700e-19   1.407382e-04   2.634535e-20   432
  5.710598e-01   4.218274e-19   1.401185e-04   2.654360e-20   560
  5.717846e-01   3.913073e-19   2.217929e-04   1.857282e-20   840
  5.726922e-01   4.131262e-19   1.313712e-04   2.912962e-20   504
  5.734129e-01   4.083870e-19   2.681208e-04   2.347145e-20   696
  5.744289e-01   4.951800e-19   1.464380e-04   3.790088e-20   384
  5.752203e-01   2.725178e-19   2.145144e-04   1.259225e-20   576
  5.761776e-01   3.639264e-19   1.323876e-04   2.392149e-20   360
  5.769491e-01   4.075682e-19   1.971572e-04   2.187048e-20   828
  5.777814e-01   2.639829e-19   1.756051e-04   1.822573e-20   372
  5.785440e-01   3.735881e-19   2.681827e-04   2.232400e-20   576
  5.795542e-01   3.822618e-19   1.123146e-04   2.335420e-20   636
  5.802740e-01   3.698777e-19   2.165136e-04   2.651941e-20   648
  5.812477e-01   2.769634e-19   1.760019e-04   1.831137e-20   576
  5.819467e-01   3.561431e-19   2.839096e-04   3.047851e-20   528
  5.828762e-01   3.138511e-19   1.213831e-04   2.812406e-20   360
  5.836457e-01   3.180917e-19   2.792266e-04   1.710411e-20   672
  5.846504e-01   3.151155e-19   1.430245e-04   1.889967e-20   804
  5.854866e-01   3.284534e-19   1.577731e-04   2.242850e-20   408
  5.864116e-01   4.034485e-19   9.752092e-05   3.085449e-20   384
  5.870345e-01   2.034495e-19   2.231653e-04   1.198599e-20   480
  5.879130e-01   2.778215e-19   1.441975e-04   1.789878e-20   432
  5.887557e-01   2.781720e-19   2.657252e-04   1.304391e-20   648
  5.897530e-01   2.474670e-19   1.648813e-04   1.244127e-20   624
  5.904826e-01   2.509603e-19   1.499734e-04   1.883046e-20   456
  5.914788e-01   2.379518e-19   2.048770e-04   1.161906e-20   588
  5.921465e-01   2.543373e-19   1.307107e-04   1.263506e-20   600
  5.931212e-01   2.320884e-19   2.038766e-04   1.285151e-20   708
  5.938912e-01   2.893118e-19   1.284383e-04   2.016595e-20   360
  5.947420e-01   2.418749e-19   1.476433e-04   1.324070e-20   552
  5.955576e-01   2.185016e-19   1.035752e-04   1.723315e-20   288
  5.963856e-01   2.336606e-19   1.947498e-04   1.590854e-20   528
  5.971636e-01   2.640490e-19   1.313872e-04   1.851591e-20   456
  5.980328e-01   2.195706e-19   2.329780e-04   1.412791e-20   608
  5.989070e-01   1.851597e-19   1.127174e-04   1.231157e-20   504
  5.998623e-01   1.925158e-19   2.419978e-04   1.242730e-20   540
  6.006113e-01   2.193150e-19   2.597778e-04   1.536307e-20   360
  6.014188e-01   2.464098e-19   1.176407e-04   1.527451e-20   540
  6.021329e-01   1.914707e-19   1.010085e-04   1.037824e-20   576
  6.031714e-01   1.761195e-19   2.342044e-04   9.333611e-21   588
  6.041588e-01   1.794293e-19   3.231314e-04   1.038582e-20   672
  6.050070e-01   2.273436e-19   2.469721e-04   1.498468e-20   552
  6.056908e-01   2.610374e-19   2.470970e-04   2.855210e-20   144
  6.065633e-01   1.849697e-19   2.099342e-04   9.743446e-21   600
  6.073906e-01   1.772192e-19   2.630934e-04   1.760682e-20   504
  6.083088e-01   1.908881e-19   2.702501e-04   1.628244e-20   336
  6.092745e-01   1.948456e-19   3.037623e-04   1.143779e-20   600
  6.101395e-01   1.397298e-19   1.960382e-04   7.520220e-21   636
  6.110731e-01   1.749555e-19   1.576165e-04   1.270528e-20   384
  6.117276e-01   1.733332e-19   2.198564e-04   1.191270e-20   504
  6.126710e-01   1.290750e-19   9.227064e-05   1.068434e-20   240
  6.134155e-01   1.824970e-19   2.167569e-04   9.225598e-21   744
  6.143088e-01   1.889703e-19   1.480120e-04   1.243733e-20   648
  6.151027e-01   1.988423e-19   9.825476e-05   1.805795e-20   120
  6.160331e-01   1.590968e-19   1.543455e-04   9.334558e-21   564
  6.167362e-01   1.603197e-19   2.424089e-04   1.131260e-20   432
  6.176746e-01   1.757331e-19   1.881572e-04   1.300522e-20   480
  6.183811e-01   1.160043e-19   1.384885e-04   7.751577e-21   456
  6.192152e-01   1.481459e-19   2.291780e-04   1.172744e-20   444
  6.201616e-01   1.360189e-19   3.506544e-04   9.399352e-21   528
  6.209930e-01   1.686385e-19   2.604238e-04   2.267116e-20   264
  6.217998e-01   1.447133e-19   2.668956e-04   9.049300e-21   444
  6.228852e-01   1.413884e-19   2.923449e-04   7.647158e-21   696
  6.237861e-01   1.198377e-19   1.563558e-04   8.695201e-21   384
  6.244450e-01   9.166355e-20   1.975687e-04   5.651863e-21   432
  6.254698e-01   1.211964e-19   1.365107e-04   6.927064e-21   488
  6.261352e-01   1.308203e-19   2.057386e-04   9.010149e-21   480
  6.270999e-01   1.032193e-19   2.294412e-04   6.983071e-21   480
  6.278471e-01   1.104220e-19   9.626648e-05   7.232883e-21   240
  6.286954e-01   1.101493e-19   2.248709e-04   6.793534e-21   600
  6.294955e-01   7.037089e-20   1.959519e-04   5.583802e-21   288
  6.303474e-01   1.291181e-19   1.884914e-04   9.407365e-21   480
  6.312103e-01   9.187702e-20   3.352926e-04   6.786032e-21   504
  6.320598e-01   1.019585e-19   1.438614e-04   1.003287e-20   216
  6.331433e-01   8.591153e-20   2.355240e-04   5.547891e-21   504
  6.339871e-01   9.529004e-20   1.894329e-04   6.497424e-21   456
  6.349107e-01   9.637670e-20   1.086430e-04   8.025468e-21   384
  6.355225e-01   8.785646e-20   2.205061e-04   7.042041e-21   480
  6.363918e-01   8.226196e-20   1.936290e-04   5.335483e-21   504
  6.371972e-01   8.555766e-20   1.228262e-04   6.779431e-21   312
  6.380652e-01   1.125562e-19   1.979302e-04   6.199974e-21   492
  6.388334e-01   9.531552e-20   1.855135e-04   7.663880e-21   312
  6.398223e-01   7.190089e-20   3.013519e-04   4.315292e-21   576
  6.406929e-01   7.620915e-20   2.781722e-04   7.312164e-21   336
  6.414159e-01   4.388366e-20   2.141797e-04   7.475520e-21   240
  6.424183e-01   9.002745e-20   2.839481e-04   6.715995e-21   468
  6.432837e-01   4.632836e-20   1.777925e-04   5.463258e-21   192
  6.441896e-01   5.722989e-20   1.783224e-04   5.038868e-21   324
  6.448535e-01   5.953385e-20   1.294235e-04   4.081311e-21   600
  6.457583e-01   5.244132e-20   2.099764e-04   3.765202e-21   456
  6.464302e-01   4.810717e-20   9.444737e-05   4.245753e-21   336
  6.475438e-01   6.503384e-20   2.828021e-04   4.356912e-21   612
  6.483539e-01   7.629343e-20   2.373399e-04   1.489034e-20   144
  6.491201e-01   5.712031e-20   2.770366e-04   3.720862e-21   552
  6.501620e-01   2.936130e-20   1.091004e-04   2.983592e-21   264
  6.507507e-01   5.556303e-20   2.525953e-04   4.776361e-21   336
  6.516793e-01   4.610938e-20   1.669063e-04   5.317294e-21   384
  6.524847e-01   5.253925e-20   9.395175e-05   4.865669e-21   216
  6.533762e-01   3.100405e-20   1.991971e-04   3.143220e-21   344
  6.541891e-01   4.860744e-20   2.972114e-04   4.312189e-21   408
  6.551797e-01   3.254811e-20   2.283876e-04   3.693685e-21   264
  6.560575e-01   4.025660e-20   3.183837e-04   2.895702e-21   612
  6.569345e-01   4.603886e-20   1.638646e-04   3.748933e-21   408
  6.578364e-01   3.742237e-20   1.641001e-04   3.542939e-21   444
  6.584991e-01   4.774216e-20   9.177996e-05   5.009041e-21   120
  6.593870e-01   4.133211e-20   2.535712e-04   3.012981e-21   336
  6.600460e-01   1.312256e-20   8.811499e-05   1.062879e-21   288
  6.609366e-01   3.490285e-20   2.742154e-04   2.646653e-21   552
  6.621610e-01   1.275364e-20   0.000000e+00   2.193307e-21   72
  6.627906e-01   3.264513e-20   2.723657e-04   3.521300e-21   504
  6.635259e-01   1.862444e-20   8.764464e-05   3.044713e-21   216
  6.644787e-01   2.531525e-20   1.564835e-04   3.079215e-21   312
  6.653340e-01   2.658796e-20   1.781811e-04   4.062524e-21   336
  6.661492e-01   2.265783e-20   2.469789e-04   2.973650e-21   204
  6.669611e-01   1.874848e-20   2.870270e-04   1.656771e-21   504
  6.678221e-01   2.912743e-20   2.733322e-04   3.068058e-21   396
  6.686501e-01   2.553371e-20   2.506599e-04   2.856719e-21   312
  6.696540e-01   2.832448e-20   1.531800e-04   2.802222e-21   216
  6.703613e-01   1.070535e-20   8.313373e-05   1.939532e-21   168
  6.712208e-01   2.095643e-20   2.099173e-04   2.222828e-21   588
  6.722017e-01   1.781522e-20   2.849381e-04   2.350506e-21   240
  6.729637e-01   1.288895e-20   2.516481e-04   2.055235e-21   264
  6.738575e-01   1.271226e-20   3.112147e-04   2.640972e-21   288
  6.746505e-01   1.728386e-20   1.554077e-04   1.979760e-21   288
  6.756555e-01   4.832931e-21   1.459525e-04   8.819881e-22   288
  6.763322e-01   8.966150e-21   1.690738e-04   1.409757e-21   192
  6.771836e-01   4.840631e-21   1.799115e-04   7.642520e-22   264
  6.779946e-01   1.014119e-20   2.959295e-04   8.349217e-22   372
  6.788675e-01   1.389883e-20   3.196167e-04   1.252346e-21   360
  6.799329e-01   1.734159e-20   1.352648e-04   2.164805e-21   144
  6.804835e-01   3.430301e-21   1.878769e-04   5.030287e-22   296
  6.813527e-01   4.632374e-21   2.024276e-04   1.018002e-21   288
  6.823478e-01   5.261623e-21   3.025230e-04   6.457602e-22   480
  6.832061e-01   6.430003e-21   2.513677e-04   1.530973e-21   192
  6.840407e-01   7.119945e-21   2.696262e-04   1.225750e-21   192
  6.847993e-01   2.739239e-21   1.718359e-04   8.645369e-22   288
  6.858544e-01   8.815872e-21   1.495808e-04   2.569033e-21   108
  6.863859e-01   2.694697e-21   1.438036e-04   4.763221e-22   240
  6.873243e-01   2.139271e-21   2.682690e-04   4.011088e-22   384
  6.882884e-01   7.259680e-22   3.272578e-04   1.795850e-22   108
  6.891409e-01   1.992915e-21   1.918773e-04   3.475668e-22   348
  6.900373e-01   1.804509e-21   2.002507e-04   2.882757e-22   312
  6.908379e-01   1.948254e-21   1.945855e-04   4.368097e-22   96
  6.915741e-01   8.617620e-22   2.590555e-04   1.793621e-22   384
  6.923987e-01   3.616522e-24   1.781778e-04   6.590405e-25   144
  6.932053e-01   1.008608e-21   2.737780e-04   1.379642e-22   408
  6.942079e-01   1.414722e-21   1.221243e-04   3.145901e-22   144
  6.951550e-01   1.081972e-21   2.347853e-04   2.214843e-22   192
  6.957167e-01   1.128270e-21   2.642552e-04   2.476651e-22   144
  6.966323e-01   2.685253e-24   2.148492e-04   3.310578e-25   144
  6.974962e-01   6.426156e-23   2.625805e-04   1.394102e-23   336
  6.985541e-01   6.181737e-23   1.942763e-04   1.557740e-23   240
  6.992249e-01   4.573873e-24   8.821915e-05   7.081754e-25   96
  7.001605e-01   8.261755e-24   2.587043e-04   9.838881e-25   372
  7.011070e-01   4.407313e-24   3.077232e-04   6.985364e-25   132
  7.019384e-01   2.018452e-24   1.904154e-04   1.386498e-25   264
  7.026821e-01   7.997277e-24   1.462304e-04   1.790905e-24   168
  7.034759e-01   4.521552e-24   2.337943e-04   4.578032e-25   216
  7.041771e-01   3.311250e-24   1.430383e-04   3.940672e-25   216
  7.051983e-01   2.101371e-24   2.624157e-04   2.190420e-25   96
  7.061249e-01   4.157167e-24   1.712023e-04   4.561534e-25   120
  7.069747e-01   2.381267e-24   2.176463e-04   1.802859e-25   216
  7.076747e-01   2.129897e-24   9.511215e-05   1.762850e-25   200
  7.086015e-01   4.796751e-24   2.462045e-04   6.939020e-25   288
  7.097902e-01   1.811643e-24   6.478119e-05   1.845432e-25   144
  7.102908e-01   3.701180e-24   2.015951e-04   5.782169e-25   168
  7.113130e-01   4.837202e-24   2.268765e-04   7.446157e-25   159
  7.121109e-01   1.725944e-24   2.380480e-04   1.621371e-25   174
  7.128831e-01   2.388608e-24   2.158536e-04   2.679433e-25   144
  7.138943e-01   3.470107e-24   1.246398e-04   4.088575e-25   222
  7.145705e-01   2.327534e-24   1.257726e-04   3.042237e-25   168
  7.157386e-01   4.451527e-24   2.758677e-04   1.381431e-24   30
  7.162211e-01   1.042611e-24   2.435709e-04   1.360997e-25   72
  7.171298e-01   2.741558e-24   2.173841e-04   4.634272e-25   258
  7.181290e-01   2.318128e-24   1.361533e-04   1.960827e-25   264
  7.186286e-01   1.676156e-24   1.468278e-08   2.340673e-25   72
  7.196697e-01   1.993533e-24   2.698616e-04   3.204085e-25   174
  7.206123e-01   2.118107e-24   2.873527e-04   2.497901e-25   168
  7.213701e-01   1.384243e-24   8.991328e-09   3.608730e-25   48
  7.221837e-01   1.888563e-24   1.622748e-04   2.953508e-25   150
  7.231270e-01   2.279237e-24   2.985162e-04   2.065169e-25   168
  7.240729e-01   1.451961e-24   1.818422e-04   1.415343e-25   144
  7.249427e-01   3.715427e-24   1.698820e-04   6.453236e-25   102
  7.255906e-01   1.626724e-24   2.514545e-04   2.371268e-25   96
  7.266185e-01   9.339758e-25   2.495518e-04   1.121252e-25   120
  7.273797e-01   1.089221e-24   2.676508e-04   8.160493e-26   168
  7.282031e-01   2.408276e-24   1.976389e-04   2.777252e-25   126
  7.289046e-01   1.987121e-24   1.490593e-04   2.447265e-25   168
  7.298711e-01   8.820759e-25   2.390167e-04   1.019685e-25   72
  7.307158e-01   1.323298e-24   2.993022e-04   1.187855e-25   168
  7.314557e-01   1.475368e-24   8.205344e-05   2.485836e-25   78
  7.324696e-01   1.175510e-24   1.347256e-04   1.745549e-25   60
  7.332860e-01   2.227481e-24   2.185468e-04   3.251626e-25   96
  7.341327e-01   1.281618e-24   2.651884e-04   1.369593e-25   168
  7.349284e-01   1.031192e-24   1.678009e-04   1.872829e-25   86
  7.357634e-01   5.145716e-25   1.499742e-04   6.212494e-26   120
  7.369601e-01   8.466338e-25   1.069515e-04   7.770951e-26   168
  7.376055e-01   1.052868e-24   0.000000e+00   1.115959e-25   48
  7.384747e-01   2.371779e-24   1.948541e-04   4.177339e-25   120
  7.389742e-01   1.142775e-24   1.421539e-04   1.609216e-25   126
  7.401935e-01   1.219347e-24   2.500091e-04   1.109037e-25   96
  7.409848e-01   1.275131e-24   7.209028e-05   1.537193e-25   96
  7.416089e-01   1.175812e-24   8.477105e-09   2.363132e-25   72
  7.429385e-01   9.444080e-25   8.991328e-09   2.316463e-25   24
  7.437683e-01   7.529891e-25   1.483601e-04   1.074905e-25   120
  7.444157e-01   1.618419e-24   2.164118e-04   2.132364e-25   126
  7.451355e-01   3.864243e-25   1.804085e-04   5.159359e-26   96
  7.459766e-01   6.596804e-25   3.117986e-04   1.102042e-25   72
  7.469132e-01   8.218152e-25   1.348634e-04   7.372997e-26   144
  7.476836e-01   1.228896e-24   7.778603e-05   1.314331e-25   72
  7.484533e-01   1.320630e-24   1.553665e-04   4.149984e-25   54
  7.491306e-01   1.216687e-24   1.369149e-04   1.539091e-25   108
  7.505382e-01   1.079694e-24   1.342120e-04   1.268360e-25   72
  7.509765e-01   1.425555e-24   7.744493e-05   1.977972e-25   72
  7.520162e-01   5.549246e-25   1.557344e-08   1.438604e-25   24
  7.529998e-01   2.374325e-25   1.638381e-04   2.374264e-26   48
  7.535971e-01   5.823085e-25   1.248023e-04   8.802481e-26   102
  7.544963e-01   6.634681e-25   2.822510e-04   9.890233e-26   168
  7.556711e-01   4.713891e-25   1.539331e-04   6.033619e-26   72
  7.561064e-01   6.135857e-25   0.000000e+00   8.141817e-26   48
  7.570195e-01   7.064508e-25   2.647743e-04   7.233601e-26   120
  7.582245e-01   6.928561e-25   1.627091e-04   8.274500e-26   96
  7.593627e-01   1.094619e-24   1.438612e-08   3.020757e-25   30
  7.607153e-01   1.194019e-24   7.644796e-05   1.804752e-25   72
  7.613097e-01   1.183679e-24   8.991328e-09   4.172449e-25   24
  7.620733e-01   2.557536e-25   1.133148e-04   2.171030e-26   56
  7.629285e-01   2.262283e-25   1.617059e-04   2.494399e-26   96
  7.639519e-01   3.739690e-25   1.785629e-04   3.789923e-26   144
  7.647411e-01   5.814469e-25   1.013810e-04   2.075067e-25   54
  7.658874e-01   6.630581e-25   1.518795e-04   7.675702e-26   108
  7.670409e-01   1.297400e-24   8.041947e-05   1.568013e-25   48
  7.681392e-01   5.166746e-25   3.028050e-04   6.907227e-26   72
  7.707744e-01   6.765614e-25   2.000642e-04   1.118932e-25   78
  7.715046e-01   1.376992e-25   1.507735e-04   2.010267e-26   72
  7.723570e-01   2.064762e-25   1.505863e-04   2.669071e-26   72
  7.732482e-01   3.491109e-25   3.633813e-04   5.342241e-26   96
  7.739527e-01   3.197728e-25   1.502759e-04   4.743100e-26   72
  7.748024e-01   1.159281e-25   0.000000e+00   2.138786e-26   24
  7.756510e-01   5.502347e-25   2.998733e-04   5.985451e-26   72
  7.775680e-01   5.284652e-25   1.904287e-04   1.274727e-25   30
  7.779804e-01   3.512190e-25   0.000000e+00   7.902183e-26   24
  7.801973e-01   1.179638e-25   1.581267e-04   1.287106e-26   48
  7.808927e-01   3.084255e-25   3.402886e-04   8.227043e-26   120
  7.818296e-01   2.229819e-25   1.487821e-04   3.066768e-26   72
  7.827758e-01   3.341670e-25   1.486022e-04   5.829821e-26   36
  7.834261e-01   2.807668e-25   2.937071e-04   3.526599e-26   78
  7.852411e-01   7.111958e-25   1.571111e-04   8.345331e-26   48
  7.875942e-01   4.799613e-25   1.271566e-08   8.821771e-26   24
  7.892707e-01   6.177344e-26   1.094089e-04   8.470869e-27   56
  7.901149e-01   1.027126e-25   1.683597e-04   1.282809e-26   102
  7.911888e-01   1.922162e-25   1.198844e-08   2.740264e-26   72
  7.918122e-01   1.024527e-25   8.991328e-09   1.957881e-26   24
  7.929021e-01   3.031336e-25   1.555930e-04   5.826588e-26   48
  7.949223e-01   7.048078e-25   0.000000e+00   9.567372e-26   24
  7.974016e-01   4.124934e-25   0.000000e+00   1.168315e-25   6
  7.981748e-01   3.828624e-26   0.000000e+00   8.217431e-27   24
  7.986898e-01   5.861381e-26   1.456409e-04   5.278560e-27   72
  7.996307e-01   7.618805e-26   2.717068e-04   9.198527e-27   84
  8.006440e-01   2.380194e-25   0.000000e+00   4.637999e-26   24
  8.009521e-01   1.985948e-25   1.271566e-08   6.298858e-26   24
  8.024909e-01   1.779917e-25   1.557344e-08   4.545063e-26   24
  8.046403e-01   8.494483e-25   0.000000e+00   1.648040e-25   6
  8.073954e-01   2.386647e-26   1.528000e-04   4.173779e-27   48
  8.080572e-01   3.972849e-26   2.878503e-04   3.870405e-27   72
  8.089220e-01   5.399754e-26   1.525117e-04   8.479723e-27   48
  8.102934e-01   1.362115e-25   0.000000e+00   3.692309e-26   24
  8.121184e-01   1.094819e-25   0.000000e+00   3.113173e-26   6
  8.162097e-01   1.277754e-26   0.000000e+00   3.332642e-27   8
  8.165120e-01   1.317744e-26   8.991328e-09   2.073635e-27   48
  8.172369e-01   3.730004e-26   1.479045e-04   4.326609e-27   60
  8.183231e-01   6.958917e-26   0.000000e+00   2.129384e-26   24
  8.198293e-01   3.108548e-25   0.000000e+00   1.652330e-25   6
  8.253784e-01   4.341699e-27   0.000000e+00   5.907997e-28   24
  8.258266e-01   8.970322e-27   1.493898e-04   1.377067e-27   48
  8.265733e-01   2.831294e-26   0.000000e+00   3.910926e-27   24
  8.277664e-01   5.953992e-26   0.000000e+00   2.705646e-26   6
  8.345448e-01   3.890649e-27   1.393664e-04   9.100383e-28   36
  8.350375e-01   1.144057e-26   0.000000e+00   2.967268e-27   24
  8.359234e-01   1.346070e-26   0.000000e+00   2.178188e-27   6
  8.436361e-01   1.055829e-27   1.266552e-04   2.162945e-28   32
  8.442939e-01   1.016921e-26   0.000000e+00   4.837567e-27   6
  8.525822e-01   2.200514e-29   0.000000e+00   5.029860e-30   12
  8.528715e-01   2.730766e-27   0.000000e+00   1.037369e-27   6
  8.616502e-01   1.947012e-29   0.000000e+00   8.034653e-30   6
