# power spectrum of zeta
# redshift z=99.597220
# k              Pk             sigma(k)       sigma(Pk)      count
  1.570796e-02   3.579212e-20   0.000000e+00   1.442350e-20   6
  2.221441e-02   6.521341e-20   0.000000e+00   1.302090e-20   12
  2.720699e-02   9.037726e-20   2.980232e-10   1.838246e-20   8
  3.141593e-02   4.522585e-19   0.000000e+00   4.866460e-20   6
  3.512407e-02   4.274192e-19   5.619580e-10   1.362662e-19   24
  3.847649e-02   7.828691e-19   5.619580e-10   1.318713e-19   24
  4.635387e-02   6.570686e-19   1.217504e-03   1.158243e-19   42
  4.967294e-02   1.040304e-18   0.000000e+00   2.292016e-19   24
  5.209742e-02   1.096978e-18   9.733398e-10   2.718908e-19   24
  5.608040e-02   1.424724e-18   9.621049e-04   1.510787e-19   32
  5.877382e-02   1.495778e-18   0.000000e+00   2.102015e-19   48
  6.283185e-02   2.199442e-18   0.000000e+00   9.670418e-19   6
  6.557030e-02   1.960269e-18   9.291969e-04   1.793329e-19   84
  6.935879e-02   2.543784e-18   8.893614e-04   3.759252e-19   48
  7.254758e-02   2.338860e-18   7.985346e-04   2.408954e-19   72
  7.695299e-02   2.891295e-18   1.123916e-09   4.547683e-19   24
  7.963774e-02   2.285212e-18   7.087081e-04   2.104893e-19   102
  8.367643e-02   3.220599e-18   1.370308e-03   3.288586e-19   104
  8.603606e-02   2.274181e-18   0.000000e+00   3.324302e-19   48
  9.068541e-02   2.454558e-18   9.092824e-04   2.194817e-19   108
  9.343657e-02   3.749064e-18   6.413175e-04   3.945347e-19   78
  9.650974e-02   4.116365e-18   5.553727e-04   3.848438e-19   96
  1.007521e-01   3.733580e-18   7.827476e-04   2.824544e-19   168
  1.046631e-01   4.228665e-18   9.466177e-04   4.459137e-19   120
  1.065366e-01   4.140961e-18   0.000000e+00   6.374261e-19   48
  1.109423e-01   4.683634e-18   9.164765e-04   4.052978e-19   194
  1.147571e-01   4.641296e-18   7.498405e-04   3.734038e-19   192
  1.180701e-01   6.213550e-18   5.224442e-04   5.132968e-19   96
  1.203984e-01   4.502508e-18   4.446482e-04   4.254046e-19   96
  1.233385e-01   5.200171e-18   6.559487e-04   4.244613e-19   174
  1.272878e-01   6.178210e-18   6.453399e-04   4.293783e-19   216
  1.304784e-01   5.463852e-18   6.685951e-04   3.756229e-19   192
  1.345850e-01   6.291108e-18   7.087816e-04   4.354790e-19   204
  1.374813e-01   5.211732e-18   9.706973e-04   3.256540e-19   224
  1.414909e-01   7.494205e-18   5.479655e-04   5.749318e-19   174
  1.446033e-01   6.785434e-18   1.053365e-03   3.879528e-19   288
  1.484650e-01   6.435810e-18   5.185518e-04   3.878183e-19   288
  1.514788e-01   6.182488e-18   1.000184e-03   4.471952e-19   192
  1.554236e-01   7.241671e-18   7.319331e-04   4.309132e-19   252
  1.579196e-01   7.417559e-18   4.361590e-04   4.720053e-19   246
  1.613100e-01   7.108681e-18   8.276231e-04   4.235885e-19   312
  1.643345e-01   7.581909e-18   5.346625e-04   3.960055e-19   248
  1.684860e-01   6.771687e-18   1.131025e-03   3.334899e-19   432
  1.718304e-01   8.863498e-18   9.472090e-04   6.051284e-19   198
  1.751353e-01   9.645498e-18   1.145604e-03   4.420193e-19   456
  1.789950e-01   8.467109e-18   6.685341e-04   5.169044e-19   324
  1.817267e-01   8.629443e-18   7.914724e-04   4.777527e-19   312
  1.851131e-01   8.769221e-18   9.927979e-04   4.521116e-19   408
  1.893262e-01   8.916187e-18   9.168549e-04   4.456018e-19   414
  1.922237e-01   8.171123e-18   7.933788e-04   4.143037e-19   392
  1.951891e-01   1.071707e-17   8.939032e-04   5.381454e-19   408
  1.990919e-01   1.038840e-17   9.488231e-04   4.724535e-19   444
  2.020561e-01   1.050813e-17   7.670392e-04   5.246418e-19   360
  2.058410e-01   1.024178e-17   1.052783e-03   3.914235e-19   678
  2.098438e-01   1.142355e-17   6.748154e-04   6.568155e-19   360
  2.129201e-01   1.037235e-17   1.111301e-03   4.556043e-19   648
  2.158529e-01   1.068504e-17   5.136230e-04   6.971251e-19   288
  2.195886e-01   1.093443e-17   9.568926e-04   4.132232e-19   686
  2.231016e-01   1.159063e-17   7.114303e-04   5.716584e-19   444
  2.262783e-01   1.111625e-17   9.881180e-04   4.370935e-19   696
  2.294381e-01   1.228023e-17   9.387623e-04   5.720016e-19   408
  2.328670e-01   1.110814e-17   9.712657e-04   4.223431e-19   648
  2.364370e-01   1.316000e-17   8.503906e-04   5.714249e-19   582
  2.396199e-01   1.114080e-17   1.064401e-03   4.513191e-19   744
  2.431321e-01   1.338151e-17   1.062590e-03   5.609749e-19   516
  2.463676e-01   1.351375e-17   1.028291e-03   5.648177e-19   728
  2.493547e-01   1.298431e-17   8.519968e-04   5.363852e-19   558
  2.529620e-01   1.170386e-17   8.588943e-04   4.157470e-19   768
  2.568725e-01   1.417781e-17   9.956413e-04   4.490544e-19   960
  2.602888e-01   1.371417e-17   6.965241e-04   5.988318e-19   576
  2.635727e-01   1.504884e-17   1.130592e-03   5.209450e-19   816
  2.671089e-01   1.299401e-17   8.722599e-04   4.581990e-19   666
  2.702138e-01   1.472716e-17   1.022915e-03   4.814885e-19   960
  2.739239e-01   1.458779e-17   1.008817e-03   5.138637e-19   824
  2.775241e-01   1.486389e-17   1.110885e-03   4.787264e-19   936
  2.808394e-01   1.406388e-17   8.261366e-04   5.342820e-19   624
  2.838930e-01   1.558002e-17   9.725641e-04   5.021293e-19   1062
  2.874377e-01   1.599767e-17   1.059457e-03   5.691561e-19   732
  2.905463e-01   1.469106e-17   9.192852e-04   4.581260e-19   1080
  2.942546e-01   1.575510e-17   1.002209e-03   5.338719e-19   936
  2.976082e-01   1.457418e-17   1.082494e-03   4.848555e-19   878
  3.011413e-01   1.493287e-17   1.097016e-03   4.368139e-19   1152
  3.044218e-01   1.523298e-17   8.479143e-04   4.833673e-19   1056
  3.079105e-01   1.676933e-17   1.001477e-03   5.567466e-19   864
  3.110264e-01   1.623321e-17   9.782607e-04   5.019561e-19   1092
  3.147509e-01   1.714986e-17   1.033457e-03   5.076308e-19   1206
  3.182989e-01   1.694339e-17   1.048759e-03   4.801646e-19   1248
  3.215758e-01   1.683418e-17   7.107183e-04   5.854209e-19   864
  3.244931e-01   1.767876e-17   7.379012e-04   5.470946e-19   1152
  3.282964e-01   1.814231e-17   1.098528e-03   4.961008e-19   1382
  3.320084e-01   1.836184e-17   9.790321e-04   5.309132e-19   1188
  3.352589e-01   1.698456e-17   1.037410e-03   4.953395e-19   1248
  3.383281e-01   1.773163e-17   9.840824e-04   5.558686e-19   1152
  3.416961e-01   1.917764e-17   1.080699e-03   5.158312e-19   1320
  3.454323e-01   1.811725e-17   7.162673e-04   5.211424e-19   1206
  3.485323e-01   1.895969e-17   1.040639e-03   4.792475e-19   1560
  3.522149e-01   1.909367e-17   9.687237e-04   5.142374e-19   1280
  3.553656e-01   1.828905e-17   9.753251e-04   4.888652e-19   1308
  3.588126e-01   1.927492e-17   9.788304e-04   4.673754e-19   1512
  3.622462e-01   1.814036e-17   7.986109e-04   4.923429e-19   1350
  3.657845e-01   1.920583e-17   1.055155e-03   4.679399e-19   1608
  3.688093e-01   2.011400e-17   9.074168e-04   5.555899e-19   1320
  3.723318e-01   2.074301e-17   1.093091e-03   5.206271e-19   1656
  3.755028e-01   1.973458e-17   8.593531e-04   5.243595e-19   1254
  3.791706e-01   2.060702e-17   9.807940e-04   4.651749e-19   1932
  3.826277e-01   2.116673e-17   8.807497e-04   5.562724e-19   1640
  3.860340e-01   2.037787e-17   9.142769e-04   5.125936e-19   1488
  3.892465e-01   2.071817e-17   8.838091e-04   5.308190e-19   1560
  3.929003e-01   2.031033e-17   1.061554e-03   4.812807e-19   2046
  3.962918e-01   2.056245e-17   9.522112e-04   5.359017e-19   1512
  3.995770e-01   2.171102e-17   9.476029e-04   4.989256e-19   1764
  4.028533e-01   2.086703e-17   9.447944e-04   4.844097e-19   1776
  4.062341e-01   2.177032e-17   1.135757e-03   5.188609e-19   1704
  4.098613e-01   2.118903e-17   1.112243e-03   4.493942e-19   2126
  4.131278e-01   2.116535e-17   7.726530e-04   4.941083e-19   1632
  4.164062e-01   2.185281e-17   1.029302e-03   4.626212e-19   2064
  4.197114e-01   2.327437e-17   8.486884e-04   5.521238e-19   1680
  4.233078e-01   2.217518e-17   9.519603e-04   4.953372e-19   2154
  4.266550e-01   2.265303e-17   9.636572e-04   4.950907e-19   2016
  4.302596e-01   2.223986e-17   1.057936e-03   4.447226e-19   2304
  4.335625e-01   2.395400e-17   8.422558e-04   5.977013e-19   1680
  4.369940e-01   2.349258e-17   9.757286e-04   5.024463e-19   2432
  4.404338e-01   2.264054e-17   9.614444e-04   5.164666e-19   1902
  4.438479e-01   2.272812e-17   9.886846e-04   4.531477e-19   2292
  4.468928e-01   2.249830e-17   7.831116e-04   5.144501e-19   1992
  4.505057e-01   2.292828e-17   1.003841e-03   4.393200e-19   2568
  4.539799e-01   2.345489e-17   8.764344e-04   5.402251e-19   1806
  4.574906e-01   2.452455e-17   1.078056e-03   4.741402e-19   3000
  4.610452e-01   2.473733e-17   9.809961e-04   5.486416e-19   2016
  4.640126e-01   2.544546e-17   9.156925e-04   5.451454e-19   2168
  4.673956e-01   2.520866e-17   9.350459e-04   5.258483e-19   2412
  4.709322e-01   2.398195e-17   1.022794e-03   4.769711e-19   2550
  4.743353e-01   2.552543e-17   1.015444e-03   4.941751e-19   2592
  4.778871e-01   2.465363e-17   9.354682e-04   5.117435e-19   2496
  4.812642e-01   2.454155e-17   1.034855e-03   4.778758e-19   2688
  4.846328e-01   2.472221e-17   8.939911e-04   4.907287e-19   2424
  4.881831e-01   2.468627e-17   8.203417e-04   4.822780e-19   2634
  4.913828e-01   2.541602e-17   9.840370e-04   4.940283e-19   2552
  4.945705e-01   2.571645e-17   1.032361e-03   4.899196e-19   2832
  4.981085e-01   2.507269e-17   9.803825e-04   4.945805e-19   2424
  5.015971e-01   2.495789e-17   1.087506e-03   4.235043e-19   3198
  5.048631e-01   2.602004e-17   8.681062e-04   5.029367e-19   2400
  5.083252e-01   2.736591e-17   9.985776e-04   4.762447e-19   3336
  5.119027e-01   2.539748e-17   8.404887e-04   5.333756e-19   2508
  5.150462e-01   2.669984e-17   1.013004e-03   4.973058e-19   3104
  5.187218e-01   2.672118e-17   1.019172e-03   4.811875e-19   2934
  5.220343e-01   2.658042e-17   9.369744e-04   4.878854e-19   3120
  5.256263e-01   2.599172e-17   1.045384e-03   4.341058e-19   3288
  5.289357e-01   2.731877e-17   8.800568e-04   5.095295e-19   2808
  5.323338e-01   2.572105e-17   1.104468e-03   4.743736e-19   2988
  5.357545e-01   2.646549e-17   1.011140e-03   4.689666e-19   3486
  5.390675e-01   2.838412e-17   9.571221e-04   5.573458e-19   3000
  5.422664e-01   2.818837e-17   8.325653e-04   4.997495e-19   3024
  5.458504e-01   2.745951e-17   9.168226e-04   4.594306e-19   3584
  5.494456e-01   2.858186e-17   9.821560e-04   4.826041e-19   3486
  5.527991e-01   2.790236e-17   8.845337e-04   4.961114e-19   3120
  5.560782e-01   2.868589e-17   8.734506e-04   4.785579e-19   3396
  5.593885e-01   2.749764e-17   9.978964e-04   4.732434e-19   3552
  5.629224e-01   2.815313e-17   9.603534e-04   4.635183e-19   3384
  5.664153e-01   2.853204e-17   9.777364e-04   4.760935e-19   3726
  5.697413e-01   2.884528e-17   9.475502e-04   5.223720e-19   3344
  5.729010e-01   2.996493e-17   9.736455e-04   4.891227e-19   3744
  5.765144e-01   2.883632e-17   9.477817e-04   4.863488e-19   3540
  5.799021e-01   2.900123e-17   1.006149e-03   4.495342e-19   3822
  5.834565e-01   2.885026e-17   9.878124e-04   4.295164e-19   4056
  5.866916e-01   2.915100e-17   9.078164e-04   4.855397e-19   3288
  5.900838e-01   2.846985e-17   1.048596e-03   4.585740e-19   4056
  5.934141e-01   2.950374e-17   9.605270e-04   4.699692e-19   3984
  5.970600e-01   3.050620e-17   8.831345e-04   5.103543e-19   3662
  6.001481e-01   2.980516e-17   9.636098e-04   5.023257e-19   3828
  6.036318e-01   3.008074e-17   1.089370e-03   4.150253e-19   4632
  6.071049e-01   3.034757e-17   8.410059e-04   5.124041e-19   3600
  6.105769e-01   2.944301e-17   9.985737e-04   4.613345e-19   4320
  6.138621e-01   2.939434e-17   7.834444e-04   4.605942e-19   3918
  6.171787e-01   3.079107e-17   9.014176e-04   4.803372e-19   4200
  6.205131e-01   3.155816e-17   1.022920e-03   4.946183e-19   4188
  6.239700e-01   3.036483e-17   1.038929e-03   4.478146e-19   4360
  6.274803e-01   3.045866e-17   1.038850e-03   4.547974e-19   4582
  6.308743e-01   3.170018e-17   9.234335e-04   5.125760e-19   4128
  6.343253e-01   3.125282e-17   9.920101e-04   4.634963e-19   4752
  6.375752e-01   3.267578e-17   9.131947e-04   4.984943e-19   4176
  6.411096e-01   3.029799e-17   1.050053e-03   4.382238e-19   4848
  6.446482e-01   3.161683e-17   9.123418e-04   4.895670e-19   4338
  6.479820e-01   3.223025e-17   9.957341e-04   4.564296e-19   5160
  6.512782e-01   3.215171e-17   8.072490e-04   5.126150e-19   4008
  6.548541e-01   3.166373e-17   1.067151e-03   4.441484e-19   5360
  6.581452e-01   3.220597e-17   9.926354e-04   4.834655e-19   4110
  6.615688e-01   3.247986e-17   1.063460e-03   4.417184e-19   5424
  6.648330e-01   3.145655e-17   9.093259e-04   5.045305e-19   4140
  6.682670e-01   3.281162e-17   1.015985e-03   4.298820e-19   5664
  6.717913e-01   3.297767e-17   8.830334e-04   4.760984e-19   4632
  6.751475e-01   3.251661e-17   9.313969e-04   4.690753e-19   4902
  6.784717e-01   3.384128e-17   9.953030e-04   4.760086e-19   5072
  6.818744e-01   3.420883e-17   9.385334e-04   4.641174e-19   5472
  6.852422e-01   3.344445e-17   9.538134e-04   4.821493e-19   4704
  6.886975e-01   3.435709e-17   1.047734e-03   4.695281e-19   5436
  6.922157e-01   3.369205e-17   9.975801e-04   4.373267e-19   5646
  6.954149e-01   3.449758e-17   8.926250e-04   5.054594e-19   4512
  6.988202e-01   3.358951e-17   1.140100e-03   4.303052e-19   6120
  7.023308e-01   3.446541e-17   8.820433e-04   4.815549e-19   5112
  7.057067e-01   3.511304e-17   1.042362e-03   4.626725e-19   5606
  7.091042e-01   3.411345e-17   9.714200e-04   4.750709e-19   5328
  7.124930e-01   3.384789e-17   9.787204e-04   4.497677e-19   5964
  7.158971e-01   3.422653e-17   9.940447e-04   4.730924e-19   5448
  7.193484e-01   3.356913e-17   1.017941e-03   4.365838e-19   5904
  7.228752e-01   3.403205e-17   1.000362e-03   4.505792e-19   5598
  7.261287e-01   3.458061e-17   9.386933e-04   4.495702e-19   5952
  7.294916e-01   3.462030e-17   1.026954e-03   4.713595e-19   5688
  7.328942e-01   3.525169e-17   9.846955e-04   4.606957e-19   5876
  7.362274e-01   3.557020e-17   9.604209e-04   4.745279e-19   5784
  7.396880e-01   3.407556e-17   9.580629e-04   4.170438e-19   6462
  7.431585e-01   3.621852e-17   1.033342e-03   4.865271e-19   5688
  7.463730e-01   3.585420e-17   9.533939e-04   4.600953e-19   6408
  7.498476e-01   3.463259e-17   9.842501e-04   4.379544e-19   6000
  7.533888e-01   3.569367e-17   1.059159e-03   4.365029e-19   6582
  7.568883e-01   3.578030e-17   1.008047e-03   4.496962e-19   6564
  7.601644e-01   3.561674e-17   8.888373e-04   4.563681e-19   6048
  7.635621e-01   3.506363e-17   1.018608e-03   4.420290e-19   6512
  7.671229e-01   3.649063e-17   1.012583e-03   4.470467e-19   6816
  7.705313e-01   3.721033e-17   8.855598e-04   4.832545e-19   6222
  7.737298e-01   3.667992e-17   9.227087e-04   4.678471e-19   6432
  7.771462e-01   3.658471e-17   9.712111e-04   4.370964e-19   6804
  7.805425e-01   3.717885e-17   9.154579e-04   4.730581e-19   6432
  7.838667e-01   3.666353e-17   1.076466e-03   4.459085e-19   6846
  7.872436e-01   3.695736e-17   9.829553e-04   4.566500e-19   6424
  7.904718e-01   3.619326e-17   8.822090e-04   4.455884e-19   6952
  7.940184e-01   3.737266e-17   1.063073e-03   4.297886e-19   7560
  7.975016e-01   3.729053e-17   9.134936e-04   4.581167e-19   6648
  8.010940e-01   3.740667e-17   1.003794e-03   4.425548e-19   7578
  8.042561e-01   3.733034e-17   9.063446e-04   4.564973e-19   6552
  8.076731e-01   3.673981e-17   9.979139e-04   4.360986e-19   7536
  8.111567e-01   3.702705e-17   9.132376e-04   4.314028e-19   7272
  8.145479e-01   3.803077e-17   9.728104e-04   4.611814e-19   6936
  8.178031e-01   3.700871e-17   9.977143e-04   4.202282e-19   7430
  8.213250e-01   3.756971e-17   1.045033e-03   4.240860e-19   7644
  8.245935e-01   3.705368e-17   9.307740e-04   4.415782e-19   7248
  8.281463e-01   3.773584e-17   1.064794e-03   4.160088e-19   8232
  8.316185e-01   3.781348e-17   9.710105e-04   4.494855e-19   7038
  8.349567e-01   3.824432e-17   9.438683e-04   4.347246e-19   7824
  8.382335e-01   3.763727e-17   9.942267e-04   4.227598e-19   7752
  8.416157e-01   3.690888e-17   1.003152e-03   4.287680e-19   7480
  8.451302e-01   3.847165e-17   1.011833e-03   4.205317e-19   8404
  8.485444e-01   3.931782e-17   9.399091e-04   4.379439e-19   7614
  8.518207e-01   3.884501e-17   9.844427e-04   4.424692e-19   7776
  8.551174e-01   3.931822e-17   9.392352e-04   4.483479e-19   7944
  8.585635e-01   3.917105e-17   9.766291e-04   4.319987e-19   8424
  8.619639e-01   3.823457e-17   9.583464e-04   4.414488e-19   7872
  8.654765e-01   3.834021e-17   9.630186e-04   4.118798e-19   8658
  8.688452e-01   3.951663e-17   9.611694e-04   4.404675e-19   8352
  8.723129e-01   3.947507e-17   9.655449e-04   4.329468e-19   8648
  8.755912e-01   4.061224e-17   9.149173e-04   4.540258e-19   7680
  8.790367e-01   3.924606e-17   9.531068e-04   4.178618e-19   8646
  8.822382e-01   4.035933e-17   9.234329e-04   4.299156e-19   8448
  8.857769e-01   4.101903e-17   9.812644e-04   4.383491e-19   9120
  8.891913e-01   3.864210e-17   9.588814e-04   4.238245e-19   8316
  8.926442e-01   4.059670e-17   1.034938e-03   4.146810e-19   9504
  8.961124e-01   4.081881e-17   9.411707e-04   4.498159e-19   8358
  8.995737e-01   3.960516e-17   9.948383e-04   4.121556e-19   9584
  9.029179e-01   3.976907e-17   9.519874e-04   4.268688e-19   8616
  9.063714e-01   4.151892e-17   1.036501e-03   4.253764e-19   9432
  9.098983e-01   4.123658e-17   1.054421e-03   4.356441e-19   9018
  9.130995e-01   4.045306e-17   8.925739e-04   4.309566e-19   8568
  9.164447e-01   3.985450e-17   9.935089e-04   3.909664e-19   9816
  9.199052e-01   4.178007e-17   9.405935e-04   4.442093e-19   9000
  9.233247e-01   4.158969e-17   9.837551e-04   4.356796e-19   9504
  9.267306e-01   4.058359e-17   1.006398e-03   4.141725e-19   9446
  9.300802e-01   4.170158e-17   9.624225e-04   4.157058e-19   9696
  9.335244e-01   4.129511e-17   8.956216e-04   4.242528e-19   9180
  9.369074e-01   4.080294e-17   1.035278e-03   4.016243e-19   10512
  9.403628e-01   4.274155e-17   9.787470e-04   4.549371e-19   9048
  9.437812e-01   4.057464e-17   9.387702e-04   4.050715e-19   10014
  9.469467e-01   4.106614e-17   9.162358e-04   4.401139e-19   9096
  9.503901e-01   4.119579e-17   1.048815e-03   3.888169e-19   11088
  9.540508e-01   4.293574e-17   1.020389e-03   4.270798e-19   9860
  9.574037e-01   4.105349e-17   9.672113e-04   4.151757e-19   10110
  9.607663e-01   4.242743e-17   1.006739e-03   4.311533e-19   10104
  9.641489e-01   4.234469e-17   9.545583e-04   4.129984e-19   10392
  9.675729e-01   4.197106e-17   9.880976e-04   4.031471e-19   10104
  9.710628e-01   4.285538e-17   1.022530e-03   3.959609e-19   11352
  9.746180e-01   4.169004e-17   9.364871e-04   4.190273e-19   10014
  9.777749e-01   4.258467e-17   8.644241e-04   4.338241e-19   9636
  9.811143e-01   4.203889e-17   1.024502e-03   3.894777e-19   11552
  9.846389e-01   4.192051e-17   9.519720e-04   4.100538e-19   10488
  9.880418e-01   4.347800e-17   9.942196e-04   4.350581e-19   10254
  9.913535e-01   4.181851e-17   9.360901e-04   3.914955e-19   11304
  9.947947e-01   4.317315e-17   9.500453e-04   4.185227e-19   10872
  9.982198e-01   4.266158e-17   1.018789e-03   4.084532e-19   10932
  1.001538e+00   4.255999e-17   9.191792e-04   4.179238e-19   10848
  1.004968e+00   4.309674e-17   9.613098e-04   4.074045e-19   10998
  1.008371e+00   4.300347e-17   1.010151e-03   3.932811e-19   11720
  1.011785e+00   4.378844e-17   9.293623e-04   4.194249e-19   10776
  1.015145e+00   4.329155e-17   1.016690e-03   3.953591e-19   12072
  1.018627e+00   4.247873e-17   9.322439e-04   4.081362e-19   10704
  1.021966e+00   4.347871e-17   9.563293e-04   4.044573e-19   11730
  1.025452e+00   4.356109e-17   9.932906e-04   3.981475e-19   12144
  1.028814e+00   4.306607e-17   9.411395e-04   4.006140e-19   11568
  1.032333e+00   4.321237e-17   1.018099e-03   3.973181e-19   11552
  1.035496e+00   4.364361e-17   9.188638e-04   4.118632e-19   10926
  1.038938e+00   4.464871e-17   1.040698e-03   3.831668e-19   13032
  1.042312e+00   4.514841e-17   8.505148e-04   4.377897e-19   10776
  1.045727e+00   4.421919e-17   1.046983e-03   3.832446e-19   13116
  1.049219e+00   4.407964e-17   9.853293e-04   4.059401e-19   12288
  1.052658e+00   4.294657e-17   9.056138e-04   4.050414e-19   11262
  1.055879e+00   4.428419e-17   9.783290e-04   3.970933e-19   12672
  1.059343e+00   4.459126e-17   9.592412e-04   3.895158e-19   12624
  1.062777e+00   4.417383e-17   9.623576e-04   3.943801e-19   12392
  1.066184e+00   4.459313e-17   9.864834e-04   4.105983e-19   12060
  1.069636e+00   4.492947e-17   1.040331e-03   3.898167e-19   13662
  1.072946e+00   4.453323e-17   8.984272e-04   4.126672e-19   11592
  1.076393e+00   4.437642e-17   1.067653e-03   3.830529e-19   13776
  1.079833e+00   4.565158e-17   9.079546e-04   4.141383e-19   12240
  1.083287e+00   4.412906e-17   1.046073e-03   3.783247e-19   13662
  1.086532e+00   4.495463e-17   8.990309e-04   4.106000e-19   11520
  1.090035e+00   4.528791e-17   1.036209e-03   3.654248e-19   15044
  1.093490e+00   4.564098e-17   9.313428e-04   4.072171e-19   12384
  1.096882e+00   4.430721e-17   9.804345e-04   3.959191e-19   13176
  1.100202e+00   4.427573e-17   8.879465e-04   3.885128e-19   12798
  1.103628e+00   4.613226e-17   1.008480e-03   3.934443e-19   14376
  1.106957e+00   4.498955e-17   9.586156e-04   4.019130e-19   12528
  1.110377e+00   4.563617e-17   1.006656e-03   3.887893e-19   14100
  1.113686e+00   4.649133e-17   9.133782e-04   4.349184e-19   12630
  1.117102e+00   4.511719e-17   9.919328e-04   3.767687e-19   14624
  1.120482e+00   4.651636e-17   9.894156e-04   4.022862e-19   13272
  1.123923e+00   4.623331e-17   1.008580e-03   3.804768e-19   14664
  1.127428e+00   4.520482e-17   1.031064e-03   3.700106e-19   14328
  1.130809e+00   4.570512e-17   9.574326e-04   3.945750e-19   13086
  1.134236e+00   4.559555e-17   1.030026e-03   3.684750e-19   15612
  1.137653e+00   4.696065e-17   8.878573e-04   4.076079e-19   13416
  1.140971e+00   4.623476e-17   1.044367e-03   3.887220e-19   14360
  1.144380e+00   4.658399e-17   9.770905e-04   3.895229e-19   14064
  1.147853e+00   4.649450e-17   1.005516e-03   3.734684e-19   15750
  1.151277e+00   4.583598e-17   9.498220e-04   3.940621e-19   13680
  1.154655e+00   4.702762e-17   1.034040e-03   3.766283e-19   15468
  1.158090e+00   4.604447e-17   9.964048e-04   3.878770e-19   14352
  1.161422e+00   4.652941e-17   9.831061e-04   3.817628e-19   14454
  1.164771e+00   4.751113e-17   1.009534e-03   3.870364e-19   15048
  1.168219e+00   4.523895e-17   9.356739e-04   3.676295e-19   15360
  1.171622e+00   4.737861e-17   1.028303e-03   3.798942e-19   15224
  1.175043e+00   4.686072e-17   9.737025e-04   3.769100e-19   15096
  1.178436e+00   4.787175e-17   9.513142e-04   3.947788e-19   14514
  1.181744e+00   4.815094e-17   9.972118e-04   3.797325e-19   16416
  1.185216e+00   4.705709e-17   9.813109e-04   3.800880e-19   15216
  1.188760e+00   4.816817e-17   9.875256e-04   3.779216e-19   16440
  1.192145e+00   4.790834e-17   9.934307e-04   3.947393e-19   14904
  1.195382e+00   4.754849e-17   9.331760e-04   3.824286e-19   15134
  1.198830e+00   4.818832e-17   1.044008e-03   3.755766e-19   16644
  1.202273e+00   4.724802e-17   9.801415e-04   3.797545e-19   16128
  1.205649e+00   4.854903e-17   9.739380e-04   3.879593e-19   15384
  1.208976e+00   4.775529e-17   9.574053e-04   3.809117e-19   15462
  1.212384e+00   4.868687e-17   1.022817e-03   3.666791e-19   17304
  1.215857e+00   4.817118e-17   9.644898e-04   3.791341e-19   16176
  1.219267e+00   4.873516e-17   1.020273e-03   3.741253e-19   16824
  1.222757e+00   4.694660e-17   9.384566e-04   3.711432e-19   15980
  1.226044e+00   4.910530e-17   9.341167e-04   3.851418e-19   16326
  1.229359e+00   4.779466e-17   9.971528e-04   3.717935e-19   16488
  1.232793e+00   4.800753e-17   9.674257e-04   3.696267e-19   16944
  1.236242e+00   4.884026e-17   1.018099e-03   3.694598e-19   17256
  1.239567e+00   4.771749e-17   9.442015e-04   3.771652e-19   15966
  1.243019e+00   4.884692e-17   1.002557e-03   3.705969e-19   17628
  1.246398e+00   4.785418e-17   9.523046e-04   3.678946e-19   17280
  1.249813e+00   4.812341e-17   1.048272e-03   3.655182e-19   17056
  1.253179e+00   4.841876e-17   9.884505e-04   3.698691e-19   17296
  1.256693e+00   4.808197e-17   9.682006e-04   3.621483e-19   17526
  1.260009e+00   4.876136e-17   9.743928e-04   3.654083e-19   17592
  1.263462e+00   4.925222e-17   1.013641e-03   3.716199e-19   17880
  1.266826e+00   4.899769e-17   9.399981e-04   3.771814e-19   17028
  1.270153e+00   4.974273e-17   9.558687e-04   3.764329e-19   17376
  1.273537e+00   5.015983e-17   9.489771e-04   3.665481e-19   18414
  1.277033e+00   4.893429e-17   9.732250e-04   3.608287e-19   17840
  1.280422e+00   4.905728e-17   1.021714e-03   3.594837e-19   18960
  1.283800e+00   4.922871e-17   9.491477e-04   3.767509e-19   16992
  1.287191e+00   4.961862e-17   1.045598e-03   3.677084e-19   18378
  1.290511e+00   5.069267e-17   9.309987e-04   3.881973e-19   18192
  1.293964e+00   4.937196e-17   9.939797e-04   3.550488e-19   19320
  1.297392e+00   4.965373e-17   9.640812e-04   3.702821e-19   17856
  1.300808e+00   4.843713e-17   9.952112e-04   3.565193e-19   19128
  1.304168e+00   4.956020e-17   9.205139e-04   3.662638e-19   18246
  1.307589e+00   4.975706e-17   9.567778e-04   3.552540e-19   19184
  1.310975e+00   4.900178e-17   9.792411e-04   3.546690e-19   18900
  1.314454e+00   4.956726e-17   1.021314e-03   3.522705e-19   19776
  1.317772e+00   5.018535e-17   9.370417e-04   3.828601e-19   17814
  1.321221e+00   5.004588e-17   1.019691e-03   3.532615e-19   19944
  1.324582e+00   5.097466e-17   1.005872e-03   3.616333e-19   19536
  1.328059e+00   5.018985e-17   9.953972e-04   3.513911e-19   20112
  1.331434e+00   4.934227e-17   9.251142e-04   3.725611e-19   18116
  1.334798e+00   4.988699e-17   9.644510e-04   3.451093e-19   19878
  1.338104e+00   4.996548e-17   9.747533e-04   3.477586e-19   19800
  1.341597e+00   5.084340e-17   9.746917e-04   3.570226e-19   20136
  1.345077e+00   4.971071e-17   1.025284e-03   3.488764e-19   20808
  1.348466e+00   5.019161e-17   9.288316e-04   3.640153e-19   19152
  1.351874e+00   4.972026e-17   9.810813e-04   3.502723e-19   20526
  1.355317e+00   5.020162e-17   1.009394e-03   3.557396e-19   20532
  1.358658e+00   5.133370e-17   1.003080e-03   3.632516e-19   20120
  1.361967e+00   5.028289e-17   9.347410e-04   3.644752e-19   19512
  1.365426e+00   5.029998e-17   1.015429e-03   3.507497e-19   21246
  1.368810e+00   5.135514e-17   9.234922e-04   3.666271e-19   20112
  1.372239e+00   5.090301e-17   1.028308e-03   3.406102e-19   22104
  1.375656e+00   5.011775e-17   1.009051e-03   3.571873e-19   19620
  1.379051e+00   5.055145e-17   1.002997e-03   3.431589e-19   21912
  1.382450e+00   5.126039e-17   9.358667e-04   3.627802e-19   20070
  1.385835e+00   5.110300e-17   1.019290e-03   3.488707e-19   22064
  1.389281e+00   5.089829e-17   9.677197e-04   3.494901e-19   21048
  1.392624e+00   5.183116e-17   9.464641e-04   3.574559e-19   21168
  1.396022e+00   5.197707e-17   1.023526e-03   3.563200e-19   21384
  1.399510e+00   5.040557e-17   9.261037e-04   3.377018e-19   22146
  1.402917e+00   5.255774e-17   9.907340e-04   3.517655e-19   22200
  1.406352e+00   5.037373e-17   9.384676e-04   3.428380e-19   21648
  1.409715e+00   5.033697e-17   1.004739e-03   3.451793e-19   21144
  1.413042e+00   5.055124e-17   9.557029e-04   3.407761e-19   21710
  1.416464e+00   5.111227e-17   1.015437e-03   3.334251e-19   23112
  1.419994e+00   5.139368e-17   1.013025e-03   3.384129e-19   23064
  1.423397e+00   5.177384e-17   9.375385e-04   3.521740e-19   21252
  1.426667e+00   5.154039e-17   9.398251e-04   3.404379e-19   22128
  1.430079e+00   5.184850e-17   9.741612e-04   3.429481e-19   22446
  1.433489e+00   5.044471e-17   9.547049e-04   3.380985e-19   22848
  1.436865e+00   5.185036e-17   9.559285e-04   3.405167e-19   23208
  1.440318e+00   5.220165e-17   9.839042e-04   3.470804e-19   22536
  1.443716e+00   5.194863e-17   9.977885e-04   3.444207e-19   22586
  1.447106e+00   5.230059e-17   1.017372e-03   3.421939e-19   24096
  1.450516e+00   5.217654e-17   9.545662e-04   3.458445e-19   22440
  1.453882e+00   5.309682e-17   1.040231e-03   3.471186e-19   23400
  1.457251e+00   5.199654e-17   9.449552e-04   3.430932e-19   23232
  1.460730e+00   5.247541e-17   9.950400e-04   3.391636e-19   23886
  1.464083e+00   5.182035e-17   9.568206e-04   3.456140e-19   23376
  1.467479e+00   5.249672e-17   9.653968e-04   3.429049e-19   23540
  1.470837e+00   5.205252e-17   9.576052e-04   3.347677e-19   24240
  1.474322e+00   5.256547e-17   1.007568e-03   3.394625e-19   23952
  1.477751e+00   5.249122e-17   9.425996e-04   3.412280e-19   24006
  1.481188e+00   5.220546e-17   1.057459e-03   3.240999e-19   25560
  1.484513e+00   5.268073e-17   9.375935e-04   3.531041e-19   22728
  1.487845e+00   5.268444e-17   9.449672e-04   3.403335e-19   23556
  1.491222e+00   5.250843e-17   9.861154e-04   3.379829e-19   25398
  1.494647e+00   5.353616e-17   9.661087e-04   3.414630e-19   24088
  1.498058e+00   5.316817e-17   1.005693e-03   3.296335e-19   25696
  1.501476e+00   5.332810e-17   9.445009e-04   3.468586e-19   24144
  1.504866e+00   5.173776e-17   1.009435e-03   3.285528e-19   25560
  1.508279e+00   5.272134e-17   9.311536e-04   3.441228e-19   24246
  1.511702e+00   5.370128e-17   9.886422e-04   3.333623e-19   26292
  1.515117e+00   5.311993e-17   9.750958e-04   3.357318e-19   25200
  1.518516e+00   5.315189e-17   1.015518e-03   3.338644e-19   25296
  1.521840e+00   5.298874e-17   9.273872e-04   3.410640e-19   24192
  1.525374e+00   5.282282e-17   1.024084e-03   3.120222e-19   28646
  1.528819e+00   5.311720e-17   9.416682e-04   3.406836e-19   24552
  1.532197e+00   5.324574e-17   9.871622e-04   3.357918e-19   25788
  1.535497e+00   5.354188e-17   9.319875e-04   3.418737e-19   25272
  1.538910e+00   5.244993e-17   1.008561e-03   3.285023e-19   26118
  1.542254e+00   5.303396e-17   9.872169e-04   3.295435e-19   26016
  1.545754e+00   5.306718e-17   9.973691e-04   3.202371e-19   27792
  1.549107e+00   5.340431e-17   9.782537e-04   3.401126e-19   25072
  1.552489e+00   5.325617e-17   1.013302e-03   3.250163e-19   26824
  1.555876e+00   5.350941e-17   9.251742e-04   3.339599e-19   26106
  1.559322e+00   5.301904e-17   1.018165e-03   3.160178e-19   28296
  1.562736e+00   5.374088e-17   9.795929e-04   3.297693e-19   26640
  1.566139e+00   5.301675e-17   9.326427e-04   3.277600e-19   26064
  1.569509e+00   5.387365e-17   1.023197e-03   3.188754e-19   27822
  1.572858e+00   5.418652e-17   9.509197e-04   3.409455e-19   26160
  1.576250e+00   5.400688e-17   1.045692e-03   3.230346e-19   28108
  1.579675e+00   5.449794e-17   9.994315e-04   3.293898e-19   27664
  1.583072e+00   5.444597e-17   9.941707e-04   3.235579e-19   27600
  1.586528e+00   5.355803e-17   9.963156e-04   3.211967e-19   27510
  1.589938e+00   5.408574e-17   9.859005e-04   3.205863e-19   28848
  1.593332e+00   5.352523e-17   9.762803e-04   3.217048e-19   27744
  1.596742e+00   5.422615e-17   9.511846e-04   3.209923e-19   27888
  1.600131e+00   5.463114e-17   9.670142e-04   3.331321e-19   27780
  1.603528e+00   5.464806e-17   9.742031e-04   3.236093e-19   28734
  1.606889e+00   5.450015e-17   1.005991e-03   3.260458e-19   28232
  1.610329e+00   5.453900e-17   1.000286e-03   3.191590e-19   29016
  1.613693e+00   5.468487e-17   9.883033e-04   3.224254e-19   28056
  1.617078e+00   5.538017e-17   9.591200e-04   3.282484e-19   28710
  1.620494e+00   5.452278e-17   1.013131e-03   3.178747e-19   29220
  1.624041e+00   5.388360e-17   1.036386e-03   3.072498e-19   31584
  1.627400e+00   5.400596e-17   9.553743e-04   3.283221e-19   26904
  1.630674e+00   5.471935e-17   9.285874e-04   3.246331e-19   28512
  1.634161e+00   5.435204e-17   1.000248e-03   3.091168e-19   30878
  1.637619e+00   5.470300e-17   1.004557e-03   3.115002e-19   30408
  1.641002e+00   5.515533e-17   9.703596e-04   3.221276e-19   28632
  1.644329e+00   5.470429e-17   9.338123e-04   3.184354e-19   28764
  1.647688e+00   5.496141e-17   1.038911e-03   3.146648e-19   30630
  1.651141e+00   5.443713e-17   9.619060e-04   3.160171e-19   30240
  1.654600e+00   5.522563e-17   9.855083e-04   3.150642e-19   31008
  1.657971e+00   5.492867e-17   9.439236e-04   3.225898e-19   29240
  1.661283e+00   5.471615e-17   9.632944e-04   3.203137e-19   30000
  1.664737e+00   5.488485e-17   1.019644e-03   3.121688e-19   30978
  1.668138e+00   5.422592e-17   9.612856e-04   3.099300e-19   30696
  1.671525e+00   5.524252e-17   1.007582e-03   3.144318e-19   31320
  1.674870e+00   5.421739e-17   9.416567e-04   3.169149e-19   29280
  1.678263e+00   5.496490e-17   1.006944e-03   3.127293e-19   31488
  1.681653e+00   5.470404e-17   9.453471e-04   3.084060e-19   31326
  1.685080e+00   5.483570e-17   1.015014e-03   3.109687e-19   31480
  1.688539e+00   5.569835e-17   9.846423e-04   3.099815e-19   32572
  1.691988e+00   5.509060e-17   9.852371e-04   3.098249e-19   31296
  1.695337e+00   5.539105e-17   9.580987e-04   3.170475e-19   30798
  1.698756e+00   5.568788e-17   1.019947e-03   3.114467e-19   32256
  1.702112e+00   5.528050e-17   9.851718e-04   3.072026e-19   32088
  1.705471e+00   5.553534e-17   9.749849e-04   3.166070e-19   30936
  1.708872e+00   5.581031e-17   1.013665e-03   3.088058e-19   33036
  1.712340e+00   5.481723e-17   9.814605e-04   3.092776e-19   31846
  1.715716e+00   5.514942e-17   1.000452e-03   2.992348e-19   33832
  1.719107e+00   5.533168e-17   9.267229e-04   3.157241e-19   30912
  1.722470e+00   5.520306e-17   9.718409e-04   3.064126e-19   32976
  1.725849e+00   5.535442e-17   9.589091e-04   3.050474e-19   32712
  1.729299e+00   5.478918e-17   9.694589e-04   2.975608e-19   33438
  1.732697e+00   5.611185e-17   9.759808e-04   3.063523e-19   32556
  1.736008e+00   5.546940e-17   9.673595e-04   3.051014e-19   33144
  1.739423e+00   5.608998e-17   9.568897e-04   3.085402e-19   33504
  1.742928e+00   5.552063e-17   9.907617e-04   3.037250e-19   33542
  1.746251e+00   5.588843e-17   9.761088e-04   3.029995e-19   33768
  1.749697e+00   5.554246e-17   9.890657e-04   2.969413e-19   34368
  1.753059e+00   5.623909e-17   9.398519e-04   3.104401e-19   32856
  1.756491e+00   5.608749e-17   9.718883e-04   2.989934e-19   34524
  1.759859e+00   5.619971e-17   9.230442e-04   3.088165e-19   33510
  1.763319e+00   5.591184e-17   1.033008e-03   2.946810e-19   35856
  1.766738e+00   5.600179e-17   9.789033e-04   3.076645e-19   33888
  1.770094e+00   5.603166e-17   9.592478e-04   3.072456e-19   33752
  1.773444e+00   5.599596e-17   1.008735e-03   2.973053e-19   34902
  1.776965e+00   5.589623e-17   9.868343e-04   2.971515e-19   35484
  1.780394e+00   5.641304e-17   1.015830e-03   2.951668e-19   36648
  1.783785e+00   5.537256e-17   9.394377e-04   3.051840e-19   33000
  1.787135e+00   5.629311e-17   1.015728e-03   2.971837e-19   35520
  1.790596e+00   5.621249e-17   9.921111e-04   2.945474e-19   36078
  1.793965e+00   5.636712e-17   9.711127e-04   3.012258e-19   34992
  1.797329e+00   5.646410e-17   9.608864e-04   3.017423e-19   35072
  1.800764e+00   5.650755e-17   1.007567e-03   2.943654e-19   36876
  1.804084e+00   5.634869e-17   9.316889e-04   3.129274e-19   33216
  1.807491e+00   5.576570e-17   1.032331e-03   2.846370e-19   38382
  1.810984e+00   5.579837e-17   9.682750e-04   2.940218e-19   36072
  1.814418e+00   5.618026e-17   9.696935e-04   2.911820e-19   37464
  1.817773e+00   5.650923e-17   9.320563e-04   3.068316e-19   34416
  1.821192e+00   5.714477e-17   1.021416e-03   2.930503e-19   37386
  1.824585e+00   5.690612e-17   9.752191e-04   2.959042e-19   37040
  1.827967e+00   5.683203e-17   9.494317e-04   2.949932e-19   36240
  1.831325e+00   5.672996e-17   1.012861e-03   2.981509e-19   36432
  1.834733e+00   5.625979e-17   9.562728e-04   2.906316e-19   37560
  1.838152e+00   5.641356e-17   9.909694e-04   2.944755e-19   37350
  1.841634e+00   5.604909e-17   1.013075e-03   2.851271e-19   38616
  1.845012e+00   5.606372e-17   9.549061e-04   2.936563e-19   37092
  1.848409e+00   5.664055e-17   9.182933e-04   2.958781e-19   37272
  1.851799e+00   5.543489e-17   1.011002e-03   2.832978e-19   37616
  1.855230e+00   5.630642e-17   9.791045e-04   2.852132e-19   38478
  1.858608e+00   5.673384e-17   9.948864e-04   2.921449e-19   37992
  1.861981e+00   5.697808e-17   9.755720e-04   2.899893e-19   38232
  1.865360e+00   5.654730e-17   9.561314e-04   2.928263e-19   36708
  1.868749e+00   5.638691e-17   1.000812e-03   2.858807e-19   39534
  1.872173e+00   5.719607e-17   1.002785e-03   2.894247e-19   39336
  1.875572e+00   5.667325e-17   9.646922e-04   2.890356e-19   37624
  1.878977e+00   5.632916e-17   9.870851e-04   2.801453e-19   40408
  1.882408e+00   5.636780e-17   9.441395e-04   2.897231e-19   38256
  1.885822e+00   5.647922e-17   9.645504e-04   2.828257e-19   39438
  1.889268e+00   5.629620e-17   9.952977e-04   2.814707e-19   40524
  1.892622e+00   5.709719e-17   9.396870e-04   2.899346e-19   38448
  1.896001e+00   5.681478e-17   9.889896e-04   2.843351e-19   39312
  1.899370e+00   5.691932e-17   9.454305e-04   2.917898e-19   38718
  1.902752e+00   5.647558e-17   1.008786e-03   2.833278e-19   40872
  1.906153e+00   5.664516e-17   9.579164e-04   2.855333e-19   40088
  1.909607e+00   5.668561e-17   1.021028e-03   2.853312e-19   40644
  1.913014e+00   5.644369e-17   9.580841e-04   2.827860e-19   40176
  1.916440e+00   5.636678e-17   1.015811e-03   2.794840e-19   40998
  1.919781e+00   5.741851e-17   9.315444e-04   2.921581e-19   39192
  1.923177e+00   5.725416e-17   9.835940e-04   2.830787e-19   41640
  1.926591e+00   5.711062e-17   9.865853e-04   2.826585e-19   41400
  1.929954e+00   5.703770e-17   9.710201e-04   2.928782e-19   38640
  1.933373e+00   5.718862e-17   9.964131e-04   2.745264e-19   43658
  1.936792e+00   5.663526e-17   9.582756e-04   2.812846e-19   40608
  1.940176e+00   5.732002e-17   9.782447e-04   2.799702e-19   41880
  1.943631e+00   5.772426e-17   9.669901e-04   2.864471e-19   41712
  1.947085e+00   5.756076e-17   1.009457e-03   2.767983e-19   42942
  1.950463e+00   5.740868e-17   9.589570e-04   2.834901e-19   40896
  1.953853e+00   5.735323e-17   9.879975e-04   2.798425e-19   42708
  1.957213e+00   5.839469e-17   9.351117e-04   2.897385e-19   40968
  1.960629e+00   5.733441e-17   1.015965e-03   2.757055e-19   43496
  1.964036e+00   5.721068e-17   9.725754e-04   2.786965e-19   41454
  1.967447e+00   5.694290e-17   1.004526e-03   2.703738e-19   43704
  1.970751e+00   5.682820e-17   9.256831e-04   2.752766e-19   41208
  1.974178e+00   5.712317e-17   1.015706e-03   2.739993e-19   43944
  1.977639e+00   5.758511e-17   9.801018e-04   2.830380e-19   43218
  1.981069e+00   5.680162e-17   9.835304e-04   2.715494e-19   44136
  1.984421e+00   5.729102e-17   9.689214e-04   2.777510e-19   42304
  1.987802e+00   5.770055e-17   9.842599e-04   2.757147e-19   43096
  1.991130e+00   5.797098e-17   9.631295e-04   2.770910e-19   43464
  1.994604e+00   3.071585e-17   1.004342e-03   2.384556e-19   44382
  1.998002e+00   2.700216e-27   1.003266e-03   1.536615e-28   44316
  2.001426e+00   9.980218e-28   9.893154e-04   3.589319e-29   44592
  2.004809e+00   5.701267e-28   9.680892e-04   1.646718e-29   44328
  2.008236e+00   4.409455e-28   9.523162e-04   1.153912e-29   43560
  2.011631e+00   3.629507e-27   9.817514e-04   4.111759e-28   44763
  2.015012e+00   8.121624e-28   9.843293e-04   3.954071e-29   44216
  2.018416e+00   5.502436e-28   1.002968e-03   2.162676e-29   45144
  2.021845e+00   3.561541e-28   9.533111e-04   9.869012e-30   42876
  2.025221e+00   2.885420e-28   1.039094e-03   6.418672e-30   46164
  2.028603e+00   2.522669e-28   9.538972e-04   5.041951e-30   42360
  2.032052e+00   2.496196e-28   1.004468e-03   4.777951e-30   45324
  2.035424e+00   2.041571e-28   9.995889e-04   3.648665e-30   43320
  2.038817e+00   1.959592e-28   1.007297e-03   3.388101e-30   44580
  2.042292e+00   1.759121e-28   1.006134e-03   2.760440e-30   44468
  2.045700e+00   1.673573e-28   9.571103e-04   2.345014e-30   43416
  2.049007e+00   1.592434e-28   9.503154e-04   2.253196e-30   42264
  2.052427e+00   1.493273e-28   9.982480e-04   2.015221e-30   44580
  2.055855e+00   1.463971e-28   1.013336e-03   1.913746e-30   43824
  2.059268e+00   1.293632e-28   9.523479e-04   1.555580e-30   43392
  2.062640e+00   1.309006e-28   9.709336e-04   1.656306e-30   43296
  2.066077e+00   1.242127e-28   9.345634e-04   1.435797e-30   42656
  2.069429e+00   1.160378e-28   9.980838e-04   1.340127e-30   43728
  2.072869e+00   1.118132e-28   1.006399e-03   1.159871e-30   43536
  2.076268e+00   1.114148e-28   1.001616e-03   1.295724e-30   42180
  2.079670e+00   1.034157e-28   9.698728e-04   1.083184e-30   44136
  2.083087e+00   1.013224e-28   9.773400e-04   1.073470e-30   42372
  2.086460e+00   9.964990e-29   9.552676e-04   1.023669e-30   41604
  2.089832e+00   9.612681e-29   1.006521e-03   9.591259e-31   43440
  2.093239e+00   9.145090e-29   1.007289e-03   8.795027e-31   42488
  2.096600e+00   9.158720e-29   9.671663e-04   8.812632e-31   41496
  2.100046e+00   8.666934e-29   1.009561e-03   7.919801e-31   44112
  2.103476e+00   8.457216e-29   9.627245e-04   7.959142e-31   41688
  2.106847e+00   8.373082e-29   1.002887e-03   7.962703e-31   42276
  2.110231e+00   8.066138e-29   9.673004e-04   7.496601e-31   41172
  2.113637e+00   7.729757e-29   1.014189e-03   6.640475e-31   43536
  2.117060e+00   7.587215e-29   9.440682e-04   6.630460e-31   41496
  2.120446e+00   7.347984e-29   1.001696e-03   6.602650e-31   40764
  2.123824e+00   7.373058e-29   9.829124e-04   6.585912e-31   43220
  2.127251e+00   7.076401e-29   9.741948e-04   6.086869e-31   41076
  2.130650e+00   6.904389e-29   9.736862e-04   5.711683e-31   41532
  2.134066e+00   6.712319e-29   9.913433e-04   5.858429e-31   41928
  2.137452e+00   6.715005e-29   9.489903e-04   5.761901e-31   41412
  2.140836e+00   6.419371e-29   9.876425e-04   5.533514e-31   40032
  2.144200e+00   6.407736e-29   9.795004e-04   5.176312e-31   41880
  2.147583e+00   6.127980e-29   9.747362e-04   5.011392e-31   40264
  2.151008e+00   6.154737e-29   9.980952e-04   4.833904e-31   42592
  2.154444e+00   5.944780e-29   9.574599e-04   4.967658e-31   39588
  2.157836e+00   5.829677e-29   9.899106e-04   4.653878e-31   42180
  2.161205e+00   5.717652e-29   9.550806e-04   4.633474e-31   39240
  2.164591e+00   5.642138e-29   1.002498e-03   4.520353e-31   40920
  2.168021e+00   5.460061e-29   9.895186e-04   4.216971e-31   41184
  2.171435e+00   5.398858e-29   9.802064e-04   4.113550e-31   40872
  2.174814e+00   5.322795e-29   9.323587e-04   4.280497e-31   38748
  2.178230e+00   5.225411e-29   9.923713e-04   3.996366e-31   41420
  2.181596e+00   5.101586e-29   9.733624e-04   3.978622e-31   39816
  2.185019e+00   5.133120e-29   9.758566e-04   4.005762e-31   39792
  2.188398e+00   4.887829e-29   9.322510e-04   3.933645e-31   39816
  2.191853e+00   4.738189e-29   1.007568e-03   3.518578e-31   41064
  2.195255e+00   4.747763e-29   9.665765e-04   3.567830e-31   39204
  2.198703e+00   4.580035e-29   1.019970e-03   3.344002e-31   40080
  2.202014e+00   4.666020e-29   9.424963e-04   3.589113e-31   38332
  2.205420e+00   4.522921e-29   9.836872e-04   3.403406e-31   39952
  2.208814e+00   4.499749e-29   9.826829e-04   3.372893e-31   39000
  2.212292e+00   4.322230e-29   1.009126e-03   3.154926e-31   40356
  2.215686e+00   4.287037e-29   9.900841e-04   3.187848e-31   39300
  2.219073e+00   4.123114e-29   9.768590e-04   3.153511e-31   37452
  2.222434e+00   4.156749e-29   9.686015e-04   3.053158e-31   39732
  2.225893e+00   3.977152e-29   9.735156e-04   2.945983e-31   39312
  2.229261e+00   4.020317e-29   9.899780e-04   3.008690e-31   37632
  2.232646e+00   3.984548e-29   9.733727e-04   3.001971e-31   38420
  2.236046e+00   3.958828e-29   1.005997e-03   2.983211e-31   39564
  2.239457e+00   3.888559e-29   9.680250e-04   2.969757e-31   37236
  2.242822e+00   3.742882e-29   9.786551e-04   2.824193e-31   38100
  2.246202e+00   3.603736e-29   9.621843e-04   2.565530e-31   38208
  2.249650e+00   3.656226e-29   1.001343e-03   2.608054e-31   39072
  2.253028e+00   3.536776e-29   9.255374e-04   2.632148e-31   36192
  2.256433e+00   3.519247e-29   1.000569e-03   2.529343e-31   38928
  2.259875e+00   3.484906e-29   9.940952e-04   2.520601e-31   38768
  2.263364e+00   3.432277e-29   9.767718e-04   2.527019e-31   37596
  2.266775e+00   3.365389e-29   9.724364e-04   2.503947e-31   37296
  2.270122e+00   3.256950e-29   9.733477e-04   2.398824e-31   36948
  2.273485e+00   3.234760e-29   9.983394e-04   2.322231e-31   37248
  2.276967e+00   3.238933e-29   9.858991e-04   2.374942e-31   37152
  2.280308e+00   3.066508e-29   9.842197e-04   2.190286e-31   37512
  2.283721e+00   3.104981e-29   9.421972e-04   2.348280e-31   35876
  2.287109e+00   3.160579e-29   1.004095e-03   2.408133e-31   36936
  2.290550e+00   3.046580e-29   1.000342e-03   2.202373e-31   38028
  2.293967e+00   2.952270e-29   9.518210e-04   2.250318e-31   35592
  2.297304e+00   2.922824e-29   9.445855e-04   2.108180e-31   35508
  2.300680e+00   2.806792e-29   9.795177e-04   2.023993e-31   36492
  2.304133e+00   2.820235e-29   1.010473e-03   1.905241e-31   37608
  2.307551e+00   2.757831e-29   9.970499e-04   2.044674e-31   34848
  2.310869e+00   2.721168e-29   9.351021e-04   2.009642e-31   35220
  2.314285e+00   2.699174e-29   9.755168e-04   1.966196e-31   36884
  2.317699e+00   2.652234e-29   9.681382e-04   1.961387e-31   35412
  2.321162e+00   2.556784e-29   1.002430e-03   1.877335e-31   35652
  2.324531e+00   2.574510e-29   1.002197e-03   1.891725e-31   36072
  2.327908e+00   2.488970e-29   9.658515e-04   1.802209e-31   34368
  2.331324e+00   2.530354e-29   9.783685e-04   1.796967e-31   35484
  2.334741e+00   2.416268e-29   9.684744e-04   1.733606e-31   35256
  2.338088e+00   2.456479e-29   1.008122e-03   1.845325e-31   34476
  2.341506e+00   2.365637e-29   9.890537e-04   1.769806e-31   34916
  2.344896e+00   2.355882e-29   9.753182e-04   1.746605e-31   34596
  2.348289e+00   2.268138e-29   9.540538e-04   1.662447e-31   34656
  2.351696e+00   2.270639e-29   9.882911e-04   1.695605e-31   34596
  2.355125e+00   2.296635e-29   9.587525e-04   1.720640e-31   33984
  2.358476e+00   2.159974e-29   9.788210e-04   1.540298e-31   34080
  2.361852e+00   2.142895e-29   9.830509e-04   1.574885e-31   34140
  2.365304e+00   2.092318e-29   1.015340e-03   1.555223e-31   33804
  2.368719e+00   2.055619e-29   9.759441e-04   1.489985e-31   35096
  2.372155e+00   2.070993e-29   9.675675e-04   1.564272e-31   33108
  2.375492e+00   2.054610e-29   9.625095e-04   1.561433e-31   32280
  2.378878e+00   1.963498e-29   9.798228e-04   1.442041e-31   34404
  2.382324e+00   1.996181e-29   9.998368e-04   1.466488e-31   34248
  2.385781e+00   1.934378e-29   9.368618e-04   1.435199e-31   32016
  2.389171e+00   1.897166e-29   9.889111e-04   1.386578e-31   34344
  2.392588e+00   1.867895e-29   9.508792e-04   1.423609e-31   32024
  2.395887e+00   1.848020e-29   9.856404e-04   1.430617e-31   31908
  2.399315e+00   1.803019e-29   9.877149e-04   1.347011e-31   33192
  2.402753e+00   1.763076e-29   1.023393e-03   1.374779e-31   33288
  2.406122e+00   1.778224e-29   9.318436e-04   1.413209e-31   31356
  2.409537e+00   1.751137e-29   1.008572e-03   1.333318e-31   32496
  2.412934e+00   1.691806e-29   9.586275e-04   1.316375e-31   31944
  2.416251e+00   1.612664e-29   9.843477e-04   1.228436e-31   31512
  2.419642e+00   1.637424e-29   9.554269e-04   1.236883e-31   31156
  2.423118e+00   1.604217e-29   1.006701e-03   1.194820e-31   33352
  2.426525e+00   1.566690e-29   9.764504e-04   1.233309e-31   31344
  2.429966e+00   1.547287e-29   1.011019e-03   1.236951e-31   31068
  2.433353e+00   1.560449e-29   9.971418e-04   1.188619e-31   31752
  2.436684e+00   1.522924e-29   9.204472e-04   1.242270e-31   29868
  2.440099e+00   1.471957e-29   1.011444e-03   1.168952e-31   32052
  2.443539e+00   1.421887e-29   9.596990e-04   1.166629e-31   30012
  2.446898e+00   1.426076e-29   1.006915e-03   1.098880e-31   31520
  2.450354e+00   1.372188e-29   9.844685e-04   1.120756e-31   30648
  2.453706e+00   1.379861e-29   9.710870e-04   1.140911e-31   29304
  2.457112e+00   1.373839e-29   9.628022e-04   1.078240e-31   31140
  2.460584e+00   1.319931e-29   1.025697e-03   1.074868e-31   31320
  2.463992e+00   1.304147e-29   9.680019e-04   1.098077e-31   28356
  2.467346e+00   1.241977e-29   9.894595e-04   9.830151e-32   30288
  2.470691e+00   1.242030e-29   9.833600e-04   9.922356e-32   29472
  2.474056e+00   1.229974e-29   9.720749e-04   1.048086e-31   28716
  2.477529e+00   1.174196e-29   9.646939e-04   9.364437e-32   30740
  2.480961e+00   1.201518e-29   9.839130e-04   9.718986e-32   29304
  2.484327e+00   1.161327e-29   9.799311e-04   9.855992e-32   28476
  2.487752e+00   1.093779e-29   9.925668e-04   9.143938e-32   29304
  2.491155e+00   1.133177e-29   9.914075e-04   9.675269e-32   29280
  2.494601e+00   1.081846e-29   9.888067e-04   9.065817e-32   29100
  2.498031e+00   1.062425e-29   9.693726e-04   9.323919e-32   27816
  2.501330e+00   1.047366e-29   9.737231e-04   8.536142e-32   27692
  2.504737e+00   1.017220e-29   1.012495e-03   8.548652e-32   29724
  2.508211e+00   1.005478e-29   9.651031e-04   8.679745e-32   27240
  2.511571e+00   9.909913e-30   9.380122e-04   8.447860e-32   27588
  2.514934e+00   9.477703e-30   9.761300e-04   8.014489e-32   28560
  2.518371e+00   9.327410e-30   9.886158e-04   8.239719e-32   26952
  2.521774e+00   9.248465e-30   9.897907e-04   7.904375e-32   27516
  2.525163e+00   9.131932e-30   1.000219e-03   7.806011e-32   28344
  2.528599e+00   8.946414e-30   9.851718e-04   7.767242e-32   26196
  2.531920e+00   8.526272e-30   9.634803e-04   7.553691e-32   26360
  2.535324e+00   8.536708e-30   9.960409e-04   7.313922e-32   28152
  2.538760e+00   8.286672e-30   9.632402e-04   7.668645e-32   25896
  2.542127e+00   7.726959e-30   9.862139e-04   6.985131e-32   26592
  2.545539e+00   7.908257e-30   9.442321e-04   7.159062e-32   26568
  2.548976e+00   7.726855e-30   9.991750e-04   6.792214e-32   26832
  2.552322e+00   7.592643e-30   9.474214e-04   7.171895e-32   24972
  2.555791e+00   7.397016e-30   9.989695e-04   6.442606e-32   27000
  2.559168e+00   7.152547e-30   9.577813e-04   6.472265e-32   25448
  2.562535e+00   6.864950e-30   9.902443e-04   6.500236e-32   25476
  2.565992e+00   6.825860e-30   9.706909e-04   6.578047e-32   25152
  2.569333e+00   6.623506e-30   9.951122e-04   6.000339e-32   25968
  2.572775e+00   6.501550e-30   9.906648e-04   6.181909e-32   25320
  2.576210e+00   6.247048e-30   9.358363e-04   5.983116e-32   23796
  2.579496e+00   6.193184e-30   9.822477e-04   5.672023e-32   25500
  2.582914e+00   6.135011e-30   9.788363e-04   5.976049e-32   24420
  2.586378e+00   5.739641e-30   1.013161e-03   5.575390e-32   24656
  2.589722e+00   5.601588e-30   9.599232e-04   5.408767e-32   24036
  2.593114e+00   5.509643e-30   9.927315e-04   5.306016e-32   24528
  2.596483e+00   5.343520e-30   9.590289e-04   5.393933e-32   23004
  2.599888e+00   5.392605e-30   9.848565e-04   5.412596e-32   24576
  2.603308e+00   5.123469e-30   9.407132e-04   5.079655e-32   23736
  2.606725e+00   4.924361e-30   9.994817e-04   5.109735e-32   23712
  2.610164e+00   4.850194e-30   9.704406e-04   4.944477e-32   22992
  2.613550e+00   4.469111e-30   9.637349e-04   4.463627e-32   23984
  2.616935e+00   4.573476e-30   9.626269e-04   4.878487e-32   22344
  2.620337e+00   4.377654e-30   9.768169e-04   4.733871e-32   22536
  2.623720e+00   4.109591e-30   9.667935e-04   4.208953e-32   23268
  2.627096e+00   4.231321e-30   9.929071e-04   4.568116e-32   22152
  2.630500e+00   3.924511e-30   9.804448e-04   4.275530e-32   22068
  2.633988e+00   3.800981e-30   1.006815e-03   4.002107e-32   23664
  2.637353e+00   3.684224e-30   9.350088e-04   4.090430e-32   20640
  2.640713e+00   3.459237e-30   9.923052e-04   3.875837e-32   22376
  2.644179e+00   3.423003e-30   9.759242e-04   3.932576e-32   21444
  2.647520e+00   3.394364e-30   1.011260e-03   3.787156e-32   21576
  2.650919e+00   3.152972e-30   1.002590e-03   3.647237e-32   21660
  2.654412e+00   3.053525e-30   1.013805e-03   3.634366e-32   20916
  2.657789e+00   2.899824e-30   9.944119e-04   3.387210e-32   21504
  2.661144e+00   2.839368e-30   9.476635e-04   3.399031e-32   20508
  2.664583e+00   2.719525e-30   1.012559e-03   3.363234e-32   20036
  2.667961e+00   2.691448e-30   9.799347e-04   3.145948e-32   21276
  2.671380e+00   2.496260e-30   9.701273e-04   2.957622e-32   20652
  2.674793e+00   2.373128e-30   9.654062e-04   3.016536e-32   18696
  2.678197e+00   2.320541e-30   1.010458e-03   2.711114e-32   21504
  2.681608e+00   2.183885e-30   9.449905e-04   2.744258e-32   19284
  2.685012e+00   2.073198e-30   1.019116e-03   2.704362e-32   19356
  2.688395e+00   1.970182e-30   9.630933e-04   2.666686e-32   19236
  2.691747e+00   1.962327e-30   9.819342e-04   2.523411e-32   19476
  2.695170e+00   1.758903e-30   1.021783e-03   2.381462e-32   19184
  2.698647e+00   1.666312e-30   9.898888e-04   2.226248e-32   18852
  2.702034e+00   1.663873e-30   9.582506e-04   2.236719e-32   18876
  2.705357e+00   1.549565e-30   9.961544e-04   2.174377e-32   18336
  2.708799e+00   1.409732e-30   9.995508e-04   2.074946e-32   17820
  2.712259e+00   1.470902e-30   1.008841e-03   2.081538e-32   19392
  2.715616e+00   1.319050e-30   9.989261e-04   1.967283e-32   17616
  2.718949e+00   1.172861e-30   9.403994e-04   1.899632e-32   16320
  2.722413e+00   1.185333e-30   1.018465e-03   1.712715e-32   19292
  2.725776e+00   1.096386e-30   9.756316e-04   1.670610e-32   17112
  2.729283e+00   1.001002e-30   9.888233e-04   1.655682e-32   17388
  2.732704e+00   9.167579e-31   9.257555e-04   1.492820e-32   16692
  2.735930e+00   8.876102e-31   9.792720e-04   1.424596e-32   16956
  2.739452e+00   7.450477e-31   9.876901e-04   1.264351e-32   17040
  2.742894e+00   7.355477e-31   9.773330e-04   1.234304e-32   16092
  2.746164e+00   7.128440e-31   9.706985e-04   1.243300e-32   16380
  2.749642e+00   6.029663e-31   9.977628e-04   1.026991e-32   16688
  2.753053e+00   5.183450e-31   9.980974e-04   9.726308e-33   14940
  2.756401e+00   5.340956e-31   1.003592e-03   9.578403e-33   16668
  2.759872e+00   4.683765e-31   9.800161e-04   9.349466e-33   15804
  2.763238e+00   4.099442e-31   9.732068e-04   8.456287e-33   14280
  2.766639e+00   3.876242e-31   9.580540e-04   7.043289e-33   16068
  2.770034e+00   3.348084e-31   9.764201e-04   7.130156e-33   15048
  2.773410e+00   3.179878e-31   9.951146e-04   7.236796e-33   13940
  2.776793e+00   2.478489e-31   9.510677e-04   5.314732e-33   15072
  2.780185e+00   2.268512e-31   1.013899e-03   5.070558e-33   14808
  2.783543e+00   1.901394e-31   9.414253e-04   4.778360e-33   13200
  2.786996e+00   1.598511e-31   9.972653e-04   3.771462e-33   15156
  2.790453e+00   1.397467e-31   9.725079e-04   3.585494e-33   13788
  2.793844e+00   1.115836e-31   9.584580e-04   3.188122e-33   13608
  2.797233e+00   8.234871e-32   9.137161e-04   2.507064e-33   13224
  2.800612e+00   8.085931e-32   9.851237e-04   2.178025e-33   13320
  2.803972e+00   5.731662e-32   9.713652e-04   2.106265e-33   13220
  2.807429e+00   3.778255e-32   9.817789e-04   1.344424e-33   12984
  2.810903e+00   3.274473e-32   9.937490e-04   1.167370e-33   12780
  2.814182e+00   2.263792e-32   9.405135e-04   1.088154e-33   12360
  2.817641e+00   1.111568e-32   9.894990e-04   5.320301e-34   12480
  2.821091e+00   7.986637e-33   9.611149e-04   4.482875e-34   11892
  2.824384e+00   4.824035e-33   9.964972e-04   2.952877e-34   12192
  2.827831e+00   1.925586e-33   9.769214e-04   1.181775e-34   11328
  2.831260e+00   2.448699e-34   1.035957e-03   1.918024e-35   12020
  2.834610e+00   3.333068e-44   9.524676e-04   7.701576e-46   11052
  2.838092e+00   3.005743e-44   1.011816e-03   6.730033e-46   11304
  2.841356e+00   2.659410e-44   9.310152e-04   4.617928e-46   10368
  2.844694e+00   2.885157e-44   9.688111e-04   7.228929e-46   10899
  2.848216e+00   2.599881e-44   9.712629e-04   5.126708e-46   10752
  2.851560e+00   2.517219e-44   9.748745e-04   4.461007e-46   10446
  2.855007e+00   2.439734e-44   9.594983e-04   4.140336e-46   10092
  2.858423e+00   2.253876e-44   9.722089e-04   4.246528e-46   10220
  2.861722e+00   2.323510e-44   9.522226e-04   4.141431e-46   9636
  2.865233e+00   2.162015e-44   9.795968e-04   3.828532e-46   10020
  2.868677e+00   2.052013e-44   1.017742e-03   3.892507e-46   9906
  2.872011e+00   2.163480e-44   9.440243e-04   4.045704e-46   8940
  2.875468e+00   2.021822e-44   9.573450e-04   3.325421e-46   9558
  2.878844e+00   1.938291e-44   1.042557e-03   3.274853e-46   9180
  2.882185e+00   1.932959e-44   9.980883e-04   3.545267e-46   8674
  2.885679e+00   1.830961e-44   9.921159e-04   3.208790e-46   9454
  2.889055e+00   1.783251e-44   1.019679e-03   3.300562e-46   8316
  2.892409e+00   1.815427e-44   1.005575e-03   3.215738e-46   8622
  2.895912e+00   1.787535e-44   9.984805e-04   3.226367e-46   9006
  2.899261e+00   1.593578e-44   1.006426e-03   2.552569e-46   7698
  2.902617e+00   1.668558e-44   9.656669e-04   2.993254e-46   8406
  2.906123e+00   1.646243e-44   1.030423e-03   3.197666e-46   8646
  2.909458e+00   1.482748e-44   9.790969e-04   2.592848e-46   7014
  2.912801e+00   1.593083e-44   9.732754e-04   2.822400e-46   8510
  2.916355e+00   1.519100e-44   1.025772e-03   2.913050e-46   7890
  2.919690e+00   1.381476e-44   9.840041e-04   2.217331e-46   6966
  2.922978e+00   1.449133e-44   9.405721e-04   2.670659e-46   7902
  2.926483e+00   1.400545e-44   1.025831e-03   2.905042e-46   7278
  2.929893e+00   1.346255e-44   1.007738e-03   2.495180e-46   7338
  2.933248e+00   1.353478e-44   9.333698e-04   2.431264e-46   7254
  2.936686e+00   1.367824e-44   1.005241e-03   2.744772e-46   6678
  2.940020e+00   1.239635e-44   1.004294e-03   2.037391e-46   7286
  2.943557e+00   1.252689e-44   9.935741e-04   2.611333e-46   7200
  2.947070e+00   1.200922e-44   9.643759e-04   2.231331e-46   6234
  2.950183e+00   1.218746e-44   9.665943e-04   2.713251e-46   6630
  2.953710e+00   1.206749e-44   9.967120e-04   2.229131e-46   6822
  2.957208e+00   1.107898e-44   9.389826e-04   2.324802e-46   6078
  2.960394e+00   1.111889e-44   9.982063e-04   1.889777e-46   6528
  2.963920e+00   1.088445e-44   9.540002e-04   2.198011e-46   6034
  2.967295e+00   9.681178e-45   9.769421e-04   1.712556e-46   6190
  2.970648e+00   1.061514e-44   1.003693e-03   2.284569e-46   6270
  2.974190e+00   1.040232e-44   9.026267e-04   1.999044e-46   5520
  2.977431e+00   9.305490e-45   1.010599e-03   1.578379e-46   6126
  2.980823e+00   1.070206e-44   9.449916e-04   2.247789e-46   5562
  2.984382e+00   8.999939e-45   9.449251e-04   2.020899e-46   5790
  2.987609e+00   8.567022e-45   9.674247e-04   1.469722e-46   5496
  2.991029e+00   1.018839e-44   9.744149e-04   2.386462e-46   5262
  2.994510e+00   8.264452e-45   9.596787e-04   1.519212e-46   5774
  2.997839e+00   8.445593e-45   9.507037e-04   1.612136e-46   5124
  3.001346e+00   9.044899e-45   9.536598e-04   1.714233e-46   5070
  3.004645e+00   7.456511e-45   9.927132e-04   1.228150e-46   5430
  3.008016e+00   8.279794e-45   9.272914e-04   1.670034e-46   4680
  3.011587e+00   7.861088e-45   9.603639e-04   1.613785e-46   5370
  3.014869e+00   7.725109e-45   9.175102e-04   1.574482e-46   4638
  3.018210e+00   7.981511e-45   9.645033e-04   1.582542e-46   4536
  3.021696e+00   7.108419e-45   9.657981e-04   1.317491e-46   5222
  3.025044e+00   6.701470e-45   8.862693e-04   1.233809e-46   4254
  3.028475e+00   7.280268e-45   9.769455e-04   1.539547e-46   4548
  3.031790e+00   6.367836e-45   9.474352e-04   1.284828e-46   4638
  3.035175e+00   7.043557e-45   9.353877e-04   1.405820e-46   4176
  3.038687e+00   6.557488e-45   9.386274e-04   1.397919e-46   4518
  3.042021e+00   6.445895e-45   9.457109e-04   1.259912e-46   4278
  3.045343e+00   6.334212e-45   9.150178e-04   1.284485e-46   3732
  3.048746e+00   5.995841e-45   9.666582e-04   1.321681e-46   4502
  3.052175e+00   6.000544e-45   9.396687e-04   1.318089e-46   3984
  3.055637e+00   6.331940e-45   9.734809e-04   1.317026e-46   3726
  3.058859e+00   5.463789e-45   9.383075e-04   1.216171e-46   4014
  3.062253e+00   5.974428e-45   9.839881e-04   1.181235e-46   3756
  3.065874e+00   4.866312e-45   9.875702e-04   9.055109e-47   3894
  3.069162e+00   5.427887e-45   9.663769e-04   1.310068e-46   3744
  3.072480e+00   5.304465e-45   9.823894e-04   1.048562e-46   3174
  3.075941e+00   5.034389e-45   1.005522e-03   1.012017e-46   3968
  3.079369e+00   4.881484e-45   1.013997e-03   1.076731e-46   3522
  3.082951e+00   5.198245e-45   1.041435e-03   1.175985e-46   3198
  3.086200e+00   4.378340e-45   1.020090e-03   9.046532e-47   3648
  3.089591e+00   5.019838e-45   1.036958e-03   1.204491e-46   3054
  3.093164e+00   4.275311e-45   9.752705e-04   8.772789e-47   3312
  3.096416e+00   4.564999e-45   1.030232e-03   1.019531e-46   3354
  3.099859e+00   4.555956e-45   1.018756e-03   1.001430e-46   2624
  3.103228e+00   3.903316e-45   9.938936e-04   8.358678e-47   3462
  3.106655e+00   3.905296e-45   1.036730e-03   8.512670e-47   2976
  3.110270e+00   4.334070e-45   9.814041e-04   1.018639e-46   2670
  3.113407e+00   4.049149e-45   1.021601e-03   8.747974e-47   3186
  3.116767e+00   3.707526e-45   9.543614e-04   9.206309e-47   2376
  3.120346e+00   3.816168e-45   1.006058e-03   8.605544e-47   3102
  3.123650e+00   3.415164e-45   9.847799e-04   7.830504e-47   2688
  3.127086e+00   3.871763e-45   1.027393e-03   9.552336e-47   2286
  3.130454e+00   3.334290e-45   9.909871e-04   7.568114e-47   3020
  3.133859e+00   3.517378e-45   9.439116e-04   9.064200e-47   2310
  3.137474e+00   3.331128e-45   1.043166e-03   7.965362e-47   2544
  3.140695e+00   3.025865e-45   9.725494e-04   8.146613e-47   2526
  3.144064e+00   3.103912e-45   9.987847e-04   7.842597e-47   2112
  3.147593e+00   3.220355e-45   9.598648e-04   8.041395e-47   2538
  3.150931e+00   2.789397e-45   9.985896e-04   7.085835e-47   2304
  3.154328e+00   3.327222e-45   9.852879e-04   9.036443e-47   1902
  3.157623e+00   2.360726e-45   9.412660e-04   5.701281e-47   2408
  3.161035e+00   2.780520e-45   9.929091e-04   8.734199e-47   2094
  3.164668e+00   2.657960e-45   1.011639e-03   6.761788e-47   2028
  3.167856e+00   2.564966e-45   9.595772e-04   7.267024e-47   2094
  3.171241e+00   2.709523e-45   1.046849e-03   7.679026e-47   1920
  3.174835e+00   2.513019e-45   8.826100e-04   6.521724e-47   1926
  3.178123e+00   2.322576e-45   1.030221e-03   6.932154e-47   2088
  3.181468e+00   2.190712e-45   9.037369e-04   6.686160e-47   1434
  3.184829e+00   2.157024e-45   9.555433e-04   6.050366e-47   2048
  3.188160e+00   2.423810e-45   9.527742e-04   7.162638e-47   1758
  3.191826e+00   2.288952e-45   1.051156e-03   7.399985e-47   1584
  3.195185e+00   2.056077e-45   1.041430e-03   5.169966e-47   1998
  3.198586e+00   1.805598e-45   9.485689e-04   6.364239e-47   1428
  3.202148e+00   1.845513e-45   7.939925e-04   6.024349e-47   1488
  3.205259e+00   2.065116e-45   1.011466e-03   6.163038e-47   1806
  3.208542e+00   2.153732e-45   9.208043e-04   8.034261e-47   1040
  3.212051e+00   1.616293e-45   9.648325e-04   4.601876e-47   1782
  3.215260e+00   1.828611e-45   9.120959e-04   5.994295e-47   1428
  3.219099e+00   1.585613e-45   1.095182e-03   5.631887e-47   1206
  3.222346e+00   1.695466e-45   1.017509e-03   4.952354e-47   1728
  3.225619e+00   1.941675e-45   9.535870e-04   6.484583e-47   1038
  3.229392e+00   1.480802e-45   7.737160e-04   5.545962e-47   1248
  3.232374e+00   1.659852e-45   9.867404e-04   5.259762e-47   1530
  3.235646e+00   1.688201e-45   9.043822e-04   8.388320e-47   656
  3.239303e+00   1.338310e-45   1.013919e-03   3.512082e-47   1662
  3.242391e+00   1.714834e-45   8.393937e-04   5.929760e-47   1008
  3.246465e+00   1.552535e-45   1.114612e-03   6.067299e-47   960
  3.249524e+00   1.258788e-45   9.584513e-04   4.067431e-47   1458
  3.252720e+00   1.588478e-45   9.470398e-04   7.588764e-47   672
  3.256641e+00   1.070301e-45   7.422534e-04   3.377448e-47   1062
  3.259417e+00   1.396595e-45   9.629091e-04   4.817051e-47   1224
  3.262741e+00   1.696092e-45   8.411043e-04   8.650880e-47   374
  3.266486e+00   1.139127e-45   1.011004e-03   3.275124e-47   1512
  3.269516e+00   1.327161e-45   8.472106e-04   5.131363e-47   666
  3.273852e+00   1.106984e-45   1.035820e-03   4.574186e-47   720
  3.276572e+00   1.110626e-45   9.275922e-04   3.522761e-47   1224
  3.279914e+00   1.678165e-45   9.221403e-04   8.946666e-47   390
  3.283914e+00   8.610472e-46   6.856472e-04   3.034718e-47   936
  3.286459e+00   1.258985e-45   9.782860e-04   5.169975e-47   882
  3.290092e+00   1.583807e-45   9.551822e-04   1.126232e-46   216
  3.293625e+00   9.428174e-46   9.484183e-04   2.803025e-47   1286
  3.296619e+00   1.310170e-45   7.922754e-04   7.566749e-47   384
  3.301196e+00   9.334752e-46   9.974032e-04   4.485690e-47   576
  3.303565e+00   9.735874e-46   8.939464e-04   3.237063e-47   930
  3.306956e+00   1.517787e-45   8.781672e-04   1.047787e-46   216
  3.311281e+00   8.325511e-46   7.049195e-04   3.051958e-47   918
  3.313773e+00   1.183355e-45   9.494675e-04   5.211145e-47   480
  3.317151e+00   1.212975e-45   8.000415e-04   1.231627e-46   78
  3.320657e+00   8.685377e-46   8.648004e-04   3.320394e-47   1052
  3.323895e+00   1.231169e-45   1.006959e-03   7.544946e-47   240
  3.328852e+00   7.219932e-46   3.676460e-04   3.644148e-47   438
  3.330545e+00   1.019742e-45   8.506072e-04   5.193353e-47   648
  3.333703e+00   1.268607e-45   7.023041e-04   1.447883e-46   78
  3.338411e+00   7.539508e-46   6.127751e-04   2.885482e-47   780
  3.340778e+00   1.051107e-45   8.550342e-04   6.141297e-47   240
  3.343694e+00   6.818067e-46   0.000000e+00   2.752823e-46   6
  3.347623e+00   8.784672e-46   7.832637e-04   3.642166e-47   824
  3.350467e+00   9.526931e-46   6.055240e-04   1.096604e-46   78
  3.356076e+00   8.392443e-46   3.165921e-04   4.840217e-47   432
  3.357541e+00   8.935495e-46   7.656969e-04   6.936380e-47   348
  3.360330e+00   3.822227e-46   0.000000e+00   8.262044e-47   6
  3.365426e+00   8.206626e-46   5.413225e-04   3.703576e-47   600
  3.367442e+00   8.734158e-46   5.097238e-04   1.102625e-46   78
  3.374544e+00   7.703519e-46   6.700717e-04   4.174145e-47   572
  3.377176e+00   8.444396e-46   0.000000e+00   2.100680e-46   6
  3.383243e+00   7.892692e-46   3.146063e-04   5.291300e-47   384
  3.384459e+00   9.122197e-46   4.676281e-04   1.131797e-46   102
  3.392411e+00   7.784108e-46   4.599741e-04   4.573605e-47   396
  3.394229e+00   5.432517e-46   0.000000e+00   1.703006e-46   6
  3.401391e+00   6.973162e-46   4.161630e-04   4.908209e-47   326
  3.410329e+00   9.227851e-46   2.893928e-04   7.096309e-47   252
  3.411486e+00   6.439458e-46   0.000000e+00   2.006094e-46   6
  3.419333e+00   8.942257e-46   2.633341e-04   7.332404e-47   198
  3.428323e+00   9.737476e-46   2.009286e-04   8.940631e-47   146
  3.437326e+00   8.841196e-46   1.474817e-04   1.119123e-46   102
  3.446340e+00   1.077856e-45   1.024960e-04   1.062655e-46   66
  3.455367e+00   1.167152e-45   6.509513e-05   1.938066e-46   38
  3.464404e+00   2.719332e-46   3.357406e-05   6.242113e-47   18
  3.473449e+00   1.191881e-45   0.000000e+00   1.697358e-46   6
