# power spectrum of pi_k
# redshift z=99.597220
# k              Pk             sigma(k)       sigma(Pk)      count
  1.570796e-02   1.037643e-10   0.000000e+00   4.182560e-11   6
  2.221441e-02   4.717413e-11   0.000000e+00   9.417028e-12   12
  2.720699e-02   2.899643e-11   2.980232e-10   5.900657e-12   8
  3.141593e-02   8.152036e-11   0.000000e+00   8.772182e-12   6
  3.512407e-02   4.928552e-11   5.619580e-10   1.571178e-11   24
  3.847649e-02   6.265336e-11   5.619580e-10   1.055557e-11   24
  4.635387e-02   2.480499e-11   1.217504e-03   4.494420e-12   42
  4.967294e-02   3.004852e-11   0.000000e+00   6.622131e-12   24
  5.209742e-02   2.621451e-11   9.733398e-10   6.498139e-12   24
  5.608040e-02   2.551031e-11   9.621049e-04   2.734256e-12   32
  5.877382e-02   2.213277e-11   0.000000e+00   3.110249e-12   48
  6.283185e-02   2.495061e-11   0.000000e+00   1.097028e-11   6
  6.557030e-02   1.879074e-11   9.291969e-04   1.760656e-12   84
  6.935879e-02   1.971427e-11   8.893614e-04   2.996660e-12   48
  7.254758e-02   1.479856e-11   7.985346e-04   1.505784e-12   72
  7.695299e-02   1.458992e-11   1.123916e-09   2.294986e-12   24
  7.963774e-02   1.003561e-11   7.087081e-04   9.205959e-13   102
  8.367643e-02   1.150575e-11   1.370308e-03   1.166322e-12   104
  8.603606e-02   7.324383e-12   0.000000e+00   1.070802e-12   48
  9.068541e-02   6.377889e-12   9.092824e-04   5.754695e-13   108
  9.343657e-02   8.638973e-12   6.413175e-04   9.014780e-13   78
  9.650974e-02   8.344907e-12   5.553727e-04   7.838017e-13   96
  1.007521e-01   6.371872e-12   7.827476e-04   4.825495e-13   168
  1.046631e-01   6.140649e-12   9.466177e-04   6.409875e-13   120
  1.065366e-01   5.655365e-12   0.000000e+00   8.705866e-13   48
  1.109423e-01   5.461765e-12   9.164765e-04   4.724244e-13   194
  1.147571e-01   4.695558e-12   7.498405e-04   3.740532e-13   192
  1.180701e-01   5.671099e-12   5.224442e-04   4.742847e-13   96
  1.203984e-01   3.780972e-12   4.446482e-04   3.567944e-13   96
  1.233385e-01   3.968094e-12   6.559487e-04   3.226501e-13   174
  1.272878e-01   4.167918e-12   6.453399e-04   2.895081e-13   216
  1.304784e-01   3.331293e-12   6.685951e-04   2.281598e-13   192
  1.345850e-01   3.389581e-12   7.087816e-04   2.344642e-13   204
  1.374813e-01   2.584367e-12   9.706973e-04   1.625778e-13   224
  1.414909e-01   3.304515e-12   5.479655e-04   2.529471e-13   174
  1.446033e-01   2.747727e-12   1.053365e-03   1.569267e-13   288
  1.484650e-01   2.342092e-12   5.185518e-04   1.414349e-13   288
  1.514788e-01   2.067378e-12   1.000184e-03   1.489325e-13   192
  1.554236e-01   2.189186e-12   7.319331e-04   1.309654e-13   252
  1.579196e-01   2.099047e-12   4.361590e-04   1.336045e-13   246
  1.613100e-01   1.844388e-12   8.276231e-04   1.094090e-13   312
  1.643345e-01   1.831521e-12   5.346625e-04   9.549845e-14   248
  1.684860e-01   1.476938e-12   1.131025e-03   7.244748e-14   432
  1.718304e-01   1.790188e-12   9.472090e-04   1.218584e-13   198
  1.751353e-01   1.808268e-12   1.145604e-03   8.316233e-14   456
  1.789950e-01   1.455530e-12   6.685341e-04   8.891961e-14   324
  1.817267e-01   1.394624e-12   7.914724e-04   7.706417e-14   312
  1.851131e-01   1.317526e-12   9.927979e-04   6.787929e-14   408
  1.893262e-01   1.226843e-12   9.168549e-04   6.137384e-14   414
  1.922237e-01   1.059446e-12   7.933788e-04   5.382402e-14   392
  1.951891e-01   1.305323e-12   8.939032e-04   6.571417e-14   408
  1.990919e-01   1.167898e-12   9.488231e-04   5.308533e-14   444
  2.020561e-01   1.113648e-12   7.670392e-04   5.552326e-14   360
  2.058410e-01   1.004743e-12   1.052783e-03   3.822874e-14   678
  2.098438e-01   1.041036e-12   6.748154e-04   5.988398e-14   360
  2.129201e-01   8.916160e-13   1.111301e-03   3.931070e-14   648
  2.158529e-01   8.684732e-13   5.136230e-04   5.666567e-14   288
  2.195886e-01   8.298788e-13   9.568926e-04   3.142999e-14   686
  2.231016e-01   8.237556e-13   7.114303e-04   4.060126e-14   444
  2.262783e-01   7.469821e-13   9.881180e-04   2.927454e-14   696
  2.294381e-01   7.809091e-13   9.387623e-04   3.638532e-14   408
  2.328670e-01   6.660129e-13   9.712657e-04   2.538099e-14   648
  2.364370e-01   7.420070e-13   8.503906e-04   3.218545e-14   582
  2.396199e-01   5.953478e-13   1.064401e-03   2.408543e-14   744
  2.431321e-01   6.755405e-13   1.062590e-03   2.830146e-14   516
  2.463676e-01   6.468836e-13   1.028291e-03   2.687826e-14   728
  2.493547e-01   5.933180e-13   8.519968e-04   2.455508e-14   558
  2.529620e-01   5.045314e-13   8.588943e-04   1.788735e-14   768
  2.568725e-01   5.747395e-13   9.956413e-04   1.821804e-14   960
  2.602888e-01   5.274514e-13   6.965241e-04   2.305919e-14   576
  2.635727e-01   5.499059e-13   1.130592e-03   1.900120e-14   816
  2.671089e-01   4.510250e-13   8.722599e-04   1.591259e-14   666
  2.702138e-01   4.873992e-13   1.022915e-03   1.591641e-14   960
  2.739239e-01   4.573301e-13   1.008817e-03   1.611900e-14   824
  2.775241e-01   4.421145e-13   1.110885e-03   1.421223e-14   936
  2.808394e-01   3.983977e-13   8.261366e-04   1.510142e-14   624
  2.838930e-01   4.226003e-13   9.725641e-04   1.361082e-14   1062
  2.874377e-01   4.133711e-13   1.059457e-03   1.471097e-14   732
  2.905463e-01   3.634690e-13   9.192852e-04   1.134171e-14   1080
  2.942546e-01   3.708166e-13   1.002209e-03   1.257296e-14   936
  2.976082e-01   3.274765e-13   1.082494e-03   1.090435e-14   878
  3.011413e-01   3.204298e-13   1.097016e-03   9.406228e-15   1152
  3.044218e-01   3.130795e-13   8.479143e-04   9.953368e-15   1056
  3.079105e-01   3.289865e-13   1.001477e-03   1.090597e-14   864
  3.110264e-01   3.060786e-13   9.782607e-04   9.455792e-15   1092
  3.147509e-01   3.083830e-13   1.033457e-03   9.142489e-15   1206
  3.182989e-01   2.910932e-13   1.048759e-03   8.243518e-15   1248
  3.215758e-01   2.779098e-13   7.107183e-04   9.665864e-15   864
  3.244931e-01   2.812385e-13   7.379012e-04   8.690698e-15   1152
  3.282964e-01   2.755362e-13   1.098528e-03   7.532122e-15   1382
  3.320084e-01   2.666626e-13   9.790321e-04   7.698053e-15   1188
  3.352589e-01   2.369219e-13   1.037410e-03   6.893130e-15   1248
  3.383281e-01   2.388475e-13   9.840824e-04   7.487741e-15   1152
  3.416961e-01   2.480737e-13   1.080699e-03   6.672733e-15   1320
  3.454323e-01   2.244774e-13   7.162673e-04   6.463667e-15   1206
  3.485323e-01   2.266519e-13   1.040639e-03   5.732795e-15   1560
  3.522149e-01   2.188032e-13   9.687237e-04   5.895642e-15   1280
  3.553656e-01   2.021347e-13   9.753251e-04   5.402097e-15   1308
  3.588126e-01   2.049748e-13   9.788304e-04   4.971006e-15   1512
  3.622462e-01   1.857396e-13   7.986109e-04   5.038644e-15   1350
  3.657845e-01   1.891115e-13   1.055155e-03   4.610877e-15   1608
  3.688093e-01   1.916457e-13   9.074168e-04   5.292667e-15   1320
  3.723318e-01   1.902878e-13   1.093091e-03   4.780126e-15   1656
  3.755028e-01   1.749794e-13   8.593531e-04   4.644269e-15   1254
  3.791706e-01   1.757836e-13   9.807940e-04   3.972110e-15   1932
  3.826277e-01   1.741929e-13   8.807497e-04   4.576279e-15   1640
  3.860340e-01   1.617889e-13   9.142769e-04   4.069883e-15   1488
  3.892465e-01   1.591153e-13   8.838091e-04   4.077624e-15   1560
  3.929003e-01   1.502672e-13   1.061554e-03   3.559865e-15   2046
  3.962918e-01   1.470739e-13   9.522112e-04   3.838590e-15   1512
  3.995770e-01   1.501468e-13   9.476029e-04   3.449962e-15   1764
  4.028533e-01   1.397273e-13   9.447944e-04   3.248021e-15   1776
  4.062341e-01   1.409677e-13   1.135757e-03   3.361982e-15   1704
  4.098613e-01   1.322797e-13   1.112243e-03   2.803092e-15   2126
  4.131278e-01   1.281094e-13   7.726530e-04   2.992264e-15   1632
  4.164062e-01   1.280848e-13   1.029302e-03   2.709971e-15   2064
  4.197114e-01   1.322102e-13   8.486884e-04   3.137602e-15   1680
  4.233078e-01   1.216516e-13   9.519603e-04   2.715949e-15   2154
  4.266550e-01   1.205468e-13   9.636572e-04   2.634221e-15   2016
  4.302596e-01   1.143773e-13   1.057936e-03   2.287820e-15   2304
  4.335625e-01   1.194903e-13   8.422558e-04   2.983388e-15   1680
  4.369940e-01   1.135208e-13   9.757286e-04   2.424737e-15   2432
  4.404338e-01   1.060118e-13   9.614444e-04   2.417465e-15   1902
  4.438479e-01   1.032352e-13   9.886846e-04   2.059701e-15   2292
  4.468928e-01   9.942240e-14   7.831116e-04   2.275187e-15   1992
  4.505057e-01   9.810554e-14   1.003841e-03   1.880111e-15   2568
  4.539799e-01   9.729057e-14   8.764344e-04   2.240135e-15   1806
  4.574906e-01   9.865485e-14   1.078056e-03   1.907621e-15   3000
  4.610452e-01   9.648694e-14   9.809961e-04   2.140368e-15   2016
  4.640126e-01   9.674090e-14   9.156925e-04   2.072925e-15   2168
  4.673956e-01   9.305059e-14   9.350459e-04   1.939449e-15   2412
  4.709322e-01   8.592458e-14   1.022794e-03   1.708432e-15   2550
  4.743353e-01   8.883293e-14   1.015444e-03   1.720003e-15   2592
  4.778871e-01   8.328033e-14   9.354682e-04   1.728150e-15   2496
  4.812642e-01   8.058724e-14   1.034855e-03   1.569431e-15   2688
  4.846328e-01   7.895524e-14   8.939911e-04   1.567895e-15   2424
  4.881831e-01   7.656327e-14   8.203417e-04   1.495198e-15   2634
  4.913828e-01   7.676277e-14   9.840370e-04   1.490537e-15   2552
  4.945705e-01   7.574163e-14   1.032361e-03   1.443206e-15   2832
  4.981085e-01   7.173111e-14   9.803825e-04   1.414273e-15   2424
  5.015971e-01   6.947403e-14   1.087506e-03   1.179477e-15   3198
  5.048631e-01   7.055150e-14   8.681062e-04   1.364750e-15   2400
  5.083252e-01   7.222524e-14   9.985776e-04   1.257577e-15   3336
  5.119027e-01   6.514684e-14   8.404887e-04   1.368293e-15   2508
  5.150462e-01   6.681590e-14   1.013004e-03   1.243902e-15   3104
  5.187218e-01   6.501144e-14   1.019172e-03   1.170710e-15   2934
  5.220343e-01   6.303059e-14   9.369744e-04   1.157094e-15   3120
  5.256263e-01   5.997898e-14   1.045384e-03   1.002361e-15   3288
  5.289357e-01   6.147331e-14   8.800568e-04   1.146682e-15   2808
  5.323338e-01   5.642210e-14   1.104468e-03   1.041100e-15   2988
  5.357545e-01   5.657142e-14   1.011140e-03   1.002442e-15   3486
  5.390675e-01   5.918567e-14   9.571221e-04   1.162193e-15   3000
  5.422664e-01   5.739991e-14   8.325653e-04   1.017619e-15   3024
  5.458504e-01   5.446046e-14   9.168226e-04   9.117571e-16   3584
  5.494456e-01   5.521671e-14   9.821560e-04   9.324482e-16   3486
  5.527991e-01   5.260879e-14   8.845337e-04   9.355576e-16   3120
  5.560782e-01   5.281972e-14   8.734506e-04   8.814016e-16   3396
  5.593885e-01   4.942537e-14   9.978964e-04   8.503914e-16   3552
  5.629224e-01   4.934086e-14   9.603534e-04   8.121809e-16   3384
  5.664153e-01   4.879386e-14   9.777364e-04   8.141111e-16   3726
  5.697413e-01   4.819135e-14   9.475502e-04   8.724346e-16   3344
  5.729010e-01   4.895114e-14   9.736455e-04   7.988915e-16   3744
  5.765144e-01   4.594088e-14   9.477817e-04   7.746660e-16   3540
  5.799021e-01   4.512992e-14   1.006149e-03   6.996334e-16   3822
  5.834565e-01   4.380618e-14   9.878124e-04   6.518763e-16   4056
  5.866916e-01   4.329429e-14   9.078164e-04   7.210078e-16   3288
  5.900838e-01   4.132596e-14   1.048596e-03   6.659931e-16   4056
  5.934141e-01   4.186550e-14   9.605270e-04   6.673246e-16   3984
  5.970600e-01   4.223641e-14   8.831345e-04   7.064914e-16   3662
  6.001481e-01   4.042754e-14   9.636098e-04   6.815691e-16   3828
  6.036318e-01   3.986435e-14   1.089370e-03   5.498473e-16   4632
  6.071049e-01   3.930146e-14   8.410059e-04   6.636469e-16   3600
  6.105769e-01   3.727058e-14   9.985737e-04   5.839085e-16   4320
  6.138621e-01   3.641782e-14   7.834444e-04   5.707280e-16   3918
  6.171787e-01   3.733157e-14   9.014176e-04   5.823181e-16   4200
  6.205131e-01   3.744228e-14   1.022920e-03   5.869569e-16   4188
  6.239700e-01   3.523584e-14   1.038929e-03   5.196821e-16   4360
  6.274803e-01   3.455799e-14   1.038850e-03   5.161865e-16   4582
  6.308743e-01   3.519215e-14   9.234335e-04   5.685296e-16   4128
  6.343253e-01   3.395468e-14   9.920101e-04   5.036090e-16   4752
  6.375752e-01   3.477534e-14   9.131947e-04   5.309320e-16   4176
  6.411096e-01   3.153430e-14   1.050053e-03   4.560302e-16   4848
  6.446482e-01   3.218800e-14   9.123418e-04   4.981419e-16   4338
  6.479820e-01   3.214349e-14   9.957341e-04   4.550304e-16   5160
  6.512782e-01   3.142937e-14   8.072490e-04   5.011933e-16   4008
  6.548541e-01   3.026878e-14   1.067151e-03   4.244768e-16   5360
  6.581452e-01   3.017945e-14   9.926354e-04   4.531520e-16   4110
  6.615688e-01   2.980831e-14   1.063460e-03   4.052366e-16   5424
  6.648330e-01   2.830439e-14   9.093259e-04   4.538272e-16   4140
  6.682670e-01   2.892337e-14   1.015985e-03   3.787692e-16   5664
  6.717913e-01   2.846523e-14   8.830334e-04   4.110783e-16   4632
  6.751475e-01   2.750378e-14   9.313969e-04   3.966264e-16   4902
  6.784717e-01   2.807617e-14   9.953030e-04   3.950575e-16   5072
  6.818744e-01   2.781061e-14   9.385334e-04   3.772763e-16   5472
  6.852422e-01   2.666038e-14   9.538134e-04   3.843757e-16   4704
  6.886975e-01   2.684479e-14   1.047734e-03   3.669888e-16   5436
  6.922157e-01   2.579184e-14   9.975801e-04   3.347747e-16   5646
  6.954149e-01   2.592816e-14   8.926250e-04   3.800420e-16   4512
  6.988202e-01   2.474448e-14   1.140100e-03   3.166209e-16   6120
  7.023308e-01   2.488941e-14   8.820433e-04   3.478821e-16   5112
  7.057067e-01   2.487621e-14   1.042362e-03   3.278452e-16   5606
  7.091042e-01   2.371046e-14   9.714200e-04   3.303328e-16   5328
  7.124930e-01   2.307595e-14   9.787204e-04   3.065364e-16   5964
  7.158971e-01   2.289223e-14   9.940447e-04   3.163329e-16   5448
  7.193484e-01   2.202451e-14   1.017941e-03   2.865501e-16   5904
  7.228752e-01   2.189877e-14   1.000362e-03   2.899880e-16   5598
  7.261287e-01   2.184989e-14   9.386933e-04   2.841208e-16   5952
  7.294916e-01   2.147292e-14   1.026954e-03   2.924019e-16   5688
  7.328942e-01   2.146321e-14   9.846955e-04   2.806848e-16   5876
  7.362274e-01   2.126199e-14   9.604209e-04   2.836910e-16   5784
  7.396880e-01   1.998876e-14   9.580629e-04   2.447318e-16   6462
  7.431585e-01   2.085338e-14   1.033342e-03   2.802346e-16   5688
  7.463730e-01   2.029157e-14   9.533939e-04   2.605182e-16   6408
  7.498476e-01   1.923510e-14   9.842501e-04   2.432370e-16   6000
  7.533888e-01   1.945246e-14   1.059159e-03   2.378392e-16   6582
  7.568883e-01   1.914158e-14   1.008047e-03   2.406994e-16   6564
  7.601644e-01   1.872846e-14   8.888373e-04   2.400817e-16   6048
  7.635621e-01   1.810832e-14   1.018608e-03   2.283195e-16   6512
  7.671229e-01   1.849838e-14   1.012583e-03   2.266861e-16   6816
  7.705313e-01   1.853285e-14   8.855598e-04   2.407758e-16   6222
  7.737298e-01   1.796228e-14   9.227087e-04   2.290728e-16   6432
  7.771462e-01   1.760091e-14   9.712111e-04   2.102700e-16   6804
  7.805425e-01   1.757765e-14   9.154579e-04   2.236460e-16   6432
  7.838667e-01   1.704224e-14   1.076466e-03   2.073576e-16   6846
  7.872436e-01   1.688435e-14   9.829553e-04   2.085476e-16   6424
  7.904718e-01   1.626486e-14   8.822090e-04   2.001807e-16   6952
  7.940184e-01   1.649845e-14   1.063073e-03   1.897733e-16   7560
  7.975016e-01   1.617580e-14   9.134936e-04   1.987405e-16   6648
  8.010940e-01   1.593581e-14   1.003794e-03   1.885499e-16   7578
  8.042561e-01   1.565488e-14   9.063446e-04   1.914345e-16   6552
  8.076731e-01   1.514405e-14   9.979139e-04   1.796678e-16   7536
  8.111567e-01   1.500310e-14   9.132376e-04   1.748090e-16   7272
  8.145479e-01   1.515361e-14   9.728104e-04   1.837572e-16   6936
  8.178031e-01   1.451407e-14   9.977143e-04   1.648484e-16   7430
  8.213250e-01   1.448267e-14   1.045033e-03   1.635012e-16   7644
  8.245935e-01   1.405378e-14   9.307740e-04   1.674600e-16   7248
  8.281463e-01   1.406837e-14   1.064794e-03   1.550715e-16   8232
  8.316185e-01   1.386473e-14   9.710105e-04   1.648055e-16   7038
  8.349567e-01   1.379866e-14   9.438683e-04   1.568573e-16   7824
  8.382335e-01   1.336829e-14   9.942267e-04   1.501810e-16   7752
  8.416157e-01   1.289578e-14   1.003152e-03   1.497478e-16   7480
  8.451302e-01   1.321898e-14   1.011833e-03   1.444481e-16   8404
  8.485444e-01   1.329433e-14   9.399091e-04   1.480552e-16   7614
  8.518207e-01   1.293469e-14   9.844427e-04   1.473604e-16   7776
  8.551174e-01   1.289033e-14   9.392352e-04   1.470179e-16   7944
  8.585635e-01   1.263583e-14   9.766291e-04   1.393707e-16   8424
  8.619639e-01   1.213890e-14   9.583464e-04   1.401468e-16   7872
  8.654765e-01   1.197574e-14   9.630186e-04   1.286446e-16   8658
  8.688452e-01   1.215194e-14   9.611694e-04   1.354231e-16   8352
  8.723129e-01   1.194636e-14   9.655449e-04   1.310085e-16   8648
  8.755912e-01   1.210623e-14   9.149173e-04   1.352925e-16   7680
  8.790367e-01   1.151708e-14   9.531068e-04   1.226162e-16   8646
  8.822382e-01   1.167235e-14   9.234329e-04   1.243210e-16   8448
  8.857769e-01   1.167535e-14   9.812644e-04   1.248046e-16   9120
  8.891913e-01   1.082742e-14   9.588814e-04   1.187074e-16   8316
  8.926442e-01   1.120013e-14   1.034938e-03   1.144120e-16   9504
  8.961124e-01   1.108799e-14   9.411707e-04   1.221499e-16   8358
  8.995737e-01   1.059254e-14   9.948383e-04   1.102521e-16   9584
  9.029179e-01   1.047961e-14   9.519874e-04   1.124828e-16   8616
  9.063714e-01   1.077392e-14   1.036501e-03   1.103708e-16   9432
  9.098983e-01   1.053336e-14   1.054421e-03   1.112686e-16   9018
  9.130995e-01   1.018880e-14   8.925739e-04   1.085142e-16   8568
  9.164447e-01   9.891356e-15   9.935089e-04   9.703825e-17   9816
  9.199052e-01   1.021462e-14   9.405935e-04   1.086239e-16   9000
  9.233247e-01   1.001743e-14   9.837551e-04   1.049475e-16   9504
  9.267306e-01   9.630710e-15   1.006398e-03   9.827490e-17   9446
  9.300802e-01   9.754745e-15   9.624225e-04   9.725705e-17   9696
  9.335244e-01   9.517293e-15   8.956216e-04   9.779700e-17   9180
  9.369074e-01   9.267429e-15   1.035278e-03   9.120516e-17   10512
  9.403628e-01   9.564892e-15   9.787470e-04   1.018195e-16   9048
  9.437812e-01   8.948545e-15   9.387702e-04   8.932451e-17   10014
  9.469467e-01   8.936842e-15   9.162358e-04   9.576232e-17   9096
  9.503901e-01   8.835420e-15   1.048815e-03   8.341006e-17   11088
  9.540508e-01   9.066271e-15   1.020389e-03   9.015503e-17   9860
  9.574037e-01   8.548011e-15   9.672113e-04   8.645880e-17   10110
  9.607663e-01   8.711049e-15   1.006739e-03   8.850085e-17   10104
  9.641489e-01   8.572546e-15   9.545583e-04   8.361055e-17   10392
  9.675729e-01   8.377350e-15   9.880976e-04   8.049310e-17   10104
  9.710628e-01   8.429745e-15   1.022530e-03   7.787589e-17   11352
  9.746180e-01   8.081439e-15   9.364871e-04   8.122007e-17   10014
  9.777749e-01   8.147510e-15   8.644241e-04   8.299779e-17   9636
  9.811143e-01   7.934469e-15   1.024502e-03   7.350676e-17   11552
  9.846389e-01   7.798333e-15   9.519720e-04   7.628014e-17   10488
  9.880418e-01   7.975787e-15   9.942196e-04   7.981111e-17   10254
  9.913535e-01   7.569848e-15   9.360901e-04   7.086699e-17   11304
  9.947947e-01   7.705891e-15   9.500453e-04   7.470920e-17   10872
  9.982198e-01   7.510852e-15   1.018789e-03   7.192033e-17   10932
  1.001538e+00   7.392953e-15   9.191792e-04   7.261751e-17   10848
  1.004968e+00   7.383801e-15   9.613098e-04   6.979969e-17   10998
  1.008371e+00   7.268428e-15   1.010151e-03   6.646424e-17   11720
  1.011785e+00   7.301130e-15   9.293623e-04   6.992582e-17   10776
  1.015145e+00   7.122900e-15   1.016690e-03   6.506549e-17   12072
  1.018627e+00   6.892915e-15   9.322439e-04   6.623233e-17   10704
  1.021966e+00   6.963610e-15   9.563293e-04   6.478796e-17   11730
  1.025452e+00   6.881392e-15   9.932906e-04   6.289336e-17   12144
  1.028814e+00   6.713514e-15   9.411395e-04   6.243888e-17   11568
  1.032333e+00   6.645219e-15   1.018099e-03   6.109896e-17   11552
  1.035496e+00   6.629633e-15   9.188638e-04   6.257230e-17   10926
  1.038938e+00   6.692734e-15   1.040698e-03   5.743676e-17   13032
  1.042312e+00   6.679820e-15   8.505148e-04   6.475532e-17   10776
  1.045727e+00   6.455867e-15   1.046983e-03   5.594437e-17   13116
  1.049219e+00   6.350680e-15   9.853293e-04   5.848611e-17   12288
  1.052658e+00   6.106614e-15   9.056138e-04   5.760044e-17   11262
  1.055879e+00   6.220098e-15   9.783290e-04   5.577285e-17   12672
  1.059343e+00   6.181232e-15   9.592412e-04   5.399723e-17   12624
  1.062777e+00   6.044453e-15   9.623576e-04   5.396309e-17   12392
  1.066184e+00   6.023307e-15   9.864834e-04   5.546001e-17   12060
  1.069636e+00   5.990629e-15   1.040331e-03   5.197102e-17   13662
  1.072946e+00   5.864990e-15   8.984272e-04   5.435007e-17   11592
  1.076393e+00   5.769441e-15   1.067653e-03   4.980556e-17   13776
  1.079833e+00   5.859236e-15   9.079546e-04   5.315853e-17   12240
  1.083287e+00   5.591687e-15   1.046073e-03   4.793303e-17   13662
  1.086532e+00   5.629059e-15   8.990309e-04   5.142275e-17   11520
  1.090035e+00   5.596656e-15   1.036209e-03   4.515102e-17   15044
  1.093490e+00   5.568874e-15   9.313428e-04   4.968794e-17   12384
  1.096882e+00   5.338408e-15   9.804345e-04   4.769310e-17   13176
  1.100202e+00   5.270993e-15   8.879465e-04   4.625628e-17   12798
  1.103628e+00   5.423453e-15   1.008480e-03   4.625226e-17   14376
  1.106957e+00   5.224607e-15   9.586156e-04   4.667028e-17   12528
  1.110377e+00   5.234276e-15   1.006656e-03   4.458577e-17   14100
  1.113686e+00   5.268736e-15   9.133782e-04   4.927837e-17   12630
  1.117102e+00   5.050752e-15   9.919328e-04   4.217991e-17   14624
  1.120482e+00   5.144127e-15   9.894156e-04   4.448287e-17   13272
  1.123923e+00   5.050293e-15   1.008580e-03   4.157092e-17   14664
  1.127428e+00   4.875682e-15   1.031064e-03   3.990854e-17   14328
  1.130809e+00   4.870449e-15   9.574326e-04   4.204021e-17   13086
  1.134236e+00   4.799924e-15   1.030026e-03   3.877927e-17   15612
  1.137653e+00   4.884257e-15   8.878573e-04   4.239065e-17   13416
  1.140971e+00   4.752982e-15   1.044367e-03   3.996153e-17   14360
  1.144380e+00   4.731229e-15   9.770905e-04   3.956340e-17   14064
  1.147853e+00   4.665424e-15   1.005516e-03   3.747594e-17   15750
  1.151277e+00   4.544066e-15   9.498220e-04   3.905962e-17   13680
  1.154655e+00   4.607869e-15   1.034040e-03   3.690380e-17   15468
  1.158090e+00   4.457491e-15   9.964048e-04   3.754833e-17   14352
  1.161422e+00   4.452829e-15   9.831061e-04   3.653595e-17   14454
  1.164771e+00   4.495049e-15   1.009534e-03   3.662315e-17   15048
  1.168219e+00   4.229266e-15   9.356739e-04   3.437485e-17   15360
  1.171622e+00   4.377407e-15   1.028303e-03   3.509694e-17   15224
  1.175043e+00   4.279340e-15   9.737025e-04   3.442187e-17   15096
  1.178436e+00   4.321291e-15   9.513142e-04   3.563577e-17   14514
  1.181744e+00   4.297771e-15   9.972118e-04   3.389167e-17   16416
  1.185216e+00   4.150962e-15   9.813109e-04   3.353376e-17   15216
  1.188760e+00   4.198056e-15   9.875256e-04   3.293726e-17   16440
  1.192145e+00   4.127862e-15   9.934307e-04   3.401254e-17   14904
  1.195382e+00   4.052804e-15   9.331760e-04   3.259517e-17   15134
  1.198830e+00   4.059982e-15   1.044008e-03   3.164281e-17   16644
  1.202273e+00   3.935121e-15   9.801415e-04   3.163590e-17   16128
  1.205649e+00   3.997433e-15   9.739380e-04   3.194430e-17   15384
  1.208976e+00   3.889014e-15   9.574053e-04   3.101876e-17   15462
  1.212384e+00   3.920242e-15   1.022817e-03   2.952486e-17   17304
  1.215857e+00   3.833940e-15   9.644898e-04   3.017719e-17   16176
  1.219267e+00   3.835412e-15   1.020273e-03   2.944880e-17   16824
  1.222757e+00   3.652396e-15   9.384566e-04   2.887527e-17   15980
  1.226044e+00   3.778760e-15   9.341167e-04   2.964121e-17   16326
  1.229359e+00   3.638623e-15   9.971528e-04   2.830378e-17   16488
  1.232793e+00   3.613587e-15   9.674257e-04   2.782099e-17   16944
  1.236242e+00   3.634675e-15   1.018099e-03   2.749427e-17   17256
  1.239567e+00   3.512950e-15   9.442015e-04   2.776821e-17   15966
  1.243019e+00   3.555981e-15   1.002557e-03   2.697897e-17   17628
  1.246398e+00   3.445574e-15   9.523046e-04   2.648839e-17   17280
  1.249813e+00   3.426973e-15   1.048272e-03   2.602717e-17   17056
  1.253179e+00   3.410671e-15   9.884505e-04   2.605525e-17   17296
  1.256693e+00   3.348667e-15   9.682006e-04   2.521842e-17   17526
  1.260009e+00   3.359940e-15   9.743928e-04   2.516966e-17   17592
  1.263462e+00   3.356689e-15   1.013641e-03   2.532164e-17   17880
  1.266826e+00   3.303651e-15   9.399981e-04   2.543183e-17   17028
  1.270153e+00   3.318488e-15   9.558687e-04   2.511657e-17   17376
  1.273537e+00   3.310643e-15   9.489771e-04   2.419199e-17   18414
  1.277033e+00   3.194209e-15   9.732250e-04   2.355133e-17   17840
  1.280422e+00   3.168023e-15   1.021714e-03   2.321174e-17   18960
  1.283800e+00   3.145387e-15   9.491477e-04   2.406854e-17   16992
  1.287191e+00   3.137236e-15   1.045598e-03   2.325030e-17   18378
  1.290511e+00   3.171479e-15   9.309987e-04   2.428300e-17   18192
  1.293964e+00   3.056143e-15   9.939797e-04   2.197865e-17   19320
  1.297392e+00   3.040810e-15   9.640812e-04   2.267614e-17   17856
  1.300808e+00   2.934744e-15   9.952112e-04   2.160057e-17   19128
  1.304168e+00   2.972148e-15   9.205139e-04   2.196475e-17   18246
  1.307589e+00   2.952783e-15   9.567778e-04   2.108026e-17   19184
  1.310975e+00   2.877554e-15   9.792411e-04   2.082577e-17   18900
  1.314454e+00   2.879859e-15   1.021314e-03   2.046713e-17   19776
  1.317772e+00   2.886456e-15   9.370417e-04   2.202147e-17   17814
  1.321221e+00   2.848362e-15   1.019691e-03   2.010651e-17   19944
  1.324582e+00   2.871473e-15   1.005872e-03   2.037237e-17   19536
  1.328059e+00   2.797765e-15   9.953972e-04   1.959123e-17   20112
  1.331434e+00   2.722367e-15   9.251142e-04   2.055562e-17   18116
  1.334798e+00   2.724405e-15   9.644510e-04   1.884857e-17   19878
  1.338104e+00   2.702089e-15   9.747533e-04   1.880697e-17   19800
  1.341597e+00   2.720662e-15   9.746917e-04   1.910717e-17   20136
  1.345077e+00   2.632300e-15   1.025284e-03   1.847523e-17   20808
  1.348466e+00   2.630799e-15   9.288316e-04   1.908006e-17   19152
  1.351874e+00   2.579845e-15   9.810813e-04   1.817206e-17   20526
  1.355317e+00   2.578221e-15   1.009394e-03   1.827150e-17   20532
  1.358658e+00   2.610352e-15   1.003080e-03   1.847194e-17   20120
  1.361967e+00   2.531554e-15   9.347410e-04   1.835145e-17   19512
  1.365426e+00   2.506676e-15   1.015429e-03   1.747746e-17   21246
  1.368810e+00   2.533966e-15   9.234922e-04   1.809003e-17   20112
  1.372239e+00   2.486468e-15   1.028308e-03   1.664030e-17   22104
  1.375656e+00   2.423376e-15   1.009051e-03   1.727005e-17   19620
  1.379051e+00   2.419979e-15   1.002997e-03   1.642883e-17   21912
  1.382450e+00   2.429779e-15   9.358667e-04   1.719522e-17   20070
  1.385835e+00   2.398483e-15   1.019290e-03   1.637263e-17   22064
  1.389281e+00   2.364867e-15   9.677197e-04   1.623737e-17   21048
  1.392624e+00   2.384805e-15   9.464641e-04   1.644779e-17   21168
  1.396022e+00   2.368068e-15   1.023526e-03   1.623465e-17   21384
  1.399510e+00   2.273272e-15   9.261037e-04   1.523035e-17   22146
  1.402917e+00   2.347408e-15   9.907340e-04   1.571334e-17   22200
  1.406352e+00   2.227634e-15   9.384676e-04   1.516153e-17   21648
  1.409715e+00   2.204260e-15   1.004739e-03   1.511518e-17   21144
  1.413042e+00   2.192815e-15   9.557029e-04   1.478338e-17   21710
  1.416464e+00   2.195578e-15   1.015437e-03   1.432060e-17   23112
  1.419994e+00   2.185504e-15   1.013025e-03   1.439103e-17   23064
  1.423397e+00   2.180460e-15   9.375385e-04   1.483215e-17   21252
  1.426667e+00   2.150496e-15   9.398251e-04   1.420539e-17   22128
  1.430079e+00   2.142625e-15   9.741612e-04   1.417161e-17   22446
  1.433489e+00   2.064572e-15   9.547049e-04   1.383767e-17   22848
  1.436865e+00   2.102017e-15   9.559285e-04   1.380459e-17   23208
  1.440318e+00   2.095752e-15   9.839042e-04   1.393397e-17   22536
  1.443716e+00   2.065698e-15   9.977885e-04   1.369536e-17   22586
  1.447106e+00   2.060306e-15   1.017372e-03   1.347932e-17   24096
  1.450516e+00   2.036013e-15   9.545662e-04   1.349561e-17   22440
  1.453882e+00   2.052501e-15   1.040231e-03   1.341923e-17   23400
  1.457251e+00   1.991093e-15   9.449552e-04   1.313760e-17   23232
  1.460730e+00   1.990309e-15   9.950400e-04   1.286305e-17   23886
  1.464083e+00   1.947465e-15   9.568206e-04   1.298984e-17   23376
  1.467479e+00   1.954453e-15   9.653968e-04   1.276756e-17   23540
  1.470837e+00   1.920022e-15   9.576052e-04   1.234714e-17   24240
  1.474322e+00   1.920571e-15   1.007568e-03   1.240482e-17   23952
  1.477751e+00   1.899948e-15   9.425996e-04   1.235095e-17   24006
  1.481188e+00   1.871888e-15   1.057459e-03   1.162066e-17   25560
  1.484513e+00   1.871916e-15   9.375935e-04   1.254446e-17   22728
  1.487845e+00   1.855060e-15   9.449672e-04   1.198394e-17   23556
  1.491222e+00   1.832168e-15   9.861154e-04   1.179344e-17   25398
  1.494647e+00   1.850888e-15   9.661087e-04   1.180545e-17   24088
  1.498058e+00   1.821246e-15   1.005693e-03   1.129151e-17   25696
  1.501476e+00   1.810061e-15   9.445009e-04   1.177307e-17   24144
  1.504866e+00   1.740131e-15   1.009435e-03   1.105135e-17   25560
  1.508279e+00   1.756847e-15   9.311536e-04   1.146604e-17   24246
  1.511702e+00   1.773392e-15   9.886422e-04   1.100736e-17   26292
  1.515117e+00   1.738148e-15   9.750958e-04   1.098671e-17   25200
  1.518516e+00   1.723544e-15   1.015518e-03   1.082617e-17   25296
  1.521840e+00   1.703021e-15   9.273872e-04   1.096145e-17   24192
  1.525374e+00   1.681886e-15   1.024084e-03   9.934192e-18   28646
  1.528819e+00   1.675833e-15   9.416682e-04   1.074765e-17   24552
  1.532197e+00   1.664991e-15   9.871622e-04   1.049955e-17   25788
  1.535497e+00   1.659450e-15   9.319875e-04   1.059470e-17   25272
  1.538910e+00   1.611173e-15   1.008561e-03   1.009011e-17   26118
  1.542254e+00   1.614889e-15   9.872169e-04   1.003416e-17   26016
  1.545754e+00   1.601109e-15   9.973691e-04   9.661685e-18   27792
  1.549107e+00   1.597162e-15   9.782537e-04   1.017184e-17   25072
  1.552489e+00   1.578547e-15   1.013302e-03   9.633531e-18   26824
  1.555876e+00   1.572260e-15   9.251742e-04   9.812141e-18   26106
  1.559322e+00   1.543931e-15   1.018165e-03   9.202740e-18   28296
  1.562736e+00   1.550970e-15   9.795929e-04   9.517162e-18   26640
  1.566139e+00   1.516564e-15   9.326427e-04   9.374578e-18   26064
  1.569509e+00   1.527731e-15   1.023197e-03   9.042208e-18   27822
  1.572858e+00   1.523406e-15   9.509197e-04   9.584727e-18   26160
  1.576250e+00   1.505240e-15   1.045692e-03   9.003434e-18   28108
  1.579675e+00   1.505464e-15   9.994315e-04   9.101015e-18   27664
  1.583072e+00   1.490917e-15   9.941707e-04   8.861017e-18   27600
  1.586528e+00   1.453783e-15   9.963156e-04   8.718914e-18   27510
  1.589938e+00   1.455363e-15   9.859005e-04   8.626388e-18   28848
  1.593332e+00   1.427814e-15   9.762803e-04   8.582120e-18   27744
  1.596742e+00   1.433953e-15   9.511846e-04   8.488063e-18   27888
  1.600131e+00   1.432174e-15   9.670142e-04   8.732959e-18   27780
  1.603528e+00   1.420515e-15   9.742031e-04   8.411284e-18   28734
  1.606889e+00   1.404634e-15   1.005991e-03   8.403035e-18   28232
  1.610329e+00   1.393563e-15   1.000286e-03   8.154802e-18   29016
  1.613693e+00   1.385338e-15   9.883033e-04   8.167442e-18   28056
  1.617078e+00   1.391075e-15   9.591200e-04   8.244018e-18   28710
  1.620494e+00   1.358113e-15   1.013131e-03   7.917911e-18   29220
  1.624041e+00   1.330199e-15   1.036386e-03   7.584792e-18   31584
  1.627400e+00   1.322110e-15   9.553743e-04   8.037815e-18   26904
  1.630674e+00   1.328726e-15   9.285874e-04   7.883670e-18   28512
  1.634161e+00   1.308352e-15   1.000248e-03   7.439983e-18   30878
  1.637619e+00   1.305693e-15   1.004557e-03   7.435386e-18   30408
  1.641002e+00   1.305437e-15   9.703596e-04   7.623687e-18   28632
  1.644329e+00   1.284205e-15   9.338123e-04   7.475322e-18   28764
  1.647688e+00   1.279535e-15   1.038911e-03   7.325472e-18   30630
  1.651141e+00   1.256746e-15   9.619060e-04   7.296176e-18   30240
  1.654600e+00   1.264199e-15   9.855083e-04   7.212512e-18   31008
  1.657971e+00   1.247117e-15   9.439236e-04   7.324232e-18   29240
  1.661283e+00   1.232082e-15   9.632944e-04   7.212767e-18   30000
  1.664737e+00   1.225660e-15   1.019644e-03   6.970654e-18   30978
  1.668138e+00   1.200993e-15   9.612856e-04   6.863946e-18   30696
  1.671525e+00   1.213428e-15   1.007582e-03   6.905390e-18   31320
  1.674870e+00   1.181368e-15   9.416567e-04   6.905245e-18   29280
  1.678263e+00   1.187772e-15   1.006944e-03   6.757873e-18   31488
  1.681653e+00   1.172619e-15   9.453471e-04   6.610825e-18   31326
  1.685080e+00   1.165836e-15   1.015014e-03   6.611230e-18   31480
  1.688539e+00   1.174213e-15   9.846423e-04   6.534453e-18   32572
  1.691988e+00   1.151899e-15   9.852371e-04   6.478712e-18   31296
  1.695337e+00   1.148904e-15   9.580987e-04   6.576374e-18   30798
  1.698756e+00   1.145704e-15   1.019947e-03   6.407989e-18   32256
  1.702112e+00   1.128198e-15   9.851718e-04   6.269245e-18   32088
  1.705471e+00   1.124322e-15   9.749849e-04   6.409810e-18   30936
  1.708872e+00   1.120838e-15   1.013665e-03   6.201956e-18   33036
  1.712340e+00   1.091847e-15   9.814605e-04   6.160652e-18   31846
  1.715716e+00   1.089759e-15   1.000452e-03   5.912833e-18   33832
  1.719107e+00   1.084513e-15   9.267229e-04   6.187522e-18   30912
  1.722470e+00   1.073398e-15   9.718409e-04   5.957579e-18   32976
  1.725849e+00   1.067733e-15   9.589091e-04   5.883527e-18   32712
  1.729299e+00   1.048446e-15   9.694589e-04   5.693624e-18   33438
  1.732697e+00   1.065169e-15   9.759808e-04   5.815586e-18   32556
  1.736008e+00   1.044799e-15   9.673595e-04   5.746932e-18   33144
  1.739423e+00   1.048017e-15   9.568897e-04   5.764896e-18   33504
  1.742928e+00   1.028909e-15   9.907617e-04   5.628914e-18   33542
  1.746251e+00   1.027702e-15   9.761088e-04   5.571062e-18   33768
  1.749697e+00   1.013227e-15   9.890657e-04   5.416972e-18   34368
  1.753059e+00   1.017897e-15   9.398519e-04   5.619062e-18   32856
  1.756491e+00   1.007047e-15   9.718883e-04   5.368775e-18   34524
  1.759859e+00   1.001258e-15   9.230442e-04   5.502443e-18   33510
  1.763319e+00   9.882202e-16   1.033008e-03   5.208283e-18   35856
  1.766738e+00   9.819712e-16   9.789033e-04   5.394795e-18   33888
  1.770094e+00   9.748367e-16   9.592478e-04   5.345363e-18   33752
  1.773444e+00   9.667993e-16   1.008735e-03   5.132510e-18   34902
  1.776965e+00   9.573486e-16   9.868343e-04   5.089767e-18   35484
  1.780394e+00   9.586261e-16   1.015830e-03   5.015896e-18   36648
  1.783785e+00   9.336526e-16   9.394377e-04   5.145108e-18   33000
  1.787135e+00   9.418839e-16   1.015728e-03   4.972021e-18   35520
  1.790596e+00   9.331208e-16   9.921111e-04   4.889347e-18   36078
  1.793965e+00   9.287593e-16   9.711127e-04   4.963838e-18   34992
  1.797329e+00   9.231065e-16   9.608864e-04   4.933076e-18   35072
  1.800764e+00   9.166692e-16   1.007567e-03   4.774989e-18   36876
  1.804084e+00   9.072796e-16   9.316889e-04   5.039010e-18   33216
  1.807491e+00   8.910287e-16   1.032331e-03   4.547651e-18   38382
  1.810984e+00   8.845675e-16   9.682750e-04   4.660848e-18   36072
  1.814418e+00   8.838171e-16   9.696935e-04   4.581052e-18   37464
  1.817773e+00   8.822610e-16   9.320563e-04   4.790897e-18   34416
  1.821192e+00   8.853807e-16   1.021416e-03   4.539936e-18   37386
  1.824585e+00   8.751313e-16   9.752191e-04   4.550551e-18   37040
  1.827967e+00   8.673893e-16   9.494317e-04   4.502418e-18   36240
  1.831325e+00   8.593496e-16   1.012861e-03   4.516342e-18   36432
  1.834733e+00   8.457504e-16   9.562728e-04   4.369192e-18   37560
  1.838152e+00   8.417330e-16   9.909694e-04   4.393793e-18   37350
  1.841634e+00   8.299347e-16   1.013075e-03   4.222230e-18   38616
  1.845012e+00   8.238811e-16   9.549061e-04   4.315152e-18   37092
  1.848409e+00   8.261955e-16   9.182933e-04   4.315851e-18   37272
  1.851799e+00   8.025816e-16   1.011002e-03   4.101900e-18   37616
  1.855230e+00   8.090850e-16   9.791045e-04   4.097682e-18   38478
  1.858608e+00   8.092788e-16   9.948864e-04   4.167172e-18   37992
  1.861981e+00   8.067344e-16   9.755720e-04   4.105890e-18   38232
  1.865360e+00   7.947333e-16   9.561314e-04   4.115794e-18   36708
  1.868749e+00   7.866615e-16   1.000812e-03   3.988181e-18   39534
  1.872173e+00   7.920859e-16   1.002785e-03   4.008369e-18   39336
  1.875572e+00   7.790753e-16   9.646922e-04   3.973474e-18   37624
  1.878977e+00   7.685789e-16   9.870851e-04   3.822178e-18   40408
  1.882408e+00   7.634294e-16   9.441395e-04   3.923556e-18   38256
  1.885822e+00   7.593491e-16   9.645504e-04   3.802560e-18   39438
  1.889268e+00   7.513169e-16   9.952977e-04   3.756072e-18   40524
  1.892622e+00   7.564913e-16   9.396870e-04   3.841204e-18   38448
  1.896001e+00   7.472935e-16   9.889896e-04   3.740210e-18   39312
  1.899370e+00   7.432871e-16   9.454305e-04   3.810653e-18   38718
  1.902752e+00   7.321986e-16   1.008786e-03   3.673391e-18   40872
  1.906153e+00   7.290021e-16   9.579164e-04   3.674587e-18   40088
  1.909607e+00   7.241796e-16   1.021028e-03   3.644833e-18   40644
  1.913014e+00   7.158313e-16   9.580841e-04   3.586201e-18   40176
  1.916440e+00   7.096550e-16   1.015811e-03   3.518544e-18   40998
  1.919781e+00   7.178789e-16   9.315444e-04   3.652771e-18   39192
  1.923177e+00   7.105762e-16   9.835940e-04   3.513214e-18   41640
  1.926591e+00   7.036848e-16   9.865853e-04   3.482968e-18   41400
  1.929954e+00   6.978030e-16   9.710201e-04   3.583388e-18   38640
  1.933373e+00   6.946168e-16   9.964131e-04   3.334150e-18   43658
  1.936792e+00   6.829421e-16   9.582756e-04   3.392058e-18   40608
  1.940176e+00   6.862352e-16   9.782447e-04   3.351585e-18   41880
  1.943631e+00   6.860701e-16   9.669901e-04   3.404421e-18   41712
  1.947085e+00   6.792033e-16   1.009457e-03   3.266532e-18   42942
  1.950463e+00   6.725794e-16   9.589570e-04   3.320966e-18   40896
  1.953853e+00   6.672045e-16   9.879975e-04   3.255393e-18   42708
  1.957213e+00   6.745325e-16   9.351117e-04   3.347189e-18   40968
  1.960629e+00   6.575435e-16   1.015965e-03   3.162149e-18   43496
  1.964036e+00   6.515597e-16   9.725754e-04   3.174263e-18   41454
  1.967447e+00   6.439283e-16   1.004526e-03   3.057579e-18   43704
  1.970751e+00   6.381515e-16   9.256831e-04   3.091502e-18   41208
  1.974178e+00   6.369171e-16   1.015706e-03   3.054929e-18   43944
  1.977639e+00   6.374564e-16   9.801018e-04   3.133215e-18   43218
  1.981069e+00   6.243915e-16   9.835304e-04   2.985272e-18   44136
  1.984421e+00   6.254325e-16   9.689214e-04   3.032034e-18   42304
  1.987802e+00   6.254571e-16   9.842599e-04   2.988487e-18   43096
  1.991130e+00   6.241254e-16   9.631295e-04   2.983332e-18   43464
  1.994604e+00   3.288742e-16   1.004342e-03   2.552951e-18   44382
  1.998002e+00   5.779934e-33   1.003266e-03   3.289212e-34   44316
  2.001426e+00   2.136284e-33   9.893154e-04   7.683217e-35   44592
  2.004809e+00   1.220331e-33   9.680892e-04   3.524861e-35   44328
  2.008236e+00   9.438179e-34   9.523162e-04   2.469988e-35   43560
  2.011631e+00   7.769275e-33   9.817514e-04   8.801638e-34   44763
  2.015012e+00   1.738444e-33   9.843293e-04   8.464006e-35   44216
  2.018416e+00   1.177777e-33   1.002968e-03   4.629322e-35   45144
  2.021845e+00   7.623169e-34   9.533111e-04   2.112495e-35   42876
  2.025221e+00   6.175918e-34   1.039094e-03   1.373941e-35   46164
  2.028603e+00   5.399420e-34   9.538972e-04   1.079229e-35   42360
  2.032052e+00   5.342758e-34   1.004468e-03   1.022718e-35   45324
  2.035424e+00   4.369641e-34   9.995889e-04   7.809807e-36   43320
  2.038817e+00   4.194156e-34   1.007297e-03   7.252117e-36   44580
  2.042292e+00   3.765039e-34   1.006134e-03   5.908569e-36   44468
  2.045700e+00   3.581923e-34   9.571103e-04   5.019331e-36   43416
  2.049007e+00   3.408238e-34   9.503154e-04   4.822750e-36   42264
  2.052427e+00   3.195997e-34   9.982480e-04   4.313418e-36   44580
  2.055855e+00   3.133277e-34   1.013336e-03   4.096205e-36   43824
  2.059268e+00   2.768671e-34   9.523479e-04   3.329512e-36   43392
  2.062640e+00   2.801589e-34   9.709336e-04   3.545124e-36   43296
  2.066077e+00   2.658434e-34   9.345634e-04   3.073148e-36   42656
  2.069429e+00   2.483455e-34   9.980838e-04   2.868341e-36   43728
  2.072869e+00   2.393041e-34   1.006399e-03   2.482547e-36   43536
  2.076268e+00   2.384507e-34   1.001616e-03   2.773282e-36   42180
  2.079670e+00   2.213291e-34   9.698728e-04   2.318369e-36   44136
  2.083087e+00   2.168501e-34   9.773400e-04   2.297584e-36   42372
  2.086460e+00   2.132681e-34   9.552676e-04   2.190951e-36   41604
  2.089832e+00   2.057275e-34   1.006521e-03   2.052820e-36   43440
  2.093239e+00   1.957195e-34   1.007289e-03   1.882385e-36   42488
  2.096600e+00   1.960106e-34   9.671663e-04   1.886144e-36   41496
  2.100046e+00   1.854863e-34   1.009561e-03   1.695074e-36   44112
  2.103476e+00   1.809981e-34   9.627245e-04   1.703480e-36   41688
  2.106847e+00   1.791960e-34   1.002887e-03   1.704207e-36   42276
  2.110231e+00   1.726269e-34   9.673004e-04   1.604445e-36   41172
  2.113637e+00   1.654267e-34   1.014189e-03   1.421216e-36   43536
  2.117060e+00   1.623758e-34   9.440682e-04   1.419070e-36   41496
  2.120446e+00   1.572555e-34   1.001696e-03   1.413126e-36   40764
  2.123824e+00   1.577924e-34   9.829124e-04   1.409527e-36   43220
  2.127251e+00   1.514433e-34   9.741948e-04   1.302724e-36   41076
  2.130650e+00   1.477613e-34   9.736862e-04   1.222423e-36   41532
  2.134066e+00   1.436504e-34   9.913433e-04   1.253813e-36   41928
  2.137452e+00   1.437072e-34   9.489903e-04   1.233148e-36   41412
  2.140836e+00   1.373809e-34   9.876425e-04   1.184290e-36   40032
  2.144200e+00   1.371321e-34   9.795004e-04   1.107839e-36   41880
  2.147583e+00   1.311440e-34   9.747362e-04   1.072526e-36   40264
  2.151008e+00   1.317167e-34   9.980952e-04   1.034540e-36   42592
  2.154444e+00   1.272223e-34   9.574599e-04   1.063155e-36   39588
  2.157836e+00   1.247593e-34   9.899106e-04   9.960012e-37   42180
  2.161205e+00   1.223623e-34   9.550806e-04   9.916431e-37   39240
  2.164591e+00   1.207452e-34   1.002498e-03   9.674228e-37   40920
  2.168021e+00   1.168494e-34   9.895186e-04   9.024867e-37   41184
  2.171435e+00   1.155393e-34   9.802064e-04   8.803573e-37   40872
  2.174814e+00   1.139103e-34   9.323587e-04   9.160823e-37   38748
  2.178230e+00   1.118270e-34   9.923713e-04   8.552769e-37   41420
  2.181596e+00   1.091767e-34   9.733624e-04   8.514684e-37   39816
  2.185019e+00   1.098516e-34   9.758566e-04   8.572895e-37   39792
  2.188398e+00   1.046014e-34   9.322510e-04   8.418417e-37   39816
  2.191853e+00   1.013998e-34   1.007568e-03   7.530224e-37   41064
  2.195255e+00   1.016037e-34   9.665765e-04   7.635629e-37   39204
  2.198703e+00   9.801424e-35   1.019970e-03   7.156480e-37   40080
  2.202014e+00   9.985453e-35   9.424963e-04   7.680979e-37   38332
  2.205420e+00   9.679159e-35   9.836872e-04   7.283646e-37   39952
  2.208814e+00   9.629510e-35   9.826829e-04   7.218242e-37   39000
  2.212292e+00   9.249755e-35   1.009126e-03   6.751787e-37   40356
  2.215686e+00   9.174309e-35   9.900841e-04   6.822146e-37   39300
  2.219073e+00   8.823485e-35   9.768590e-04   6.748807e-37   37452
  2.222434e+00   8.895504e-35   9.686015e-04   6.533992e-37   39732
  2.225893e+00   8.511216e-35   9.735156e-04   6.304672e-37   39312
  2.229261e+00   8.603519e-35   9.899780e-04   6.438707e-37   37632
  2.232646e+00   8.527011e-35   9.733727e-04   6.424511e-37   38420
  2.236046e+00   8.471889e-35   1.005997e-03   6.384241e-37   39564
  2.239457e+00   8.321556e-35   9.680250e-04   6.355493e-37   37236
  2.242822e+00   8.009704e-35   9.786551e-04   6.043883e-37   38100
  2.246202e+00   7.711997e-35   9.621843e-04   5.490361e-37   38208
  2.249650e+00   7.824383e-35   1.001343e-03   5.581517e-37   39072
  2.253028e+00   7.568700e-35   9.255374e-04   5.632895e-37   36192
  2.256433e+00   7.531221e-35   1.000569e-03   5.412882e-37   38928
  2.259875e+00   7.457704e-35   9.940952e-04   5.394242e-37   38768
  2.263364e+00   7.345117e-35   9.767718e-04   5.407999e-37   37596
  2.266775e+00   7.201895e-35   9.724364e-04   5.358540e-37   37296
  2.270122e+00   6.969826e-35   9.733477e-04   5.133607e-37   36948
  2.273485e+00   6.922396e-35   9.983394e-04   4.969654e-37   37248
  2.276967e+00   6.931231e-35   9.858991e-04   5.082468e-37   37152
  2.280308e+00   6.562288e-35   9.842197e-04   4.687283e-37   37512
  2.283721e+00   6.644505e-35   9.421972e-04   5.025309e-37   35876
  2.287109e+00   6.763539e-35   1.004095e-03   5.153420e-37   36936
  2.290550e+00   6.519620e-35   1.000342e-03   4.713102e-37   38028
  2.293967e+00   6.317860e-35   9.518210e-04   4.815843e-37   35592
  2.297304e+00   6.254752e-35   9.445855e-04   4.511485e-37   35508
  2.300680e+00   6.006425e-35   9.795177e-04   4.331393e-37   36492
  2.304133e+00   6.035229e-35   1.010473e-03   4.077254e-37   37608
  2.307551e+00   5.901651e-35   9.970499e-04   4.375564e-37   34848
  2.310869e+00   5.823262e-35   9.351021e-04   4.300666e-37   35220
  2.314285e+00   5.776214e-35   9.755168e-04   4.207750e-37   36884
  2.317699e+00   5.675726e-35   9.681382e-04   4.197363e-37   35412
  2.321162e+00   5.471440e-35   1.002430e-03   4.017539e-37   35652
  2.324531e+00   5.509386e-35   1.002197e-03   4.048284e-37   36072
  2.327908e+00   5.326358e-35   9.658515e-04   3.856722e-37   34368
  2.331324e+00   5.414927e-35   9.783685e-04   3.845544e-37   35484
  2.334741e+00   5.170695e-35   9.684744e-04   3.709878e-37   35256
  2.338088e+00   5.256737e-35   1.008122e-03   3.948962e-37   34476
  2.341506e+00   5.062338e-35   9.890537e-04   3.787346e-37   34916
  2.344896e+00   5.041449e-35   9.753182e-04   3.737606e-37   34596
  2.348289e+00   4.853685e-35   9.540538e-04   3.557510e-37   34656
  2.351696e+00   4.859047e-35   9.882911e-04   3.628550e-37   34596
  2.355125e+00   4.914690e-35   9.587525e-04   3.682171e-37   33984
  2.358476e+00   4.622171e-35   9.788210e-04   3.296168e-37   34080
  2.361852e+00   4.585638e-35   9.830509e-04   3.370103e-37   34140
  2.365304e+00   4.477437e-35   1.015340e-03   3.328172e-37   33804
  2.368719e+00   4.398932e-35   9.759441e-04   3.188515e-37   35096
  2.372155e+00   4.431836e-35   9.675675e-04   3.347510e-37   33108
  2.375492e+00   4.396805e-35   9.625095e-04   3.341454e-37   32280
  2.378878e+00   4.201752e-35   9.798228e-04   3.085851e-37   34404
  2.382324e+00   4.271667e-35   9.998368e-04   3.138197e-37   34248
  2.385781e+00   4.139468e-35   9.368618e-04   3.071285e-37   32016
  2.389171e+00   4.059778e-35   9.889111e-04   2.967208e-37   34344
  2.392588e+00   3.997210e-35   9.508792e-04   3.046473e-37   32024
  2.395887e+00   3.954633e-35   9.856404e-04   3.061445e-37   31908
  2.399315e+00   3.858431e-35   9.877149e-04   2.882545e-37   33192
  2.402753e+00   3.772866e-35   1.023393e-03   2.941929e-37   33288
  2.406122e+00   3.805234e-35   9.318436e-04   3.024164e-37   31356
  2.409537e+00   3.747303e-35   1.008572e-03   2.853143e-37   32496
  2.412934e+00   3.620353e-35   9.586275e-04   2.817044e-37   31944
  2.416251e+00   3.451002e-35   9.843477e-04   2.628746e-37   31512
  2.419642e+00   3.504022e-35   9.554269e-04   2.646904e-37   31156
  2.423118e+00   3.432876e-35   1.006701e-03   2.556792e-37   33352
  2.426525e+00   3.352629e-35   9.764504e-04   2.639189e-37   31344
  2.429966e+00   3.311069e-35   1.011019e-03   2.647001e-37   31068
  2.433353e+00   3.339243e-35   9.971418e-04   2.543570e-37   31752
  2.436684e+00   3.258900e-35   9.204472e-04   2.658298e-37   29868
  2.440099e+00   3.149907e-35   1.011444e-03   2.501633e-37   32052
  2.443539e+00   3.042757e-35   9.596990e-04   2.496549e-37   30012
  2.446898e+00   3.051681e-35   1.006915e-03   2.351536e-37   31520
  2.450354e+00   2.936421e-35   9.844685e-04   2.398338e-37   30648
  2.453706e+00   2.952799e-35   9.710870e-04   2.441479e-37   29304
  2.457112e+00   2.939917e-35   9.628022e-04   2.307382e-37   31140
  2.460584e+00   2.824554e-35   1.025697e-03   2.300134e-37   31320
  2.463992e+00   2.790762e-35   9.680019e-04   2.349734e-37   28356
  2.467346e+00   2.657727e-35   9.894595e-04   2.103650e-37   30288
  2.470691e+00   2.657837e-35   9.833600e-04   2.123302e-37   29472
  2.474056e+00   2.632029e-35   9.720749e-04   2.242781e-37   28716
  2.477529e+00   2.512677e-35   9.646939e-04   2.003878e-37   30740
  2.480961e+00   2.571130e-35   9.839130e-04   2.079811e-37   29304
  2.484327e+00   2.485111e-35   9.799311e-04   2.109011e-37   28476
  2.487752e+00   2.340568e-35   9.925668e-04   1.956688e-37   29304
  2.491155e+00   2.424880e-35   9.914075e-04   2.070455e-37   29280
  2.494601e+00   2.315052e-35   9.888067e-04   1.939996e-37   29100
  2.498031e+00   2.273504e-35   9.693726e-04   1.995306e-37   27816
  2.501330e+00   2.241246e-35   9.737231e-04   1.826697e-37   27692
  2.504737e+00   2.176780e-35   1.012495e-03   1.829357e-37   29724
  2.508211e+00   2.151636e-35   9.651031e-04   1.857383e-37   27240
  2.511571e+00   2.120624e-35   9.380122e-04   1.807810e-37   27588
  2.514934e+00   2.028097e-35   9.761300e-04   1.714973e-37   28560
  2.518371e+00   1.995952e-35   9.886158e-04   1.763191e-37   26952
  2.521774e+00   1.979046e-35   9.897907e-04   1.691403e-37   27516
  2.525163e+00   1.954150e-35   1.000219e-03   1.670398e-37   28344
  2.528599e+00   1.914514e-35   9.851718e-04   1.662137e-37   26196
  2.531920e+00   1.824533e-35   9.634803e-04   1.616388e-37   26360
  2.535324e+00   1.826762e-35   9.960409e-04   1.565161e-37   28152
  2.538760e+00   1.773290e-35   9.632402e-04   1.641038e-37   25896
  2.542127e+00   1.653521e-35   9.862139e-04   1.494731e-37   26592
  2.545539e+00   1.692282e-35   9.442321e-04   1.531957e-37   26568
  2.548976e+00   1.653486e-35   9.991750e-04   1.453511e-37   26832
  2.552322e+00   1.624738e-35   9.474214e-04   1.534694e-37   24972
  2.555791e+00   1.582896e-35   9.989695e-04   1.378644e-37   27000
  2.559168e+00   1.530570e-35   9.577813e-04   1.384966e-37   25448
  2.562535e+00   1.469062e-35   9.902443e-04   1.391057e-37   25476
  2.565992e+00   1.460681e-35   9.706909e-04   1.407678e-37   25152
  2.569333e+00   1.417304e-35   9.951122e-04   1.283982e-37   25968
  2.572775e+00   1.391278e-35   9.906648e-04   1.322911e-37   25320
  2.576210e+00   1.336847e-35   9.358363e-04   1.280383e-37   23796
  2.579496e+00   1.325230e-35   9.822477e-04   1.213791e-37   25500
  2.582914e+00   1.312833e-35   9.788363e-04   1.278842e-37   24420
  2.586378e+00   1.228235e-35   1.013161e-03   1.193086e-37   24656
  2.589722e+00   1.198727e-35   9.599232e-04   1.157497e-37   24036
  2.593114e+00   1.179080e-35   9.927315e-04   1.135501e-37   24528
  2.596483e+00   1.143451e-35   9.590289e-04   1.154226e-37   23004
  2.599888e+00   1.153951e-35   9.848565e-04   1.158230e-37   24576
  2.603308e+00   1.096347e-35   9.407132e-04   1.086979e-37   23736
  2.606725e+00   1.053752e-35   9.994817e-04   1.093476e-37   23712
  2.610164e+00   1.037884e-35   9.704406e-04   1.058059e-37   22992
  2.613550e+00   9.563768e-36   9.637349e-04   9.551871e-38   23984
  2.616935e+00   9.786639e-36   9.626269e-04   1.043932e-37   22344
  2.620337e+00   9.367642e-36   9.768169e-04   1.012976e-37   22536
  2.623720e+00   8.794256e-36   9.667935e-04   9.007279e-38   23268
  2.627096e+00   9.054963e-36   9.929071e-04   9.776209e-38   22152
  2.630500e+00   8.397785e-36   9.804448e-04   9.148691e-38   22068
  2.633988e+00   8.133938e-36   1.006815e-03   8.563942e-38   23664
  2.637353e+00   7.884235e-36   9.350088e-04   8.753040e-38   20640
  2.640713e+00   7.402178e-36   9.923052e-04   8.293741e-38   22376
  2.644179e+00   7.324826e-36   9.759242e-04   8.415451e-38   21444
  2.647520e+00   7.263997e-36   1.011260e-03   8.105138e-38   21576
  2.650919e+00   6.747298e-36   1.002590e-03   7.804521e-38   21660
  2.654412e+00   6.534259e-36   1.013805e-03   7.777258e-38   20916
  2.657789e+00   6.205359e-36   9.944119e-04   7.248253e-38   21504
  2.661144e+00   6.075743e-36   9.476635e-04   7.272808e-38   20508
  2.664583e+00   5.819452e-36   1.012559e-03   7.196931e-38   20036
  2.667961e+00   5.759677e-36   9.799347e-04   6.732132e-38   21276
  2.671380e+00   5.341765e-36   9.701273e-04   6.328824e-38   20652
  2.674793e+00   5.078659e-36   9.654062e-04   6.455426e-38   18696
  2.678197e+00   4.965640e-36   1.010458e-03   5.801797e-38   21504
  2.681608e+00   4.673366e-36   9.449905e-04   5.872226e-38   19284
  2.685012e+00   4.436468e-36   1.019116e-03   5.787064e-38   19356
  2.688395e+00   4.215883e-36   9.630933e-04   5.705782e-38   19236
  2.691747e+00   4.199188e-36   9.819342e-04   5.399679e-38   19476
  2.695170e+00   3.764066e-36   1.021783e-03   5.096072e-38   19184
  2.698647e+00   3.565894e-36   9.898888e-04   4.763859e-38   18852
  2.702034e+00   3.560353e-36   9.582506e-04   4.786486e-38   18876
  2.705357e+00   3.315917e-36   9.961544e-04   4.652825e-38   18336
  2.708799e+00   3.016727e-36   9.995508e-04   4.440453e-38   17820
  2.712259e+00   3.147450e-36   1.008841e-03   4.454250e-38   19392
  2.715616e+00   2.822725e-36   9.989261e-04   4.210030e-38   17616
  2.718949e+00   2.509753e-36   9.403994e-04   4.064922e-38   16320
  2.722413e+00   2.536531e-36   1.018465e-03   3.664989e-38   19292
  2.725776e+00   2.346194e-36   9.756316e-04   3.574862e-38   17112
  2.729283e+00   2.142334e-36   9.888233e-04   3.543099e-38   17388
  2.732704e+00   1.961685e-36   9.257555e-04   3.194131e-38   16692
  2.735930e+00   1.899439e-36   9.792720e-04   3.048341e-38   16956
  2.739452e+00   1.594225e-36   9.876901e-04   2.705352e-38   17040
  2.742894e+00   1.574100e-36   9.773330e-04   2.641304e-38   16092
  2.746164e+00   1.525543e-36   9.706985e-04   2.660936e-38   16380
  2.749642e+00   1.290332e-36   9.977628e-04   2.197967e-38   16688
  2.753053e+00   1.109258e-36   9.980974e-04   2.081653e-38   14940
  2.756401e+00   1.143218e-36   1.003592e-03   2.050061e-38   16668
  2.759872e+00   1.002036e-36   9.800161e-04   1.999888e-38   15804
  2.763238e+00   8.771751e-37   9.732068e-04   1.809501e-38   14280
  2.766639e+00   8.295858e-37   9.580540e-04   1.506813e-38   16068
  2.770034e+00   7.164955e-37   9.764201e-04   1.525629e-38   15048
  2.773410e+00   6.804133e-37   9.951146e-04   1.548479e-38   13940
  2.776793e+00   5.305856e-37   9.510677e-04   1.137942e-38   15072
  2.780185e+00   4.854805e-37   1.013899e-03   1.084970e-38   14808
  2.783543e+00   4.069438e-37   9.414253e-04   1.022437e-38   13200
  2.786996e+00   3.422082e-37   9.972653e-04   8.071962e-39   15156
  2.790453e+00   2.991108e-37   9.725079e-04   7.675646e-39   13788
  2.793844e+00   2.388674e-37   9.584580e-04   6.823327e-39   13608
  2.797233e+00   1.762547e-37   9.137161e-04   5.366564e-39   13224
  2.800612e+00   1.731267e-37   9.851237e-04   4.666360e-39   13320
  2.803972e+00   1.226510e-37   9.713652e-04   4.506373e-39   13220
  2.807429e+00   8.091580e-38   9.817789e-04   2.877883e-39   12984
  2.810903e+00   7.002907e-38   9.937490e-04   2.495679e-39   12780
  2.814182e+00   4.851105e-38   9.405135e-04   2.327901e-39   12360
  2.817641e+00   2.377894e-38   9.894990e-04   1.138269e-39   12480
  2.821091e+00   1.710611e-38   9.611149e-04   9.578551e-40   11892
  2.824384e+00   1.035747e-38   9.964972e-04   6.321874e-40   12192
  2.827831e+00   4.161856e-39   9.769214e-04   2.530974e-40   11328
  2.831260e+00   5.602472e-40   1.035957e-03   4.082743e-41   12020
  2.834610e+00   3.484286e-41   9.524676e-04   5.490922e-43   11052
  2.838092e+00   3.492608e-41   1.011816e-03   5.642948e-43   11304
  2.841356e+00   3.344578e-41   9.310152e-04   5.725243e-43   10368
  2.844694e+00   4.012395e-41   9.688111e-04   2.288539e-42   10899
  2.848216e+00   3.562547e-41   9.712629e-04   6.251112e-43   10752
  2.851560e+00   3.496297e-41   9.748745e-04   5.834118e-43   10446
  2.855007e+00   3.314349e-41   9.594983e-04   5.335142e-43   10092
  2.858423e+00   3.454708e-41   9.722089e-04   5.455920e-43   10220
  2.861722e+00   3.595275e-41   9.522226e-04   6.268966e-43   9636
  2.865233e+00   3.512490e-41   9.795968e-04   6.179352e-43   10020
  2.868677e+00   3.326851e-41   1.017742e-03   5.350242e-43   9906
  2.872011e+00   3.575202e-41   9.440243e-04   5.835616e-43   8940
  2.875468e+00   3.269854e-41   9.573450e-04   5.308373e-43   9558
  2.878844e+00   3.523880e-41   1.042557e-03   6.049397e-43   9180
  2.882185e+00   3.726116e-41   9.980883e-04   6.724441e-43   8674
  2.885679e+00   3.337779e-41   9.921159e-04   5.447778e-43   9454
  2.889055e+00   3.481852e-41   1.019679e-03   5.828131e-43   8316
  2.892409e+00   3.782593e-41   1.005575e-03   7.223437e-43   8622
  2.895912e+00   3.444211e-41   9.984805e-04   5.933439e-43   9006
  2.899261e+00   3.622479e-41   1.006426e-03   6.657540e-43   7698
  2.902617e+00   3.825234e-41   9.656669e-04   7.317596e-43   8406
  2.906123e+00   3.614654e-41   1.030423e-03   6.059282e-43   8646
  2.909458e+00   3.638103e-41   9.790969e-04   6.522337e-43   7014
  2.912801e+00   3.703951e-41   9.732754e-04   6.143684e-43   8510
  2.916355e+00   3.682981e-41   1.025772e-03   6.536228e-43   7890
  2.919690e+00   3.489235e-41   9.840041e-04   6.996663e-43   6966
  2.922978e+00   3.806982e-41   9.405721e-04   7.244823e-43   7902
  2.926483e+00   3.539912e-41   1.025831e-03   6.686686e-43   7278
  2.929893e+00   3.787666e-41   1.007738e-03   7.121150e-43   7338
  2.933248e+00   3.670121e-41   9.333698e-04   7.495225e-43   7254
  2.936686e+00   3.577629e-41   1.005241e-03   6.764456e-43   6678
  2.940020e+00   3.773386e-41   1.004294e-03   7.322130e-43   7286
  2.943557e+00   3.746113e-41   9.935741e-04   6.871345e-43   7200
  2.947070e+00   3.875520e-41   9.643759e-04   8.256451e-43   6234
  2.950183e+00   3.747052e-41   9.665943e-04   8.713049e-43   6630
  2.953710e+00   3.900940e-41   9.967120e-04   8.226879e-43   6822
  2.957208e+00   3.670703e-41   9.389826e-04   6.706185e-43   6078
  2.960394e+00   3.594600e-41   9.982063e-04   7.098497e-43   6528
  2.963920e+00   3.959236e-41   9.540002e-04   8.960517e-43   6034
  2.967295e+00   3.625737e-41   9.769421e-04   6.811980e-43   6190
  2.970648e+00   3.928991e-41   1.003693e-03   8.207559e-43   6270
  2.974190e+00   4.062097e-41   9.026267e-04   9.689308e-43   5520
  2.977431e+00   3.586372e-41   1.010599e-03   6.405419e-43   6126
  2.980823e+00   3.909755e-41   9.449916e-04   8.777257e-43   5562
  2.984382e+00   4.014480e-41   9.449251e-04   9.271111e-43   5790
  2.987609e+00   4.038983e-41   9.674247e-04   1.053803e-42   5496
  2.991029e+00   3.892646e-41   9.744149e-04   8.021334e-43   5262
  2.994510e+00   3.803395e-41   9.596787e-04   7.228613e-43   5774
  2.997839e+00   4.195836e-41   9.507037e-04   9.225742e-43   5124
  3.001346e+00   4.176951e-41   9.536598e-04   9.383766e-43   5070
  3.004645e+00   4.276787e-41   9.927132e-04   1.155719e-42   5430
  3.008016e+00   4.027518e-41   9.272914e-04   9.797626e-43   4680
  3.011587e+00   3.940319e-41   9.603639e-04   8.753307e-43   5370
  3.014869e+00   4.057131e-41   9.175102e-04   9.705660e-43   4638
  3.018210e+00   4.134307e-41   9.645033e-04   1.116868e-42   4536
  3.021696e+00   3.756913e-41   9.657981e-04   8.659718e-43   5222
  3.025044e+00   4.274292e-41   8.862693e-04   1.123517e-42   4254
  3.028475e+00   4.037410e-41   9.769455e-04   8.545592e-43   4548
  3.031790e+00   3.890590e-41   9.474352e-04   9.923267e-43   4638
  3.035175e+00   4.073860e-41   9.353877e-04   1.019022e-42   4176
  3.038687e+00   4.125048e-41   9.386274e-04   9.622703e-43   4518
  3.042021e+00   4.090971e-41   9.457109e-04   9.216753e-43   4278
  3.045343e+00   4.452905e-41   9.150178e-04   1.128220e-42   3732
  3.048746e+00   4.094346e-41   9.666582e-04   9.020767e-43   4502
  3.052175e+00   4.112455e-41   9.396687e-04   9.578793e-43   3984
  3.055637e+00   4.242161e-41   9.734809e-04   1.222129e-42   3726
  3.058859e+00   4.053272e-41   9.383075e-04   9.756261e-43   4014
  3.062253e+00   4.523254e-41   9.839881e-04   1.184819e-42   3756
  3.065874e+00   4.107447e-41   9.875702e-04   1.117345e-42   3894
  3.069162e+00   4.204304e-41   9.663769e-04   1.116496e-42   3744
  3.072480e+00   4.578468e-41   9.823894e-04   1.449493e-42   3174
  3.075941e+00   3.950264e-41   1.005522e-03   8.593421e-43   3968
  3.079369e+00   4.589521e-41   1.013997e-03   1.347549e-42   3522
  3.082951e+00   4.420999e-41   1.041435e-03   1.240582e-42   3198
  3.086200e+00   4.250539e-41   1.020090e-03   1.184695e-42   3648
  3.089591e+00   4.103817e-41   1.036958e-03   1.214500e-42   3054
  3.093164e+00   4.445811e-41   9.752705e-04   1.091275e-42   3312
  3.096416e+00   4.617876e-41   1.030232e-03   1.332630e-42   3354
  3.099859e+00   4.782809e-41   1.018756e-03   1.785180e-42   2624
  3.103228e+00   4.546858e-41   9.938936e-04   1.188226e-42   3462
  3.106655e+00   4.459069e-41   1.036730e-03   1.322789e-42   2976
  3.110270e+00   4.644132e-41   9.814041e-04   1.442857e-42   2670
  3.113407e+00   4.759509e-41   1.021601e-03   1.442768e-42   3186
  3.116767e+00   4.743206e-41   9.543614e-04   1.802614e-42   2376
  3.120346e+00   4.746791e-41   1.006058e-03   1.362434e-42   3102
  3.123650e+00   4.985938e-41   9.847799e-04   1.612071e-42   2688
  3.127086e+00   4.691419e-41   1.027393e-03   1.479959e-42   2286
  3.130454e+00   4.528903e-41   9.909871e-04   1.213230e-42   3020
  3.133859e+00   4.468850e-41   9.439116e-04   1.551392e-42   2310
  3.137474e+00   4.981004e-41   1.043166e-03   1.686578e-42   2544
  3.140695e+00   4.820648e-41   9.725494e-04   1.587231e-42   2526
  3.144064e+00   4.484160e-41   9.987847e-04   1.382927e-42   2112
  3.147593e+00   5.012161e-41   9.598648e-04   1.653568e-42   2538
  3.150931e+00   4.409895e-41   9.985896e-04   1.329803e-42   2304
  3.154328e+00   4.827292e-41   9.852879e-04   1.577700e-42   1902
  3.157623e+00   4.959638e-41   9.412660e-04   1.811919e-42   2408
  3.161035e+00   4.781602e-41   9.929091e-04   1.675342e-42   2094
  3.164668e+00   5.011968e-41   1.011639e-03   1.756163e-42   2028
  3.167856e+00   4.593488e-41   9.595772e-04   1.814875e-42   2094
  3.171241e+00   5.244532e-41   1.046849e-03   1.939128e-42   1920
  3.174835e+00   5.803813e-41   8.826100e-04   3.287822e-42   1926
  3.178123e+00   4.634688e-41   1.030221e-03   1.969141e-42   2088
  3.181468e+00   5.230605e-41   9.037369e-04   2.335663e-42   1434
  3.184829e+00   4.604100e-41   9.555433e-04   1.729145e-42   2048
  3.188160e+00   5.205766e-41   9.527742e-04   1.953493e-42   1758
  3.191826e+00   5.576266e-41   1.051156e-03   2.736097e-42   1584
  3.195185e+00   4.852985e-41   1.041430e-03   1.856160e-42   1998
  3.198586e+00   5.750259e-41   9.485689e-04   2.602185e-42   1428
  3.202148e+00   4.943632e-41   7.939925e-04   1.828406e-42   1488
  3.205259e+00   5.002303e-41   1.011466e-03   1.829450e-42   1806
  3.208542e+00   5.775514e-41   9.208043e-04   3.045592e-42   1040
  3.212051e+00   4.590080e-41   9.648325e-04   1.995060e-42   1782
  3.215260e+00   6.209964e-41   9.120959e-04   2.883563e-42   1428
  3.219099e+00   5.081549e-41   1.095182e-03   2.429120e-42   1206
  3.222346e+00   4.953786e-41   1.017509e-03   1.884690e-42   1728
  3.225619e+00   6.331559e-41   9.535870e-04   3.557963e-42   1038
  3.229392e+00   4.667413e-41   7.737160e-04   2.240307e-42   1248
  3.232374e+00   5.386810e-41   9.867404e-04   1.905628e-42   1530
  3.235646e+00   7.769653e-41   9.043822e-04   6.599894e-42   656
  3.239303e+00   4.701727e-41   1.013919e-03   1.819512e-42   1662
  3.242391e+00   6.742949e-41   8.393937e-04   3.474017e-42   1008
  3.246465e+00   5.766199e-41   1.114612e-03   3.227034e-42   960
  3.249524e+00   5.540224e-41   9.584513e-04   2.440825e-42   1458
  3.252720e+00   6.396732e-41   9.470398e-04   4.561259e-42   672
  3.256641e+00   4.407286e-41   7.422534e-04   1.901122e-42   1062
  3.259417e+00   6.461759e-41   9.629091e-04   2.975135e-42   1224
  3.262741e+00   7.596958e-41   8.411043e-04   5.710065e-42   374
  3.266486e+00   4.727247e-41   1.011004e-03   1.771052e-42   1512
  3.269516e+00   7.777245e-41   8.472106e-04   5.465012e-42   666
  3.273852e+00   5.124429e-41   1.035820e-03   2.732036e-42   720
  3.276572e+00   6.076352e-41   9.275922e-04   2.526683e-42   1224
  3.279914e+00   7.296053e-41   9.221403e-04   4.826058e-42   390
  3.283914e+00   4.563732e-41   6.856472e-04   2.267694e-42   936
  3.286459e+00   6.957725e-41   9.782860e-04   3.177367e-42   882
  3.290092e+00   7.570904e-41   9.551822e-04   6.731459e-42   216
  3.293625e+00   5.094978e-41   9.484183e-04   2.265423e-42   1286
  3.296619e+00   9.222081e-41   7.922754e-04   7.182784e-42   384
  3.301196e+00   5.922394e-41   9.974032e-04   4.274943e-42   576
  3.303565e+00   6.450912e-41   8.939464e-04   3.215535e-42   930
  3.306956e+00   1.128765e-40   8.781672e-04   9.747680e-42   216
  3.311281e+00   5.409529e-41   7.049195e-04   2.791301e-42   918
  3.313773e+00   9.143847e-41   9.494675e-04   7.268178e-42   480
  3.317151e+00   1.179972e-40   8.000415e-04   1.768569e-41   78
  3.320657e+00   5.523178e-41   8.648004e-04   2.298013e-42   1052
  3.323895e+00   9.087625e-41   1.006959e-03   9.639506e-42   240
  3.328852e+00   5.183709e-41   3.676460e-04   2.968619e-42   438
  3.330545e+00   7.402341e-41   8.506072e-04   4.386262e-42   648
  3.333703e+00   1.065951e-40   7.023041e-04   1.504241e-41   78
  3.338411e+00   6.110422e-41   6.127751e-04   3.479684e-42   780
  3.340778e+00   8.206397e-41   8.550342e-04   6.783531e-42   240
  3.343694e+00   1.317891e-40   0.000000e+00   3.991461e-41   6
  3.347623e+00   7.519613e-41   7.832637e-04   4.480789e-42   824
  3.350467e+00   1.536503e-40   6.055240e-04   2.535728e-41   78
  3.356076e+00   6.021361e-41   3.165921e-04   3.572001e-42   432
  3.357541e+00   1.143210e-40   7.656969e-04   1.119800e-41   348
  3.360330e+00   1.209667e-40   0.000000e+00   1.727487e-41   6
  3.365426e+00   8.848971e-41   5.413225e-04   7.929574e-42   600
  3.367442e+00   1.420628e-40   5.097238e-04   2.419705e-41   78
  3.374544e+00   8.758265e-41   6.700717e-04   6.795886e-42   572
  3.377176e+00   1.959526e-40   0.000000e+00   6.291512e-41   6
  3.383243e+00   7.335275e-41   3.146063e-04   5.091153e-42   384
  3.384459e+00   1.960724e-40   4.676281e-04   3.369703e-41   102
  3.392411e+00   9.552508e-41   4.599741e-04   7.530555e-42   396
  3.394229e+00   2.468632e-40   0.000000e+00   6.957549e-41   6
  3.401391e+00   9.650571e-41   4.161630e-04   8.544855e-42   326
  3.410329e+00   1.090925e-40   2.893928e-04   8.759125e-42   252
  3.411486e+00   3.821438e-40   0.000000e+00   2.164499e-40   6
  3.419333e+00   1.196972e-40   2.633341e-04   1.040051e-41   198
  3.428323e+00   1.230426e-40   2.009286e-04   1.551939e-41   146
  3.437326e+00   1.621517e-40   1.474817e-04   2.079732e-41   102
  3.446340e+00   2.527565e-40   1.024960e-04   3.104209e-41   66
  3.455367e+00   2.703591e-40   6.509513e-05   5.341051e-41   38
  3.464404e+00   3.710695e-40   3.357406e-05   8.001461e-41   18
  3.473449e+00   2.877006e-40   0.000000e+00   1.255399e-40   6
