# power spectrum of pi_k
# redshift z=48.519767
# k              Pk             sigma(k)       sigma(Pk)      count
  1.570796e-02   1.167117e-11   0.000000e+00   4.704447e-12   6
  2.221441e-02   5.305953e-12   0.000000e+00   1.059189e-12   12
  2.720699e-02   3.261348e-12   2.980232e-10   6.636711e-13   8
  3.141593e-02   9.168784e-12   0.000000e+00   9.866276e-13   6
  3.512407e-02   5.543167e-12   5.619580e-10   1.767112e-12   24
  3.847649e-02   7.046543e-12   5.619580e-10   1.187171e-12   24
  4.442883e-02   2.627321e-12   0.000000e+00   1.182552e-12   12
  4.712389e-02   2.854600e-12   6.357829e-10   5.258530e-13   30
  4.967294e-02   3.379303e-12   0.000000e+00   7.447351e-13   24
  5.209742e-02   2.948078e-12   9.733398e-10   7.307791e-13   24
  5.441398e-02   3.316728e-12   5.960464e-10   6.723102e-13   8
  5.663587e-02   2.719499e-12   7.947286e-10   3.378565e-13   24
  5.877382e-02   2.488928e-12   0.000000e+00   3.497612e-13   48
  6.283185e-02   2.805718e-12   0.000000e+00   1.233617e-12   6
  6.476559e-02   2.199702e-12   7.947286e-10   3.088781e-13   48
  6.664324e-02   1.997369e-12   7.492773e-10   2.077224e-13   36
  6.846942e-02   2.815842e-12   7.947286e-10   5.888157e-13   24
  7.024815e-02   1.617694e-12   1.123916e-09   2.784929e-13   24
  7.198293e-02   1.418348e-12   0.000000e+00   1.928770e-13   48
  7.367688e-02   2.155205e-12   1.123916e-09   3.067734e-13   24
  7.695299e-02   1.640440e-12   1.123916e-09   2.580403e-13   24
  7.853982e-02   1.095281e-12   0.000000e+00   1.792773e-13   30
  8.009521e-02   1.142113e-12   0.000000e+00   1.261443e-13   72
  8.162097e-02   1.087217e-12   1.192093e-09   2.213432e-13   32
  8.458997e-02   1.385288e-12   0.000000e+00   1.606787e-13   72
  8.603606e-02   8.234492e-13   0.000000e+00   1.203857e-13   48
  8.885766e-02   4.184854e-13   0.000000e+00   1.244821e-13   12
  9.023538e-02   8.090109e-13   0.000000e+00   1.213382e-13   48
  9.159238e-02   6.996178e-13   0.000000e+00   6.964249e-14   48
  9.292956e-02   9.088683e-13   1.123916e-09   1.146513e-13   48
  9.424778e-02   1.070822e-12   1.271566e-09   1.877104e-13   30
  9.554781e-02   9.281903e-13   0.000000e+00   2.087705e-13   24
  9.683039e-02   9.413574e-13   2.369423e-09   9.464532e-14   72
  9.934588e-02   5.373168e-13   0.000000e+00   1.019937e-13   24
  1.005800e-01   8.110476e-13   0.000000e+00   8.035962e-14   96
  1.017992e-01   6.160671e-13   0.000000e+00   8.180823e-14   48
  1.030040e-01   5.080763e-13   1.946680e-09   1.248026e-13   24
  1.041948e-01   3.632236e-13   1.946680e-09   7.458766e-14   24
  1.053722e-01   8.599094e-13   0.000000e+00   1.049821e-13   72
  1.065366e-01   6.356458e-13   0.000000e+00   9.785128e-14   48
  1.088280e-01   5.442558e-13   1.192093e-09   1.624652e-13   8
  1.099557e-01   7.896357e-13   1.412851e-09   9.423456e-14   54
  1.110721e-01   5.289968e-13   0.000000e+00   9.251818e-14   84
  1.121773e-01   5.761778e-13   0.000000e+00   8.265756e-14   48
  1.132717e-01   3.557043e-13   1.589457e-09   6.345373e-14   24
  1.143557e-01   4.697428e-13   2.119276e-09   5.574108e-14   72
  1.154295e-01   6.141741e-13   0.000000e+00   6.991410e-14   96
  1.175476e-01   8.258689e-13   0.000000e+00   9.007605e-14   48
  1.185925e-01   4.487507e-13   0.000000e+00   4.205120e-14   48
  1.196283e-01   3.868780e-13   0.000000e+00   7.527236e-14   24
  1.206552e-01   4.375525e-13   0.000000e+00   4.711086e-14   72
  1.226831e-01   4.491780e-13   0.000000e+00   5.315958e-14   72
  1.236846e-01   4.345633e-13   0.000000e+00   4.953390e-14   96
  1.256637e-01   5.876898e-13   0.000000e+00   2.582793e-13   6
  1.266416e-01   4.814429e-13   0.000000e+00   4.661019e-14   96
  1.276121e-01   4.904165e-13   1.589457e-09   5.241374e-14   96
  1.285752e-01   3.274044e-13   0.000000e+00   7.784581e-14   24
  1.295312e-01   3.603958e-13   1.589457e-09   4.490207e-14   48
  1.304801e-01   3.599885e-13   0.000000e+00   3.638637e-14   96
  1.314222e-01   4.167900e-13   0.000000e+00   5.614504e-14   48
  1.332865e-01   3.618942e-13   1.498555e-09   6.791236e-14   36
  1.342089e-01   3.603415e-13   2.753021e-09   4.549644e-14   48
  1.351250e-01   3.946771e-13   3.114687e-09   3.542800e-14   120
  1.360350e-01   3.501937e-13   0.000000e+00   4.623852e-14   56
  1.369388e-01   1.945109e-13   1.589457e-09   3.403506e-14   24
  1.378368e-01   2.785994e-13   0.000000e+00   2.478949e-14   96
  1.387290e-01   2.918797e-13   0.000000e+00   3.766473e-14   48
  1.404963e-01   3.459514e-13   2.247832e-09   6.417182e-14   24
  1.413717e-01   3.730040e-13   0.000000e+00   3.732136e-14   102
  1.422417e-01   3.800275e-13   1.589457e-09   5.728819e-14   48
  1.431064e-01   3.448734e-13   0.000000e+00   3.436084e-14   72
  1.439659e-01   3.107334e-13   0.000000e+00   3.138793e-14   48
  1.448203e-01   3.290474e-13   0.000000e+00   6.096380e-14   48
  1.456697e-01   2.779152e-13   3.596531e-09   2.442511e-14   120
  1.473538e-01   4.306165e-13   2.247832e-09   7.208073e-14   24
  1.481886e-01   2.461179e-13   2.119276e-09   2.070712e-14   144
  1.490188e-01   2.498861e-13   2.543132e-09   2.402557e-14   120
  1.498444e-01   1.919948e-13   2.247832e-09   2.690222e-14   48
  1.514821e-01   2.820030e-13   2.247832e-09   3.760887e-14   48
  1.522944e-01   2.273868e-13   2.247832e-09   2.372864e-14   96
  1.544390e-01   2.926350e-13   3.768959e-04   3.593026e-14   72
  1.555009e-01   2.123907e-13   1.998073e-09   1.621750e-14   108
  1.562923e-01   2.492696e-13   0.000000e+00   2.670866e-14   72
  1.570796e-01   1.495480e-13   0.000000e+00   2.781569e-14   30
  1.578631e-01   2.490081e-13   0.000000e+00   1.978639e-14   168
  1.586427e-01   2.430650e-13   0.000000e+00   2.652841e-14   48
  1.601904e-01   1.643043e-13   0.000000e+00   1.925431e-14   72
  1.609587e-01   2.133004e-13   0.000000e+00   2.055818e-14   96
  1.617234e-01   2.073541e-13   4.238553e-09   3.185112e-14   72
  1.624844e-01   2.414027e-13   0.000000e+00   2.559550e-14   72
  1.637639e-01   2.127534e-13   3.480039e-04   1.558719e-14   104
  1.647465e-01   2.005184e-13   2.997109e-09   1.462431e-14   144
  1.669779e-01   1.365730e-13   5.026305e-09   1.282956e-14   96
  1.677152e-01   1.496980e-13   0.000000e+00   1.546956e-14   96
  1.688876e-01   2.016883e-13   3.580185e-04   1.876358e-14   120
  1.699076e-01   1.662479e-13   0.000000e+00   1.512290e-14   120
  1.706322e-01   1.980704e-13   0.000000e+00   2.146922e-14   72
  1.720721e-01   1.949407e-13   0.000000e+00   2.582006e-14   48
  1.727876e-01   2.073704e-13   3.912510e-09   2.366117e-14   78
  1.737029e-01   2.136340e-13   3.205713e-04   1.689523e-14   168
  1.756204e-01   1.942527e-13   3.670694e-09   1.678328e-14   144
  1.763215e-01   1.993104e-13   2.997109e-09   1.421978e-14   144
  1.783549e-01   1.774187e-13   1.846233e-04   1.508674e-14   156
  1.790983e-01   1.287282e-13   3.893359e-09   2.398343e-14   48
  1.797859e-01   1.589868e-13   2.543132e-09   1.559599e-14   120
  1.804708e-01   1.136678e-13   0.000000e+00   1.196862e-14   48
  1.816818e-01   1.679530e-13   2.825996e-04   1.140000e-14   216
  1.831848e-01   1.480019e-13   0.000000e+00   1.827629e-14   48
  1.838570e-01   1.356805e-13   2.247832e-09   1.193536e-14   96
  1.848128e-01   1.542217e-13   3.302618e-04   1.354261e-14   168
  1.858591e-01   1.229236e-13   2.247832e-09   1.758258e-14   48
  1.865217e-01   1.614041e-13   0.000000e+00   1.610695e-14   96
  1.871820e-01   1.554263e-13   0.000000e+00   2.829195e-14   48
  1.884956e-01   1.789540e-13   2.543132e-09   1.783105e-14   30
  1.891489e-01   1.129780e-13   0.000000e+00   9.174191e-15   96
  1.899298e-01   1.388449e-13   2.595564e-04   9.408859e-15   240
  1.909339e-01   1.902822e-13   2.800239e-04   2.621812e-14   32
  1.917401e-01   1.075350e-13   0.000000e+00   7.969178e-15   168
  1.923825e-01   1.271589e-13   0.000000e+00   1.246486e-14   120
  1.936608e-01   9.983161e-14   4.738846e-09   1.121940e-14   72
  1.942968e-01   1.622865e-13   2.119276e-09   1.490819e-14   144
  1.949307e-01   1.158073e-13   0.000000e+00   1.185032e-14   96
  1.955626e-01   1.524346e-13   0.000000e+00   1.220293e-14   96
  1.968202e-01   1.477193e-13   0.000000e+00   1.781371e-14   72
  1.974460e-01   1.237278e-13   3.178914e-09   1.198948e-14   96
  1.986918e-01   1.186554e-13   0.000000e+00   2.185073e-14   24
  1.993117e-01   1.373562e-13   0.000000e+00   1.013932e-14   192
  2.000418e-01   1.293846e-13   2.376333e-04   9.541019e-15   132
  2.011601e-01   1.373172e-13   0.000000e+00   1.241456e-14   96
  2.017724e-01   1.000158e-13   0.000000e+00   1.008159e-14   96
  2.023829e-01   1.304118e-13   2.543132e-09   1.111578e-14   120
  2.035985e-01   1.362992e-13   0.000000e+00   1.872320e-14   48
  2.045948e-01   8.724618e-14   2.879924e-04   5.715409e-15   222
  2.054083e-01   1.124120e-13   0.000000e+00   1.064349e-14   120
  2.060080e-01   1.253415e-13   3.893359e-09   2.525690e-14   24
  2.068812e-01   1.299576e-13   2.972500e-04   6.876903e-15   312
  2.087838e-01   1.405365e-13   2.786838e-04   1.565381e-14   72
  2.095704e-01   9.726686e-14   3.893359e-09   1.311549e-14   96
  2.103781e-01   1.175955e-13   2.838009e-04   8.890387e-15   192
  2.113290e-01   1.091346e-13   3.596531e-09   1.106988e-14   120
  2.119120e-01   1.081239e-13   0.000000e+00   1.110722e-14   144
  2.130732e-01   9.541851e-14   0.000000e+00   1.366653e-14   48
  2.138985e-01   9.390139e-14   2.853717e-04   5.468040e-15   336
  2.148032e-01   1.054966e-13   0.000000e+00   1.443449e-14   48
  2.159488e-01   9.430547e-14   0.000000e+00   8.248307e-15   192
  2.165193e-01   1.016318e-13   0.000000e+00   1.241983e-14   48
  2.181411e-01   1.000108e-13   1.980854e-04   1.210838e-14   56
  2.189475e-01   9.662057e-14   2.544090e-04   5.344918e-15   336
  2.199115e-01   9.527883e-14   2.825702e-09   1.356624e-14   54
  2.207512e-01   8.593669e-14   2.794324e-04   5.276805e-15   240
  2.224945e-01   8.523237e-14   2.675587e-04   6.311885e-15   228
  2.232521e-01   1.009286e-13   2.997109e-09   1.289107e-14   72
  2.239875e-01   9.935399e-14   2.595385e-04   7.377436e-15   144
  2.249038e-01   8.011427e-14   0.000000e+00   7.818195e-15   96
  2.254517e-01   8.241439e-14   3.596531e-09   5.168349e-15   240
  2.265435e-01   7.396977e-14   3.178914e-09   1.421424e-14   24
  2.272424e-01   8.642553e-14   2.451321e-04   5.148744e-15   336
  2.281713e-01   8.111370e-14   0.000000e+00   9.547530e-15   72
  2.290193e-01   9.597664e-14   2.666265e-04   6.927265e-15   168
  2.297877e-01   6.277449e-14   0.000000e+00   5.555525e-15   72
  2.308590e-01   9.615994e-14   0.000000e+00   8.814857e-15   96
  2.316886e-01   8.184015e-14   2.646263e-04   5.821859e-15   216
  2.324566e-01   6.147481e-14   0.000000e+00   4.575227e-15   96
  2.335157e-01   7.450623e-14   3.178914e-09   5.013382e-15   192
  2.340434e-01   7.284247e-14   2.997109e-09   5.681132e-15   144
  2.350953e-01   7.695833e-14   0.000000e+00   9.966131e-15   48
  2.358236e-01   7.911732e-14   2.551309e-04   5.371666e-15   246
  2.368131e-01   9.649057e-14   2.352347e-04   7.472328e-15   168
  2.377046e-01   7.526205e-14   6.229375e-09   7.514510e-15   120
  2.382231e-01   6.266793e-14   0.000000e+00   4.282745e-15   240
  2.392566e-01   4.430707e-14   0.000000e+00   8.999292e-15   24
  2.400800e-01   7.117048e-14   2.517980e-04   4.443624e-15   360
  2.411056e-01   6.593137e-14   2.507265e-04   4.909523e-15   120
  2.418210e-01   7.749852e-14   0.000000e+00   6.224024e-15   144
  2.423307e-01   7.584501e-14   0.000000e+00   6.693974e-15   96
  2.438532e-01   7.225902e-14   0.000000e+00   5.803366e-15   144
  2.443586e-01   7.736523e-14   0.000000e+00   6.606286e-15   132
  2.450688e-01   7.016079e-14   2.474633e-04   5.137636e-15   176
  2.460999e-01   6.914965e-14   2.498881e-04   3.516216e-15   312
  2.473693e-01   9.755088e-14   0.000000e+00   1.484261e-14   96
  2.478675e-01   6.579683e-14   0.000000e+00   5.741048e-15   144
  2.486319e-01   6.904616e-14   2.473817e-04   3.835549e-15   312
  2.498505e-01   8.077425e-14   0.000000e+00   8.007693e-15   48
  2.503437e-01   6.015719e-14   3.178914e-09   4.487942e-15   192
  2.513274e-01   1.995061e-14   0.000000e+00   6.148720e-15   6
  2.519810e-01   5.748110e-14   2.307253e-04   3.164156e-15   288
  2.530395e-01   5.544954e-14   2.437763e-04   3.936908e-15   192
  2.537699e-01   5.286523e-14   7.476104e-09   3.383760e-15   216
  2.542556e-01   6.644317e-14   0.000000e+00   9.016614e-15   72
  2.554657e-01   5.414617e-14   2.414611e-04   4.174640e-15   192
  2.562693e-01   7.058312e-14   1.792979e-04   4.169651e-15   288
  2.571504e-01   6.051636e-14   0.000000e+00   1.168268e-14   24
  2.578312e-01   6.495614e-14   2.362101e-04   2.810226e-15   456
  2.590624e-01   4.119439e-14   0.000000e+00   6.056844e-15   48
  2.598231e-01   5.876795e-14   2.326575e-04   4.306305e-15   240
  2.606974e-01   6.582527e-14   2.351266e-04   4.197790e-15   216
  2.614326e-01   5.171383e-14   0.000000e+00   6.342596e-15   72
  2.619041e-01   5.362336e-14   8.123736e-09   4.228774e-15   168
  2.632353e-01   6.215617e-14   1.747662e-04   3.763605e-15   288
  2.639818e-01   6.067298e-14   2.312456e-04   4.163091e-15   168
  2.651809e-01   6.845387e-14   0.000000e+00   4.732378e-15   192
  2.656458e-01   5.481101e-14   2.997109e-09   3.893165e-15   144
  2.665730e-01   6.735335e-14   2.997109e-09   8.365326e-15   36
  2.673593e-01   4.551110e-14   2.111764e-04   2.330738e-15   342
  2.681111e-01   5.381379e-14   2.168525e-04   4.076233e-15   144
  2.690776e-01   5.107373e-14   2.274240e-04   2.620918e-15   384
  2.702500e-01   5.975329e-14   6.229375e-09   5.436824e-15   120
  2.708303e-01   5.984945e-14   2.027960e-04   3.711441e-15   264
  2.716161e-01   5.103468e-14   1.005261e-08   3.718527e-15   192
  2.723561e-01   5.604329e-14   2.185515e-04   4.274250e-15   152
  2.729753e-01   5.100104e-14   5.994218e-09   4.603342e-15   144
  2.742778e-01   4.258726e-14   1.414487e-04   3.115435e-15   216
  2.748807e-01   5.487201e-14   1.890132e-04   2.993368e-15   312
  2.759419e-01   4.707116e-14   2.190625e-04   2.614681e-15   240
  2.765672e-01   5.665052e-14   3.178914e-09   5.862448e-15   96
  2.777541e-01   5.111400e-14   2.094396e-04   4.119119e-15   144
  2.784857e-01   4.872582e-14   2.058607e-04   2.348953e-15   456
  2.796723e-01   3.890977e-14   0.000000e+00   2.540625e-15   120
  2.801131e-01   4.222386e-14   0.000000e+00   3.877397e-15   144
  2.809926e-01   3.150203e-14   4.495664e-09   5.204126e-15   24
  2.815564e-01   4.855538e-14   1.978798e-04   2.449988e-15   336
  2.825316e-01   4.526087e-14   2.182345e-04   3.558356e-15   198
  2.834454e-01   4.458087e-14   2.122205e-04   2.332261e-15   432
  2.844833e-01   4.616765e-14   6.357829e-09   4.692854e-15   48
  2.850248e-01   5.151487e-14   1.873540e-04   2.659315e-15   384
  2.859970e-01   4.921580e-14   2.156842e-04   4.045644e-15   144
  2.868780e-01   4.776509e-14   2.141460e-04   2.740031e-15   264
  2.879317e-01   3.822432e-14   0.000000e+00   3.672577e-15   48
  2.886387e-01   4.464373e-14   2.036179e-04   2.692091e-15   276
  2.893208e-01   3.961196e-14   1.845741e-04   3.260559e-15   192
  2.902325e-01   4.166099e-14   2.074207e-04   1.749416e-15   552
  2.913393e-01   2.913500e-14   5.086263e-09   2.554972e-15   120
  2.919972e-01   4.543688e-14   2.099609e-04   3.062391e-15   216
  2.926069e-01   3.998114e-14   5.086263e-09   3.133608e-15   120
  2.936961e-01   4.599072e-14   2.067600e-04   2.349833e-15   408
  2.947075e-01   4.249080e-14   4.495664e-09   5.687285e-15   24
  2.953347e-01   3.708366e-14   2.088648e-04   2.079154e-15   384
  2.962106e-01   3.668896e-14   2.040684e-04   2.538429e-15   240
  2.969712e-01   3.570767e-14   2.055628e-04   2.427971e-15   168
  2.980376e-01   3.197005e-14   0.000000e+00   3.092361e-15   120
  2.987251e-01   3.861463e-14   2.142884e-04   1.952698e-15   350
  2.998430e-01   3.814052e-14   3.527601e-04   1.993518e-15   384
  3.005110e-01   4.105165e-14   0.000000e+00   3.686595e-15   144
  3.017401e-01   3.254782e-14   4.238553e-09   1.886339e-15   288
  3.023819e-01   3.376828e-14   2.019242e-04   1.615846e-15   336
  3.032549e-01   4.097447e-14   1.838353e-04   3.002463e-15   168
  3.037776e-01   3.605109e-14   1.204945e-08   2.128730e-15   336
  3.048586e-01   3.226909e-14   1.908100e-04   1.980120e-15   288
  3.055078e-01   3.285786e-14   1.797918e-04   2.004729e-15   264
  3.066072e-01   3.570221e-14   0.000000e+00   2.217065e-15   240
  3.070093e-01   3.502745e-14   0.000000e+00   2.916897e-15   96
  3.084525e-01   3.790963e-14   2.445048e-04   1.919930e-15   360
  3.091260e-01   3.688979e-14   1.802420e-04   3.089016e-15   168
  3.099770e-01   3.575342e-14   1.964825e-04   1.574454e-15   456
  3.110018e-01   3.267311e-14   5.651403e-09   2.943250e-15   108
  3.115782e-01   3.428335e-14   1.971449e-04   2.468807e-15   264
  3.122973e-01   3.211103e-14   1.758853e-04   2.033995e-15   264
  3.132820e-01   3.648469e-14   1.659735e-04   2.205971e-15   312
  3.145081e-01   3.564104e-14   1.233364e-04   2.269893e-15   270
  3.150220e-01   3.255854e-14   1.565911e-04   2.226252e-15   240
  3.159458e-01   3.318921e-14   1.937229e-04   1.606460e-15   384
  3.165067e-01   2.853114e-14   6.357829e-09   1.902628e-15   192
  3.175962e-01   3.453706e-14   1.554368e-04   2.436564e-15   240
  3.182281e-01   3.220553e-14   1.918342e-04   1.718404e-15   336
  3.194167e-01   3.334805e-14   1.931178e-04   1.485519e-15   480
  3.203808e-01   3.332079e-14   4.238553e-09   3.900311e-15   72
  3.209194e-01   3.393619e-14   1.883074e-04   2.123226e-15   240
  3.216520e-01   3.013509e-14   1.769831e-04   1.756707e-15   312
  3.224917e-01   2.867472e-14   1.912763e-04   1.988410e-15   240
  3.237607e-01   3.131012e-14   1.453205e-04   1.519508e-15   408
  3.242630e-01   2.941291e-14   1.330785e-04   1.688574e-15   336
  3.252448e-01   3.090778e-14   1.689770e-04   2.203301e-15   264
  3.257273e-01   3.734353e-14   0.000000e+00   3.104687e-15   144
  3.270696e-01   3.031844e-14   2.342121e-04   1.434104e-15   464
  3.277768e-01   2.337879e-14   1.862466e-04   1.671007e-15   168
  3.284751e-01   3.732993e-14   1.696301e-04   1.973542e-15   336
  3.297371e-01   2.897407e-14   1.782296e-04   1.460313e-15   414
  3.304484e-01   3.222751e-14   1.855264e-04   2.017600e-15   216
  3.313598e-01   2.872208e-14   4.495664e-09   2.851162e-15   96
  3.317320e-01   2.837949e-14   1.101208e-08   1.280043e-15   384
  3.330355e-01   3.000716e-14   1.851680e-04   1.485978e-15   492
  3.337341e-01   2.343848e-14   1.810784e-04   1.423389e-15   240
  3.345237e-01   2.372561e-14   1.838580e-04   1.353590e-15   312
  3.356141e-01   2.910387e-14   1.837975e-04   2.298195e-15   192
  3.363048e-01   2.857348e-14   1.781220e-04   1.293289e-15   504
  3.372212e-01   2.717175e-14   1.179198e-04   1.367062e-15   408
  3.379427e-01   3.117243e-14   3.612619e-04   2.438050e-15   168
  3.388456e-01   2.461480e-14   1.716026e-04   1.573413e-15   288
  3.396033e-01   2.537678e-14   1.790820e-04   1.694309e-15   288
  3.403794e-01   2.759193e-14   1.801128e-04   1.347253e-15   432
  3.415052e-01   2.883722e-14   1.703267e-04   1.929279e-15   216
  3.421068e-01   2.662258e-14   1.699674e-04   1.262702e-15   360
  3.431777e-01   2.827634e-14   1.658865e-04   1.592797e-15   312
  3.441442e-01   2.982720e-14   0.000000e+00   4.712691e-15   48
  3.447014e-01   2.581195e-14   1.778543e-04   1.281014e-15   432
  3.456992e-01   2.412721e-14   2.966627e-04   1.124484e-15   414
  3.462885e-01   2.450331e-14   6.776666e-09   1.363827e-15   312
  3.473878e-01   2.652589e-14   2.603051e-04   1.115995e-15   528
  3.481296e-01   2.638874e-14   1.366381e-04   1.643163e-15   264
  3.490209e-01   2.385781e-14   1.620153e-04   1.178248e-15   480
  3.501854e-01   2.442581e-14   0.000000e+00   1.292338e-15   288
  3.506883e-01   2.545759e-14   1.740804e-04   2.079446e-15   168
  3.516084e-01   2.466226e-14   2.755688e-04   1.029167e-15   504
  3.526429e-01   2.657593e-14   4.238553e-09   1.892437e-15   144
  3.532937e-01   2.309557e-14   1.769812e-04   1.060128e-15   464
  3.542716e-01   2.071308e-14   2.597299e-04   9.708604e-16   432
  3.547358e-01   2.700787e-14   4.495664e-09   1.879368e-15   192
  3.559351e-01   2.190132e-14   1.925466e-04   9.763884e-16   396
  3.566434e-01   2.322919e-14   1.729600e-04   1.389913e-15   288
  3.573592e-01   2.358193e-14   1.708549e-04   1.284399e-15   336
  3.585027e-01   2.178097e-14   1.081887e-04   9.430171e-16   432
  3.592283e-01   2.331944e-14   2.804101e-04   1.144427e-15   360
  3.600431e-01   2.302738e-14   1.658667e-04   1.105467e-15   384
  3.612003e-01   1.917170e-14   1.464092e-04   1.475714e-15   198
  3.617579e-01   2.219669e-14   1.664197e-04   8.491608e-16   552
  3.627976e-01   1.828265e-14   2.329761e-04   9.630329e-16   432
  3.636656e-01   2.392105e-14   8.899106e-09   1.799365e-15   168
  3.643942e-01   2.191088e-14   2.888052e-04   9.763336e-16   480
  3.653579e-01   1.635089e-14   0.000000e+00   1.484218e-15   120
  3.657917e-01   2.010281e-14   2.358836e-04   1.209093e-15   336
  3.668502e-01   2.183786e-14   1.664122e-04   7.637664e-16   672
  3.678969e-01   2.145832e-14   2.420693e-04   9.694623e-16   528
  3.683844e-01   2.027581e-14   7.266090e-09   1.290167e-15   168
  3.695106e-01   2.097258e-14   2.700266e-04   9.188322e-16   456
  3.701979e-01   2.324289e-14   1.649075e-04   2.073195e-15   168
  3.709113e-01   2.123316e-14   1.646115e-04   1.030104e-15   504
  3.720973e-01   1.998237e-14   2.118297e-04   1.108101e-15   336
  3.728144e-01   2.253792e-14   1.527042e-04   1.242388e-15   312
  3.736099e-01   2.119031e-14   1.492023e-04   9.289283e-16   504
  3.746568e-01   2.009679e-14   1.035207e-04   8.510076e-16   432
  3.751490e-01   1.829073e-14   1.599738e-04   1.052959e-15   312
  3.761721e-01   1.910331e-14   1.639809e-04   8.760406e-16   384
  3.772403e-01   2.168374e-14   1.393208e-04   2.005092e-15   126
  3.778999e-01   1.969892e-14   2.446141e-04   9.832655e-16   492
  3.787423e-01   2.001609e-14   1.566756e-04   8.212881e-16   528
  3.797950e-01   1.880609e-14   1.591488e-04   8.127241e-16   480
  3.804477e-01   1.981078e-14   2.198632e-04   9.162259e-16   432
  3.813922e-01   2.075265e-14   1.728933e-04   9.372618e-16   440
  3.824891e-01   1.824475e-14   8.597912e-05   1.051805e-15   312
  3.829007e-01   1.998503e-14   1.288469e-04   1.088901e-15   480
  3.837450e-01   1.816957e-14   2.522797e-04   9.374293e-16   408
  3.849786e-01   1.814653e-14   1.510870e-04   9.011960e-16   360
  3.854998e-01   1.770116e-14   1.457935e-04   8.821347e-16   408
  3.864656e-01   1.776978e-14   1.483633e-04   8.041370e-16   456
  3.875531e-01   1.878999e-14   1.417988e-04   1.108527e-15   264
  3.881567e-01   1.713649e-14   1.538873e-04   9.174252e-16   384
  3.890354e-01   1.804757e-14   2.590801e-04   7.092740e-16   672
  3.900512e-01   1.730070e-14   1.549634e-04   1.129912e-15   240
  3.906373e-01   1.813032e-14   1.572490e-04   1.050171e-15   264
  3.914646e-01   1.577700e-14   1.939407e-04   6.792477e-16   624
  3.926991e-01   1.936885e-14   0.000000e+00   1.492086e-15   150
  3.931386e-01   1.828254e-14   2.173259e-04   8.019750e-16   600
  3.940655e-01   1.565125e-14   1.499928e-04   6.533175e-16   672
  3.951151e-01   1.709665e-14   1.410788e-04   9.944894e-16   336
  3.956998e-01   1.723926e-14   1.534526e-04   8.624223e-16   408
  3.966340e-01   1.599954e-14   1.530911e-04   7.877825e-16   408
  3.976732e-01   1.514911e-14   7.741108e-05   7.745578e-16   360
  3.983137e-01   1.702316e-14   2.842286e-04   7.919911e-16   456
  3.990874e-01   1.565210e-14   1.545652e-04   7.070695e-16   384
  4.000722e-01   1.873082e-14   1.426833e-04   9.376860e-16   348
  4.006044e-01   1.596059e-14   1.759003e-04   6.636493e-16   576
  4.016040e-01   1.641091e-14   1.448308e-04   7.561678e-16   504
  4.026266e-01   1.588015e-14   2.042754e-04   7.267316e-16   432
  4.035193e-01   1.454445e-14   2.779157e-04   5.779991e-16   576
  4.041559e-01   1.557412e-14   0.000000e+00   9.010376e-16   264
  4.051657e-01   1.567782e-14   2.211515e-04   5.418380e-16   768
  4.060439e-01   1.846796e-14   2.977401e-04   1.237671e-15   240
  4.067421e-01   1.478212e-14   2.625786e-04   1.129334e-15   192
  4.077592e-01   1.472260e-14   1.932899e-04   6.132852e-16   504
  4.085134e-01   1.381093e-14   2.604655e-04   5.687832e-16   590
  4.092368e-01   1.424955e-14   2.918373e-04   7.046418e-16   384
  4.101438e-01   1.493738e-14   2.438900e-04   6.699679e-16   504
  4.112389e-01   1.564957e-14   2.347064e-04   5.745744e-16   648
  4.123011e-01   1.485409e-14   6.374317e-05   6.457787e-16   504
  4.127294e-01   1.531029e-14   1.454101e-04   7.853930e-16   312
  4.134855e-01   1.325624e-14   2.095003e-04   5.023191e-16   576
  4.145236e-01   1.399611e-14   1.457924e-04   8.769522e-16   240
  4.151287e-01   1.365139e-14   1.473162e-04   5.543626e-16   552
  4.159853e-01   1.485573e-14   1.383265e-04   5.901362e-16   600
  4.172054e-01   1.374595e-14   1.689549e-04   5.003867e-16   600
  4.179389e-01   1.508635e-14   2.705679e-04   8.898167e-16   312
  4.186695e-01   1.469694e-14   2.356379e-04   6.446183e-16   480
  4.195820e-01   1.505940e-14   1.470154e-04   6.093946e-16   576
  4.203854e-01   1.433311e-14   2.367268e-04   7.242116e-16   408
  4.210983e-01   1.445787e-14   2.761527e-04   8.928964e-16   216
  4.220194e-01   1.196966e-14   2.115019e-04   5.359671e-16   516
  4.230063e-01   1.433835e-14   2.017943e-04   5.617967e-16   744
  4.240243e-01   1.327975e-14   1.347808e-04   6.114428e-16   462
  4.245995e-01   1.424550e-14   1.369852e-04   6.946946e-16   432
  4.254918e-01   1.423957e-14   1.270838e-04   5.043668e-16   648
  4.265409e-01   1.434583e-14   1.859472e-04   5.918701e-16   528
  4.273836e-01   1.217254e-14   2.239269e-04   5.084605e-16   600
  4.282256e-01   1.212110e-14   2.823132e-04   9.195908e-16   240
  4.290411e-01   1.239737e-14   2.162492e-04   4.493150e-16   720
  4.299890e-01   1.401298e-14   1.710922e-04   4.946253e-16   720
  4.310398e-01   1.143434e-14   0.000000e+00   8.417276e-16   144
  4.315927e-01   1.197997e-14   2.205891e-04   4.283116e-16   720
  4.323793e-01   1.459153e-14   1.322696e-04   7.955567e-16   384
  4.333641e-01   1.251875e-14   1.466278e-04   4.826661e-16   672
  4.342984e-01   1.259052e-14   2.567292e-04   6.587296e-16   336
  4.347447e-01   1.409684e-14   0.000000e+00   8.593425e-16   288
  4.358374e-01   1.213174e-14   2.031840e-04   4.220747e-16   776
  4.368489e-01   1.329804e-14   1.738547e-04   5.041263e-16   720
  4.376985e-01   1.272648e-14   1.400528e-04   6.581141e-16   432
  4.383780e-01   1.227146e-14   1.996629e-04   6.542999e-16   504
  4.391339e-01   1.158434e-14   1.398922e-04   5.132373e-16   528
  4.401917e-01   1.223399e-14   1.905949e-04   5.673121e-16   438
  4.410618e-01   1.104894e-14   2.218350e-04   4.446553e-16   624
  4.417176e-01   1.290594e-14   2.717180e-04   7.009378e-16   312
  4.426191e-01   1.205276e-14   1.463948e-04   4.315565e-16   696
  4.435512e-01   1.159275e-14   1.324608e-04   4.919287e-16   552
  4.445207e-01   1.076687e-14   1.024805e-04   4.403470e-16   516
  4.451205e-01   1.123658e-14   2.046970e-04   4.590094e-16   528
  4.458506e-01   1.128009e-14   1.331200e-04   5.234668e-16   528
  4.468878e-01   1.132199e-14   1.755583e-04   3.996154e-16   864
  4.475918e-01   1.011025e-14   2.404788e-04   4.706717e-16   408
  4.482965e-01   1.107704e-14   2.382549e-04   7.420668e-16   192
  4.492953e-01   1.147168e-14   1.971674e-04   4.210633e-16   720
  4.501385e-01   1.005666e-14   1.817980e-04   3.564296e-16   696
  4.511404e-01   1.129037e-14   1.963435e-04   4.056460e-16   720
  4.520570e-01   1.059925e-14   2.661201e-04   5.051769e-16   432
  4.525916e-01   9.944317e-15   1.566487e-04   6.056787e-16   264
  4.535534e-01   1.111464e-14   2.163249e-04   4.069726e-16   672
  4.544137e-01   1.087970e-14   2.214835e-04   4.319904e-16   600
  4.554346e-01   1.066222e-14   1.296784e-04   6.809175e-16   270
  4.559493e-01   1.060857e-14   1.952021e-04   4.709412e-16   528
  4.567673e-01   1.163892e-14   1.336675e-04   4.400144e-16   840
  4.578890e-01   1.085000e-14   2.555961e-04   3.757547e-16   888
  4.589254e-01   1.052182e-14   1.904380e-04   4.096121e-16   744
  4.598014e-01   1.149556e-14   9.785730e-05   5.668411e-16   456
  4.602370e-01   9.908531e-15   1.337280e-04   4.698849e-16   360
  4.609825e-01   1.024013e-14   1.158678e-04   4.802405e-16   384
  4.621264e-01   1.083136e-14   1.858509e-04   3.858093e-16   816
  4.629847e-01   1.075360e-14   2.696437e-04   3.614323e-16   824
  4.640279e-01   1.042416e-14   1.253432e-04   5.684255e-16   360
  4.645865e-01   1.179030e-14   1.849595e-04   4.818184e-16   624
  4.653553e-01   9.146663e-15   1.249856e-04   4.469000e-16   360
  4.663795e-01   1.035373e-14   1.700172e-04   3.419102e-16   876
  4.673045e-01   9.677298e-15   2.019296e-04   3.985673e-16   696
  4.682373e-01   1.087353e-14   1.303928e-04   5.831050e-16   336
  4.687264e-01   1.077496e-14   1.302463e-04   5.002781e-16   504
  4.695341e-01   1.001883e-14   1.313750e-04   3.642040e-16   672
  4.707324e-01   9.333037e-15   2.615370e-04   3.458632e-16   720
  4.715635e-01   9.111162e-15   1.975633e-04   3.615161e-16   774
  4.724808e-01   9.866060e-15   1.130801e-04   4.711268e-16   384
  4.729612e-01   9.743940e-15   2.176147e-04   4.300794e-16   528
  4.737068e-01   9.891258e-15   2.073989e-04   3.545612e-16   744
  4.749062e-01   9.988270e-15   1.710601e-04   3.541116e-16   768
  4.757025e-01   9.689647e-15   1.920278e-04   4.013291e-16   552
  4.766960e-01   9.032948e-15   2.092886e-04   3.442174e-16   696
  4.774351e-01   1.002099e-14   2.543221e-04   5.258554e-16   408
  4.780218e-01   9.271854e-15   1.098692e-04   4.174113e-16   504
  4.789519e-01   8.995933e-15   1.973758e-04   3.195164e-16   888
  4.798671e-01   8.696543e-15   2.051305e-04   3.411310e-16   648
  4.808184e-01   8.916083e-15   2.033722e-04   3.696637e-16   648
  4.817134e-01   9.190967e-15   2.192851e-04   3.233983e-16   792
  4.826614e-01   8.848982e-15   3.208291e-04   3.595905e-16   600
  4.833600e-01   8.576790e-15   2.174285e-04   4.075348e-16   456
  4.840953e-01   9.257446e-15   1.059654e-04   3.563465e-16   648
  4.850397e-01   8.526601e-15   2.066479e-04   2.711224e-16   936
  4.860593e-01   8.621782e-15   1.269084e-04   4.098613e-16   384
  4.869469e-01   5.320393e-41   0.000000e+00   3.536712e-41   198
  4.876318e-01   5.348786e-42   3.219776e-04   1.510796e-42   1224
  4.883707e-01   6.611675e-42   2.344988e-04   1.669979e-42   420
  4.892446e-01   3.819218e-42   2.269458e-04   5.754091e-43   792
  4.900991e-01   1.539089e-42   1.876648e-04   8.346588e-44   680
  4.910742e-01   1.955160e-42   1.723226e-04   1.327237e-43   600
  4.918588e-01   2.125944e-42   2.499151e-04   1.617891e-43   840
  4.929064e-01   3.137029e-42   1.179983e-04   1.004832e-42   432
  4.933067e-01   2.625650e-42   1.105800e-04   1.862468e-43   720
  4.941771e-01   1.603992e-42   2.214723e-04   6.268932e-44   960
  4.952596e-01   1.336199e-42   1.974263e-04   6.720296e-44   528
  4.960507e-01   1.700374e-42   2.018074e-04   1.301818e-43   624
  4.969923e-01   1.853093e-42   1.586192e-04   1.278581e-43   816
  4.979269e-01   1.313983e-42   2.608527e-04   5.494410e-44   696
  4.989597e-01   2.224147e-42   1.438612e-08   3.671580e-43   240
  4.993481e-01   2.038891e-42   1.538310e-04   1.516556e-43   672
  5.002149e-01   1.726975e-42   2.749181e-04   7.266561e-44   864
  5.011872e-01   1.799320e-42   2.109550e-04   1.054662e-43   816
  5.020636e-01   1.841830e-42   1.207434e-04   1.032809e-43   648
  5.030076e-01   5.481736e-42   1.234217e-04   1.330777e-42   843
  5.038089e-01   2.796394e-42   2.220660e-04   6.071859e-43   780
  5.047639e-01   1.702336e-42   1.191565e-04   1.271617e-43   216
  5.053529e-01   1.760998e-42   2.873328e-04   9.947723e-44   1056
  5.062588e-01   3.561190e-42   2.350705e-04   6.107627e-43   228
  5.070976e-01   2.668118e-42   2.926687e-04   2.071118e-43   924
  5.079587e-01   1.531936e-42   1.085637e-04   8.557106e-44   696
  5.088706e-01   1.605689e-42   1.932122e-04   7.492216e-44   996
  5.098035e-01   1.889341e-42   1.140687e-04   1.626867e-43   576
  5.107740e-01   1.753282e-42   1.760574e-04   9.504647e-44   552
  5.114815e-01   2.987778e-42   2.102064e-04   4.262381e-43   516
  5.121995e-01   1.705795e-42   3.056837e-04   9.074066e-44   744
  5.130199e-01   2.067960e-42   1.499561e-04   1.607503e-43   576
  5.137336e-01   1.900811e-42   1.543428e-04   9.172817e-44   792
  5.147477e-01   2.455873e-42   1.764424e-04   3.002164e-43   792
  5.154909e-01   2.000256e-42   1.902913e-04   1.473299e-43   720
  5.164960e-01   2.033820e-42   2.168883e-04   2.474892e-43   656
  5.174379e-01   1.436518e-42   2.368308e-04   5.536976e-44   816
  5.184034e-01   2.065649e-42   1.276952e-04   1.806077e-43   492
  5.189522e-01   1.399825e-42   1.836985e-04   6.643764e-44   552
  5.199822e-01   2.337906e-42   3.194294e-04   2.603107e-43   780
  5.206511e-01   1.809768e-42   1.962217e-04   1.008540e-43   528
  5.213718e-01   1.791825e-42   2.290504e-04   9.251115e-44   600
  5.224340e-01   3.180917e-42   1.903590e-04   3.986458e-43   900
  5.231662e-01   2.089812e-42   1.053860e-04   1.196868e-43   696
  5.241734e-01   1.762365e-42   2.664725e-04   7.408308e-44   696
  5.251479e-01   1.773491e-42   1.081054e-04   9.993714e-44   552
  5.259673e-01   1.728841e-42   1.257166e-04   8.727632e-44   708
  5.268258e-01   1.972886e-42   2.075652e-04   1.183816e-43   876
  5.277190e-01   3.062228e-42   1.102130e-04   4.147218e-43   216
  5.283184e-01   2.159550e-42   3.014475e-04   1.285995e-43   1032
  5.292161e-01   1.813298e-42   3.356286e-04   9.713836e-44   600
  5.301478e-01   1.730567e-42   1.601495e-04   7.875397e-44   600
  5.308585e-01   1.601498e-42   2.828090e-04   6.964607e-44   528
  5.316987e-01   2.147522e-42   1.552497e-04   1.606613e-43   732
  5.325837e-01   1.727240e-42   1.146378e-04   1.189251e-43   336
  5.336024e-01   2.161423e-42   1.633817e-04   1.495283e-43   912
  5.343638e-01   3.242094e-42   1.639857e-04   3.733139e-43   624
  5.351957e-01   2.139456e-42   1.381873e-04   1.673346e-43   768
  5.361666e-01   1.832157e-42   2.493171e-04   7.467345e-44   792
  5.371196e-01   2.648658e-42   1.236011e-04   4.902319e-43   660
  5.377977e-01   1.950131e-42   1.821461e-04   1.437416e-43   504
  5.384990e-01   1.518086e-42   2.975919e-04   6.413894e-44   480
  5.395501e-01   1.597164e-42   2.752337e-04   5.106822e-44   912
  5.403731e-01   2.199771e-42   3.065154e-04   1.408502e-43   432
  5.411504e-01   2.746071e-42   1.820016e-04   3.345557e-43   564
  5.418405e-01   2.386694e-42   1.742006e-04   2.525902e-43   600
  5.428119e-01   1.958397e-42   2.428192e-04   1.100823e-43   876
  5.435417e-01   2.205916e-42   1.091788e-04   1.753194e-43   264
  5.445477e-01   3.483803e-42   2.118499e-04   4.299195e-43   560
  5.453563e-01   2.064778e-42   1.439565e-04   1.038494e-43   840
  5.463378e-01   1.652276e-42   2.219395e-04   5.710681e-44   1008
  5.472454e-01   2.124502e-42   9.928084e-05   2.533258e-43   456
  5.480744e-01   3.069693e-42   1.286043e-04   4.887939e-43   576
  5.488407e-01   2.301981e-42   1.976142e-04   1.333723e-43   612
  5.498512e-01   2.675042e-42   1.765015e-04   1.760860e-43   780
  5.506755e-01   1.709082e-42   2.022627e-04   8.636276e-44   648
  5.515194e-01   2.131540e-42   9.425702e-05   1.262282e-43   312
  5.520587e-01   1.677043e-42   2.394916e-04   7.159405e-44   528
  5.529931e-01   1.989839e-42   3.127641e-04   1.632231e-43   720
  5.538866e-01   1.698382e-42   3.137436e-04   8.418264e-44   576
  5.549699e-01   1.851371e-42   2.706443e-04   1.197432e-43   444
  5.556439e-01   3.336318e-42   2.654148e-04   2.822055e-43   996
  5.564699e-01   2.244705e-42   2.217012e-04   1.326183e-43   432
  5.572506e-01   1.985291e-42   2.427192e-04   1.216220e-43   504
  5.579250e-01   2.386518e-42   1.094306e-04   1.604893e-43   504
  5.588852e-01   2.057769e-42   2.153608e-04   1.222867e-43   876
  5.597541e-01   2.192802e-42   2.478597e-04   1.089331e-43   504
  5.606589e-01   1.800708e-42   1.580720e-04   7.033083e-44   696
  5.614066e-01   2.057554e-42   1.351349e-04   1.208328e-43   492
  5.624240e-01   2.637046e-42   1.934522e-04   2.070563e-43   432
  5.631776e-01   2.377805e-42   1.811468e-04   1.253178e-43   768
  5.640708e-01   1.831362e-42   2.256427e-04   7.542762e-44   648
  5.649237e-01   2.070061e-42   1.472076e-04   1.025755e-43   456
  5.659038e-01   1.701709e-42   2.024344e-04   6.862261e-44   552
  5.665845e-01   2.905455e-42   1.387487e-04   2.442627e-43   648
  5.675213e-01   2.232851e-42   2.261525e-04   9.736158e-44   840
  5.684363e-01   2.239259e-42   1.078474e-04   1.330339e-43   432
  5.693524e-01   2.745992e-42   1.320946e-04   1.805825e-43   600
  5.699896e-01   2.616717e-42   1.407382e-04   1.491583e-43   432
  5.710598e-01   3.253046e-42   1.401185e-04   3.696579e-43   560
  5.717846e-01   2.406338e-42   2.217929e-04   1.239957e-43   840
  5.726922e-01   2.281504e-42   1.313712e-04   1.117708e-43   504
  5.734129e-01   2.152409e-42   2.681208e-04   8.021482e-44   696
  5.744289e-01   2.291638e-42   1.464380e-04   1.431942e-43   384
  5.752203e-01   2.086364e-42   2.145144e-04   1.796451e-43   576
  5.761776e-01   2.095101e-42   1.323876e-04   1.154773e-43   360
  5.769491e-01   2.443795e-42   1.971572e-04   2.242745e-43   828
  5.777814e-01   3.308873e-42   1.756051e-04   2.667792e-43   372
  5.785440e-01   2.563153e-42   2.681827e-04   1.548664e-43   576
  5.795542e-01   2.871043e-42   1.123146e-04   2.013488e-43   636
  5.802740e-01   2.289152e-42   2.165136e-04   1.250005e-43   648
  5.812477e-01   2.062589e-42   1.760019e-04   1.402224e-43   576
  5.819467e-01   2.492587e-42   2.839096e-04   1.657461e-43   528
  5.828762e-01   2.320725e-42   1.213831e-04   1.454105e-43   360
  5.836457e-01   1.965132e-42   2.792266e-04   8.155192e-44   672
  5.846504e-01   2.893605e-42   1.430245e-04   2.539461e-43   804
  5.854866e-01   2.372865e-42   1.577731e-04   1.410776e-43   408
  5.864116e-01   2.174982e-42   9.752092e-05   1.265280e-43   384
  5.870345e-01   1.878116e-42   2.231653e-04   8.786227e-44   480
  5.879130e-01   2.614806e-42   1.441975e-04   3.294106e-43   432
  5.887557e-01   3.076363e-42   2.657252e-04   2.164933e-43   648
  5.897530e-01   2.754740e-42   1.648813e-04   1.727717e-43   624
  5.904826e-01   2.356566e-42   1.499734e-04   1.244981e-43   456
  5.914788e-01   2.863121e-42   2.048770e-04   2.673020e-43   588
  5.921465e-01   2.168315e-42   1.307107e-04   9.685106e-44   600
  5.931212e-01   3.323023e-42   2.038766e-04   4.607131e-43   708
  5.938912e-01   3.363796e-42   1.284383e-04   3.920450e-43   360
  5.947420e-01   2.467800e-42   1.476433e-04   1.206957e-43   552
  5.955576e-01   2.080806e-42   1.035752e-04   1.339743e-43   288
  5.963856e-01   2.472052e-42   1.947498e-04   1.085455e-43   528
  5.971636e-01   3.320318e-42   1.313872e-04   3.173243e-43   456
  5.980328e-01   2.780854e-42   2.329780e-04   1.466645e-43   608
  5.989070e-01   1.977187e-42   1.127174e-04   9.212872e-44   504
  5.998623e-01   2.595685e-42   2.419978e-04   1.291268e-43   540
  6.006113e-01   3.191050e-42   2.597778e-04   2.275982e-43   360
  6.014188e-01   3.106726e-42   1.176407e-04   1.980803e-43   540
  6.021329e-01   2.365973e-42   1.010085e-04   1.180683e-43   576
  6.031714e-01   3.738624e-42   2.342044e-04   5.621005e-43   588
  6.041588e-01   2.694750e-42   3.231314e-04   1.372206e-43   672
  6.050070e-01   2.151509e-42   2.469721e-04   9.707553e-44   552
  6.056908e-01   2.417008e-42   2.470970e-04   2.783046e-43   144
  6.065633e-01   3.345597e-42   2.099342e-04   3.258122e-43   600
  6.073906e-01   2.389221e-42   2.630934e-04   1.207415e-43   504
  6.083088e-01   2.443742e-42   2.702501e-04   1.620200e-43   336
  6.092745e-01   2.479718e-42   3.037623e-04   9.400036e-44   600
  6.101395e-01   2.963419e-42   1.960382e-04   2.308218e-43   636
  6.110731e-01   3.573681e-42   1.576165e-04   2.512798e-43   384
  6.117276e-01   3.153536e-42   2.198564e-04   2.222515e-43   504
  6.126710e-01   2.398420e-42   9.227064e-05   1.858457e-43   240
  6.134155e-01   3.441214e-42   2.167569e-04   2.301725e-43   744
  6.143088e-01   2.586725e-42   1.480120e-04   9.795913e-44   648
  6.151027e-01   2.099986e-42   9.825476e-05   1.460295e-43   120
  6.160331e-01   3.133509e-42   1.543455e-04   3.738211e-43   564
  6.167362e-01   2.869550e-42   2.424089e-04   2.213549e-43   432
  6.176746e-01   2.596653e-42   1.881572e-04   1.366573e-43   480
  6.183811e-01   2.350024e-42   1.384885e-04   1.069844e-43   456
  6.192152e-01   3.496414e-42   2.291780e-04   2.111381e-43   444
  6.201616e-01   2.715046e-42   3.506544e-04   1.230698e-43   528
  6.209930e-01   3.043160e-42   2.604238e-04   2.271638e-43   264
  6.217998e-01   3.362251e-42   2.668956e-04   2.542301e-43   444
  6.228852e-01   2.825311e-42   2.923449e-04   1.601759e-43   696
  6.237861e-01   3.870602e-42   1.563558e-04   2.933406e-43   384
  6.244450e-01   2.912661e-42   1.975687e-04   1.456736e-43   432
  6.254698e-01   3.390172e-42   1.365107e-04   3.325295e-43   488
  6.261352e-01   2.776513e-42   2.057386e-04   1.758752e-43   480
  6.270999e-01   2.411617e-42   2.294412e-04   1.025558e-43   480
  6.278471e-01   2.900067e-42   9.626648e-05   2.694003e-43   240
  6.286954e-01   5.028581e-42   2.248709e-04   9.157398e-43   600
  6.294955e-01   2.499946e-42   1.959519e-04   1.460898e-43   288
  6.303474e-01   3.045677e-42   1.884914e-04   1.547355e-43   480
  6.312103e-01   3.040099e-42   3.352926e-04   1.785293e-43   504
  6.320598e-01   2.971535e-42   1.438614e-04   2.340875e-43   216
  6.331433e-01   3.356571e-42   2.355240e-04   2.363095e-43   504
  6.339871e-01   3.344731e-42   1.894329e-04   2.255318e-43   456
  6.349107e-01   2.891021e-42   1.086430e-04   1.867083e-43   384
  6.355225e-01   3.627303e-42   2.205061e-04   2.477761e-43   480
  6.363918e-01   2.965442e-42   1.936290e-04   1.646235e-43   504
  6.371972e-01   2.944520e-42   1.228262e-04   1.471901e-43   312
  6.380652e-01   3.516470e-42   1.979302e-04   2.247630e-43   492
  6.388334e-01   3.061104e-42   1.855135e-04   2.079112e-43   312
  6.398223e-01   2.705325e-42   3.013519e-04   1.157959e-43   576
  6.406929e-01   2.714881e-42   2.781722e-04   1.670524e-43   336
  6.414159e-01   2.567452e-42   2.141797e-04   1.779488e-43   240
  6.424183e-01   3.300122e-42   2.839481e-04   1.865274e-43   468
  6.432837e-01   2.747934e-42   1.777925e-04   1.886329e-43   192
  6.441896e-01   3.380859e-42   1.783224e-04   2.419580e-43   324
  6.448535e-01   3.354416e-42   1.294235e-04   1.956195e-43   600
  6.457583e-01   3.651925e-42   2.099764e-04   2.754998e-43   456
  6.464302e-01   3.501235e-42   9.444737e-05   3.558276e-43   336
  6.475438e-01   4.164660e-42   2.828021e-04   5.557673e-43   612
  6.483539e-01   3.494721e-42   2.373399e-04   2.279866e-43   144
  6.491201e-01   2.815981e-42   2.770366e-04   1.125129e-43   552
  6.501620e-01   3.053226e-42   1.091004e-04   1.764751e-43   264
  6.507507e-01   2.743381e-42   2.525953e-04   1.573405e-43   336
  6.516793e-01   3.595078e-42   1.669063e-04   2.166771e-43   384
  6.524847e-01   3.107014e-42   9.395175e-05   2.156123e-43   216
  6.533762e-01   3.266222e-42   1.991971e-04   1.672237e-43   344
  6.541891e-01   3.284302e-42   2.972114e-04   1.738101e-43   408
  6.551797e-01   4.021941e-42   2.283876e-04   4.748849e-43   264
  6.560575e-01   4.136581e-42   3.183837e-04   2.842248e-43   612
  6.569345e-01   3.462889e-42   1.638646e-04   2.508292e-43   408
  6.578364e-01   3.827406e-42   1.641001e-04   3.738239e-43   444
  6.584991e-01   3.791838e-42   9.177996e-05   3.546648e-43   120
  6.593870e-01   3.710799e-42   2.535712e-04   2.199375e-43   336
  6.600460e-01   2.992124e-42   8.811499e-05   1.456530e-43   288
  6.609366e-01   3.129171e-42   2.742154e-04   1.385733e-43   552
  6.621610e-01   3.367257e-42   0.000000e+00   3.178138e-43   72
  6.627906e-01   2.902286e-42   2.723657e-04   1.318582e-43   504
  6.635259e-01   2.808353e-42   8.764464e-05   1.935693e-43   216
  6.644787e-01   3.032866e-42   1.564835e-04   1.698690e-43   312
  6.653340e-01   3.173559e-42   1.781811e-04   1.750285e-43   336
  6.661492e-01   3.727889e-42   2.469789e-04   4.488868e-43   204
  6.669611e-01   4.249589e-42   2.870270e-04   2.959289e-43   504
  6.678221e-01   5.719927e-42   2.733322e-04   7.950371e-43   396
  6.686501e-01   3.264024e-42   2.506599e-04   1.838060e-43   312
  6.696540e-01   3.842227e-42   1.531800e-04   2.077951e-43   216
  6.703613e-01   2.998683e-42   8.313373e-05   2.434150e-43   168
  6.712208e-01   3.377985e-42   2.099173e-04   1.420465e-43   588
  6.722017e-01   3.282139e-42   2.849381e-04   2.444208e-43   240
  6.729637e-01   2.941992e-42   2.516481e-04   1.625377e-43   264
  6.738575e-01   3.272718e-42   3.112147e-04   1.877836e-43   288
  6.746505e-01   3.516841e-42   1.554077e-04   2.276889e-43   288
  6.756555e-01   3.333988e-42   1.459525e-04   1.833785e-43   288
  6.763322e-01   3.953854e-42   1.690738e-04   2.487736e-43   192
  6.771836e-01   3.257003e-42   1.799115e-04   1.839408e-43   264
  6.779946e-01   6.017033e-42   2.959295e-04   4.548217e-43   372
  6.788675e-01   4.057505e-42   3.196167e-04   2.312574e-43   360
  6.799329e-01   3.731652e-42   1.352648e-04   3.475788e-43   144
  6.804835e-01   3.433726e-42   1.878769e-04   1.959947e-43   296
  6.813527e-01   3.495947e-42   2.024276e-04   2.311465e-43   288
  6.823478e-01   3.454642e-42   3.025230e-04   1.811152e-43   480
  6.832061e-01   3.482353e-42   2.513677e-04   3.074186e-43   192
  6.840407e-01   3.560981e-42   2.696262e-04   2.168840e-43   192
  6.847993e-01   3.566438e-42   1.718359e-04   2.160868e-43   288
  6.858544e-01   3.603999e-42   1.495808e-04   3.351454e-43   108
  6.863859e-01   3.676215e-42   1.438036e-04   3.082220e-43   240
  6.873243e-01   3.700877e-42   2.682690e-04   2.166507e-43   384
  6.882884e-01   3.772802e-42   3.272578e-04   4.520056e-43   108
  6.891409e-01   7.557357e-42   1.918773e-04   1.293494e-42   348
  6.900373e-01   4.139409e-42   2.002507e-04   2.555326e-43   312
  6.908379e-01   4.341622e-42   1.945855e-04   4.917561e-43   96
  6.915741e-01   3.743389e-42   2.590555e-04   2.422903e-43   384
  6.923987e-01   3.652796e-42   1.781778e-04   3.288111e-43   144
  6.932053e-01   3.520162e-42   2.737780e-04   1.863568e-43   408
  6.942079e-01   3.805043e-42   1.221243e-04   3.258568e-43   144
  6.951550e-01   3.774654e-42   2.347853e-04   2.623485e-43   192
  6.957167e-01   4.327767e-42   2.642552e-04   3.646981e-43   144
  6.966323e-01   3.409027e-42   2.148492e-04   2.980328e-43   144
  6.974962e-01   3.856009e-42   2.625805e-04   1.998950e-43   336
  6.985541e-01   3.061813e-42   1.942763e-04   1.957154e-43   240
  6.992249e-01   3.352744e-42   8.821915e-05   3.636833e-43   96
  7.001605e-01   5.308849e-42   2.587043e-04   6.701975e-43   372
  7.011070e-01   4.748523e-42   3.077232e-04   5.720153e-43   132
  7.019384e-01   3.472141e-42   1.904154e-04   2.478860e-43   264
  7.026821e-01   3.783307e-42   1.462304e-04   2.885173e-43   168
  7.034759e-01   3.500062e-42   2.337943e-04   2.345524e-43   216
  7.041771e-01   4.047527e-42   1.430383e-04   4.077564e-43   216
  7.051983e-01   3.650614e-42   2.624157e-04   3.564703e-43   96
  7.061249e-01   4.457047e-42   1.712023e-04   4.012527e-43   120
  7.069747e-01   4.047882e-42   2.176463e-04   2.308732e-43   216
  7.076747e-01   3.668827e-42   9.511215e-05   2.570405e-43   200
  7.086015e-01   3.584691e-42   2.462045e-04   2.304062e-43   288
  7.097902e-01   4.039961e-42   6.478119e-05   3.680468e-43   144
  7.102908e-01   3.496154e-42   2.015951e-04   2.856018e-43   168
  7.113130e-01   5.007238e-42   2.268765e-04   6.745633e-43   159
  7.121109e-01   4.761077e-42   2.380480e-04   4.066805e-43   174
  7.128831e-01   4.357325e-42   2.158536e-04   3.061915e-43   144
  7.138943e-01   4.550625e-42   1.246398e-04   3.603533e-43   222
  7.145705e-01   4.825370e-42   1.257726e-04   3.554257e-43   168
  7.157386e-01   4.532795e-42   2.758677e-04   8.467528e-43   30
  7.162211e-01   4.118961e-42   2.435709e-04   5.868912e-43   72
  7.171298e-01   4.646529e-42   2.173841e-04   3.078642e-43   258
  7.181290e-01   4.129809e-42   1.361533e-04   2.710063e-43   264
  7.186286e-01   3.649499e-42   1.468278e-08   5.081732e-43   72
  7.196697e-01   3.937337e-42   2.698616e-04   3.432465e-43   174
  7.206123e-01   3.359589e-42   2.873527e-04   3.192412e-43   168
  7.213701e-01   3.477515e-42   8.991328e-09   5.143497e-43   48
  7.221837e-01   3.737434e-42   1.622748e-04   3.055017e-43   150
  7.231270e-01   5.322444e-42   2.985162e-04   5.027365e-43   168
  7.240729e-01   4.343575e-42   1.818422e-04   2.984024e-43   144
  7.249427e-01   5.309887e-42   1.698820e-04   5.564259e-43   102
  7.255906e-01   3.781501e-42   2.514545e-04   3.941837e-43   96
  7.266185e-01   4.205743e-42   2.495518e-04   3.866431e-43   120
  7.273797e-01   4.406843e-42   2.676508e-04   3.094450e-43   168
  7.282031e-01   4.587212e-42   1.976389e-04   4.010773e-43   126
  7.289046e-01   4.294734e-42   1.490593e-04   3.286829e-43   168
  7.298711e-01   4.111292e-42   2.390167e-04   4.995680e-43   72
  7.307158e-01   4.041454e-42   2.993022e-04   3.094160e-43   168
  7.314557e-01   4.300677e-42   8.205344e-05   4.534348e-43   78
  7.324696e-01   3.811634e-42   1.347256e-04   8.517656e-43   60
  7.332860e-01   4.083568e-42   2.185468e-04   4.121062e-43   96
  7.341327e-01   3.508480e-42   2.651884e-04   2.594137e-43   168
  7.349284e-01   4.141424e-42   1.678009e-04   5.457687e-43   86
  7.357634e-01   4.276296e-42   1.499742e-04   4.548090e-43   120
  7.369601e-01   3.894872e-42   1.069515e-04   2.371172e-43   168
  7.376055e-01   4.624957e-42   0.000000e+00   6.897594e-43   48
  7.384747e-01   4.886797e-42   1.948541e-04   5.757716e-43   120
  7.389742e-01   5.450684e-42   1.421539e-04   5.144112e-43   126
  7.401935e-01   4.519841e-42   2.500091e-04   4.581329e-43   96
  7.409848e-01   3.600047e-42   7.209028e-05   2.642822e-43   96
  7.416089e-01   2.590213e-42   8.477105e-09   2.620691e-43   72
  7.429385e-01   4.420687e-42   8.991328e-09   7.002402e-43   24
  7.437683e-01   5.327676e-42   1.483601e-04   6.638669e-43   120
  7.444157e-01   4.486406e-42   2.164118e-04   5.015036e-43   126
  7.451355e-01   3.261564e-42   1.804085e-04   3.066973e-43   96
  7.459766e-01   3.779936e-42   3.117986e-04   3.267753e-43   72
  7.469132e-01   3.525203e-42   1.348634e-04   2.907458e-43   144
  7.476836e-01   4.720805e-42   7.778603e-05   6.096019e-43   72
  7.484533e-01   5.031067e-42   1.553665e-04   1.187657e-42   54
  7.491306e-01   4.656380e-42   1.369149e-04   5.647450e-43   108
  7.505382e-01   4.235209e-42   1.342120e-04   5.064260e-43   72
  7.509765e-01   4.383712e-42   7.744493e-05   7.060947e-43   72
  7.520162e-01   6.118573e-42   1.557344e-08   7.574887e-43   24
  7.529998e-01   2.604060e-42   1.638381e-04   3.738173e-43   48
  7.535971e-01   3.883822e-42   1.248023e-04   4.683413e-43   102
  7.544963e-01   4.845315e-42   2.822510e-04   3.549327e-43   168
  7.556711e-01   2.929313e-42   1.539331e-04   3.207616e-43   72
  7.561064e-01   4.545274e-42   0.000000e+00   5.307670e-43   48
  7.570195e-01   5.270420e-42   2.647743e-04   4.453962e-43   120
  7.582245e-01   4.531585e-42   1.627091e-04   4.689358e-43   96
  7.593627e-01   4.813103e-42   1.438612e-08   6.820368e-43   30
  7.607153e-01   6.203271e-42   7.644796e-05   7.658480e-43   72
  7.613097e-01   5.935471e-42   8.991328e-09   1.016388e-42   24
  7.620733e-01   4.262977e-42   1.133148e-04   4.828132e-43   56
  7.629285e-01   5.226557e-42   1.617059e-04   5.765551e-43   96
  7.639519e-01   4.405630e-42   1.785629e-04   4.118667e-43   144
  7.647411e-01   4.464263e-42   1.013810e-04   5.131009e-43   54
  7.658874e-01   5.670486e-42   1.518795e-04   5.916993e-43   108
  7.670409e-01   5.785712e-42   8.041947e-05   8.548655e-43   48
  7.681392e-01   4.745612e-42   3.028050e-04   4.656436e-43   72
  7.707744e-01   6.098561e-42   2.000642e-04   7.170523e-43   78
  7.715046e-01   3.990431e-42   1.507735e-04   5.095066e-43   72
  7.723570e-01   4.836459e-42   1.505863e-04   5.629682e-43   72
  7.732482e-01   4.447786e-42   3.633813e-04   4.880527e-43   96
  7.739527e-01   5.736958e-42   1.502759e-04   5.365300e-43   72
  7.748024e-01   8.410149e-42   0.000000e+00   1.404592e-42   24
  7.756510e-01   4.967548e-42   2.998733e-04   5.079634e-43   72
  7.775680e-01   8.595559e-42   1.904287e-04   1.774505e-42   30
  7.779804e-01   5.013854e-42   0.000000e+00   6.216444e-43   24
  7.801973e-01   6.682575e-42   1.581267e-04   9.681750e-43   48
  7.808927e-01   4.013494e-42   3.402886e-04   2.880205e-43   120
  7.818296e-01   4.529541e-42   1.487821e-04   5.516673e-43   72
  7.827758e-01   4.677369e-42   1.486022e-04   6.951655e-43   36
  7.834261e-01   5.088092e-42   2.937071e-04   6.655256e-43   78
  7.852411e-01   5.129599e-42   1.571111e-04   8.176554e-43   48
  7.875942e-01   7.352012e-42   1.271566e-08   1.888585e-42   24
  7.892707e-01   4.060662e-42   1.094089e-04   4.844452e-43   56
  7.901149e-01   5.024779e-42   1.683597e-04   4.359921e-43   102
  7.911888e-01   4.643682e-42   1.198844e-08   4.744562e-43   72
  7.918122e-01   4.695203e-42   8.991328e-09   9.385728e-43   24
  7.929021e-01   8.918103e-42   1.555930e-04   1.573005e-42   48
  7.949223e-01   8.108422e-42   0.000000e+00   1.336942e-42   24
  7.974016e-01   5.826323e-42   0.000000e+00   2.762263e-42   6
  7.981748e-01   5.740082e-42   0.000000e+00   7.775869e-43   24
  7.986898e-01   5.404623e-42   1.456409e-04   5.188167e-43   72
  7.996307e-01   6.135805e-42   2.717068e-04   6.044535e-43   84
  8.006440e-01   7.717781e-42   0.000000e+00   1.770755e-42   24
  8.009521e-01   7.739471e-42   1.271566e-08   2.545440e-42   24
  8.024909e-01   6.350334e-42   1.557344e-08   1.434968e-42   24
  8.046403e-01   8.905891e-42   0.000000e+00   8.153522e-43   6
  8.073954e-01   5.503162e-42   1.528000e-04   6.524102e-43   48
  8.080572e-01   5.007868e-42   2.878503e-04   5.313035e-43   72
  8.089220e-01   5.093857e-42   1.525117e-04   5.786458e-43   48
  8.102934e-01   5.675207e-42   0.000000e+00   1.108834e-42   24
  8.121184e-01   5.451949e-42   0.000000e+00   7.591065e-43   6
  8.162097e-01   9.832724e-42   0.000000e+00   2.138972e-42   8
  8.165120e-01   5.412160e-42   8.991328e-09   5.712078e-43   48
  8.172369e-01   7.517782e-42   1.479045e-04   8.891443e-43   60
  8.183231e-01   5.591294e-42   0.000000e+00   9.227811e-43   24
  8.198293e-01   6.040524e-42   0.000000e+00   3.275371e-42   6
  8.253784e-01   6.964036e-42   0.000000e+00   1.323873e-42   24
  8.258266e-01   6.338360e-42   1.493898e-04   9.569288e-43   48
  8.265733e-01   5.999559e-42   0.000000e+00   2.204988e-42   24
  8.277664e-01   1.523587e-41   0.000000e+00   4.983463e-42   6
  8.345448e-01   9.622715e-42   1.393664e-04   1.259556e-42   36
  8.350375e-01   8.128849e-42   0.000000e+00   1.688287e-42   24
  8.359234e-01   6.244914e-42   0.000000e+00   2.118193e-42   6
  8.436361e-01   1.085197e-41   1.266552e-04   1.472744e-42   32
  8.442939e-01   1.211169e-41   0.000000e+00   4.447936e-42   6
  8.525822e-01   2.685561e-41   0.000000e+00   7.957727e-42   12
  8.528715e-01   1.744108e-41   0.000000e+00   2.333641e-42   6
  8.616502e-01   2.067399e-41   0.000000e+00   8.294503e-42   6
