# power spectrum of pi_k
# redshift z=48.125939
# k              Pk             sigma(k)       sigma(Pk)      count
  1.570796e-02   1.181160e-11   0.000000e+00   4.761200e-12   6
  2.221441e-02   5.370022e-12   0.000000e+00   1.071921e-12   12
  2.720699e-02   3.300238e-12   2.980232e-10   6.717073e-13   8
  3.141593e-02   9.278202e-12   0.000000e+00   9.984167e-13   6
  3.512407e-02   5.610042e-12   5.619580e-10   1.788353e-12   24
  3.847649e-02   7.129566e-12   5.619580e-10   1.201316e-12   24
  4.442883e-02   2.658450e-12   0.000000e+00   1.196810e-12   12
  4.712389e-02   2.888019e-12   6.357829e-10   5.320512e-13   30
  4.967294e-02   3.418724e-12   0.000000e+00   7.536846e-13   24
  5.209742e-02   2.982567e-12   9.733398e-10   7.394470e-13   24
  5.441398e-02   3.354487e-12   5.960464e-10   6.797293e-13   8
  5.663587e-02   2.751136e-12   7.947286e-10   3.417760e-13   24
  5.877382e-02   2.517781e-12   0.000000e+00   3.538058e-13   48
  6.283185e-02   2.837351e-12   0.000000e+00   1.247532e-12   6
  6.476559e-02   2.224230e-12   7.947286e-10   3.124494e-13   48
  6.664324e-02   2.020190e-12   7.492773e-10   2.099062e-13   36
  6.846942e-02   2.848304e-12   7.947286e-10   5.954690e-13   24
  7.024815e-02   1.635976e-12   1.123916e-09   2.817194e-13   24
  7.198293e-02   1.433888e-12   0.000000e+00   1.950025e-13   48
  7.367688e-02   2.179300e-12   1.123916e-09   3.101741e-13   24
  7.695299e-02   1.658962e-12   1.123916e-09   2.610037e-13   24
  7.853982e-02   1.107388e-12   0.000000e+00   1.813176e-13   30
  8.009521e-02   1.155008e-12   0.000000e+00   1.275238e-13   72
  8.162097e-02   1.099440e-12   1.192093e-09   2.237611e-13   32
  8.458997e-02   1.400701e-12   0.000000e+00   1.624179e-13   72
  8.603606e-02   8.321986e-13   0.000000e+00   1.217348e-13   48
  8.885766e-02   4.228756e-13   0.000000e+00   1.257809e-13   12
  9.091388e-02   7.623508e-13   6.784996e-04   7.088899e-14   96
  9.292956e-02   9.186143e-13   1.123916e-09   1.158767e-13   48
  9.424778e-02   1.082686e-12   1.271566e-09   1.898353e-13   30
  9.650974e-02   9.473239e-13   5.553727e-04   8.895412e-14   96
  9.934588e-02   5.432908e-13   0.000000e+00   1.033174e-13   24
  1.009864e-01   7.537819e-13   5.747348e-04   6.122037e-14   144
  1.030040e-01   5.133459e-13   1.946680e-09   1.260896e-13   24
  1.050779e-01   7.434135e-13   5.098206e-04   8.472007e-14   96
  1.065366e-01   6.420894e-13   0.000000e+00   9.887319e-14   48
  1.098102e-01   7.673222e-13   3.780724e-04   8.675946e-14   62
  1.114740e-01   5.517422e-13   5.316623e-04   6.677916e-14   132
  1.132717e-01   3.592681e-13   1.589457e-09   6.406870e-14   24
  1.149693e-01   5.577846e-13   5.313863e-04   4.734128e-14   168
  1.180701e-01   6.436074e-13   5.224442e-04   5.384378e-14   96
  1.203984e-01   4.291584e-13   4.446482e-04   4.050452e-14   96
  1.232554e-01   4.450451e-13   4.956196e-04   3.668019e-14   168
  1.256637e-01   5.933025e-13   0.000000e+00   2.606887e-13   6
  1.266416e-01   4.862725e-13   0.000000e+00   4.707838e-14   96
  1.278047e-01   4.621531e-13   3.852495e-04   4.558544e-14   120
  1.301638e-01   3.636414e-13   4.473436e-04   2.879741e-14   144
  1.314222e-01   4.206916e-13   0.000000e+00   5.666564e-14   48
  1.338136e-01   3.644044e-13   4.564740e-04   3.937353e-14   84
  1.351250e-01   3.984173e-13   3.114687e-09   3.576601e-14   120
  1.363061e-01   3.062746e-13   4.142175e-04   3.517930e-14   80
  1.381342e-01   2.856599e-13   4.205668e-04   2.095219e-14   144
  1.404963e-01   3.492040e-13   2.247832e-09   6.476839e-14   24
  1.416501e-01   3.789116e-13   4.058285e-04   3.154791e-14   150
  1.434502e-01   3.340469e-13   4.210699e-04   2.438955e-14   120
  1.454270e-01   2.952648e-13   3.837166e-04   2.493813e-14   168
  1.473538e-01   4.344109e-13   2.247832e-09   7.271854e-14   24
  1.485660e-01   2.500285e-13   4.133786e-04   1.585029e-14   264
  1.498444e-01   1.934668e-13   2.247832e-09   2.706537e-14   48
  1.520236e-01   2.476846e-13   3.828947e-04   2.047346e-14   144
  1.544390e-01   2.951149e-13   3.768959e-04   3.623852e-14   72
  1.558174e-01   2.290590e-13   3.876848e-04   1.463061e-14   180
  1.577444e-01   2.359921e-13   2.809042e-04   1.762286e-14   198
  1.586427e-01   2.449431e-13   0.000000e+00   2.673263e-14   48
  1.606295e-01   1.939965e-13   3.802118e-04   1.460954e-14   168
  1.621039e-01   2.261583e-13   3.805277e-04   2.063888e-14   144
  1.643345e-01   2.072687e-13   5.346625e-04   1.079993e-14   248
  1.673465e-01   1.443032e-13   3.686065e-04   1.013982e-14   192
  1.693976e-01   1.853953e-13   5.693667e-04   1.219493e-14   240
  1.706322e-01   1.995817e-13   0.000000e+00   2.161386e-14   72
  1.725150e-01   2.040587e-13   3.474519e-04   1.777553e-14   126
  1.737029e-01   2.152399e-13   3.205713e-04   1.700947e-14   168
  1.759709e-01   1.981906e-13   3.505411e-04   1.108795e-14   288
  1.783549e-01   1.788118e-13   1.846233e-04   1.519831e-14   156
  1.795894e-01   1.513382e-13   3.105899e-04   1.321773e-14   168
  1.814616e-01   1.591698e-13   5.324516e-04   9.732301e-15   264
  1.831848e-01   1.490361e-13   0.000000e+00   1.840837e-14   48
  1.844652e-01   1.484717e-13   5.299184e-04   9.727193e-15   264
  1.863009e-01   1.495448e-13   3.123533e-04   1.240519e-14   144
  1.876872e-01   1.655402e-13   6.390593e-04   1.888034e-14   78
  1.897067e-01   1.324715e-13   4.154149e-04   7.291569e-15   336
  1.916111e-01   1.215167e-13   3.160631e-04   8.218639e-15   200
  1.928618e-01   1.176988e-13   6.188557e-04   8.959163e-15   192
  1.945503e-01   1.445938e-13   3.105574e-04   1.029572e-14   240
  1.961016e-01   1.513885e-13   6.223754e-04   1.041540e-14   168
  1.976952e-01   1.234196e-13   4.982915e-04   1.060694e-14   120
  1.996091e-01   1.349338e-13   3.894583e-04   7.200441e-15   324
  2.014663e-01   1.193402e-13   3.061804e-04   8.152911e-15   192
  2.027302e-01   1.328383e-13   5.491178e-04   9.631916e-15   168
  2.048802e-01   9.683840e-14   4.522690e-04   5.336408e-15   342
  2.068188e-01   1.302675e-13   3.641675e-04   6.660217e-15   336
  2.087838e-01   1.411325e-13   2.786838e-04   1.574927e-14   72
  2.101088e-01   1.114729e-13   4.457174e-04   7.431749e-15   288
  2.116470e-01   1.091800e-13   2.902819e-04   7.920890e-15   264
  2.137954e-01   9.457637e-14   3.817923e-04   5.108440e-15   384
  2.157197e-01   9.700707e-14   4.582500e-04   7.243874e-15   240
  2.165193e-01   1.021148e-13   0.000000e+00   1.248241e-14   48
  2.188323e-01   9.755726e-14   3.751076e-04   4.921482e-15   392
  2.205970e-01   8.825893e-14   4.116619e-04   5.018135e-15   294
  2.224945e-01   8.575414e-14   2.675587e-04   6.344999e-15   228
  2.237424e-01   1.003689e-13   4.063271e-04   6.560183e-15   216
  2.252951e-01   8.210177e-14   2.475063e-04   4.334005e-15   336
  2.271958e-01   8.597698e-14   2.940781e-04   4.920946e-15   360
  2.287649e-01   9.191548e-14   4.480490e-04   5.672362e-15   240
  2.303999e-01   8.208367e-14   5.301447e-04   5.728844e-15   168
  2.319249e-01   7.586172e-14   4.172883e-04   4.319217e-15   312
  2.337418e-01   7.408876e-14   2.611535e-04   3.775612e-15   336
  2.357046e-01   7.894531e-14   3.562619e-04   4.796649e-15   294
  2.371846e-01   8.783812e-14   4.748243e-04   5.415754e-15   288
  2.383170e-01   6.119347e-14   2.971134e-04   4.009809e-15   264
  2.403364e-01   7.008402e-14   5.103645e-04   3.565944e-15   480
  2.420249e-01   7.713727e-14   2.496686e-04   4.612442e-15   240
  2.440949e-01   7.489608e-14   2.524589e-04   4.390905e-15   276
  2.457280e-01   6.970611e-14   5.541970e-04   2.920811e-15   488
  2.476682e-01   7.869563e-14   2.440802e-04   6.955276e-15   240
  2.487944e-01   7.075494e-14   4.739408e-04   3.504225e-15   360
  2.503735e-01   5.907268e-14   1.686210e-04   4.395379e-15   198
  2.524044e-01   5.681647e-14   5.697771e-04   2.478123e-15   480
  2.538913e-01   5.642594e-14   2.103076e-04   3.420573e-15   288
  2.559478e-01   6.414352e-14   4.445422e-04   3.035148e-15   480
  2.577972e-01   6.488323e-14   2.738942e-04   2.742998e-15   480
  2.596963e-01   5.589896e-14   3.542367e-04   3.753210e-15   288
  2.608812e-01   6.239931e-14   3.779053e-04   3.548860e-15   288
  2.627448e-01   5.910185e-14   6.569890e-04   2.852514e-15   456
  2.646214e-01   6.491831e-14   6.187305e-04   3.196631e-15   360
  2.658312e-01   5.739710e-14   3.708853e-04   3.559874e-15   180
  2.675821e-01   4.797874e-14   4.039393e-04   2.040035e-15   486
  2.693567e-01   5.309059e-14   5.373692e-04   2.383871e-15   504
  2.711612e-01   5.621279e-14   4.175087e-04   2.670364e-15   456
  2.726573e-01   5.364895e-14   3.468761e-04   3.143828e-15   296
  2.746340e-01   4.987928e-14   3.422861e-04   2.198080e-15   528
  2.761206e-01   4.982287e-14   3.377476e-04   2.522556e-15   336
  2.783101e-01   4.934649e-14   3.746254e-04   2.042498e-15   600
  2.799128e-01   4.073990e-14   2.194755e-04   2.414326e-15   264
  2.815189e-01   4.743484e-14   2.373367e-04   2.324402e-15   360
  2.831582e-01   4.478046e-14   4.751715e-04   1.949734e-15   630
  2.849646e-01   5.088636e-14   2.452791e-04   2.420789e-15   432
  2.865671e-01   4.829248e-14   4.725907e-04   2.273583e-15   408
  2.885340e-01   4.368408e-14   3.136768e-04   2.360248e-15   324
  2.899972e-01   4.111953e-14   4.470278e-04   1.547051e-15   744
  2.917622e-01   3.958773e-14   3.573689e-04   2.208827e-15   336
  2.934486e-01   4.460852e-14   4.912911e-04   1.951827e-15   528
  2.952978e-01   3.737037e-14   2.506716e-04   1.985297e-15   408
  2.965238e-01   3.625038e-14   4.266433e-04   1.795825e-15   408
  2.985496e-01   3.688125e-14   3.522079e-04   1.656773e-15   470
  3.000252e-01   3.895641e-14   4.231156e-04   1.765058e-15   528
  3.020857e-01   3.316903e-14   3.525700e-04   1.230416e-15   624
  3.036033e-01   3.761555e-14   2.682725e-04   1.734232e-15   504
  3.051691e-01   3.251336e-14   3.736837e-04   1.407033e-15   552
  3.067221e-01   3.544581e-14   1.816539e-04   1.786280e-15   336
  3.086668e-01   3.750447e-14   3.866695e-04   1.634038e-15   528
  3.101733e-01   3.507988e-14   4.402305e-04   1.390487e-15   564
  3.119378e-01   3.309771e-14   4.051859e-04   1.595656e-15   528
  3.138508e-01   3.598110e-14   6.290633e-04   1.578359e-15   582
  3.155905e-01   3.298393e-14   4.842838e-04   1.316302e-15   624
  3.171120e-01   3.180925e-14   5.536295e-04   1.599422e-15   432
  3.189273e-01   3.278495e-14   6.158164e-04   1.120760e-15   816
  3.207951e-01   3.365202e-14   2.806614e-04   1.856788e-15   312
  3.220171e-01   2.940892e-14   4.548743e-04   1.312684e-15   552
  3.239876e-01   3.034459e-14   2.864905e-04   1.126292e-15   744
  3.254151e-01   3.305955e-14   2.676404e-04   1.799157e-15   408
  3.272576e-01   2.836824e-14   3.835404e-04   1.144850e-15   632
  3.291717e-01   3.250880e-14   6.513489e-04   1.199124e-15   750
  3.307289e-01   3.113122e-14   4.480796e-04   1.650230e-15   312
  3.324641e-01   2.918732e-14   6.615270e-04   1.001626e-15   876
  3.341804e-01   2.353563e-14   4.319379e-04   9.802279e-16   552
  3.361143e-01   2.859934e-14   3.572110e-04   1.125437e-15   696
  3.374317e-01   2.821824e-14   3.942932e-04   1.198842e-15   576
  3.392245e-01   2.489041e-14   4.174616e-04   1.151166e-15   576
  3.407547e-01   2.786550e-14   5.593999e-04   1.098842e-15   648
  3.426040e-01   2.724345e-14   5.599242e-04   9.974177e-16   672
  3.446457e-01   2.607918e-14   2.374990e-04   1.239890e-15   480
  3.459524e-01   2.412935e-14   3.677960e-04   8.635918e-16   726
  3.476351e-01   2.632075e-14   4.167607e-04   9.185842e-16   792
  3.494576e-01   2.391308e-14   5.781572e-04   8.762273e-16   768
  3.513784e-01   2.474022e-14   4.725059e-04   9.259110e-16   672
  3.531396e-01   2.377892e-14   3.169470e-04   9.213901e-16   608
  3.544145e-01   2.250478e-14   3.042788e-04   8.881621e-16   624
  3.562333e-01   2.231518e-14   3.954077e-04   8.086742e-16   684
  3.580024e-01   2.241410e-14   5.840631e-04   7.680709e-16   768
  3.596489e-01   2.300790e-14   4.669543e-04   7.896024e-16   744
  3.616107e-01   2.131845e-14   2.940222e-04   7.347356e-16   750
  3.630406e-01   1.978693e-14   4.370248e-04   8.577535e-16   600
  3.645869e-01   2.063893e-14   4.640415e-04   8.335655e-16   600
  3.664974e-01   2.111485e-14   5.347792e-04   6.455640e-16   1008
  3.680145e-01   2.100844e-14   2.966070e-04   7.921044e-16   696
  3.696957e-01   2.141328e-14   3.918311e-04   8.668687e-16   624
  3.713857e-01   2.055796e-14   6.097387e-04   7.544040e-16   840
  3.733058e-01   2.152626e-14   4.148780e-04   7.387240e-16   816
  3.748632e-01   1.917730e-14   2.755717e-04   6.578050e-16   744
  3.764360e-01   1.951282e-14   4.871654e-04   8.174227e-16   510
  3.783359e-01   1.973819e-14   4.677188e-04   6.317060e-16   1020
  3.801042e-01   1.912827e-14   3.774027e-04   6.053503e-16   912
  3.818473e-01   1.951530e-14   5.591433e-04   6.956334e-16   752
  3.832886e-01   1.898054e-14   4.639583e-04   7.239558e-16   888
  3.852555e-01   1.773948e-14   2.993905e-04   6.248442e-16   768
  3.868644e-01   1.796688e-14   5.440188e-04   6.452115e-16   720
  3.887159e-01   1.754202e-14   4.795683e-04   5.561854e-16   1056
  3.903582e-01   1.757028e-14   3.317856e-04   7.628743e-16   504
  3.917039e-01   1.628914e-14   5.180898e-04   6.150337e-16   774
  3.936283e-01   1.672632e-14   4.982654e-04   5.080681e-16   1272
  3.954358e-01   1.701115e-14   3.264422e-04   6.455818e-16   744
  3.971211e-01   1.543667e-14   5.330594e-04   5.483280e-16   768
  3.986674e-01   1.620967e-14   4.508988e-04   5.325606e-16   840
  4.004039e-01   1.682878e-14   3.056972e-04   5.399779e-16   924
  4.020760e-01   1.598269e-14   5.389435e-04   5.215418e-16   936
  4.037194e-01   1.470157e-14   3.745454e-04   4.818167e-16   840
  4.053748e-01   1.615324e-14   4.452908e-04   5.026621e-16   1008
  4.074786e-01   1.456506e-14   5.026919e-04   5.357116e-16   696
  4.087986e-01   1.384386e-14   4.468063e-04   4.310459e-16   974
  4.107598e-01   1.513947e-14   5.934108e-04   4.307129e-16   1152
  4.124648e-01   1.484580e-14   2.322032e-04   4.934765e-16   816
  4.137908e-01   1.329801e-14   5.108209e-04   4.334607e-16   816
  4.155748e-01   1.410170e-14   4.510778e-04   4.020777e-16   1152
  4.174563e-01   1.402470e-14   4.061247e-04   4.431753e-16   912
  4.191672e-01   1.469664e-14   4.934415e-04   4.373694e-16   1056
  4.206322e-01   1.418573e-14   4.219808e-04   5.580892e-16   624
  4.226021e-01   1.318797e-14   5.271094e-04   3.938800e-16   1260
  4.243023e-01   1.355145e-14   3.179301e-04   4.533280e-16   894
  4.259628e-01   1.408820e-14   5.447273e-04   3.792630e-16   1176
  4.276242e-01   1.199957e-14   4.508728e-04   4.441022e-16   840
  4.295151e-01   1.302113e-14   5.124827e-04   3.301897e-16   1440
  4.315006e-01   1.171138e-14   2.881208e-04   3.775485e-16   864
  4.330060e-01   1.308081e-14   4.944294e-04   4.168467e-16   1056
  4.345044e-01   1.309514e-14   2.915091e-04   5.252894e-16   624
  4.363242e-01   1.250167e-14   5.398245e-04   3.222051e-16   1496
  4.380644e-01   1.229256e-14   3.811353e-04   4.580555e-16   936
  4.396135e-01   1.178156e-14   5.517639e-04   3.736799e-16   966
  4.412804e-01   1.152747e-14   3.911127e-04   3.739764e-16   936
  4.430314e-01   1.166695e-14   4.837854e-04   3.195898e-16   1248
  4.448240e-01   1.082683e-14   3.410472e-04   3.131462e-16   1044
  4.464944e-01   1.111685e-14   5.282931e-04   3.124449e-16   1392
  4.478173e-01   1.024593e-14   4.068922e-04   3.924771e-16   600
  4.497097e-01   1.059996e-14   4.622723e-04   2.728296e-16   1416
  4.514841e-01   1.084891e-14   4.975797e-04   3.113989e-16   1152
  4.532821e-01   1.060032e-14   4.773496e-04   3.330464e-16   936
  4.547305e-01   1.060738e-14   5.119809e-04   3.587443e-16   870
  4.564516e-01   1.106270e-14   4.292755e-04   3.198704e-16   1368
  4.583615e-01   1.050628e-14   5.643853e-04   2.719107e-16   1632
  4.599936e-01   1.061885e-14   2.450244e-04   3.726760e-16   816
  4.617604e-01   1.045251e-14   5.590000e-04   2.986627e-16   1200
  4.633019e-01   1.045804e-14   5.344699e-04   2.995795e-16   1184
  4.648678e-01   1.062835e-14   4.056277e-04   3.426389e-16   984
  4.667890e-01   9.868752e-15   4.952299e-04   2.549654e-16   1572
  4.685308e-01   1.061182e-14   2.727317e-04   3.729147e-16   840
  4.701539e-01   9.481558e-15   6.342482e-04   2.463062e-16   1392
  4.718677e-01   9.292654e-15   4.656646e-04   2.855765e-16   1158
  4.733973e-01   9.641833e-15   4.240237e-04   2.683928e-16   1272
  4.752392e-01   9.673112e-15   4.321181e-04   2.605101e-16   1320
  4.769691e-01   9.214998e-15   4.228227e-04   2.860515e-16   1104
  4.786151e-01   8.910338e-15   4.785761e-04   2.486211e-16   1392
  4.803427e-01   8.629748e-15   5.176282e-04   2.465145e-16   1296
  4.821220e-01   8.859421e-15   5.404894e-04   2.357228e-16   1392
  4.837916e-01   8.793882e-15   3.964922e-04   2.630533e-16   1104
  4.853363e-01   8.380467e-15   4.994197e-04   2.216777e-16   1320
  4.875364e-01   8.484084e-15   3.813995e-04   2.237270e-16   1422
  4.889418e-01   8.180815e-15   4.750117e-04   2.361344e-16   1212
  4.905562e-01   8.016684e-15   5.190595e-04   2.149106e-16   1280
  4.922146e-01   8.629679e-15   5.404823e-04   2.412744e-16   1272
  4.938041e-01   8.661123e-15   4.677338e-04   2.137834e-16   1680
  4.956881e-01   7.531694e-15   4.419216e-04   2.229841e-16   1152
  4.974225e-01   7.826351e-15   5.117608e-04   1.899953e-16   1512
  4.992459e-01   7.664031e-15   2.160634e-04   2.575681e-16   912
  5.006872e-01   8.028021e-15   5.446515e-04   1.842846e-16   1680
  5.026041e-01   6.985148e-15   4.824972e-04   1.748313e-16   1518
  5.040250e-01   7.842587e-15   4.467006e-04   2.306896e-16   1056
  5.055216e-01   7.456964e-15   4.510442e-04   1.907052e-16   1344
  5.074562e-01   8.270945e-15   4.843229e-04   1.986314e-16   1680
  5.092067e-01   7.321969e-15   4.772500e-04   1.844829e-16   1656
  5.111194e-01   6.994322e-15   4.056700e-04   2.203537e-16   1140
  5.125554e-01   7.064885e-15   4.697351e-04   1.990488e-16   1368
  5.142450e-01   7.126043e-15   5.343264e-04   1.781546e-16   1656
  5.159625e-01   7.301452e-15   5.472649e-04   2.031414e-16   1448
  5.178320e-01   6.967353e-15   5.141193e-04   1.769214e-16   1422
  5.195587e-01   7.081290e-15   5.675668e-04   1.806357e-16   1512
  5.210354e-01   7.025843e-15   4.326963e-04   2.006563e-16   1296
  5.227440e-01   6.623909e-15   3.950802e-04   1.587474e-16   1824
  5.245911e-01   6.669617e-15   5.122810e-04   1.697756e-16   1464
  5.264571e-01   6.289448e-15   4.571373e-04   1.386716e-16   1824
  5.281889e-01   6.670516e-15   3.634473e-04   1.738390e-16   1416
  5.296954e-01   6.555133e-15   5.323525e-04   1.751125e-16   1392
  5.313218e-01   6.324916e-15   4.912467e-04   1.610333e-16   1464
  5.333061e-01   5.821208e-15   4.802698e-04   1.555886e-16   1524
  5.348395e-01   6.123256e-15   4.425765e-04   1.548330e-16   1686
  5.366116e-01   6.051361e-15   5.269753e-04   1.509093e-16   1800
  5.381347e-01   6.417590e-15   4.183682e-04   1.855721e-16   1344
  5.398246e-01   6.306309e-15   4.881086e-04   1.685366e-16   1656
  5.415187e-01   6.129007e-15   3.897299e-04   1.512063e-16   1488
  5.429907e-01   6.193572e-15   3.890952e-04   1.575007e-16   1536
  5.450417e-01   5.848884e-15   4.322407e-04   1.427309e-16   1760
  5.466309e-01   5.830537e-15   4.807835e-04   1.338995e-16   1824
  5.484686e-01   6.053750e-15   4.034669e-04   1.502090e-16   1560
  5.502369e-01   5.818931e-15   4.634195e-04   1.340579e-16   1926
  5.519000e-01   5.838078e-15   3.295522e-04   1.619857e-16   1272
  5.534180e-01   5.510318e-15   5.538121e-04   1.277424e-16   1848
  5.554133e-01   5.793855e-15   4.474326e-04   1.272160e-16   1908
  5.569309e-01   5.472538e-15   4.364115e-04   1.402577e-16   1488
  5.585322e-01   5.250452e-15   4.921783e-04   1.292023e-16   1800
  5.602682e-01   5.316698e-15   4.926635e-04   1.278290e-16   1752
  5.619310e-01   5.114990e-15   5.238690e-04   1.353109e-16   1368
  5.635951e-01   5.379417e-15   4.923362e-04   1.130434e-16   2016
  5.654253e-01   5.472961e-15   5.200281e-04   1.353664e-16   1542
  5.671144e-01   5.064778e-15   5.092480e-04   1.135781e-16   2184
  5.689840e-01   5.254576e-15   4.658463e-04   1.206872e-16   1776
  5.705991e-01   5.021608e-15   5.325328e-04   1.437952e-16   1568
  5.721386e-01   5.178085e-15   4.865284e-04   1.148049e-16   2040
  5.738138e-01   5.268212e-15   5.201423e-04   1.270797e-16   1704
  5.755673e-01   4.798062e-15   5.214047e-04   1.238009e-16   1512
  5.772206e-01   4.970468e-15   4.447597e-04   1.106297e-16   2028
  5.790782e-01   4.871141e-15   5.364945e-04   1.056309e-16   1968
  5.807766e-01   4.744819e-15   5.441935e-04   1.055550e-16   1854
  5.824386e-01   4.571764e-15   5.187839e-04   1.067313e-16   1632
  5.841419e-01   4.741034e-15   5.330949e-04   9.173508e-17   2424
  5.859073e-01   4.526119e-15   5.336494e-04   1.115436e-16   1560
  5.873997e-01   4.679070e-15   5.042981e-04   1.057179e-16   1728
  5.892030e-01   4.479387e-15   5.383151e-04   1.017837e-16   2088
  5.910182e-01   4.298860e-15   5.124183e-04   9.805205e-17   1968
  5.926879e-01   4.420577e-15   5.073434e-04   9.756660e-17   2256
  5.943623e-01   4.476760e-15   4.510844e-04   1.022293e-16   1728
  5.961102e-01   4.374575e-15   4.446730e-04   1.208086e-16   1416
  5.976587e-01   4.578505e-15   4.687744e-04   9.554438e-17   2246
  5.994119e-01   4.233469e-15   5.191625e-04   9.657845e-17   2148
  6.010893e-01   4.364674e-15   4.385384e-04   1.080763e-16   1680
  6.026682e-01   4.208364e-15   5.544042e-04   8.086565e-17   2280
  6.045659e-01   4.234982e-15   5.162727e-04   8.365367e-17   2352
  6.063384e-01   4.175687e-15   4.337978e-04   1.034704e-16   1632
  6.077406e-01   4.148321e-15   4.963799e-04   9.569317e-17   1968
  6.096649e-01   4.012974e-15   5.092860e-04   8.833515e-17   2112
  6.114492e-01   3.876159e-15   3.825636e-04   8.651640e-17   2208
  6.131831e-01   3.980147e-15   3.857391e-04   8.645999e-17   1974
  6.145516e-01   3.777747e-15   3.773577e-04   8.559441e-17   1944
  6.164004e-01   4.032423e-15   4.269369e-04   8.654758e-17   2160
  6.180028e-01   3.858070e-15   3.992823e-04   8.739759e-17   2040
  6.197345e-01   3.927439e-15   5.586051e-04   8.402382e-17   2352
  6.215106e-01   3.988550e-15   4.640665e-04   9.170688e-17   1836
  6.231317e-01   3.773263e-15   4.950444e-04   7.449026e-17   2352
  6.249518e-01   3.652495e-15   5.192346e-04   8.094369e-17   2008
  6.266203e-01   3.643889e-15   5.108010e-04   7.686915e-17   2464
  6.284808e-01   3.691761e-15   4.119834e-04   7.728787e-17   2118
  6.300068e-01   3.583348e-15   4.141467e-04   8.328188e-17   1848
  6.315775e-01   3.813291e-15   5.480513e-04   8.488630e-17   2280
  6.334747e-01   3.659666e-15   5.213278e-04   7.467681e-17   2472
  6.352475e-01   3.480818e-15   3.483875e-04   7.513096e-17   2280
  6.367358e-01   3.732810e-15   4.258450e-04   8.765884e-17   1992
  6.383407e-01   3.587421e-15   4.476942e-04   7.063722e-17   2184
  6.401915e-01   3.210259e-15   5.400739e-04   6.752060e-17   2352
  6.419748e-01   3.412738e-15   5.691414e-04   6.788721e-17   2496
  6.437210e-01   3.275138e-15   5.315847e-04   8.111607e-17   1770
  6.452872e-01   3.493405e-15   4.586736e-04   7.015707e-17   2568
  6.471700e-01   3.375233e-15   5.625819e-04   6.545543e-17   2712
  6.488816e-01   3.379445e-15   4.467713e-04   7.000769e-17   2448
  6.505906e-01   3.437706e-15   3.766053e-04   7.385822e-17   2064
  6.520083e-01   3.146592e-15   3.975154e-04   7.463748e-17   1944
  6.538465e-01   3.138558e-15   4.910776e-04   6.541622e-17   2480
  6.557218e-01   3.199677e-15   5.334543e-04   6.062844e-17   2880
  6.573828e-01   3.182217e-15   5.117233e-04   6.508426e-17   2304
  6.591177e-01   3.134898e-15   4.701472e-04   6.922430e-17   1806
  6.606561e-01   3.124747e-15   4.610710e-04   5.770184e-17   2856
  6.625838e-01   3.147464e-15   4.421809e-04   6.344932e-17   2568
  6.640509e-01   2.899535e-15   4.436302e-04   6.434083e-17   2112
  6.656475e-01   3.022339e-15   4.272941e-04   7.001060e-17   2028
  6.673605e-01   2.996145e-15   5.057904e-04   5.555139e-17   2712
  6.690998e-01   3.045795e-15   5.449093e-04   5.620951e-17   2952
  6.709691e-01   3.027756e-15   4.210349e-04   6.486510e-17   2112
  6.724803e-01   2.922839e-15   4.934314e-04   5.706188e-17   2520
  6.742956e-01   2.834977e-15   4.759244e-04   5.851326e-17   2376
  6.759489e-01   2.930717e-15   3.815168e-04   5.919255e-17   2526
  6.776650e-01   2.953869e-15   4.747876e-04   5.812306e-17   2664
  6.793642e-01   2.898104e-15   5.662862e-04   5.828710e-17   2408
  6.809929e-01   2.873177e-15   4.536173e-04   5.796999e-17   2568
  6.826540e-01   2.917254e-15   4.276796e-04   5.341397e-17   2904
  6.844561e-01   2.783993e-15   4.798687e-04   5.429713e-17   2544
  6.861681e-01   2.765748e-15   3.534563e-04   5.916077e-17   2160
  6.877835e-01   2.917987e-15   6.110852e-04   5.709887e-17   2652
  6.895681e-01   2.670063e-15   4.838537e-04   5.083687e-17   2784
  6.912854e-01   2.808521e-15   4.778196e-04   5.121404e-17   2694
  6.930647e-01   2.580070e-15   4.294263e-04   4.751698e-17   2952
  6.946107e-01   2.797296e-15   4.067448e-04   5.800658e-17   2208
  6.961857e-01   2.589199e-15   4.335098e-04   5.358168e-17   2304
  6.979438e-01   2.514893e-15   5.637316e-04   4.008150e-17   3504
  6.999941e-01   2.637229e-15   4.564735e-04   5.491050e-17   2616
  7.015932e-01   2.621885e-15   4.459377e-04   5.150187e-17   2664
  7.031336e-01   2.532831e-15   4.143151e-04   5.024530e-17   2448
  7.046858e-01   2.588293e-15   5.770045e-04   5.125303e-17   2472
  7.065119e-01   2.587295e-15   4.587514e-04   4.583259e-17   3134
  7.082307e-01   2.543827e-15   5.017392e-04   5.009619e-17   2616
  7.099467e-01   2.375207e-15   4.064282e-04   4.672297e-17   2712
  7.117121e-01   2.395724e-15   4.661143e-04   4.256549e-17   3204
  7.133994e-01   2.375703e-15   5.368237e-04   4.739741e-17   2760
  7.150019e-01   2.343227e-15   4.683701e-04   4.479531e-17   2688
  7.167690e-01   2.387359e-15   4.428424e-04   4.751980e-17   2760
  7.183316e-01   2.285564e-15   3.656620e-04   4.586225e-17   2568
  7.201311e-01   2.264409e-15   5.678551e-04   3.863440e-17   3336
  7.218583e-01   2.331929e-15   4.806270e-04   4.640794e-17   2334
  7.236024e-01   2.221500e-15   5.318655e-04   3.970949e-17   3264
  7.252322e-01   2.306414e-15   3.867069e-04   4.429618e-17   2760
  7.269038e-01   2.207608e-15   4.670323e-04   3.885462e-17   3192
  7.286057e-01   2.225313e-15   4.848795e-04   4.276479e-17   2904
  7.304158e-01   2.199491e-15   4.865095e-04   4.241523e-17   2784
  7.319309e-01   2.289470e-15   4.004063e-04   4.662071e-17   2592
  7.336545e-01   2.145625e-15   5.458110e-04   3.627796e-17   3284
  7.354862e-01   2.200669e-15   5.482421e-04   4.032255e-17   3168
  7.371250e-01   2.167929e-15   4.523390e-04   4.205424e-17   2616
  7.388477e-01   2.039640e-15   4.370713e-04   3.677265e-17   3222
  7.405235e-01   2.086107e-15   4.904075e-04   3.441081e-17   3240
  7.421464e-01   2.127340e-15   4.961262e-04   4.337205e-17   2568
  7.439914e-01   2.154878e-15   4.552202e-04   3.855523e-17   3120
  7.455341e-01   2.156183e-15   5.004475e-04   3.929815e-17   3168
  7.471932e-01   2.010071e-15   4.381038e-04   3.631663e-17   3240
  7.490082e-01   1.995636e-15   4.494836e-04   3.487853e-17   3144
  7.507715e-01   1.945944e-15   4.284362e-04   3.561567e-17   2856
  7.524381e-01   1.982361e-15   4.575871e-04   3.394700e-17   3264
  7.543240e-01   2.022364e-15   5.056132e-04   3.541102e-17   3318
  7.558082e-01   2.002029e-15   3.541030e-04   4.262341e-17   2556
  7.575771e-01   1.937512e-15   6.048733e-04   2.997445e-17   4008
  7.593679e-01   1.949956e-15   4.465021e-04   3.709005e-17   2904
  7.609000e-01   1.885915e-15   4.565641e-04   3.255041e-17   3144
  7.626441e-01   1.824830e-15   4.759726e-04   3.322312e-17   3200
  7.644490e-01   1.873953e-15   4.694243e-04   3.273772e-17   3312
  7.660670e-01   1.938946e-15   3.783351e-04   3.710648e-17   2832
  7.678735e-01   1.852407e-15   5.444478e-04   2.951632e-17   3984
  7.695508e-01   2.004890e-15   4.426103e-04   4.360033e-17   2238
  7.710821e-01   1.838946e-15   5.208763e-04   2.968740e-17   3984
  7.729819e-01   1.783376e-15   4.949876e-04   3.162923e-17   3384
  7.745602e-01   1.885465e-15   4.626797e-04   3.457638e-17   3048
  7.762081e-01   1.743294e-15   4.248302e-04   3.161540e-17   3096
  7.779294e-01   1.833791e-15   4.815324e-04   2.910192e-17   3708
  7.796408e-01   1.721823e-15   4.564274e-04   3.357260e-17   2784
  7.812306e-01   1.840453e-15   4.740872e-04   3.087217e-17   3648
  7.830363e-01   1.754467e-15   4.879380e-04   2.912113e-17   3888
  7.849582e-01   1.711190e-15   5.208881e-04   3.122184e-17   2958
  7.863930e-01   1.668758e-15   4.446264e-04   2.866738e-17   3264
  7.881221e-01   1.769581e-15   4.908549e-04   3.135429e-17   3160
  7.897556e-01   1.622091e-15   4.448554e-04   2.715990e-17   3736
  7.913039e-01   1.686143e-15   4.053674e-04   3.056345e-17   3216
  7.931298e-01   1.679599e-15   4.967559e-04   2.656778e-17   4032
  7.950340e-01   1.667195e-15   4.535292e-04   2.790673e-17   3528
  7.966578e-01   1.674011e-15   4.003367e-04   2.923543e-17   3192
  7.982809e-01   1.607683e-15   4.384400e-04   2.778443e-17   3456
  8.000418e-01   1.633901e-15   4.546161e-04   3.041178e-17   3060
  8.018067e-01   1.613283e-15   5.405908e-04   2.475719e-17   4518
  8.035265e-01   1.600876e-15   4.815963e-04   2.619713e-17   3528
  8.051074e-01   1.568347e-15   4.044568e-04   2.889258e-17   3024
  8.067928e-01   1.500271e-15   5.476184e-04   2.471337e-17   3672
  8.085097e-01   1.561948e-15   4.700229e-04   2.652056e-17   3864
  8.104158e-01   1.495910e-15   4.982178e-04   2.369838e-17   3816
  8.119748e-01   1.537112e-15   4.532681e-04   2.636504e-17   3456
  8.134695e-01   1.537070e-15   4.103104e-04   2.997775e-17   2688
  8.152303e-01   1.524355e-15   4.868254e-04   2.357451e-17   4248
  8.169761e-01   1.503402e-15   4.662855e-04   2.388877e-17   3926
  8.187297e-01   1.442621e-15   4.923174e-04   2.344971e-17   3504
  8.204236e-01   1.489973e-15   4.401391e-04   2.324769e-17   3960
  8.222939e-01   1.427572e-15   4.954941e-04   2.333394e-17   3684
  8.238979e-01   1.392104e-15   4.954609e-04   2.235525e-17   4104
  8.255014e-01   1.446213e-15   4.699173e-04   2.566748e-17   3144
  8.272241e-01   1.423932e-15   5.147213e-04   2.195261e-17   4224
  8.291182e-01   1.405154e-15   4.568598e-04   2.213172e-17   4008
  8.307364e-01   1.415663e-15   5.026181e-04   2.411646e-17   3312
  8.324026e-01   1.385916e-15   4.999111e-04   2.343439e-17   3726
  8.341747e-01   1.381660e-15   5.134700e-04   2.215262e-17   3936
  8.357483e-01   1.394278e-15   5.292866e-04   2.250615e-17   3888
  8.373814e-01   1.366481e-15   5.004911e-04   2.151522e-17   3864
  8.390804e-01   1.318861e-15   5.320643e-04   2.118013e-17   3888
  8.408304e-01   1.269303e-15   5.018185e-04   1.998166e-17   4080
  8.425581e-01   1.322356e-15   5.325821e-04   2.271807e-17   3400
  8.443209e-01   1.315496e-15   4.884316e-04   1.922060e-17   4588
  8.461032e-01   1.334269e-15   4.834464e-04   2.194858e-17   3816
  8.476608e-01   1.333971e-15   4.581060e-04   2.146885e-17   3534
  8.493098e-01   1.336195e-15   4.524863e-04   2.053557e-17   4080
  8.510347e-01   1.313958e-15   4.729764e-04   2.007223e-17   4248
  8.527671e-01   1.272514e-15   4.766165e-04   2.174518e-17   3528
  8.543656e-01   1.320265e-15   4.872753e-04   2.056865e-17   4248
  8.559814e-01   1.251741e-15   4.766042e-04   2.088827e-17   3696
  8.577808e-01   1.282836e-15   4.945438e-04   1.935976e-17   4560
  8.594872e-01   1.237343e-15   4.632233e-04   1.993968e-17   3864
  8.612397e-01   1.217526e-15   5.043791e-04   1.842866e-17   4440
  8.629007e-01   1.202776e-15   4.705976e-04   2.144421e-17   3432
  8.646460e-01   1.198697e-15   4.614307e-04   1.836006e-17   4470
  8.663629e-01   1.202003e-15   4.100586e-04   1.863861e-17   4188
  8.680505e-01   1.207386e-15   5.253427e-04   1.811505e-17   4392
  8.697265e-01   1.215593e-15   4.064025e-04   2.016398e-17   3960
  8.714695e-01   1.204584e-15   4.591166e-04   1.848686e-17   4328
  8.731579e-01   1.173656e-15   4.778042e-04   1.839759e-17   4320
  8.748643e-01   1.166787e-15   4.996345e-04   1.725770e-17   4152
  8.764467e-01   1.247986e-15   4.179518e-04   2.109656e-17   3528
  8.782362e-01   1.145719e-15   4.523689e-04   1.676392e-17   4512
  8.799104e-01   1.151426e-15   4.624323e-04   1.795405e-17   4134
  8.816110e-01   1.165682e-15   4.926455e-04   1.578077e-17   5208
  8.832465e-01   1.148144e-15   4.292145e-04   1.978433e-17   3240
  8.849385e-01   1.204654e-15   4.734040e-04   1.793324e-17   4680
  8.866607e-01   1.110721e-15   4.687083e-04   1.699324e-17   4440
  8.883848e-01   1.048796e-15   5.311226e-04   1.588425e-17   4260
  8.900384e-01   1.098955e-15   4.336102e-04   1.743009e-17   4056
  8.917415e-01   1.097161e-15   4.807328e-04   1.611720e-17   4704
  8.935289e-01   1.120461e-15   5.594147e-04   1.592977e-17   4800
  8.954185e-01   1.073116e-15   4.846897e-04   1.502036e-17   4806
  8.970513e-01   1.136766e-15   4.831585e-04   1.993335e-17   3552
  8.986064e-01   1.051197e-15   4.844541e-04   1.675162e-17   4304
  9.003622e-01   1.044680e-15   4.698109e-04   1.432419e-17   5280
  9.020984e-01   1.049241e-15   4.507040e-04   1.581250e-17   4320
  9.037419e-01   1.022033e-15   5.089629e-04   1.561425e-17   4296
  9.054750e-01   1.080325e-15   5.658401e-04   1.556676e-17   4608
  9.072277e-01   1.046615e-15   5.421052e-04   1.521239e-17   4824
  9.089629e-01   1.035863e-15   5.117857e-04   1.530405e-17   4488
  9.108250e-01   1.041816e-15   4.778070e-04   1.572385e-17   4530
  9.123625e-01   9.911077e-16   4.665391e-04   1.443835e-17   4464
  9.139010e-01   1.017200e-15   4.396785e-04   1.582663e-17   4104
  9.156673e-01   9.576581e-16   4.740652e-04   1.303097e-17   5424
  9.174048e-01   9.949500e-16   5.103023e-04   1.403836e-17   4392
  9.191730e-01   1.020525e-15   4.996065e-04   1.477944e-17   4896
  9.207787e-01   9.856404e-16   4.897165e-04   1.540350e-17   4104
  9.224542e-01   1.011510e-15   4.415951e-04   1.472194e-17   4824
  9.242220e-01   9.566994e-16   4.220615e-04   1.444094e-17   4680
  9.257621e-01   9.430863e-16   4.316766e-04   1.411450e-17   4328
  9.275497e-01   9.517605e-16   4.976114e-04   1.332194e-17   5118
  9.293459e-01   9.618291e-16   5.765145e-04   1.316273e-17   5304
  9.309669e-01   9.538436e-16   4.539783e-04   1.386135e-17   4392
  9.327330e-01   9.628586e-16   4.556524e-04   1.420110e-17   4476
  9.342775e-01   9.048018e-16   4.525170e-04   1.292326e-17   4704
  9.359960e-01   9.306378e-16   5.477178e-04   1.275598e-17   5208
  9.378023e-01   8.852680e-16   4.618178e-04   1.249718e-17   5304
  9.394666e-01   9.350532e-16   4.946712e-04   1.457839e-17   4296
  9.411731e-01   9.365788e-16   4.690760e-04   1.361778e-17   4752
  9.429662e-01   8.625344e-16   4.708758e-04   1.219752e-17   4950
  9.445778e-01   8.889199e-16   4.921918e-04   1.250654e-17   5064
  9.461898e-01   8.846067e-16   4.123928e-04   1.272685e-17   4872
  9.478198e-01   8.615005e-16   4.341367e-04   1.382896e-17   4224
  9.495602e-01   8.754611e-16   4.795584e-04   1.119273e-17   6120
  9.514124e-01   8.471249e-16   5.275753e-04   1.185103e-17   4968
  9.530925e-01   8.771254e-16   4.668582e-04   1.278532e-17   4424
  9.548307e-01   8.899874e-16   5.963123e-04   1.210059e-17   5436
  9.565477e-01   8.420906e-16   5.084086e-04   1.242080e-17   4896
  9.582076e-01   8.247829e-16   4.867456e-04   1.145065e-17   5214
  9.598077e-01   8.471126e-16   4.137593e-04   1.237210e-17   4656
  9.615856e-01   8.512331e-16   5.260613e-04   1.200874e-17   5448
  9.632845e-01   8.365928e-16   4.442976e-04   1.171204e-17   4992
  9.649480e-01   8.329020e-16   4.917143e-04   1.135284e-17   5400
  9.667765e-01   8.416579e-16   5.449716e-04   1.126023e-17   5328
  9.684613e-01   7.850992e-16   4.873046e-04   1.080140e-17   4776
  9.700464e-01   8.289636e-16   4.579033e-04   1.166624e-17   4800
  9.718074e-01   8.106667e-16   5.888402e-04   9.925528e-18   6552
  9.736499e-01   7.928760e-16   4.448607e-04   1.239738e-17   3942
  9.752465e-01   7.787332e-16   5.606963e-04   1.021060e-17   6072
  9.770144e-01   7.716566e-16   4.354574e-04   1.153987e-17   4692
  9.784966e-01   8.090781e-16   4.546106e-04   1.125602e-17   4944
  9.802329e-01   7.806513e-16   4.879373e-04   9.851445e-18   5840
  9.820155e-01   7.567476e-16   5.223166e-04   1.030204e-17   5712
  9.837706e-01   7.509089e-16   4.377350e-04   1.069158e-17   4800
  9.853717e-01   7.590961e-16   5.797155e-04   1.022973e-17   5688
  9.871255e-01   7.752403e-16   4.573834e-04   1.150075e-17   4848
  9.888635e-01   6.282137e-16   5.090949e-04   1.003259e-17   5406
  9.905131e-01   2.319610e-19   4.595406e-04   2.670925e-20   5568
  9.921693e-01   3.560520e-20   4.130962e-04   3.329928e-21   5736
  9.939592e-01   2.032360e-20   5.130390e-04   1.557911e-21   5280
  9.955835e-01   1.326247e-20   4.743420e-04   9.970715e-22   5592
  9.972555e-01   9.328888e-21   5.429960e-04   6.563508e-22   4968
  9.990231e-01   7.990194e-21   4.868684e-04   4.398502e-22   5964
  1.000748e+00   6.811960e-21   4.891308e-04   4.189124e-22   5376
  1.002315e+00   7.676224e-21   4.722860e-04   4.585695e-22   5472
  1.004131e+00   5.042530e-21   4.485360e-04   2.286953e-22   5472
  1.005792e+00   4.481866e-20   5.099708e-04   7.894535e-21   5415
  1.007402e+00   2.047214e-20   4.485810e-04   2.519255e-21   5096
  1.009144e+00   1.250984e-20   5.768639e-04   1.236481e-21   6372
  1.010906e+00   9.380054e-21   4.682720e-04   7.129120e-22   4656
  1.012485e+00   6.793692e-21   5.112031e-04   4.704809e-22   5844
  1.014184e+00   6.137700e-21   4.494662e-04   4.116969e-22   5508
  1.015984e+00   4.451296e-21   5.098811e-04   2.039270e-22   6324
  1.017751e+00   5.205673e-21   4.379885e-04   2.613918e-22   4752
  1.019366e+00   4.480404e-21   4.903645e-04   3.146739e-22   5676
  1.021114e+00   3.889932e-21   4.485894e-04   1.694815e-22   5472
  1.022773e+00   3.907955e-21   5.059962e-04   1.955313e-22   5556
  1.024555e+00   3.452744e-21   4.930836e-04   1.345931e-22   5436
  1.026276e+00   2.766434e-21   5.047054e-04   9.474829e-23   5916
  1.028042e+00   2.669363e-21   5.251158e-04   9.669897e-23   5520
  1.029633e+00   2.905209e-21   4.775682e-04   9.403802e-23   5280
  1.031263e+00   2.983618e-21   4.692535e-04   1.164590e-22   4416
  1.033102e+00   2.318939e-21   4.574075e-04   6.141080e-23   6260
  1.034829e+00   2.690789e-21   5.439134e-04   8.531802e-23   5940
  1.036394e+00   2.390446e-21   4.259730e-04   7.641528e-23   4188
  1.038117e+00   2.205320e-21   5.446427e-04   6.340211e-23   6360
  1.039928e+00   2.175342e-21   4.857983e-04   7.094050e-23   5256
  1.041610e+00   2.173472e-21   4.592395e-04   6.484432e-23   4848
  1.043051e+00   2.046278e-21   4.163245e-04   6.072484e-23   4704
  1.044826e+00   2.038225e-21   5.107218e-04   6.118387e-23   5784
  1.046631e+00   1.908725e-21   5.404027e-04   5.532231e-23   5820
  1.048373e+00   2.099857e-21   4.840851e-04   6.151512e-23   5700
  1.050126e+00   1.971383e-21   4.489220e-04   5.889660e-23   5232
  1.051881e+00   1.716013e-21   4.981175e-04   5.040133e-23   4932
  1.053436e+00   1.718799e-21   4.287490e-04   4.615515e-23   4716
  1.055070e+00   1.623059e-21   5.461338e-04   4.047817e-23   5616
  1.056750e+00   1.688828e-21   4.823163e-04   4.677870e-23   5184
  1.058484e+00   1.608871e-21   4.865387e-04   4.079800e-23   5064
  1.060119e+00   1.545909e-21   4.981922e-04   3.977623e-23   5544
  1.061933e+00   1.580113e-21   5.001009e-04   3.514430e-23   5192
  1.063583e+00   1.461297e-21   4.494186e-04   3.955598e-23   5244
  1.065317e+00   1.512744e-21   4.862760e-04   3.925896e-23   5112
  1.067042e+00   1.411581e-21   4.462536e-04   3.400217e-23   5040
  1.068625e+00   1.423534e-21   4.691536e-04   3.547506e-23   5124
  1.070473e+00   1.332555e-21   5.266881e-04   2.892064e-23   5952
  1.072179e+00   1.349941e-21   4.614857e-04   3.262662e-23   4824
  1.073726e+00   1.278650e-21   4.658121e-04   3.460698e-23   4536
  1.075516e+00   1.321700e-21   4.951157e-04   2.890056e-23   5712
  1.077355e+00   1.309632e-21   5.417917e-04   2.927523e-23   5352
  1.079089e+00   1.208280e-21   4.719205e-04   2.830003e-23   5004
  1.080639e+00   1.163013e-21   4.720490e-04   2.660104e-23   4800
  1.082304e+00   1.227501e-21   5.072809e-04   2.792339e-23   5148
  1.084148e+00   1.122254e-21   5.268770e-04   2.216560e-23   5664
  1.085815e+00   1.156200e-21   4.732118e-04   2.803454e-23   4692
  1.087355e+00   1.112317e-21   4.396196e-04   2.968812e-23   4008
  1.089151e+00   1.019326e-21   5.038991e-04   2.256651e-23   5852
  1.090977e+00   1.135580e-21   4.771455e-04   2.496570e-23   5784
  1.092599e+00   9.856798e-22   4.398451e-04   2.370996e-23   4392
  1.094269e+00   1.036725e-21   4.314460e-04   2.128666e-23   4944
  1.096021e+00   1.065260e-21   5.086676e-04   2.460433e-23   4776
  1.097674e+00   9.976756e-22   4.893660e-04   1.976901e-23   5244
  1.099467e+00   9.966746e-22   4.885027e-04   2.360315e-23   4884
  1.100972e+00   9.188391e-22   4.142882e-04   1.932248e-23   4488
  1.102723e+00   9.076406e-22   4.922838e-04   1.875731e-23   5160
  1.104485e+00   1.018523e-21   5.012137e-04   2.220717e-23   5316
  1.106182e+00   8.658380e-22   5.067620e-04   1.917028e-23   4896
  1.107837e+00   9.783518e-22   4.708705e-04   2.170880e-23   4188
  1.109505e+00   8.213078e-22   5.135922e-04   1.784908e-23   4836
  1.111208e+00   8.832627e-22   5.094880e-04   1.967702e-23   5316
  1.112933e+00   8.403844e-22   4.715930e-04   1.814877e-23   4920
  1.114546e+00   8.118326e-22   4.750945e-04   1.702948e-23   4128
  1.116277e+00   7.746746e-22   5.110912e-04   1.592892e-23   5348
  1.117980e+00   8.451867e-22   4.434734e-04   1.872301e-23   4836
  1.119607e+00   8.043970e-22   4.778570e-04   1.704617e-23   4392
  1.121359e+00   8.223890e-22   4.198363e-04   1.870937e-23   4632
  1.122936e+00   7.664994e-22   4.691003e-04   1.505073e-23   4596
  1.124747e+00   7.713271e-22   4.717453e-04   1.521570e-23   5424
  1.126539e+00   6.946238e-22   4.855768e-04   1.410941e-23   5256
  1.128385e+00   7.470151e-22   4.931611e-04   1.578722e-23   4524
  1.129923e+00   7.097937e-22   4.690936e-04   1.504824e-23   4440
  1.131645e+00   7.883934e-22   4.011353e-04   1.793578e-23   4380
  1.133330e+00   6.941622e-22   5.249545e-04   1.414170e-23   4812
  1.135123e+00   6.934479e-22   5.214039e-04   1.349969e-23   5376
  1.136763e+00   6.396056e-22   4.164623e-04   1.444784e-23   3888
  1.138335e+00   6.684881e-22   4.768975e-04   1.340596e-23   4896
  1.140088e+00   6.540057e-22   5.032049e-04   1.360299e-23   4608
  1.141929e+00   6.595640e-22   4.749944e-04   1.360794e-23   4448
  1.143531e+00   5.801902e-22   4.903240e-04   1.102331e-23   4752
  1.145220e+00   6.450953e-22   5.135838e-04   1.457242e-23   4356
  1.146995e+00   6.282217e-22   4.942288e-04   1.220551e-23   5232
  1.148760e+00   6.245128e-22   4.980587e-04   1.293015e-23   4548
  1.150472e+00   5.851453e-22   4.841761e-04   1.172498e-23   4608
  1.152143e+00   6.044881e-22   4.398349e-04   1.406032e-23   3936
  1.153720e+00   5.528668e-22   5.257306e-04   1.310014e-23   4260
  1.155493e+00   5.821390e-22   4.713251e-04   1.138392e-23   5004
  1.157113e+00   5.748174e-22   4.657489e-04   1.223804e-23   4224
  1.158890e+00   5.557046e-22   5.031939e-04   1.129446e-23   4788
  1.160616e+00   5.429510e-22   5.291946e-04   1.145488e-23   4428
  1.162298e+00   5.427019e-22   4.422133e-04   1.177524e-23   4080
  1.163917e+00   5.114980e-22   4.835200e-04   1.029815e-23   4632
  1.165621e+00   5.136087e-22   5.028239e-04   1.042356e-23   4056
  1.167413e+00   5.085504e-22   4.734174e-04   1.035893e-23   4536
  1.169050e+00   5.323939e-22   4.828546e-04   1.068868e-23   4668
  1.170843e+00   4.576090e-22   5.175340e-04   9.495095e-24   4604
  1.172589e+00   4.852079e-22   4.650093e-04   1.118136e-23   4152
  1.174201e+00   4.923429e-22   4.506678e-04   9.853364e-24   4224
  1.175909e+00   4.493593e-22   4.332835e-04   9.352168e-24   4152
  1.177615e+00   4.937259e-22   4.914860e-04   1.081683e-23   4224
  1.179275e+00   4.038321e-22   4.545253e-04   8.567878e-24   3960
  1.180873e+00   4.721371e-22   4.690415e-04   9.334335e-24   4656
  1.182619e+00   4.325800e-22   5.060863e-04   9.085837e-24   4452
  1.184409e+00   4.211805e-22   5.145201e-04   9.523980e-24   4056
  1.186074e+00   4.028015e-22   5.098269e-04   8.639260e-24   4212
  1.187762e+00   4.575895e-22   4.236875e-04   1.148647e-23   3432
  1.189472e+00   3.790771e-22   5.420199e-04   7.038164e-24   5352
  1.191144e+00   3.854265e-22   3.969648e-04   8.955363e-24   3600
  1.192963e+00   3.851077e-22   4.378593e-04   7.765235e-24   4584
  1.194552e+00   4.159948e-22   4.365700e-04   9.489582e-24   3768
  1.196188e+00   3.793167e-22   4.660449e-04   8.508799e-24   3848
  1.197821e+00   3.902059e-22   4.273101e-04   9.476239e-24   3720
  1.199674e+00   3.686023e-22   5.363373e-04   7.754411e-24   4764
  1.201309e+00   3.612296e-22   4.319005e-04   7.764681e-24   3864
  1.202988e+00   3.349070e-22   5.349608e-04   7.007159e-24   4332
  1.204820e+00   3.505484e-22   4.567279e-04   7.433009e-24   3792
  1.206456e+00   3.609251e-22   5.180648e-04   7.862081e-24   4284
  1.208191e+00   3.468433e-22   4.905502e-04   8.465197e-24   3840
  1.209832e+00   3.344214e-22   4.669396e-04   8.058562e-24   3480
  1.211499e+00   3.264326e-22   5.210148e-04   6.703596e-24   4380
  1.213302e+00   3.380766e-22   4.894021e-04   7.456456e-24   4200
  1.215072e+00   3.001598e-22   4.704049e-04   6.424105e-24   4056
  1.216717e+00   2.937768e-22   4.727759e-04   6.634742e-24   3600
  1.218257e+00   3.172889e-22   4.710469e-04   7.763810e-24   3492
  1.220057e+00   3.045692e-22   5.500764e-04   6.584871e-24   4500
  1.221894e+00   2.874662e-22   4.819412e-04   6.732933e-24   3516
  1.223472e+00   2.813660e-22   5.038249e-04   6.639047e-24   3968
  1.225242e+00   2.667184e-22   4.842193e-04   5.858214e-24   3648
  1.226808e+00   2.679172e-22   4.630474e-04   5.983361e-24   4224
  1.228583e+00   2.576792e-22   5.197289e-04   6.205403e-24   3588
  1.230249e+00   2.738026e-22   4.793892e-04   6.265240e-24   3456
  1.231925e+00   2.682032e-22   4.257569e-04   6.243111e-24   3660
  1.233657e+00   2.495808e-22   4.673180e-04   5.639627e-24   3768
  1.235272e+00   2.318062e-22   4.725964e-04   5.056061e-24   3744
  1.237006e+00   2.447624e-22   5.187522e-04   5.848543e-24   4176
  1.238850e+00   2.527777e-22   4.784920e-04   5.816268e-24   3612
  1.240375e+00   2.395074e-22   5.199888e-04   6.057891e-24   3216
  1.242119e+00   2.383071e-22   5.027406e-04   5.760101e-24   3624
  1.243874e+00   2.294690e-22   4.727415e-04   5.324274e-24   3744
  1.245569e+00   2.243098e-22   5.044114e-04   5.448852e-24   3672
  1.247242e+00   2.168907e-22   4.574137e-04   5.290986e-24   3852
  1.248969e+00   2.176176e-22   4.707839e-04   5.339596e-24   3672
  1.250806e+00   2.085779e-22   4.587010e-04   4.976022e-24   3248
  1.252340e+00   1.919008e-22   4.695129e-04   4.878112e-24   3336
  1.254015e+00   1.893477e-22   4.779221e-04   4.694707e-24   3576
  1.255728e+00   2.050553e-22   4.057129e-04   5.338295e-24   3336
  1.257472e+00   1.945718e-22   4.819158e-04   4.467133e-24   3936
  1.259194e+00   1.826751e-22   5.132539e-04   4.704233e-24   3408
  1.260901e+00   1.924367e-22   4.521849e-04   5.138021e-24   3336
  1.262560e+00   1.632881e-22   5.079072e-04   4.100385e-24   3312
  1.264219e+00   1.780791e-22   5.142616e-04   4.507885e-24   3432
  1.265985e+00   1.762873e-22   4.458442e-04   4.671482e-24   3144
  1.267597e+00   1.694495e-22   4.840083e-04   3.977842e-24   3456
  1.269411e+00   1.699292e-22   4.651874e-04   4.106526e-24   3792
  1.271049e+00   1.471072e-22   4.569446e-04   3.964707e-24   2868
  1.272819e+00   1.498239e-22   4.733929e-04   3.812323e-24   3888
  1.274473e+00   1.537092e-22   4.110524e-04   4.489173e-24   2784
  1.276101e+00   1.514540e-22   4.694335e-04   4.345906e-24   2964
  1.277880e+00   1.419288e-22   4.834244e-04   3.596239e-24   3432
  1.279573e+00   1.335746e-22   5.003929e-04   3.419508e-24   3416
  1.281287e+00   1.437732e-22   5.348762e-04   4.043238e-24   3528
  1.283040e+00   1.226186e-22   4.292762e-04   3.231654e-24   2904
  1.284592e+00   1.212040e-22   4.813445e-04   3.722917e-24   3072
  1.286396e+00   1.265908e-22   5.406051e-04   3.658217e-24   3216
  1.288199e+00   1.204529e-22   4.378327e-04   3.816990e-24   2844
  1.289782e+00   1.024787e-22   5.010192e-04   2.596898e-24   3432
  1.291408e+00   1.208937e-22   4.027010e-04   3.531616e-24   2880
  1.293224e+00   1.192910e-22   5.334351e-04   2.893560e-24   3576
  1.294934e+00   1.144140e-22   4.768162e-04   3.482831e-24   2700
  1.296572e+00   1.064704e-22   5.355829e-04   3.218203e-24   3000
  1.298287e+00   9.934316e-23   4.446934e-04   3.503954e-24   2556
  1.299953e+00   9.548616e-23   4.766228e-04   2.517861e-24   3360
  1.301675e+00   9.852788e-23   4.631149e-04   2.974411e-24   3120
  1.303530e+00   9.623476e-23   5.452330e-04   2.810903e-24   3216
  1.305127e+00   9.567582e-23   3.845380e-04   2.906452e-24   2628
  1.306923e+00   7.464534e-23   5.083038e-04   2.145588e-24   3200
  1.308561e+00   8.102059e-23   4.795357e-04   2.817020e-24   2232
  1.310215e+00   8.137690e-23   5.473750e-04   2.595822e-24   3108
  1.311862e+00   8.373244e-23   4.808374e-04   2.521124e-24   2604
  1.313547e+00   8.006763e-23   5.179979e-04   2.347719e-24   3096
  1.315401e+00   7.116542e-23   4.719641e-04   2.470717e-24   3084
  1.317009e+00   7.203788e-23   4.816320e-04   2.645388e-24   2664
  1.318667e+00   6.862986e-23   4.247239e-04   2.133058e-24   2232
  1.320292e+00   5.435448e-23   5.231957e-04   2.138232e-24   2808
  1.322070e+00   7.137895e-23   4.942393e-04   2.416458e-24   2592
  1.323731e+00   6.713580e-23   5.073960e-04   2.050755e-24   2952
  1.325476e+00   5.671075e-23   4.790441e-04   2.035228e-24   2772
  1.327172e+00   5.773232e-23   5.151819e-04   1.794046e-24   3036
  1.328948e+00   4.827306e-23   4.997289e-04   2.046675e-24   2136
  1.330566e+00   4.684565e-23   3.985350e-04   1.946555e-24   2496
  1.332228e+00   4.907428e-23   5.308189e-04   1.997349e-24   2228
  1.333960e+00   4.402624e-23   4.948933e-04   1.330727e-24   3048
  1.335685e+00   4.344869e-23   4.727366e-04   1.527631e-24   2676
  1.337399e+00   4.373498e-23   4.709500e-04   1.551224e-24   2784
  1.339037e+00   4.686572e-23   4.575289e-04   2.044760e-24   1920
  1.340680e+00   3.781500e-23   4.882940e-04   1.475324e-24   2400
  1.342460e+00   3.895057e-23   4.478664e-04   1.469480e-24   2532
  1.344301e+00   3.335284e-23   4.974724e-04   1.316347e-24   2544
  1.345957e+00   3.299328e-23   5.204236e-04   1.190071e-24   2772
  1.347589e+00   3.120302e-23   4.874611e-04   1.295503e-24   2160
  1.349209e+00   2.772116e-23   5.250420e-04   9.940214e-25   2304
  1.351084e+00   2.778434e-23   5.137807e-04   1.214618e-24   2328
  1.352765e+00   1.793492e-23   4.926073e-04   7.573796e-25   2304
  1.354322e+00   2.715382e-23   4.658284e-04   1.421558e-24   1908
  1.356093e+00   2.851575e-23   5.209991e-04   1.157620e-24   2736
  1.357799e+00   2.313060e-23   4.936463e-04   9.400004e-25   2448
  1.359613e+00   1.932603e-23   4.615326e-04   8.657124e-25   2040
  1.361255e+00   1.558708e-23   4.805496e-04   7.858292e-25   2120
  1.362833e+00   1.416864e-23   3.984242e-04   7.249789e-25   2040
  1.364532e+00   1.271835e-23   4.943170e-04   6.063095e-25   2208
  1.366455e+00   1.714211e-23   4.438218e-04   8.008809e-25   2208
  1.368013e+00   1.681461e-23   4.918393e-04   8.418179e-25   2196
  1.369622e+00   9.914832e-24   4.326531e-04   6.055993e-25   1848
  1.371260e+00   1.350622e-23   4.906859e-04   7.564255e-25   2124
  1.373092e+00   9.197591e-24   5.147189e-04   4.987679e-25   2328
  1.374881e+00   8.491379e-24   5.240287e-04   4.848961e-25   1920
  1.376620e+00   7.219109e-24   4.810523e-04   4.423327e-25   1548
  1.378167e+00   8.141730e-24   5.276994e-04   3.784604e-25   2388
  1.379991e+00   6.977768e-24   4.883236e-04   4.093973e-25   2160
  1.381662e+00   5.363959e-24   4.444671e-04   3.996002e-25   1704
  1.383263e+00   4.905155e-24   5.007315e-04   3.773858e-25   1776
  1.384777e+00   3.982246e-24   4.683711e-04   2.446730e-25   1800
  1.386692e+00   5.283908e-24   5.406913e-04   3.463671e-25   1700
  1.388481e+00   2.841628e-24   4.868276e-04   2.049625e-25   2292
  1.390146e+00   2.921688e-24   4.519205e-04   2.112720e-25   1704
  1.391718e+00   2.856386e-24   5.053229e-04   2.163521e-25   1728
  1.393439e+00   1.328200e-24   4.676878e-04   1.145772e-25   1728
  1.395126e+00   1.662010e-24   4.672479e-04   1.502253e-25   1680
  1.396921e+00   1.380933e-24   5.382835e-04   1.667004e-25   1704
  1.398708e+00   3.855860e-25   4.227137e-04   4.507414e-26   1752
  1.400307e+00   6.570230e-25   5.025262e-04   6.038509e-26   1872
  1.402036e+00   6.411447e-25   4.925311e-04   6.261269e-26   1500
  1.403790e+00   5.596744e-25   4.312830e-04   6.949555e-26   1656
  1.405494e+00   1.224359e-25   4.624173e-04   2.415348e-26   1464
  1.407008e+00   1.602429e-25   4.050313e-04   1.606062e-26   1488
  1.408865e+00   5.312996e-26   4.888426e-04   7.121531e-27   1680
  1.410562e+00   1.024142e-27   5.107180e-04   2.155956e-28   1692
  1.412151e+00   1.090122e-28   4.890383e-04   9.007795e-30   1128
  1.413913e+00   6.899812e-29   4.709016e-04   3.520575e-30   1536
  1.415632e+00   5.517680e-29   4.908676e-04   3.876987e-30   1616
  1.417373e+00   5.910622e-29   4.733501e-04   3.282893e-30   1476
  1.419127e+00   5.859869e-29   5.209335e-04   3.485935e-30   1176
  1.420693e+00   5.954214e-29   5.596875e-04   2.681173e-30   1656
  1.422399e+00   8.790938e-29   4.916336e-04   8.503053e-30   891
  1.424157e+00   4.997515e-29   5.240858e-04   2.736771e-30   1596
  1.425870e+00   4.897183e-29   4.570168e-04   3.541630e-30   1422
  1.427560e+00   5.987830e-29   4.382484e-04   3.455487e-30   1254
  1.429149e+00   4.463211e-29   4.477206e-04   2.698646e-30   918
  1.430852e+00   5.629282e-29   4.900032e-04   2.230411e-30   1614
  1.432567e+00   3.951409e-29   4.232714e-04   2.639456e-30   798
  1.434273e+00   3.972875e-29   5.425837e-04   2.069877e-30   1458
  1.436002e+00   4.246115e-29   4.968256e-04   1.752211e-30   1374
  1.437711e+00   3.499926e-29   4.243221e-04   1.882247e-30   984
  1.439407e+00   4.136407e-29   5.838085e-04   1.984426e-30   1062
  1.441134e+00   4.758659e-29   4.948879e-04   2.354885e-30   1246
  1.442811e+00   3.697268e-29   4.588833e-04   3.061802e-30   1072
  1.444603e+00   2.454049e-29   4.969413e-04   1.143671e-30   1110
  1.446258e+00   3.902640e-29   5.383636e-04   1.648787e-30   1254
  1.447998e+00   4.132650e-29   5.109355e-04   1.848737e-30   1032
  1.449895e+00   3.745079e-29   4.733780e-04   2.343441e-30   786
  1.451337e+00   3.683176e-29   4.853147e-04   1.484025e-30   1152
  1.453026e+00   3.006238e-29   5.289446e-04   1.388279e-30   1086
  1.454785e+00   2.249231e-29   4.772261e-04   9.187435e-31   912
  1.456411e+00   3.737683e-29   4.783749e-04   1.931105e-30   1062
  1.458071e+00   2.799627e-29   4.768243e-04   1.071623e-30   912
  1.459989e+00   2.833490e-29   5.322923e-04   1.870440e-30   750
  1.461484e+00   3.093114e-29   5.128675e-04   1.276608e-30   1200
  1.463214e+00   2.754909e-29   4.644419e-04   1.527648e-30   918
  1.464934e+00   2.447660e-29   4.820751e-04   2.402765e-30   876
  1.466681e+00   3.198898e-29   4.212369e-04   1.445302e-30   870
  1.468211e+00   3.268625e-29   4.913058e-04   1.852395e-30   768
  1.470005e+00   2.447238e-29   4.503077e-04   1.679668e-30   830
  1.471666e+00   2.655166e-29   4.662337e-04   1.111223e-30   1080
  1.473387e+00   2.679787e-29   5.245740e-04   1.555183e-30   840
  1.475121e+00   2.043730e-29   5.051070e-04   9.682203e-31   798
  1.477088e+00   2.750861e-29   4.009113e-04   1.337345e-30   792
  1.478613e+00   1.890529e-29   4.675924e-04   8.645547e-31   726
  1.480213e+00   1.837429e-29   5.239634e-04   8.325949e-31   864
  1.481966e+00   2.453109e-29   4.485006e-04   1.164447e-30   900
  1.483743e+00   2.170841e-29   4.984474e-04   1.463818e-30   726
  1.485268e+00   2.159677e-29   4.313846e-04   1.298924e-30   576
  1.487302e+00   2.233019e-29   4.489324e-04   1.211997e-30   840
  1.488733e+00   2.478511e-29   4.660199e-04   1.533195e-30   750
  1.490428e+00   1.673265e-29   4.674350e-04   9.280076e-31   720
  1.492027e+00   2.335623e-29   4.728813e-04   1.191220e-30   702
  1.493895e+00   1.947060e-29   5.164499e-04   1.138426e-30   696
  1.495432e+00   2.018271e-29   4.618675e-04   1.159523e-30   480
  1.497243e+00   1.420112e-29   4.376385e-04   8.369713e-31   830
  1.498847e+00   1.756794e-29   5.091155e-04   8.601982e-31   756
  1.500643e+00   1.625918e-29   4.888404e-04   1.013154e-30   624
  1.502229e+00   1.747192e-29   5.165284e-04   9.729218e-31   582
  1.504104e+00   2.049247e-29   3.964472e-04   1.384197e-30   576
  1.505725e+00   1.209645e-29   5.309724e-04   6.255668e-31   624
  1.507388e+00   1.658717e-29   4.336450e-04   1.184720e-30   702
  1.509034e+00   2.038907e-29   4.988077e-04   1.511620e-30   624
  1.510988e+00   1.752703e-29   4.825630e-04   9.814370e-31   672
  1.512580e+00   1.521574e-29   3.612436e-04   1.017009e-30   342
  1.514329e+00   1.207260e-29   4.516021e-04   6.519174e-31   660
  1.515937e+00   1.088069e-29   4.642274e-04   7.870064e-31   576
  1.517597e+00   1.078506e-29   4.513226e-04   5.419546e-31   600
  1.519276e+00   1.234846e-29   5.220166e-04   7.516400e-31   510
  1.521163e+00   1.491605e-29   4.890514e-04   9.102570e-31   600
  1.522619e+00   9.932370e-30   3.895108e-04   6.260711e-31   216
  1.524315e+00   1.279672e-29   4.741021e-04   1.010706e-30   758
  1.526291e+00   7.772584e-30   5.190411e-04   4.319132e-31   576
  1.528024e+00   1.546097e-29   4.406517e-04   1.190990e-30   528
  1.529587e+00   1.321682e-29   3.034519e-04   9.277771e-31   318
  1.531266e+00   1.512809e-29   5.242157e-04   9.267605e-31   540
  1.533252e+00   5.733668e-30   3.706126e-04   3.744897e-31   384
  1.534598e+00   8.063484e-30   5.120576e-04   4.498820e-31   576
  1.536349e+00   8.005510e-30   4.184460e-04   5.019300e-31   414
  1.538006e+00   9.455433e-30   4.672675e-04   5.249071e-31   504
  1.539775e+00   7.472549e-30   5.129507e-04   6.698987e-31   312
  1.541474e+00   1.144283e-29   4.647396e-04   7.202933e-31   414
  1.543160e+00   5.715513e-30   4.293448e-04   4.405370e-31   432
  1.544729e+00   9.319854e-30   5.686055e-04   6.666866e-31   504
  1.546545e+00   9.461411e-30   5.476310e-04   9.076620e-31   432
  1.548245e+00   1.010527e-29   4.485920e-04   7.087844e-31   354
  1.549977e+00   1.275450e-29   6.527560e-04   1.705277e-30   200
  1.551463e+00   6.049142e-30   4.631515e-04   4.121283e-31   480
  1.553470e+00   5.079983e-30   5.292520e-04   3.073303e-31   552
  1.555311e+00   7.102156e-30   3.296817e-04   4.209207e-31   366
  1.556730e+00   6.067726e-30   3.509628e-04   5.199608e-31   240
  1.558291e+00   6.463880e-30   4.906603e-04   5.589075e-31   288
  1.560489e+00   5.639766e-30   3.372103e-04   4.748999e-31   366
  1.561910e+00   4.926311e-30   5.467244e-04   4.187430e-31   408
  1.563496e+00   5.850585e-30   4.109956e-04   3.828142e-31   360
  1.565137e+00   6.923151e-30   3.831167e-04   4.873390e-31   324
  1.566729e+00   7.706875e-30   4.524730e-04   8.228134e-31   174
  1.568624e+00   7.801246e-30   5.198279e-04   8.051342e-31   264
  1.570404e+00   4.020660e-30   4.741086e-04   2.814136e-31   456
  1.572178e+00   3.341775e-30   4.767346e-04   2.533578e-31   360
  1.573637e+00   4.258156e-30   5.251690e-04   2.991730e-31   270
  1.575423e+00   5.201881e-30   5.743787e-04   4.684037e-31   240
  1.577661e+00   4.681805e-30   4.185669e-04   5.529038e-31   120
  1.578762e+00   1.936244e-30   4.369696e-04   1.197716e-31   320
  1.580538e+00   3.833312e-30   5.406748e-04   2.581342e-31   462
  1.582398e+00   4.857006e-30   3.145683e-04   5.007689e-31   276
  1.584014e+00   5.754083e-30   3.568730e-04   5.412592e-31   144
  1.585571e+00   8.302516e-30   3.747862e-04   1.104054e-30   120
  1.587640e+00   3.669320e-30   2.838118e-04   5.167431e-31   294
  1.589204e+00   2.188761e-30   5.034972e-04   1.230483e-31   384
  1.590663e+00   2.096820e-30   3.333119e-04   1.228210e-31   216
  1.592060e+00   4.495283e-30   3.095363e-04   5.314152e-31   168
  1.593638e+00   4.340607e-30   3.682988e-04   5.354825e-31   102
  1.595919e+00   1.571767e-30   5.587821e-04   1.272263e-31   168
  1.597518e+00   1.574634e-30   4.890688e-04   1.019932e-31   384
  1.599271e+00   2.708001e-30   4.969061e-04   1.729788e-31   300
  1.600903e+00   3.144370e-30   5.320788e-04   4.200980e-31   144
  1.602742e+00   5.865497e-30   5.449239e-04   6.729137e-31   102
  1.604949e+00   6.600322e-30   1.289956e-04   1.373538e-30   56
  1.606006e+00   9.362765e-31   4.199761e-04   4.901694e-32   288
  1.607665e+00   1.941082e-30   5.465449e-04   2.257568e-31   360
  1.609470e+00   1.595430e-30   2.931840e-04   1.490679e-31   126
  1.610992e+00   3.674645e-30   1.443964e-04   6.835517e-31   72
  1.612650e+00   4.385846e-30   7.650143e-05   7.948776e-31   48
  1.614814e+00   9.025390e-31   3.094846e-04   7.282160e-32   240
  1.616236e+00   1.319317e-30   4.591937e-04   9.749373e-32   306
  1.617691e+00   2.209807e-30   2.552095e-04   2.371882e-31   120
  1.619368e+00   3.056682e-30   6.281048e-04   4.832499e-31   96
  1.620587e+00   2.124192e-30   0.000000e+00   3.183163e-31   24
  1.623325e+00   1.505982e-30   5.439228e-04   3.218608e-31   120
  1.624667e+00   9.354559e-31   4.703935e-04   9.018554e-32   318
  1.626308e+00   1.135560e-30   5.026794e-04   5.875707e-32   168
  1.628106e+00   1.475599e-30   5.394313e-04   1.930106e-31   72
  1.630075e+00   3.429765e-30   0.000000e+00   1.175561e-30   24
  1.632193e+00   7.475658e-31   2.618418e-04   2.703376e-31   14
  1.633200e+00   3.972980e-31   4.129830e-04   2.476897e-32   288
  1.634765e+00   1.148460e-30   4.968411e-04   9.930344e-32   204
  1.636571e+00   2.479977e-30   7.538327e-05   4.020087e-31   48
  1.638002e+00   1.579904e-30   0.000000e+00   3.170723e-31   24
  1.639659e+00   1.629282e-30   0.000000e+00   4.122773e-31   6
  1.642039e+00   3.477452e-31   3.087683e-04   2.648189e-32   216
  1.643266e+00   6.239539e-31   4.111948e-04   4.689842e-32   192
  1.644767e+00   7.041620e-31   7.500762e-05   6.148092e-32   48
  1.646341e+00   1.199328e-30   5.993235e-04   1.309430e-31   30
  1.650794e+00   2.049040e-31   1.239342e-04   2.421205e-32   96
  1.651708e+00   3.546473e-31   4.061000e-04   2.452789e-32   228
  1.653445e+00   9.820329e-31   5.310492e-04   1.515156e-31   72
  1.655533e+00   2.340022e-30   0.000000e+00   5.175803e-31   6
  1.660288e+00   2.296600e-31   4.009709e-04   1.876741e-32   248
  1.661805e+00   6.051540e-31   4.589321e-04   8.302996e-32   72
  1.663636e+00   7.783166e-31   2.543132e-08   2.007887e-31   6
  1.669168e+00   1.157801e-31   2.849355e-04   9.692105e-33   180
  1.670272e+00   2.969954e-31   3.876996e-04   3.088497e-32   72
  1.671847e+00   6.292488e-31   0.000000e+00   9.149739e-32   6
  1.677997e+00   8.338166e-32   1.219250e-04   6.523350e-33   96
  1.678732e+00   1.329258e-31   3.347351e-04   1.566945e-32   96
  1.680165e+00   6.145556e-31   0.000000e+00   2.322324e-31   6
  1.687272e+00   6.477433e-32   3.203674e-04   6.207156e-33   140
  1.688588e+00   3.666919e-31   0.000000e+00   9.198958e-32   6
  1.696205e+00   4.611004e-32   2.151411e-04   7.394386e-33   96
  1.697114e+00   9.557939e-32   0.000000e+00   2.943378e-32   6
  1.705164e+00   1.947682e-32   1.294251e-04   3.865054e-33   60
  1.705743e+00   5.921148e-32   0.000000e+00   1.655940e-32   6
  1.714199e+00   4.030686e-33   1.312104e-04   1.958157e-33   38
  1.723205e+00   8.802998e-34   6.749794e-05   4.674975e-34   18
  1.732226e+00   3.835713e-36   2.543132e-08   1.199897e-36   6
