# power spectrum of pi_k
# redshift z=9.907655
# k              Pk             sigma(k)       sigma(Pk)      count
  1.570796e-02   1.296451e-13   0.000000e+00   5.233764e-14   6
  2.221441e-02   5.916763e-14   0.000000e+00   1.178006e-14   12
  2.720699e-02   3.614267e-14   2.980232e-10   7.426177e-15   8
  3.141593e-02   1.018515e-13   0.000000e+00   1.096696e-14   6
  3.512407e-02   6.207979e-14   5.619580e-10   1.973498e-14   24
  3.847649e-02   7.787320e-14   5.619580e-10   1.321232e-14   24
  4.442883e-02   2.919113e-14   0.000000e+00   1.327155e-14   12
  4.712389e-02   3.153362e-14   6.357829e-10   5.835901e-15   30
  4.967294e-02   3.736147e-14   0.000000e+00   8.387905e-15   24
  5.209742e-02   3.267257e-14   9.733398e-10   8.166467e-15   24
  5.441398e-02   3.614586e-14   5.960464e-10   7.207427e-15   8
  5.663587e-02   3.011322e-14   7.947286e-10   3.740659e-15   24
  5.877382e-02   2.754817e-14   0.000000e+00   3.868694e-15   48
  6.283185e-02   3.073769e-14   0.000000e+00   1.350246e-14   6
  6.476559e-02   2.395485e-14   7.947286e-10   3.435409e-15   48
  6.664324e-02   2.210762e-14   7.492773e-10   2.200723e-15   36
  6.846942e-02   3.130609e-14   7.947286e-10   6.464033e-15   24
  7.024815e-02   1.785946e-14   1.123916e-09   3.117618e-15   24
  7.198293e-02   1.537112e-14   0.000000e+00   2.091472e-15   48
  7.367688e-02   2.360038e-14   1.123916e-09   3.349805e-15   24
  7.695299e-02   1.814153e-14   1.123916e-09   2.878314e-15   24
  7.853982e-02   1.215503e-14   0.000000e+00   1.972164e-15   30
  8.009521e-02   1.270056e-14   0.000000e+00   1.376242e-15   72
  8.162097e-02   1.208700e-14   1.192093e-09   2.429018e-15   32
  8.458997e-02   1.529233e-14   0.000000e+00   1.745448e-15   72
  8.603606e-02   8.933036e-15   0.000000e+00   1.352281e-15   48
  8.885766e-02   4.495963e-15   0.000000e+00   1.332813e-15   12
  9.023538e-02   8.701845e-15   0.000000e+00   1.280816e-15   48
  9.159238e-02   7.714910e-15   0.000000e+00   7.646250e-16   48
  9.292956e-02   9.938047e-15   1.123916e-09   1.251853e-15   48
  9.424778e-02   1.198043e-14   1.271566e-09   2.142245e-15   30
  9.554781e-02   9.207205e-15   0.000000e+00   1.959670e-15   24
  9.683039e-02   1.019882e-14   2.369423e-09   1.032534e-15   72
  9.934588e-02   6.026435e-15   0.000000e+00   1.251050e-15   24
  1.005800e-01   8.760065e-15   0.000000e+00   8.647512e-16   96
  1.017992e-01   6.714463e-15   0.000000e+00   8.895021e-16   48
  1.030040e-01   5.526970e-15   1.946680e-09   1.348724e-15   24
  1.041948e-01   3.922676e-15   1.946680e-09   7.849579e-16   24
  1.053722e-01   9.385415e-15   0.000000e+00   1.153186e-15   72
  1.065366e-01   6.848122e-15   0.000000e+00   1.070789e-15   48
  1.088280e-01   5.771176e-15   1.192093e-09   1.693026e-15   8
  1.099557e-01   9.725868e-15   1.412851e-09   1.556849e-15   54
  1.110721e-01   5.975950e-15   0.000000e+00   9.955036e-16   84
  1.121773e-01   6.191350e-15   0.000000e+00   8.484492e-16   48
  1.132717e-01   3.844803e-15   1.589457e-09   6.756613e-16   24
  1.143557e-01   5.117912e-15   2.119276e-09   6.148997e-16   72
  1.154295e-01   6.635868e-15   0.000000e+00   7.499653e-16   96
  1.175476e-01   9.000474e-15   0.000000e+00   9.870543e-16   48
  1.185925e-01   4.754866e-15   0.000000e+00   4.469343e-16   48
  1.196283e-01   4.347446e-15   0.000000e+00   8.572356e-16   24
  1.206552e-01   4.765692e-15   0.000000e+00   5.162520e-16   72
  1.226831e-01   4.808806e-15   0.000000e+00   5.489549e-16   72
  1.236846e-01   4.646147e-15   0.000000e+00   5.346575e-16   96
  1.256637e-01   6.339292e-15   0.000000e+00   2.711559e-15   6
  1.266416e-01   5.488477e-15   0.000000e+00   5.030103e-16   96
  1.276121e-01   5.377037e-15   1.589457e-09   5.802580e-16   96
  1.285752e-01   3.495779e-15   0.000000e+00   8.498176e-16   24
  1.295312e-01   4.326747e-15   1.589457e-09   5.072572e-16   48
  1.304801e-01   3.825020e-15   0.000000e+00   4.160910e-16   96
  1.314222e-01   4.467827e-15   0.000000e+00   5.965801e-16   48
  1.332865e-01   3.867683e-15   1.498555e-09   7.067703e-16   36
  1.342089e-01   3.925476e-15   2.753021e-09   4.817847e-16   48
  1.351250e-01   4.292445e-15   3.114687e-09   3.869230e-16   120
  1.360350e-01   3.718385e-15   0.000000e+00   4.879129e-16   56
  1.369388e-01   2.132376e-15   1.589457e-09   3.872402e-16   24
  1.378368e-01   3.008939e-15   0.000000e+00   2.667847e-16   96
  1.387290e-01   3.158684e-15   0.000000e+00   4.063869e-16   48
  1.404963e-01   3.783586e-15   2.247832e-09   6.914249e-16   24
  1.413717e-01   4.373528e-15   0.000000e+00   4.713409e-16   102
  1.422417e-01   4.540611e-15   1.589457e-09   5.820106e-16   48
  1.431064e-01   3.669949e-15   0.000000e+00   3.638779e-16   72
  1.439659e-01   3.303105e-15   0.000000e+00   3.406192e-16   48
  1.448203e-01   3.684838e-15   0.000000e+00   6.673021e-16   48
  1.456697e-01   3.079034e-15   3.596531e-09   2.616765e-16   120
  1.473538e-01   4.601367e-15   2.247832e-09   7.707068e-16   24
  1.481886e-01   2.657752e-15   2.119276e-09   2.220961e-16   144
  1.490188e-01   2.669087e-15   2.543132e-09   2.588885e-16   120
  1.498444e-01   1.978485e-15   2.247832e-09   2.516441e-16   48
  1.514821e-01   2.984950e-15   2.247832e-09   3.964254e-16   48
  1.522944e-01   2.445630e-15   2.247832e-09   2.564551e-16   96
  1.544390e-01   3.103237e-15   3.768959e-04   3.821091e-16   72
  1.555009e-01   2.276598e-15   1.998073e-09   1.726061e-16   108
  1.562923e-01   2.656126e-15   0.000000e+00   2.778686e-16   72
  1.570796e-01   1.246967e-15   0.000000e+00   1.909415e-16   30
  1.578631e-01   3.029560e-15   0.000000e+00   2.310568e-16   168
  1.586427e-01   2.626478e-15   0.000000e+00   2.838345e-16   48
  1.601904e-01   1.883200e-15   0.000000e+00   2.231311e-16   72
  1.609587e-01   2.360687e-15   0.000000e+00   2.363267e-16   96
  1.617234e-01   2.200980e-15   4.238553e-09   3.340979e-16   72
  1.624844e-01   2.515590e-15   0.000000e+00   2.631725e-16   72
  1.637639e-01   2.290789e-15   3.480039e-04   1.608286e-16   104
  1.647465e-01   2.110691e-15   2.997109e-09   1.521109e-16   144
  1.669779e-01   1.466246e-15   5.026305e-09   1.345392e-16   96
  1.677152e-01   1.602305e-15   0.000000e+00   1.668954e-16   96
  1.688876e-01   2.081007e-15   3.580185e-04   1.914117e-16   120
  1.699076e-01   1.794426e-15   0.000000e+00   1.618967e-16   120
  1.706322e-01   2.091361e-15   0.000000e+00   2.167919e-16   72
  1.720721e-01   2.040392e-15   0.000000e+00   2.704832e-16   48
  1.727876e-01   2.781443e-15   3.912510e-09   5.002913e-16   78
  1.737029e-01   2.522842e-15   3.205713e-04   1.975345e-16   168
  1.756204e-01   1.972681e-15   3.670694e-09   1.693441e-16   144
  1.763215e-01   2.220308e-15   2.997109e-09   1.807397e-16   144
  1.783549e-01   1.915443e-15   1.846233e-04   1.593925e-16   156
  1.790983e-01   1.332434e-15   3.893359e-09   2.491018e-16   48
  1.797859e-01   1.657610e-15   2.543132e-09   1.662392e-16   120
  1.804708e-01   1.178300e-15   0.000000e+00   1.225778e-16   48
  1.816818e-01   1.737939e-15   2.825996e-04   1.191847e-16   216
  1.831848e-01   1.546307e-15   0.000000e+00   1.931190e-16   48
  1.838570e-01   1.417961e-15   2.247832e-09   1.228522e-16   96
  1.848128e-01   1.584776e-15   3.302618e-04   1.368244e-16   168
  1.858591e-01   1.255477e-15   2.247832e-09   1.762819e-16   48
  1.865217e-01   1.666565e-15   0.000000e+00   1.662370e-16   96
  1.871820e-01   1.588454e-15   0.000000e+00   2.908845e-16   48
  1.884956e-01   1.871453e-15   2.543132e-09   1.838808e-16   30
  1.891489e-01   2.012631e-15   0.000000e+00   2.106501e-16   96
  1.899298e-01   1.617755e-15   2.595564e-04   1.220640e-16   240
  1.909339e-01   2.292397e-15   2.800239e-04   2.554105e-16   32
  1.917401e-01   1.209160e-15   0.000000e+00   8.660215e-17   168
  1.923825e-01   1.338220e-15   0.000000e+00   1.305646e-16   120
  1.936608e-01   1.099972e-15   4.738846e-09   1.217715e-16   72
  1.942968e-01   1.693348e-15   2.119276e-09   1.574478e-16   144
  1.949307e-01   1.208663e-15   0.000000e+00   1.184633e-16   96
  1.955626e-01   1.584491e-15   0.000000e+00   1.277000e-16   96
  1.968202e-01   1.579235e-15   0.000000e+00   2.032799e-16   72
  1.974460e-01   1.248368e-15   3.178914e-09   1.214327e-16   96
  1.986918e-01   1.280007e-15   0.000000e+00   2.691888e-16   24
  1.993117e-01   1.437391e-15   0.000000e+00   1.027007e-16   192
  2.000418e-01   1.335049e-15   2.376333e-04   9.716219e-17   132
  2.011601e-01   1.394271e-15   0.000000e+00   1.255919e-16   96
  2.017724e-01   1.027778e-15   0.000000e+00   1.018896e-16   96
  2.023829e-01   1.328689e-15   2.543132e-09   1.150561e-16   120
  2.035985e-01   1.387710e-15   0.000000e+00   1.917954e-16   48
  2.045948e-01   1.508687e-15   2.879924e-04   2.530444e-16   222
  2.054083e-01   1.263161e-15   0.000000e+00   1.235803e-16   120
  2.060080e-01   1.267016e-15   3.893359e-09   2.549137e-16   24
  2.068812e-01   1.397048e-15   2.972500e-04   7.361410e-17   312
  2.087838e-01   1.377248e-15   2.786838e-04   1.644811e-16   72
  2.095704e-01   1.042217e-15   3.893359e-09   1.323132e-16   96
  2.103781e-01   1.261161e-15   2.838009e-04   9.921484e-17   192
  2.113290e-01   1.113888e-15   3.596531e-09   1.158737e-16   120
  2.119120e-01   1.139319e-15   0.000000e+00   1.163495e-16   144
  2.130732e-01   9.854015e-16   0.000000e+00   1.409375e-16   48
  2.138985e-01   9.598665e-16   2.853717e-04   5.635416e-17   336
  2.148032e-01   1.130273e-15   0.000000e+00   1.584326e-16   48
  2.159488e-01   9.421085e-16   0.000000e+00   8.336844e-17   192
  2.165193e-01   1.025388e-15   0.000000e+00   1.270088e-16   48
  2.181411e-01   1.012043e-15   1.980854e-04   1.210625e-16   56
  2.189475e-01   9.811485e-16   2.544090e-04   5.505109e-17   336
  2.199115e-01   1.268009e-15   2.825702e-09   2.664732e-16   54
  2.207512e-01   1.314531e-15   2.794324e-04   1.209953e-16   240
  2.224945e-01   1.004992e-15   2.675587e-04   7.018616e-17   228
  2.232521e-01   1.012341e-15   2.997109e-09   1.287390e-16   72
  2.239875e-01   1.042835e-15   2.595385e-04   7.617752e-17   144
  2.249038e-01   8.249640e-16   0.000000e+00   7.998646e-17   96
  2.254517e-01   8.591704e-16   3.596531e-09   5.392773e-17   240
  2.265435e-01   7.189718e-16   3.178914e-09   1.369949e-16   24
  2.272424e-01   8.847921e-16   2.451321e-04   5.165755e-17   336
  2.281713e-01   8.221585e-16   0.000000e+00   9.384710e-17   72
  2.290193e-01   9.864063e-16   2.666265e-04   7.098222e-17   168
  2.297877e-01   5.894813e-16   0.000000e+00   5.156769e-17   72
  2.308590e-01   9.310512e-16   0.000000e+00   8.265567e-17   96
  2.316886e-01   8.165121e-16   2.646263e-04   5.889593e-17   216
  2.324566e-01   6.128640e-16   0.000000e+00   4.445362e-17   96
  2.335157e-01   7.644256e-16   3.178914e-09   5.176658e-17   192
  2.340434e-01   7.313704e-16   2.997109e-09   5.627623e-17   144
  2.350953e-01   7.578169e-16   0.000000e+00   9.398403e-17   48
  2.358236e-01   1.362220e-15   2.551309e-04   2.869863e-16   246
  2.368131e-01   9.689871e-16   2.352347e-04   7.381540e-17   168
  2.377046e-01   8.868451e-16   6.229375e-09   8.834745e-17   120
  2.382231e-01   7.155316e-16   0.000000e+00   4.966250e-17   240
  2.392566e-01   4.504059e-16   0.000000e+00   8.683265e-17   24
  2.400800e-01   7.139008e-16   2.517980e-04   4.427144e-17   360
  2.411056e-01   7.234717e-16   2.507265e-04   5.742081e-17   120
  2.418210e-01   7.633923e-16   0.000000e+00   6.264048e-17   144
  2.423307e-01   8.508840e-16   0.000000e+00   7.025269e-17   96
  2.438532e-01   6.971108e-16   0.000000e+00   5.622103e-17   144
  2.443586e-01   7.894708e-16   0.000000e+00   6.717784e-17   132
  2.450688e-01   7.077277e-16   2.474633e-04   5.101329e-17   176
  2.460999e-01   6.781168e-16   2.498881e-04   3.438183e-17   312
  2.473693e-01   9.624971e-16   0.000000e+00   1.464896e-16   96
  2.478675e-01   6.408074e-16   0.000000e+00   5.597397e-17   144
  2.486319e-01   6.694375e-16   2.473817e-04   3.675898e-17   312
  2.498505e-01   7.811684e-16   0.000000e+00   7.861787e-17   48
  2.503437e-01   5.873099e-16   3.178914e-09   4.464282e-17   192
  2.513274e-01   3.429441e-16   0.000000e+00   5.913023e-17   6
  2.519810e-01   1.137144e-15   2.307253e-04   1.158423e-16   288
  2.530395e-01   7.143399e-16   2.437763e-04   6.688202e-17   192
  2.537699e-01   6.446508e-16   7.476104e-09   4.637294e-17   216
  2.542556e-01   6.608935e-16   0.000000e+00   8.863443e-17   72
  2.554657e-01   6.037961e-16   2.414611e-04   4.476252e-17   192
  2.562693e-01   6.794131e-16   1.792979e-04   4.052919e-17   288
  2.571504e-01   6.019477e-16   0.000000e+00   1.195667e-16   24
  2.578312e-01   6.443308e-16   2.362101e-04   2.908898e-17   456
  2.590624e-01   4.166436e-16   0.000000e+00   6.133860e-17   48
  2.598231e-01   5.642680e-16   2.326575e-04   4.171730e-17   240
  2.606974e-01   6.513190e-16   2.351266e-04   4.093824e-17   216
  2.614326e-01   4.991123e-16   0.000000e+00   6.119032e-17   72
  2.619041e-01   5.237341e-16   8.123736e-09   4.167555e-17   168
  2.632353e-01   6.137145e-16   1.747662e-04   3.676132e-17   288
  2.639818e-01   5.891801e-16   2.312456e-04   4.073805e-17   168
  2.651809e-01   6.669629e-16   0.000000e+00   4.605679e-17   192
  2.656458e-01   5.326404e-16   2.997109e-09   3.774357e-17   144
  2.665730e-01   6.634061e-16   2.997109e-09   8.218635e-17   36
  2.673593e-01   9.118942e-16   2.111764e-04   1.578177e-16   342
  2.681111e-01   5.846323e-16   2.168525e-04   4.669827e-17   144
  2.690776e-01   5.513075e-16   2.274240e-04   3.213674e-17   384
  2.702500e-01   5.761097e-16   6.229375e-09   5.219817e-17   120
  2.708303e-01   6.171969e-16   2.027960e-04   3.674590e-17   264
  2.716161e-01   5.387125e-16   1.005261e-08   4.033781e-17   192
  2.723561e-01   5.593762e-16   2.185515e-04   4.315359e-17   152
  2.729753e-01   5.165653e-16   5.994218e-09   4.553685e-17   144
  2.742778e-01   4.216825e-16   1.414487e-04   3.145074e-17   216
  2.748807e-01   5.353919e-16   1.890132e-04   2.948042e-17   312
  2.759419e-01   4.548309e-16   2.190625e-04   2.566938e-17   240
  2.765672e-01   5.440259e-16   3.178914e-09   5.753560e-17   96
  2.777541e-01   4.964141e-16   2.094396e-04   4.019338e-17   144
  2.784857e-01   4.834341e-16   2.058607e-04   2.300332e-17   456
  2.796723e-01   3.832086e-16   0.000000e+00   2.489740e-17   120
  2.801131e-01   4.058488e-16   0.000000e+00   3.837568e-17   144
  2.809926e-01   3.110028e-16   4.495664e-09   4.795090e-17   24
  2.815564e-01   4.734032e-16   1.978798e-04   2.377467e-17   336
  2.825316e-01   4.759776e-16   2.182345e-04   4.218133e-17   198
  2.834454e-01   6.932198e-16   2.122205e-04   7.415559e-17   432
  2.844833e-01   7.405188e-16   6.357829e-09   1.032038e-16   48
  2.850248e-01   5.149117e-16   1.873540e-04   2.716206e-17   384
  2.859970e-01   5.167402e-16   2.156842e-04   4.393461e-17   144
  2.868780e-01   5.065942e-16   2.141460e-04   2.955464e-17   264
  2.879317e-01   3.567656e-16   0.000000e+00   3.514756e-17   48
  2.886387e-01   4.488048e-16   2.036179e-04   2.773721e-17   276
  2.893208e-01   3.789190e-16   1.845741e-04   3.127808e-17   192
  2.902325e-01   4.061049e-16   2.074207e-04   1.701851e-17   552
  2.913393e-01   2.921293e-16   5.086263e-09   2.254184e-17   120
  2.919972e-01   4.311351e-16   2.099609e-04   2.941237e-17   216
  2.926069e-01   3.804423e-16   5.086263e-09   2.951690e-17   120
  2.936961e-01   4.522075e-16   2.067600e-04   2.261167e-17   408
  2.947075e-01   4.090974e-16   4.495664e-09   5.590848e-17   24
  2.953347e-01   3.557166e-16   2.088648e-04   2.082995e-17   384
  2.962106e-01   3.438760e-16   2.040684e-04   2.391337e-17   240
  2.969712e-01   3.533885e-16   2.055628e-04   2.377485e-17   168
  2.980376e-01   3.109894e-16   0.000000e+00   2.981711e-17   120
  2.987251e-01   9.902850e-16   2.142884e-04   2.576534e-16   350
  2.998430e-01   4.661819e-16   3.527601e-04   2.651635e-17   384
  3.005110e-01   6.710456e-16   0.000000e+00   8.177114e-17   144
  3.017401e-01   3.511307e-16   4.238553e-09   2.641631e-17   288
  3.023819e-01   3.315308e-16   2.019242e-04   1.682536e-17   336
  3.032549e-01   3.818868e-16   1.838353e-04   2.834525e-17   168
  3.037776e-01   3.613938e-16   1.204945e-08   2.246926e-17   336
  3.048586e-01   3.193492e-16   1.908100e-04   1.901741e-17   288
  3.055078e-01   3.237546e-16   1.797918e-04   1.920508e-17   264
  3.066072e-01   3.383464e-16   0.000000e+00   2.101279e-17   240
  3.070093e-01   3.369668e-16   0.000000e+00   2.751158e-17   96
  3.084525e-01   3.638627e-16   2.445048e-04   1.833999e-17   360
  3.091260e-01   3.446645e-16   1.802420e-04   3.010679e-17   168
  3.099770e-01   3.344542e-16   1.964825e-04   1.511960e-17   456
  3.110018e-01   3.037876e-16   5.651403e-09   2.699914e-17   108
  3.115782e-01   3.186664e-16   1.971449e-04   2.252389e-17   264
  3.122973e-01   2.923681e-16   1.758853e-04   1.875825e-17   264
  3.132820e-01   3.398036e-16   1.659735e-04   2.032725e-17   312
  3.145081e-01   8.709364e-16   1.233364e-04   1.423733e-16   270
  3.150220e-01   5.965243e-16   1.565911e-04   1.143393e-16   240
  3.159458e-01   4.992659e-16   1.937229e-04   4.913133e-17   384
  3.165067e-01   2.741421e-16   6.357829e-09   1.866057e-17   192
  3.175962e-01   3.683485e-16   1.554368e-04   2.531623e-17   240
  3.182281e-01   3.269308e-16   1.918342e-04   1.765207e-17   336
  3.194167e-01   3.155981e-16   1.931178e-04   1.435149e-17   480
  3.203808e-01   3.352346e-16   4.238553e-09   3.657610e-17   72
  3.209194e-01   3.109107e-16   1.883074e-04   1.953636e-17   240
  3.216520e-01   2.821515e-16   1.769831e-04   1.636154e-17   312
  3.224917e-01   2.661142e-16   1.912763e-04   1.825174e-17   240
  3.237607e-01   2.937519e-16   1.453205e-04   1.427682e-17   408
  3.242630e-01   2.719883e-16   1.330785e-04   1.578812e-17   336
  3.252448e-01   2.891592e-16   1.689770e-04   2.075630e-17   264
  3.257273e-01   3.416622e-16   0.000000e+00   2.850054e-17   144
  3.270696e-01   2.774068e-16   2.342121e-04   1.312562e-17   464
  3.277768e-01   2.193863e-16   1.862466e-04   1.506401e-17   168
  3.284751e-01   3.456291e-16   1.696301e-04   1.811889e-17   336
  3.297371e-01   4.638454e-16   1.782296e-04   1.362514e-16   414
  3.304484e-01   7.233755e-16   1.855264e-04   7.702962e-17   216
  3.313598e-01   4.691059e-16   4.495664e-09   6.125357e-17   96
  3.317320e-01   3.472628e-16   1.101208e-08   2.536688e-17   384
  3.330355e-01   2.902957e-16   1.851680e-04   1.435216e-17   492
  3.337341e-01   2.601623e-16   1.810784e-04   1.856148e-17   240
  3.345237e-01   2.461072e-16   1.838580e-04   1.351285e-17   312
  3.356141e-01   2.755557e-16   1.837975e-04   2.074705e-17   192
  3.363048e-01   2.700200e-16   1.781220e-04   1.222103e-17   504
  3.372212e-01   2.583634e-16   1.179198e-04   1.329430e-17   408
  3.379427e-01   2.839851e-16   3.612619e-04   2.188091e-17   168
  3.388456e-01   2.367831e-16   1.716026e-04   1.459843e-17   288
  3.396033e-01   2.353052e-16   1.790820e-04   1.598464e-17   288
  3.403794e-01   2.523993e-16   1.801128e-04   1.194664e-17   432
  3.415052e-01   2.628164e-16   1.703267e-04   1.740895e-17   216
  3.421068e-01   2.392429e-16   1.699674e-04   1.129503e-17   360
  3.431777e-01   2.604662e-16   1.658865e-04   1.482601e-17   312
  3.441442e-01   2.776520e-16   0.000000e+00   4.437208e-17   48
  3.447014e-01   2.368415e-16   1.778543e-04   1.149502e-17   432
  3.456992e-01   5.163565e-16   2.966627e-04   8.801495e-17   414
  3.462885e-01   2.631643e-16   6.776666e-09   1.663919e-17   312
  3.473878e-01   2.861742e-16   2.603051e-04   1.397289e-17   528
  3.481296e-01   2.465472e-16   1.366381e-04   1.542644e-17   264
  3.490209e-01   2.332839e-16   1.620153e-04   1.181605e-17   480
  3.501854e-01   2.242446e-16   0.000000e+00   1.205413e-17   288
  3.506883e-01   2.355236e-16   1.740804e-04   1.930246e-17   168
  3.516084e-01   2.375140e-16   2.755688e-04   1.001798e-17   504
  3.526429e-01   2.504573e-16   4.238553e-09   1.815234e-17   144
  3.532937e-01   2.069154e-16   1.769812e-04   9.526298e-18   464
  3.542716e-01   1.945189e-16   2.597299e-04   8.873680e-18   432
  3.547358e-01   2.443055e-16   4.495664e-09   1.795414e-17   192
  3.559351e-01   1.970640e-16   1.925466e-04   8.874934e-18   396
  3.566434e-01   2.070831e-16   1.729600e-04   1.243609e-17   288
  3.573592e-01   2.108734e-16   1.708549e-04   1.119496e-17   336
  3.585027e-01   1.958090e-16   1.081887e-04   8.521027e-18   432
  3.592283e-01   2.099321e-16   2.804101e-04   1.034205e-17   360
  3.600431e-01   2.025704e-16   1.658667e-04   9.979082e-18   384
  3.612003e-01   7.860100e-16   1.464092e-04   4.333725e-16   198
  3.617579e-01   3.770527e-16   1.664197e-04   3.768594e-17   552
  3.627976e-01   2.825083e-16   2.329761e-04   2.448771e-17   432
  3.636656e-01   2.133148e-16   8.899106e-09   1.597660e-17   168
  3.643942e-01   2.209638e-16   2.888052e-04   1.033291e-17   480
  3.653579e-01   1.485537e-16   0.000000e+00   1.344770e-17   120
  3.657917e-01   1.979204e-16   2.358836e-04   1.266253e-17   336
  3.668502e-01   2.025613e-16   1.664122e-04   7.482916e-18   672
  3.678969e-01   1.935675e-16   2.420693e-04   8.386986e-18   528
  3.683844e-01   1.787365e-16   7.266090e-09   1.148876e-17   168
  3.695106e-01   1.921333e-16   2.700266e-04   8.584065e-18   456
  3.701979e-01   2.041052e-16   1.649075e-04   1.751060e-17   168
  3.709113e-01   1.882911e-16   1.646115e-04   8.986508e-18   504
  3.720973e-01   1.745785e-16   2.118297e-04   9.875731e-18   336
  3.728144e-01   2.009875e-16   1.527042e-04   1.092450e-17   312
  3.736099e-01   1.860565e-16   1.492023e-04   8.133374e-18   504
  3.746568e-01   1.767774e-16   1.035207e-04   7.382804e-18   432
  3.751490e-01   1.618163e-16   1.599738e-04   9.309842e-18   312
  3.761721e-01   1.721058e-16   1.639809e-04   7.853523e-18   384
  3.772403e-01   1.080115e-15   1.393208e-04   2.242859e-16   126
  3.778999e-01   3.325822e-16   2.446141e-04   3.907050e-17   492
  3.787423e-01   2.231826e-16   1.566756e-04   1.590713e-17   528
  3.797950e-01   1.789356e-16   1.591488e-04   8.138410e-18   480
  3.804477e-01   1.983878e-16   2.198632e-04   1.178750e-17   432
  3.813922e-01   1.882966e-16   1.728933e-04   8.452553e-18   440
  3.824891e-01   1.627243e-16   8.597912e-05   9.577755e-18   312
  3.829007e-01   1.769381e-16   1.288469e-04   1.005448e-17   480
  3.837450e-01   1.647526e-16   2.522797e-04   8.751210e-18   408
  3.849786e-01   1.635064e-16   1.510870e-04   8.168953e-18   360
  3.854998e-01   1.534346e-16   1.457935e-04   7.551979e-18   408
  3.864656e-01   1.546231e-16   1.483633e-04   6.836276e-18   456
  3.875531e-01   1.665175e-16   1.417988e-04   9.899896e-18   264
  3.881567e-01   1.528466e-16   1.538873e-04   8.047906e-18   384
  3.890354e-01   1.591973e-16   2.590801e-04   6.481808e-18   672
  3.900512e-01   1.556169e-16   1.549634e-04   1.021895e-17   240
  3.906373e-01   1.585435e-16   1.572490e-04   9.173925e-18   264
  3.914646e-01   1.359789e-16   1.939407e-04   5.920312e-18   624
  3.926991e-01   5.130133e-16   0.000000e+00   2.426340e-16   150
  3.931386e-01   2.777880e-16   2.173259e-04   2.311674e-17   600
  3.940655e-01   1.768032e-16   1.499928e-04   8.893082e-18   672
  3.951151e-01   1.600662e-16   1.410788e-04   9.251685e-18   336
  3.956998e-01   1.750532e-16   1.534526e-04   1.054614e-17   408
  3.966340e-01   1.461164e-16   1.530911e-04   7.049531e-18   408
  3.976732e-01   1.336408e-16   7.741108e-05   6.808554e-18   360
  3.983137e-01   1.511980e-16   2.842286e-04   6.993895e-18   456
  3.990874e-01   1.334947e-16   1.545652e-04   6.231512e-18   384
  4.000722e-01   1.610977e-16   1.426833e-04   7.990424e-18   348
  4.006044e-01   1.424568e-16   1.759003e-04   6.088667e-18   576
  4.016040e-01   1.425623e-16   1.448308e-04   6.460953e-18   504
  4.026266e-01   1.382408e-16   2.042754e-04   6.452836e-18   432
  4.035193e-01   1.242643e-16   2.779157e-04   4.913927e-18   576
  4.041559e-01   1.353948e-16   0.000000e+00   7.786782e-18   264
  4.051657e-01   1.357066e-16   2.211515e-04   4.685071e-18   768
  4.060439e-01   1.563785e-16   2.977401e-04   1.050326e-17   240
  4.067421e-01   1.299379e-16   2.625786e-04   9.500952e-18   192
  4.077592e-01   1.254476e-16   1.932899e-04   5.323216e-18   504
  4.085134e-01   2.395345e-16   2.604655e-04   3.657028e-17   590
  4.092368e-01   1.874024e-16   2.918373e-04   1.333723e-17   384
  4.101438e-01   1.426325e-16   2.438900e-04   6.170906e-18   504
  4.112389e-01   1.486182e-16   2.347064e-04   5.790349e-18   648
  4.123011e-01   1.304715e-16   6.374317e-05   5.858317e-18   504
  4.127294e-01   1.300020e-16   1.454101e-04   6.641085e-18   312
  4.134855e-01   1.154418e-16   2.095003e-04   4.394978e-18   576
  4.145236e-01   1.228194e-16   1.457924e-04   8.323217e-18   240
  4.151287e-01   1.144793e-16   1.473162e-04   4.677252e-18   552
  4.159853e-01   1.289423e-16   1.383265e-04   5.296151e-18   600
  4.172054e-01   1.183061e-16   1.689549e-04   4.392162e-18   600
  4.179389e-01   1.273456e-16   2.705679e-04   7.465262e-18   312
  4.186695e-01   1.252978e-16   2.356379e-04   5.471995e-18   480
  4.195820e-01   1.269249e-16   1.470154e-04   5.152077e-18   576
  4.203854e-01   1.236100e-16   2.367268e-04   6.265928e-18   408
  4.210983e-01   1.184522e-16   2.761527e-04   7.364205e-18   216
  4.220194e-01   1.024488e-16   2.115019e-04   4.702895e-18   516
  4.230063e-01   1.207242e-16   2.017943e-04   4.778533e-18   744
  4.240243e-01   2.657457e-16   1.347808e-04   1.092555e-16   462
  4.245995e-01   2.314760e-16   1.369852e-04   2.213648e-17   432
  4.254918e-01   1.591665e-16   1.270838e-04   7.838369e-18   648
  4.265409e-01   1.305470e-16   1.859472e-04   6.003752e-18   528
  4.273836e-01   1.069783e-16   2.239269e-04   4.555296e-18   600
  4.282256e-01   1.218892e-16   2.823132e-04   9.735440e-18   240
  4.290411e-01   1.076626e-16   2.162492e-04   4.174802e-18   720
  4.299890e-01   1.189806e-16   1.710922e-04   4.185751e-18   720
  4.310398e-01   9.377917e-17   0.000000e+00   6.774813e-18   144
  4.315927e-01   1.015414e-16   2.205891e-04   3.610478e-18   720
  4.323793e-01   1.234618e-16   1.322696e-04   6.565688e-18   384
  4.333641e-01   1.044979e-16   1.466278e-04   4.063141e-18   672
  4.342984e-01   1.068122e-16   2.567292e-04   5.668816e-18   336
  4.347447e-01   1.210766e-16   0.000000e+00   7.236217e-18   288
  4.358374e-01   9.945082e-17   2.031840e-04   3.487057e-18   776
  4.368489e-01   1.105346e-16   1.738547e-04   4.126646e-18   720
  4.376985e-01   1.040397e-16   1.400528e-04   5.347089e-18   432
  4.383780e-01   1.039561e-16   1.996629e-04   5.590274e-18   504
  4.391339e-01   9.623108e-17   1.398922e-04   4.263954e-18   528
  4.401917e-01   2.708733e-16   1.905949e-04   3.542059e-17   438
  4.410618e-01   1.341523e-16   2.218350e-04   8.953751e-18   624
  4.417176e-01   1.089699e-16   2.717180e-04   5.883662e-18   312
  4.426191e-01   1.041419e-16   1.463948e-04   3.812275e-18   696
  4.435512e-01   9.924923e-17   1.324608e-04   4.381988e-18   552
  4.445207e-01   9.100876e-17   1.024805e-04   3.766684e-18   516
  4.451205e-01   9.450017e-17   2.046970e-04   3.700593e-18   528
  4.458506e-01   9.121645e-17   1.331200e-04   4.279862e-18   528
  4.468878e-01   9.440603e-17   1.755583e-04   3.367408e-18   864
  4.475918e-01   8.297821e-17   2.404788e-04   3.976408e-18   408
  4.482965e-01   9.478162e-17   2.382549e-04   6.012427e-18   192
  4.492953e-01   9.455957e-17   1.971674e-04   3.488483e-18   720
  4.501385e-01   8.309767e-17   1.817980e-04   3.000714e-18   696
  4.511404e-01   9.365866e-17   1.963435e-04   3.364368e-18   720
  4.520570e-01   8.679620e-17   2.661201e-04   4.180631e-18   432
  4.525916e-01   8.297421e-17   1.566487e-04   5.126732e-18   264
  4.535534e-01   9.087544e-17   2.163249e-04   3.344256e-18   672
  4.544137e-01   8.919849e-17   2.214835e-04   3.487960e-18   600
  4.554346e-01   1.287035e-16   1.296784e-04   3.099680e-17   270
  4.559493e-01   1.262809e-16   1.952021e-04   8.824310e-18   528
  4.567673e-01   1.062028e-16   1.336675e-04   4.115076e-18   840
  4.578890e-01   9.304228e-17   2.555961e-04   3.225107e-18   888
  4.589254e-01   8.846967e-17   1.904380e-04   3.511176e-18   744
  4.598014e-01   9.772479e-17   9.785730e-05   4.799979e-18   456
  4.602370e-01   8.653555e-17   1.337280e-04   4.168603e-18   360
  4.609825e-01   8.617389e-17   1.158678e-04   4.235433e-18   384
  4.621264e-01   8.821466e-17   1.858509e-04   3.104272e-18   816
  4.629847e-01   8.762514e-17   2.696437e-04   2.901998e-18   824
  4.640279e-01   8.390692e-17   1.253432e-04   4.582877e-18   360
  4.645865e-01   9.524906e-17   1.849595e-04   3.911536e-18   624
  4.653553e-01   7.681494e-17   1.249856e-04   3.763573e-18   360
  4.663795e-01   8.382006e-17   1.700172e-04   2.765307e-18   876
  4.673045e-01   7.914110e-17   2.019296e-04   3.263522e-18   696
  4.682373e-01   8.758772e-17   1.303928e-04   4.632458e-18   336
  4.687264e-01   8.693870e-17   1.302463e-04   4.056738e-18   504
  4.695341e-01   8.130084e-17   1.313750e-04   3.064998e-18   672
  4.707324e-01   7.499910e-17   2.615370e-04   2.732088e-18   720
  4.715635e-01   1.073973e-16   1.975633e-04   7.764794e-18   774
  4.724808e-01   9.700940e-17   1.130801e-04   6.186078e-18   384
  4.729612e-01   8.106440e-17   2.176147e-04   3.787115e-18   528
  4.737068e-01   8.391252e-17   2.073989e-04   3.105664e-18   744
  4.749062e-01   8.218730e-17   1.710601e-04   2.980781e-18   768
  4.757025e-01   7.887500e-17   1.920278e-04   3.342895e-18   552
  4.766960e-01   7.355780e-17   2.092886e-04   2.725914e-18   696
  4.774351e-01   8.349228e-17   2.543221e-04   4.350709e-18   408
  4.780218e-01   7.643142e-17   1.098692e-04   3.475506e-18   504
  4.789519e-01   7.300732e-17   1.973758e-04   2.587738e-18   888
  4.798671e-01   7.036865e-17   2.051305e-04   2.781832e-18   648
  4.808184e-01   7.189192e-17   2.033722e-04   2.949224e-18   648
  4.817134e-01   7.426150e-17   2.192851e-04   2.602271e-18   792
  4.826614e-01   7.020984e-17   3.208291e-04   2.877104e-18   600
  4.833600e-01   6.788170e-17   2.174285e-04   3.208680e-18   456
  4.840953e-01   7.381710e-17   1.059654e-04   2.868975e-18   648
  4.850397e-01   6.827931e-17   2.066479e-04   2.169976e-18   936
  4.860593e-01   7.043349e-17   1.269084e-04   3.352530e-18   384
  4.869469e-01   6.508636e-17   0.000000e+00   4.460498e-17   198
  4.876318e-01   8.984159e-18   3.219776e-04   1.482243e-18   1224
  4.883707e-01   8.928051e-18   2.344988e-04   1.709751e-18   420
  4.892446e-01   2.577603e-18   2.269458e-04   3.894978e-19   792
  4.900991e-01   1.905335e-18   1.876648e-04   3.639237e-19   680
  4.910742e-01   1.388760e-18   1.723226e-04   2.346125e-19   600
  4.918588e-01   1.135627e-18   2.499151e-04   1.644561e-19   840
  4.929064e-01   3.123571e-19   1.179983e-04   2.073608e-20   432
  4.933067e-01   1.611805e-18   1.105800e-04   2.304154e-19   720
  4.941771e-01   5.973839e-19   2.214723e-04   5.904187e-20   960
  4.952596e-01   9.671067e-19   1.974263e-04   1.237312e-19   528
  4.960507e-01   6.895413e-19   2.018074e-04   9.300996e-20   624
  4.969923e-01   5.798661e-19   1.586192e-04   4.680496e-20   816
  4.979269e-01   5.882987e-19   2.608527e-04   6.765884e-20   696
  4.989597e-01   2.862375e-19   1.438612e-08   2.601246e-20   240
  4.993481e-01   4.964657e-19   1.538310e-04   5.467342e-20   672
  5.002149e-01   5.110458e-19   2.749181e-04   5.094124e-20   864
  5.011872e-01   3.213922e-19   2.109550e-04   3.768428e-20   816
  5.020636e-01   2.991153e-19   1.207434e-04   2.379813e-20   648
  5.030076e-01   1.890865e-18   1.234217e-04   5.200861e-19   843
  5.038089e-01   1.733065e-18   2.220660e-04   4.815401e-19   780
  5.047639e-01   2.649660e-18   1.191565e-04   7.203288e-19   216
  5.053529e-01   1.087271e-18   2.873328e-04   1.753197e-19   1056
  5.062588e-01   6.149743e-19   2.350705e-04   1.483428e-19   228
  5.070976e-01   9.421937e-19   2.926687e-04   9.828382e-20   924
  5.079587e-01   4.309033e-19   1.085637e-04   3.758054e-20   696
  5.088706e-01   7.388301e-19   1.932122e-04   9.521439e-20   996
  5.098035e-01   3.595428e-19   1.140687e-04   5.478638e-20   576
  5.107740e-01   5.025585e-19   1.760574e-04   6.935104e-20   552
  5.114815e-01   6.014879e-19   2.102064e-04   6.233442e-20   516
  5.121995e-01   4.597529e-19   3.056837e-04   5.000269e-20   744
  5.130199e-01   2.338178e-19   1.499561e-04   2.392143e-20   576
  5.137336e-01   3.113423e-19   1.543428e-04   2.657313e-20   792
  5.147477e-01   3.297026e-19   1.764424e-04   3.488841e-20   792
  5.154909e-01   4.423615e-19   1.902913e-04   4.507106e-20   720
  5.164960e-01   2.308648e-19   2.168883e-04   1.838681e-20   656
  5.174379e-01   2.880693e-19   2.368308e-04   2.666124e-20   816
  5.184034e-01   3.310149e-19   1.276952e-04   4.082233e-20   492
  5.189522e-01   2.961588e-19   1.836985e-04   2.118208e-20   552
  5.199822e-01   2.499031e-19   3.194294e-04   2.949654e-20   780
  5.206511e-01   2.933500e-19   1.962217e-04   2.934236e-20   528
  5.213718e-01   2.031193e-19   2.290504e-04   2.092172e-20   600
  5.224340e-01   2.652414e-19   1.903590e-04   1.622449e-20   900
  5.231662e-01   2.243067e-19   1.053860e-04   1.582116e-20   696
  5.241734e-01   2.361697e-19   2.664725e-04   1.776373e-20   696
  5.251479e-01   1.573363e-19   1.081054e-04   1.024604e-20   552
  5.259673e-01   2.111819e-19   1.257166e-04   1.566319e-20   708
  5.268258e-01   1.765669e-19   2.075652e-04   1.089608e-20   876
  5.277190e-01   2.206502e-19   1.102130e-04   2.836132e-20   216
  5.283184e-01   2.203314e-19   3.014475e-04   1.265483e-20   1032
  5.292161e-01   2.228614e-19   3.356286e-04   3.522642e-20   600
  5.301478e-01   1.358312e-19   1.601495e-04   7.847761e-21   600
  5.308585e-01   2.210672e-19   2.828090e-04   2.119440e-20   528
  5.316987e-01   1.853806e-19   1.552497e-04   1.313644e-20   732
  5.325837e-01   2.159531e-19   1.146378e-04   2.114910e-20   336
  5.336024e-01   1.801900e-19   1.633817e-04   9.038980e-21   912
  5.343638e-01   1.263452e-19   1.639857e-04   9.379904e-21   624
  5.351957e-01   1.619577e-19   1.381873e-04   1.219377e-20   768
  5.361666e-01   1.403385e-19   2.493171e-04   7.230662e-21   792
  5.371196e-01   1.823565e-19   1.236011e-04   1.547298e-20   660
  5.377977e-01   1.481822e-19   1.821461e-04   1.132106e-20   504
  5.384990e-01   1.329516e-19   2.975919e-04   7.695028e-21   480
  5.395501e-01   1.275355e-19   2.752337e-04   7.624180e-21   912
  5.403731e-01   1.457983e-19   3.065154e-04   1.745372e-20   432
  5.411504e-01   1.606252e-19   1.820016e-04   1.412940e-20   564
  5.418405e-01   1.237431e-19   1.742006e-04   5.524023e-21   600
  5.428119e-01   1.353197e-19   2.428192e-04   6.464504e-21   876
  5.435417e-01   1.816915e-19   1.091788e-04   1.973457e-20   264
  5.445477e-01   1.079297e-19   2.118499e-04   7.844591e-21   560
  5.453563e-01   1.228710e-19   1.439565e-04   6.715519e-21   840
  5.463378e-01   1.088421e-19   2.219395e-04   5.196867e-21   1008
  5.472454e-01   1.112723e-19   9.928084e-05   7.110993e-21   456
  5.480744e-01   1.257534e-19   1.286043e-04   8.175690e-21   576
  5.488407e-01   1.216990e-19   1.976142e-04   7.188035e-21   612
  5.498512e-01   1.195368e-19   1.765015e-04   5.920979e-21   780
  5.506755e-01   1.203388e-19   2.022627e-04   6.655743e-21   648
  5.515194e-01   9.764772e-20   9.425702e-05   7.048322e-21   312
  5.520587e-01   1.045346e-19   2.394916e-04   7.507724e-21   528
  5.529931e-01   7.758493e-20   3.127641e-04   3.477734e-21   720
  5.538866e-01   1.053464e-19   3.137436e-04   7.117625e-21   576
  5.549699e-01   1.055653e-19   2.706443e-04   6.441943e-21   444
  5.556439e-01   1.035340e-19   2.654148e-04   5.303820e-21   996
  5.564699e-01   8.577063e-20   2.217012e-04   6.963790e-21   432
  5.572506e-01   1.034172e-19   2.427192e-04   9.280610e-21   504
  5.579250e-01   7.405997e-20   1.094306e-04   3.827469e-21   504
  5.588852e-01   1.069812e-19   2.153608e-04   5.289169e-21   876
  5.597541e-01   8.243712e-20   2.478597e-04   4.702214e-21   504
  5.606589e-01   8.119547e-20   1.580720e-04   5.274226e-21   696
  5.614066e-01   8.630433e-20   1.351349e-04   4.632624e-21   492
  5.624240e-01   7.620252e-20   1.934522e-04   4.581506e-21   432
  5.631776e-01   8.894218e-20   1.811468e-04   5.565021e-21   768
  5.640708e-01   7.357888e-20   2.256427e-04   4.893227e-21   648
  5.649237e-01   7.921901e-20   1.472076e-04   6.138604e-21   456
  5.659038e-01   1.023116e-19   2.024344e-04   6.781664e-21   552
  5.665845e-01   7.448948e-20   1.387487e-04   3.694951e-21   648
  5.675213e-01   7.187587e-20   2.261525e-04   3.010907e-21   840
  5.684363e-01   7.648568e-20   1.078474e-04   4.892590e-21   432
  5.693524e-01   7.574373e-20   1.320946e-04   5.072680e-21   600
  5.699896e-01   7.367989e-20   1.407382e-04   4.898872e-21   432
  5.710598e-01   7.862331e-20   1.401185e-04   4.933586e-21   560
  5.717846e-01   7.299930e-20   2.217929e-04   3.454818e-21   840
  5.726922e-01   7.709577e-20   1.313712e-04   5.420187e-21   504
  5.734129e-01   7.622349e-20   2.681208e-04   4.363463e-21   696
  5.744289e-01   9.228532e-20   1.464380e-04   7.044574e-21   384
  5.752203e-01   5.096172e-20   2.145144e-04   2.353506e-21   576
  5.761776e-01   6.793807e-20   1.323876e-04   4.459923e-21   360
  5.769491e-01   7.602081e-20   1.971572e-04   4.064158e-21   828
  5.777814e-01   4.924384e-20   1.756051e-04   3.391590e-21   372
  5.785440e-01   6.969179e-20   2.681827e-04   4.148368e-21   576
  5.795542e-01   7.127174e-20   1.123146e-04   4.341057e-21   636
  5.802740e-01   6.906748e-20   2.165136e-04   4.931716e-21   648
  5.812477e-01   5.177223e-20   1.760019e-04   3.413232e-21   576
  5.819467e-01   6.647407e-20   2.839096e-04   5.672337e-21   528
  5.828762e-01   5.861104e-20   1.213831e-04   5.235240e-21   360
  5.836457e-01   5.946997e-20   2.792266e-04   3.189685e-21   672
  5.846504e-01   5.883063e-20   1.430245e-04   3.521780e-21   804
  5.854866e-01   6.128949e-20   1.577731e-04   4.177547e-21   408
  5.864116e-01   7.526853e-20   9.752092e-05   5.746660e-21   384
  5.870345e-01   3.807972e-20   2.231653e-04   2.233546e-21   480
  5.879130e-01   5.188177e-20   1.441975e-04   3.329820e-21   432
  5.887557e-01   5.189536e-20   2.657252e-04   2.434461e-21   648
  5.897530e-01   4.618232e-20   1.648813e-04   2.319888e-21   624
  5.904826e-01   4.692716e-20   1.499734e-04   3.511843e-21   456
  5.914788e-01   4.447029e-20   2.048770e-04   2.171714e-21   588
  5.921465e-01   4.755642e-20   1.307107e-04   2.361857e-21   600
  5.931212e-01   4.340014e-20   2.038766e-04   2.396607e-21   708
  5.938912e-01   5.416479e-20   1.284383e-04   3.760541e-21   360
  5.947420e-01   4.522533e-20   1.476433e-04   2.470712e-21   552
  5.955576e-01   4.092394e-20   1.035752e-04   3.225381e-21   288
  5.963856e-01   4.370313e-20   1.947498e-04   2.971557e-21   528
  5.971636e-01   4.932111e-20   1.313872e-04   3.458098e-21   456
  5.980328e-01   4.106948e-20   2.329780e-04   2.639625e-21   608
  5.989070e-01   3.465644e-20   1.127174e-04   2.299724e-21   504
  5.998623e-01   3.598599e-20   2.419978e-04   2.318496e-21   540
  6.006113e-01   4.091430e-20   2.597778e-04   2.866984e-21   360
  6.014188e-01   4.601680e-20   1.176407e-04   2.847620e-21   540
  6.021329e-01   3.581348e-20   1.010085e-04   1.935652e-21   576
  6.031714e-01   3.296730e-20   2.342044e-04   1.744007e-21   588
  6.041588e-01   3.356300e-20   3.231314e-04   1.938294e-21   672
  6.050070e-01   4.254077e-20   2.469721e-04   2.799190e-21   552
  6.056908e-01   4.884864e-20   2.470970e-04   5.334665e-21   144
  6.065633e-01   3.452643e-20   2.099342e-04   1.817189e-21   600
  6.073906e-01   3.318047e-20   2.630934e-04   3.283804e-21   504
  6.083088e-01   3.576032e-20   2.702501e-04   3.045585e-21   336
  6.092745e-01   3.646271e-20   3.037623e-04   2.134728e-21   600
  6.101395e-01   2.615542e-20   1.960382e-04   1.404994e-21   636
  6.110731e-01   3.264554e-20   1.576165e-04   2.372420e-21   384
  6.117276e-01   3.241541e-20   2.198564e-04   2.224184e-21   504
  6.126710e-01   2.417262e-20   9.227064e-05   2.001462e-21   240
  6.134155e-01   3.413170e-20   2.167569e-04   1.721885e-21   744
  6.143088e-01   3.537370e-20   1.480120e-04   2.324852e-21   648
  6.151027e-01   3.714535e-20   9.825476e-05   3.359289e-21   120
  6.160331e-01   2.975660e-20   1.543455e-04   1.744346e-21   564
  6.167362e-01   2.997000e-20   2.424089e-04   2.113096e-21   432
  6.176746e-01   3.290765e-20   1.881572e-04   2.431983e-21   480
  6.183811e-01   2.174405e-20   1.384885e-04   1.451025e-21   456
  6.192152e-01   2.771599e-20   2.291780e-04   2.193362e-21   444
  6.201616e-01   2.548002e-20   3.506544e-04   1.756685e-21   528
  6.209930e-01   3.155138e-20   2.604238e-04   4.238393e-21   264
  6.217998e-01   2.708561e-20   2.668956e-04   1.691708e-21   444
  6.228852e-01   2.648086e-20   2.923449e-04   1.429796e-21   696
  6.237861e-01   2.242564e-20   1.563558e-04   1.626925e-21   384
  6.244450e-01   1.718834e-20   1.975687e-04   1.056385e-21   432
  6.254698e-01   2.269998e-20   1.365107e-04   1.294360e-21   488
  6.261352e-01   2.442977e-20   2.057386e-04   1.680519e-21   480
  6.270999e-01   1.935337e-20   2.294412e-04   1.308308e-21   480
  6.278471e-01   2.069275e-20   9.626648e-05   1.355003e-21   240
  6.286954e-01   2.063603e-20   2.248709e-04   1.270259e-21   600
  6.294955e-01   1.319799e-20   1.959519e-04   1.046359e-21   288
  6.303474e-01   2.417951e-20   1.884914e-04   1.761630e-21   480
  6.312103e-01   1.722973e-20   3.352926e-04   1.271198e-21   504
  6.320598e-01   1.910589e-20   1.438614e-04   1.876825e-21   216
  6.331433e-01   1.612222e-20   2.355240e-04   1.040343e-21   504
  6.339871e-01   1.783962e-20   1.894329e-04   1.214149e-21   456
  6.349107e-01   1.805570e-20   1.086430e-04   1.500077e-21   384
  6.355225e-01   1.639364e-20   2.205061e-04   1.310851e-21   480
  6.363918e-01   1.542139e-20   1.936290e-04   9.996879e-22   504
  6.371972e-01   1.603665e-20   1.228262e-04   1.269488e-21   312
  6.380652e-01   2.109179e-20   1.979302e-04   1.161067e-21   492
  6.388334e-01   1.784119e-20   1.855135e-04   1.433135e-21   312
  6.398223e-01   1.349160e-20   3.013519e-04   8.085445e-22   576
  6.406929e-01   1.426490e-20   2.781722e-04   1.365856e-21   336
  6.414159e-01   8.239673e-21   2.141797e-04   1.401004e-21   240
  6.424183e-01   1.687681e-20   2.839481e-04   1.256743e-21   468
  6.432837e-01   8.684429e-21   1.777925e-04   1.024246e-21   192
  6.441896e-01   1.072706e-20   1.783224e-04   9.425275e-22   324
  6.448535e-01   1.115241e-20   1.294235e-04   7.639171e-22   600
  6.457583e-01   9.815869e-21   2.099764e-04   7.024441e-22   456
  6.464302e-01   9.004497e-21   9.444737e-05   7.929971e-22   336
  6.475438e-01   1.219166e-20   2.828021e-04   8.152814e-22   612
  6.483539e-01   1.426791e-20   2.373399e-04   2.784572e-21   144
  6.491201e-01   1.071732e-20   2.770366e-04   6.971644e-22   552
  6.501620e-01   5.510213e-21   1.091004e-04   5.589362e-22   264
  6.507507e-01   1.040895e-20   2.525953e-04   8.942180e-22   336
  6.516793e-01   8.650819e-21   1.669063e-04   9.954496e-22   384
  6.524847e-01   9.846314e-21   9.395175e-05   9.097112e-22   216
  6.533762e-01   5.808501e-21   1.991971e-04   5.876756e-22   344
  6.541891e-01   9.128734e-21   2.972114e-04   8.100083e-22   408
  6.551797e-01   6.124410e-21   2.283876e-04   6.938202e-22   264
  6.560575e-01   7.550619e-21   3.183837e-04   5.440851e-22   612
  6.569345e-01   8.635543e-21   1.638646e-04   7.034583e-22   408
  6.578364e-01   7.009130e-21   1.641001e-04   6.621519e-22   444
  6.584991e-01   8.931795e-21   9.177996e-05   9.316421e-22   120
  6.593870e-01   7.754998e-21   2.535712e-04   5.660830e-22   336
  6.600460e-01   2.463559e-21   8.811499e-05   1.994238e-22   288
  6.609366e-01   6.549475e-21   2.742154e-04   4.960745e-22   552
  6.621610e-01   2.384477e-21   0.000000e+00   4.112389e-22   72
  6.627906e-01   6.128943e-21   2.723657e-04   6.600969e-22   504
  6.635259e-01   3.504066e-21   8.764464e-05   5.720900e-22   216
  6.644787e-01   4.755758e-21   1.564835e-04   5.785625e-22   312
  6.653340e-01   4.981075e-21   1.781811e-04   7.609822e-22   336
  6.661492e-01   4.255272e-21   2.469789e-04   5.574529e-22   204
  6.669611e-01   3.517601e-21   2.870270e-04   3.111940e-22   504
  6.678221e-01   5.469850e-21   2.733322e-04   5.760922e-22   396
  6.686501e-01   4.792993e-21   2.506599e-04   5.348187e-22   312
  6.696540e-01   5.312199e-21   1.531800e-04   5.232521e-22   216
  6.703613e-01   2.005203e-21   8.313373e-05   3.629182e-22   168
  6.712208e-01   3.937405e-21   2.099173e-04   4.174923e-22   588
  6.722017e-01   3.343886e-21   2.849381e-04   4.401704e-22   240
  6.729637e-01   2.417501e-21   2.516481e-04   3.846117e-22   264
  6.738575e-01   2.388109e-21   3.112147e-04   4.953491e-22   288
  6.746505e-01   3.244356e-21   1.554077e-04   3.708709e-22   288
  6.756555e-01   9.071300e-22   1.459525e-04   1.649853e-22   288
  6.763322e-01   1.683771e-21   1.690738e-04   2.645368e-22   192
  6.771836e-01   9.076722e-22   1.799115e-04   1.430410e-22   264
  6.779946e-01   1.900320e-21   2.959295e-04   1.571155e-22   372
  6.788675e-01   2.604089e-21   3.196167e-04   2.348810e-22   360
  6.799329e-01   3.249169e-21   1.352648e-04   4.068557e-22   144
  6.804835e-01   6.458107e-22   1.878769e-04   9.494332e-23   296
  6.813527e-01   8.664214e-22   2.024276e-04   1.890413e-22   288
  6.823478e-01   9.894919e-22   3.025230e-04   1.210632e-22   480
  6.832061e-01   1.208758e-21   2.513677e-04   2.873013e-22   192
  6.840407e-01   1.339817e-21   2.696262e-04   2.312254e-22   192
  6.847993e-01   5.139884e-22   1.718359e-04   1.627139e-22   288
  6.858544e-01   1.658904e-21   1.495808e-04   4.835213e-22   108
  6.863859e-01   5.066154e-22   1.438036e-04   8.950092e-23   240
  6.873243e-01   4.011474e-22   2.682690e-04   7.541948e-23   384
  6.882884e-01   1.352850e-22   3.272578e-04   3.361844e-23   108
  6.891409e-01   3.731701e-22   1.918773e-04   6.545063e-23   348
  6.900373e-01   3.397428e-22   2.002507e-04   5.424745e-23   312
  6.908379e-01   3.611564e-22   1.945855e-04   8.077476e-23   96
  6.915741e-01   1.622326e-22   2.590555e-04   3.386143e-23   384
  6.923987e-01   2.761232e-25   1.781778e-04   5.021466e-26   144
  6.932053e-01   1.896770e-22   2.737780e-04   2.592815e-23   408
  6.942079e-01   2.662401e-22   1.221243e-04   5.917044e-23   144
  6.951550e-01   2.037207e-22   2.347853e-04   4.186060e-23   192
  6.957167e-01   2.113278e-22   2.642552e-04   4.665345e-23   144
  6.966323e-01   2.056573e-25   2.148492e-04   2.531250e-26   144
  6.974962e-01   1.148227e-23   2.625805e-04   2.612683e-24   336
  6.985541e-01   1.130161e-23   1.942763e-04   2.917458e-24   240
  6.992249e-01   3.494011e-25   8.821915e-05   5.399297e-26   96
  7.001605e-01   6.285059e-25   2.587043e-04   7.467600e-26   372
  7.011070e-01   3.360667e-25   3.077232e-04   5.299449e-26   132
  7.019384e-01   1.547341e-25   1.904154e-04   1.061517e-26   264
  7.026821e-01   6.087649e-25   1.462304e-04   1.360019e-25   168
  7.034759e-01   3.457571e-25   2.337943e-04   3.493843e-26   216
  7.041771e-01   2.530781e-25   1.430383e-04   3.000509e-26   216
  7.051983e-01   1.612074e-25   2.624157e-04   1.676394e-26   96
  7.061249e-01   3.171700e-25   1.712023e-04   3.471194e-26   120
  7.069747e-01   1.823640e-25   2.176463e-04   1.377760e-26   216
  7.076747e-01   1.631059e-25   9.511215e-05   1.346212e-26   200
  7.086015e-01   3.662264e-25   2.462045e-04   5.281923e-26   288
  7.097902e-01   1.391897e-25   6.478119e-05   1.416378e-26   144
  7.102908e-01   2.829274e-25   2.015951e-04   4.405569e-26   168
  7.113130e-01   3.686441e-25   2.268765e-04   5.650880e-26   159
  7.121109e-01   1.321467e-25   2.380480e-04   1.238019e-26   174
  7.128831e-01   1.830385e-25   2.158536e-04   2.051365e-26   144
  7.138943e-01   2.651755e-25   1.246398e-04   3.116551e-26   222
  7.145705e-01   1.782324e-25   1.257726e-04   2.323052e-26   168
  7.157386e-01   3.399920e-25   2.758677e-04   1.051331e-25   30
  7.162211e-01   8.029686e-26   2.435709e-04   1.048730e-26   72
  7.171298e-01   2.094870e-25   2.173841e-04   3.526686e-26   258
  7.181290e-01   1.775681e-25   1.361533e-04   1.498143e-26   264
  7.186286e-01   1.283653e-25   1.468278e-08   1.787720e-26   72
  7.196697e-01   1.529075e-25   2.698616e-04   2.443095e-26   174
  7.206123e-01   1.621218e-25   2.873527e-04   1.905245e-26   168
  7.213701e-01   1.064303e-25   8.991328e-09   2.774108e-26   48
  7.221837e-01   1.446877e-25   1.622748e-04   2.250232e-26   150
  7.231270e-01   1.745014e-25   2.985162e-04   1.580844e-26   168
  7.240729e-01   1.113541e-25   1.818422e-04   1.081954e-26   144
  7.249427e-01   2.840409e-25   1.698820e-04   4.922957e-26   102
  7.255906e-01   1.249170e-25   2.514545e-04   1.819005e-26   96
  7.266185e-01   7.178448e-26   2.495518e-04   8.616872e-27   120
  7.273797e-01   8.366781e-26   2.676508e-04   6.265350e-27   168
  7.282031e-01   1.843401e-25   1.976389e-04   2.123688e-26   126
  7.289046e-01   1.522763e-25   1.490593e-04   1.870642e-26   168
  7.298711e-01   6.779322e-26   2.390167e-04   7.836054e-27   72
  7.307158e-01   1.017090e-25   2.993022e-04   9.132519e-27   168
  7.314557e-01   1.131307e-25   8.205344e-05   1.899354e-26   78
  7.324696e-01   9.032740e-26   1.347256e-04   1.341254e-26   60
  7.332860e-01   1.704354e-25   2.185468e-04   2.488077e-26   96
  7.341327e-01   9.840911e-26   2.651884e-04   1.049947e-26   168
  7.349284e-01   7.899304e-26   1.678009e-04   1.430852e-26   86
  7.357634e-01   3.961704e-26   1.499742e-04   4.776902e-27   120
  7.369601e-01   6.509569e-26   1.069515e-04   5.976064e-27   168
  7.376055e-01   8.121276e-26   0.000000e+00   8.625094e-27   48
  7.384747e-01   1.817502e-25   1.948541e-04   3.193653e-26   120
  7.389742e-01   8.767403e-26   1.421539e-04   1.233097e-26   126
  7.401935e-01   9.353899e-26   2.500091e-04   8.506738e-27   96
  7.409848e-01   9.797072e-26   7.209028e-05   1.181209e-26   96
  7.416089e-01   9.040586e-26   8.477105e-09   1.816288e-26   72
  7.429385e-01   7.254870e-26   8.991328e-09   1.778353e-26   24
  7.437683e-01   5.776991e-26   1.483601e-04   8.233032e-27   120
  7.444157e-01   1.240770e-25   2.164118e-04   1.632422e-26   126
  7.451355e-01   2.974547e-26   1.804085e-04   3.970355e-27   96
  7.459766e-01   5.077769e-26   3.117986e-04   8.488074e-27   72
  7.469132e-01   6.309674e-26   1.348634e-04   5.658074e-27   144
  7.476836e-01   9.433648e-26   7.778603e-05   1.008658e-26   72
  7.484533e-01   1.011819e-25   1.553665e-04   3.171166e-26   54
  7.491306e-01   9.342453e-26   1.369149e-04   1.179755e-26   108
  7.505382e-01   8.295777e-26   1.342120e-04   9.750705e-27   72
  7.509765e-01   1.094463e-25   7.744493e-05   1.517859e-26   72
  7.520162e-01   4.259695e-26   1.557344e-08   1.105311e-26   24
  7.529998e-01   1.829034e-26   1.638381e-04   1.828468e-27   48
  7.535971e-01   4.476848e-26   1.248023e-04   6.760007e-27   102
  7.544963e-01   5.097943e-26   2.822510e-04   7.578861e-27   168
  7.556711e-01   3.629081e-26   1.539331e-04   4.645545e-27   72
  7.561064e-01   4.730594e-26   0.000000e+00   6.272757e-27   48
  7.570195e-01   5.424568e-26   2.647743e-04   5.551933e-27   120
  7.582245e-01   5.334482e-26   1.627091e-04   6.369436e-27   96
  7.593627e-01   8.401845e-26   1.438612e-08   2.316142e-26   30
  7.607153e-01   9.165785e-26   7.644796e-05   1.385873e-26   72
  7.613097e-01   9.097079e-26   8.991328e-09   3.206070e-26   24
  7.620733e-01   1.971829e-26   1.133148e-04   1.676357e-27   56
  7.629285e-01   1.742651e-26   1.617059e-04   1.919870e-27   96
  7.639519e-01   2.874486e-26   1.785629e-04   2.914738e-27   144
  7.647411e-01   4.462492e-26   1.013810e-04   1.591459e-26   54
  7.658874e-01   5.102736e-26   1.518795e-04   5.910274e-27   108
  7.670409e-01   9.958548e-26   8.041947e-05   1.202262e-26   48
  7.681392e-01   3.975499e-26   3.028050e-04   5.320371e-27   72
  7.707744e-01   5.196288e-26   2.000642e-04   8.583414e-27   78
  7.715046e-01   1.062060e-26   1.507735e-04   1.554283e-27   72
  7.723570e-01   1.590895e-26   1.505863e-04   2.055874e-27   72
  7.732482e-01   2.684532e-26   3.633813e-04   4.108454e-27   96
  7.739527e-01   2.465772e-26   1.502759e-04   3.658246e-27   72
  7.748024e-01   8.929391e-27   0.000000e+00   1.645576e-27   24
  7.756510e-01   4.229870e-26   2.998733e-04   4.602804e-27   72
  7.775680e-01   4.063047e-26   1.904287e-04   9.796619e-27   30
  7.779804e-01   2.698103e-26   0.000000e+00   6.081066e-27   24
  7.801973e-01   9.115197e-27   1.581267e-04   9.928758e-28   48
  7.808927e-01   2.370875e-26   3.402886e-04   6.319903e-27   120
  7.818296e-01   1.713947e-26   1.487821e-04   2.357648e-27   72
  7.827758e-01   2.573861e-26   1.486022e-04   4.486174e-27   36
  7.834261e-01   2.156648e-26   2.937071e-04   2.708632e-27   78
  7.852411e-01   5.466755e-26   1.571111e-04   6.422662e-27   48
  7.875942e-01   3.688303e-26   1.271566e-08   6.789128e-27   24
  7.892707e-01   4.791362e-27   1.094089e-04   6.570082e-28   56
  7.901149e-01   7.901240e-27   1.683597e-04   9.852788e-28   102
  7.911888e-01   1.479976e-26   1.198844e-08   2.110089e-27   72
  7.918122e-01   7.882814e-27   8.991328e-09   1.501737e-27   24
  7.929021e-01   2.332835e-26   1.555930e-04   4.487548e-27   48
  7.949223e-01   5.414643e-26   0.000000e+00   7.348061e-27   24
  7.974016e-01   3.166393e-26   0.000000e+00   8.978753e-27   6
  7.981748e-01   2.965336e-27   0.000000e+00   6.349505e-28   24
  7.986898e-01   4.523176e-27   1.456409e-04   4.076358e-28   72
  7.996307e-01   5.871266e-27   2.717068e-04   7.078408e-28   84
  8.006440e-01   1.825032e-26   0.000000e+00   3.557157e-27   24
  8.009521e-01   1.530940e-26   1.271566e-08   4.853772e-27   24
  8.024909e-01   1.368435e-26   1.557344e-08   3.494693e-27   24
  8.046403e-01   6.527046e-26   0.000000e+00   1.264149e-26   6
  8.073954e-01   1.846069e-27   1.528000e-04   3.213348e-28   48
  8.080572e-01   3.074228e-27   2.878503e-04   2.999622e-28   72
  8.089220e-01   4.143900e-27   1.525117e-04   6.506955e-28   48
  8.102934e-01   1.047632e-26   0.000000e+00   2.840384e-27   24
  8.121184e-01   8.395966e-27   0.000000e+00   2.376222e-27   6
  8.162097e-01   9.929129e-28   0.000000e+00   2.582817e-28   8
  8.165120e-01   1.017027e-27   8.991328e-09   1.600404e-28   48
  8.172369e-01   2.876799e-27   1.479045e-04   3.317569e-28   60
  8.183231e-01   5.336828e-27   0.000000e+00   1.633755e-27   24
  8.198293e-01   2.394551e-26   0.000000e+00   1.272922e-26   6
  8.253784e-01   3.379706e-28   0.000000e+00   4.536915e-29   24
  8.258266e-01   6.921498e-28   1.493898e-04   1.064065e-28   48
  8.265733e-01   2.196308e-27   0.000000e+00   3.042517e-28   24
  8.277664e-01   4.562756e-27   0.000000e+00   2.077664e-27   6
  8.345448e-01   3.011936e-28   1.393664e-04   7.053553e-29   36
  8.350375e-01   8.895136e-28   0.000000e+00   2.301451e-28   24
  8.359234e-01   1.033159e-27   0.000000e+00   1.667213e-28   6
  8.436361e-01   8.231516e-29   1.266552e-04   1.705227e-29   32
  8.442939e-01   7.908331e-28   0.000000e+00   3.737979e-28   6
  8.525822e-01   8.732335e-31   0.000000e+00   1.996766e-31   12
  8.528715e-01   2.111161e-28   0.000000e+00   8.012981e-29   6
  8.616502e-01   7.731726e-31   0.000000e+00   3.188181e-31   6
