# background statistics
# cycle   tau/boxsize    a             conformal H/H0  phi(k=0)       T00(k=0)
      0   1.124729e+00   9.900990e-03   5.696668e+00   0.000000e+00   3.120460e-01
      1   1.151042e+00   1.030088e-02   5.581878e+00   4.971321e-10   3.120460e-01
      2   1.177896e+00   1.071692e-02   5.469515e+00   9.423782e-10   3.120460e-01
      3   1.205302e+00   1.114977e-02   5.359523e+00   1.358295e-09   3.120460e-01
      4   1.233270e+00   1.160010e-02   5.251844e+00   1.748290e-09   3.120460e-01
      5   1.261812e+00   1.206863e-02   5.146426e+00   2.115369e-09   3.120460e-01
      6   1.290938e+00   1.255609e-02   5.043215e+00   2.462258e-09   3.120460e-01
      7   1.320660e+00   1.306324e-02   4.942160e+00   2.791442e-09   3.120460e-01
      8   1.350991e+00   1.359088e-02   4.843211e+00   3.105186e-09   3.120460e-01
      9   1.381940e+00   1.413984e-02   4.746320e+00   3.405563e-09   3.120460e-01
     10   1.413522e+00   1.471097e-02   4.651440e+00   3.694470e-09   3.120460e-01
     11   1.445748e+00   1.530518e-02   4.558526e+00   3.973648e-09   3.120460e-01
     12   1.478630e+00   1.592340e-02   4.467532e+00   4.244697e-09   3.120460e-01
     13   1.512183e+00   1.656659e-02   4.378415e+00   4.509090e-09   3.120460e-01
     14   1.546418e+00   1.723576e-02   4.291134e+00   4.768190e-09   3.120460e-01
     15   1.581350e+00   1.793197e-02   4.205648e+00   5.023255e-09   3.120460e-01
     16   1.616991e+00   1.865631e-02   4.121916e+00   5.275456e-09   3.120460e-01
     17   1.653357e+00   1.940991e-02   4.039901e+00   5.525880e-09   3.120460e-01
     18   1.690461e+00   2.019396e-02   3.959563e+00   5.775545e-09   3.120460e-01
     19   1.728318e+00   2.100968e-02   3.880868e+00   6.025403e-09   3.120459e-01
     20   1.766942e+00   2.185835e-02   3.803777e+00   6.276349e-09   3.120459e-01
     21   1.806349e+00   2.274132e-02   3.728258e+00   6.529230e-09   3.120459e-01
     22   1.846555e+00   2.365995e-02   3.654275e+00   6.784847e-09   3.120459e-01
     23   1.887574e+00   2.461570e-02   3.581796e+00   7.043965e-09   3.120459e-01
     24   1.929423e+00   2.561006e-02   3.510788e+00   7.307313e-09   3.120459e-01
     25   1.972119e+00   2.664460e-02   3.441220e+00   7.575595e-09   3.120459e-01
     26   2.015678e+00   2.772092e-02   3.373061e+00   7.849487e-09   3.120459e-01
     27   2.060118e+00   2.884074e-02   3.306281e+00   8.129647e-09   3.120459e-01
     28   2.105454e+00   3.000579e-02   3.240851e+00   8.416717e-09   3.120459e-01
     29   2.151707e+00   3.121792e-02   3.176743e+00   8.711322e-09   3.120459e-01
     30   2.198892e+00   3.247901e-02   3.113928e+00   9.014082e-09   3.120459e-01
     31   2.247029e+00   3.379105e-02   3.052381e+00   9.325605e-09   3.120459e-01
     32   2.296137e+00   3.515610e-02   2.992073e+00   9.646498e-09   3.120459e-01
     33   2.346235e+00   3.657630e-02   2.932981e+00   9.977363e-09   3.120459e-01
     34   2.397342e+00   3.805388e-02   2.875077e+00   1.031880e-08   3.120459e-01
     35   2.449479e+00   3.959116e-02   2.818339e+00   1.067143e-08   3.120458e-01
     36   2.502665e+00   4.119054e-02   2.762742e+00   1.103585e-08   3.120458e-01
     37   2.556921e+00   4.285454e-02   2.708262e+00   1.141267e-08   3.120458e-01
     38   2.612269e+00   4.458577e-02   2.654877e+00   1.180254e-08   3.120458e-01
     39   2.668730e+00   4.638694e-02   2.602565e+00   1.220607e-08   3.120458e-01
     40   2.726325e+00   4.826089e-02   2.551304e+00   1.262392e-08   3.120458e-01
     41   2.785078e+00   5.021054e-02   2.501073e+00   1.305675e-08   3.120458e-01
     42   2.845011e+00   5.223897e-02   2.451852e+00   1.350524e-08   3.120458e-01
     43   2.906147e+00   5.434935e-02   2.403620e+00   1.397008e-08   3.120458e-01
     44   2.968509e+00   5.654500e-02   2.356358e+00   1.445197e-08   3.120458e-01
     45   3.032123e+00   5.882936e-02   2.310046e+00   1.495165e-08   3.120457e-01
     46   3.097012e+00   6.120602e-02   2.264667e+00   1.546987e-08   3.120457e-01
     47   3.163201e+00   6.367871e-02   2.220202e+00   1.600739e-08   3.120457e-01
     48   3.230715e+00   6.625131e-02   2.176634e+00   1.656502e-08   3.120457e-01
     49   3.299581e+00   6.892785e-02   2.133946e+00   1.714358e-08   3.120457e-01
     50   3.369825e+00   7.171254e-02   2.092121e+00   1.774391e-08   3.120457e-01
     51   3.441473e+00   7.460976e-02   2.051142e+00   1.836688e-08   3.120457e-01
     52   3.514553e+00   7.762404e-02   2.010996e+00   1.901339e-08   3.120456e-01
     53   3.589091e+00   8.076013e-02   1.971665e+00   1.968437e-08   3.120456e-01
     54   3.665116e+00   8.402295e-02   1.933136e+00   2.038079e-08   3.120456e-01
     55   3.742657e+00   8.741762e-02   1.895394e+00   2.110362e-08   3.120456e-01
     56   3.821741e+00   9.094948e-02   1.858425e+00   2.185389e-08   3.120456e-01
# background statistics
# cycle   tau/boxsize    a             conformal H/H0  phi(k=0)       T00(k=0)
      0   1.124729e+00   9.900990e-03   5.696668e+00   0.000000e+00   3.120460e-01
      1   1.151042e+00   1.030088e-02   5.581878e+00   4.971321e-10   3.120460e-01
      2   1.177896e+00   1.071692e-02   5.469515e+00   9.423782e-10   3.120460e-01
      3   1.205302e+00   1.114977e-02   5.359523e+00   1.358295e-09   3.120460e-01
      4   1.233270e+00   1.160010e-02   5.251844e+00   1.748290e-09   3.120460e-01
      5   1.261812e+00   1.206863e-02   5.146426e+00   2.115369e-09   3.120460e-01
      6   1.290938e+00   1.255609e-02   5.043215e+00   2.462258e-09   3.120460e-01
      7   1.320660e+00   1.306324e-02   4.942160e+00   2.791442e-09   3.120460e-01
      8   1.350991e+00   1.359088e-02   4.843211e+00   3.105186e-09   3.120460e-01
      9   1.381940e+00   1.413984e-02   4.746320e+00   3.405563e-09   3.120460e-01
     10   1.413522e+00   1.471097e-02   4.651440e+00   3.694470e-09   3.120460e-01
     11   1.445748e+00   1.530518e-02   4.558526e+00   3.973648e-09   3.120460e-01
     12   1.478630e+00   1.592340e-02   4.467532e+00   4.244697e-09   3.120460e-01
     13   1.512183e+00   1.656659e-02   4.378415e+00   4.509090e-09   3.120460e-01
     14   1.546418e+00   1.723576e-02   4.291134e+00   4.768190e-09   3.120460e-01
     15   1.581350e+00   1.793197e-02   4.205648e+00   5.023255e-09   3.120460e-01
     16   1.616991e+00   1.865631e-02   4.121916e+00   5.275456e-09   3.120460e-01
     17   1.653357e+00   1.940991e-02   4.039901e+00   5.525880e-09   3.120460e-01
     18   1.690461e+00   2.019396e-02   3.959563e+00   5.775545e-09   3.120460e-01
     19   1.728318e+00   2.100968e-02   3.880868e+00   6.025403e-09   3.120459e-01
     20   1.766942e+00   2.185835e-02   3.803777e+00   6.276349e-09   3.120459e-01
     21   1.806349e+00   2.274132e-02   3.728258e+00   6.529230e-09   3.120459e-01
     22   1.846555e+00   2.365995e-02   3.654275e+00   6.784847e-09   3.120459e-01
     23   1.887574e+00   2.461570e-02   3.581796e+00   7.043965e-09   3.120459e-01
     24   1.929423e+00   2.561006e-02   3.510788e+00   7.307313e-09   3.120459e-01
     25   1.972119e+00   2.664460e-02   3.441220e+00   7.575595e-09   3.120459e-01
     26   2.015678e+00   2.772092e-02   3.373061e+00   7.849487e-09   3.120459e-01
     27   2.060118e+00   2.884074e-02   3.306281e+00   8.129647e-09   3.120459e-01
     28   2.105454e+00   3.000579e-02   3.240851e+00   8.416717e-09   3.120459e-01
     29   2.151707e+00   3.121792e-02   3.176743e+00   8.711322e-09   3.120459e-01
     30   2.198892e+00   3.247901e-02   3.113928e+00   9.014082e-09   3.120459e-01
     31   2.247029e+00   3.379105e-02   3.052381e+00   9.325605e-09   3.120459e-01
     32   2.296137e+00   3.515610e-02   2.992073e+00   9.646498e-09   3.120459e-01
     33   2.346235e+00   3.657630e-02   2.932981e+00   9.977363e-09   3.120459e-01
     34   2.397342e+00   3.805388e-02   2.875077e+00   1.031880e-08   3.120459e-01
     35   2.449479e+00   3.959116e-02   2.818339e+00   1.067143e-08   3.120458e-01
     36   2.502665e+00   4.119054e-02   2.762742e+00   1.103585e-08   3.120458e-01
     37   2.556921e+00   4.285454e-02   2.708262e+00   1.141267e-08   3.120458e-01
     38   2.612269e+00   4.458577e-02   2.654877e+00   1.180254e-08   3.120458e-01
     39   2.668730e+00   4.638694e-02   2.602565e+00   1.220607e-08   3.120458e-01
     40   2.726325e+00   4.826089e-02   2.551304e+00   1.262392e-08   3.120458e-01
     41   2.785078e+00   5.021054e-02   2.501073e+00   1.305675e-08   3.120458e-01
     42   2.845011e+00   5.223897e-02   2.451852e+00   1.350524e-08   3.120458e-01
     43   2.906147e+00   5.434935e-02   2.403620e+00   1.397008e-08   3.120458e-01
     44   2.968509e+00   5.654500e-02   2.356358e+00   1.445197e-08   3.120458e-01
     45   3.032123e+00   5.882936e-02   2.310046e+00   1.495165e-08   3.120457e-01
     46   3.097012e+00   6.120602e-02   2.264667e+00   1.546987e-08   3.120457e-01
     47   3.163201e+00   6.367871e-02   2.220202e+00   1.600739e-08   3.120457e-01
     48   3.230715e+00   6.625131e-02   2.176634e+00   1.656502e-08   3.120457e-01
     49   3.299581e+00   6.892785e-02   2.133946e+00   1.714358e-08   3.120457e-01
     50   3.369825e+00   7.171254e-02   2.092121e+00   1.774391e-08   3.120457e-01
     51   3.441473e+00   7.460976e-02   2.051142e+00   1.836688e-08   3.120457e-01
     52   3.514553e+00   7.762404e-02   2.010996e+00   1.901339e-08   3.120456e-01
     53   3.589091e+00   8.076013e-02   1.971665e+00   1.968437e-08   3.120456e-01
     54   3.665116e+00   8.402295e-02   1.933136e+00   2.038079e-08   3.120456e-01
     55   3.742657e+00   8.741762e-02   1.895394e+00   2.110362e-08   3.120456e-01
     56   3.821741e+00   9.094948e-02   1.858425e+00   2.185389e-08   3.120456e-01
# background statistics
# cycle   tau/boxsize    a             conformal H/H0  phi(k=0)       T00(k=0)
      0   1.124729e+00   9.900990e-03   5.696668e+00   0.000000e+00   3.120460e-01
      1   1.127360e+00   9.940633e-03   5.684972e+00   4.683809e-11   3.120460e-01
      2   1.153728e+00   1.034212e-02   5.570429e+00   5.248735e-10   3.120460e-01
      3   1.180637e+00   1.075983e-02   5.458308e+00   9.692387e-10   3.120460e-01
      4   1.208099e+00   1.119441e-02   5.348552e+00   1.384425e-09   3.120460e-01
      5   1.236124e+00   1.164655e-02   5.241104e+00   1.773760e-09   3.120460e-01
      6   1.264725e+00   1.211696e-02   5.135911e+00   2.140244e-09   3.120460e-01
      7   1.293910e+00   1.260637e-02   5.032919e+00   2.486600e-09   3.120460e-01
      8   1.323694e+00   1.311555e-02   4.932079e+00   2.815312e-09   3.120460e-01
      9   1.354086e+00   1.364530e-02   4.833340e+00   3.128643e-09   3.120460e-01
     10   1.385099e+00   1.419646e-02   4.736654e+00   3.428663e-09   3.120460e-01
     11   1.416745e+00   1.476988e-02   4.641975e+00   3.717268e-09   3.120460e-01
     12   1.449036e+00   1.536647e-02   4.549256e+00   3.996199e-09   3.120460e-01
     13   1.481986e+00   1.598716e-02   4.458453e+00   4.267054e-09   3.120460e-01
     14   1.515607e+00   1.663293e-02   4.369524e+00   4.531306e-09   3.120460e-01
     15   1.549911e+00   1.730478e-02   4.282426e+00   4.790316e-09   3.120460e-01
     16   1.584914e+00   1.800378e-02   4.197119e+00   5.045342e-09   3.120460e-01
     17   1.620628e+00   1.873102e-02   4.113562e+00   5.297553e-09   3.120460e-01
     18   1.657068e+00   1.948764e-02   4.031718e+00   5.548038e-09   3.120460e-01
     19   1.694247e+00   2.027482e-02   3.951547e+00   5.797811e-09   3.120460e-01
     20   1.732180e+00   2.109381e-02   3.873015e+00   6.047825e-09   3.120459e-01
     21   1.770883e+00   2.194589e-02   3.796085e+00   6.298976e-09   3.120459e-01
     22   1.810370e+00   2.283239e-02   3.720722e+00   6.552110e-09   3.120459e-01
     23   1.850657e+00   2.375470e-02   3.646892e+00   6.808027e-09   3.120459e-01
     24   1.891760e+00   2.471428e-02   3.574563e+00   7.067492e-09   3.120459e-01
     25   1.933694e+00   2.571262e-02   3.503702e+00   7.331235e-09   3.120459e-01
     26   1.976476e+00   2.675130e-02   3.434277e+00   7.599959e-09   3.120459e-01
     27   2.020123e+00   2.783194e-02   3.366259e+00   7.874341e-09   3.120459e-01
     28   2.064652e+00   2.895623e-02   3.299617e+00   8.155038e-09   3.120459e-01
     29   2.110080e+00   3.012596e-02   3.234322e+00   8.442693e-09   3.120459e-01
     30   2.156426e+00   3.134293e-02   3.170345e+00   8.737933e-09   3.120459e-01
     31   2.203707e+00   3.260908e-02   3.107660e+00   9.041376e-09   3.120459e-01
     32   2.251941e+00   3.392638e-02   3.046239e+00   9.353632e-09   3.120459e-01
     33   2.301148e+00   3.529689e-02   2.986055e+00   9.675308e-09   3.120459e-01
     34   2.351347e+00   3.672278e-02   2.927083e+00   1.000701e-08   3.120459e-01
     35   2.402557e+00   3.820628e-02   2.869299e+00   1.034934e-08   3.120459e-01
     36   2.454798e+00   3.974971e-02   2.812677e+00   1.070290e-08   3.120458e-01
     37   2.508091e+00   4.135550e-02   2.757193e+00   1.106831e-08   3.120458e-01
     38   2.562457e+00   4.302616e-02   2.702825e+00   1.144619e-08   3.120458e-01
     39   2.617916e+00   4.476433e-02   2.649549e+00   1.183716e-08   3.120458e-01
     40   2.674490e+00   4.657271e-02   2.597344e+00   1.224186e-08   3.120458e-01
     41   2.732202e+00   4.845416e-02   2.546188e+00   1.266093e-08   3.120458e-01
     42   2.791072e+00   5.041163e-02   2.496060e+00   1.309505e-08   3.120458e-01
     43   2.851126e+00   5.244818e-02   2.446940e+00   1.354488e-08   3.120458e-01
     44   2.912384e+00   5.456702e-02   2.398806e+00   1.401113e-08   3.120458e-01
     45   2.974872e+00   5.677146e-02   2.351641e+00   1.449450e-08   3.120458e-01
     46   3.038613e+00   5.906497e-02   2.305425e+00   1.499572e-08   3.120457e-01
     47   3.103632e+00   6.145115e-02   2.260139e+00   1.551556e-08   3.120457e-01
     48   3.169954e+00   6.393374e-02   2.215765e+00   1.605477e-08   3.120457e-01
     49   3.237604e+00   6.651664e-02   2.172287e+00   1.661416e-08   3.120457e-01
     50   3.306608e+00   6.920391e-02   2.129686e+00   1.719456e-08   3.120457e-01
     51   3.376992e+00   7.199976e-02   2.087947e+00   1.779680e-08   3.120457e-01
     52   3.448783e+00   7.490858e-02   2.047053e+00   1.842177e-08   3.120457e-01
     53   3.522008e+00   7.793494e-02   2.006989e+00   1.907037e-08   3.120456e-01
     54   3.596695e+00   8.108359e-02   1.967740e+00   1.974352e-08   3.120456e-01
     55   3.672872e+00   8.435948e-02   1.929291e+00   2.044219e-08   3.120456e-01
     56   3.750567e+00   8.776775e-02   1.891628e+00   2.116738e-08   3.120456e-01
     57   3.829809e+00   9.131375e-02   1.854737e+00   2.192009e-08   3.120456e-01
# background statistics
# cycle   tau/boxsize    a             conformal H/H0  phi(k=0)       T00(k=0)
      0   2.249458e+00   9.900990e-03   5.696668e+00   0.000000e+00   3.120460e-01
      1   2.254721e+00   9.940633e-03   5.684972e+00   3.256290e-11   3.120460e-01
      2   2.307455e+00   1.034212e-02   5.570429e+00   3.819251e-10   3.120460e-01
      3   2.361274e+00   1.075983e-02   5.458308e+00   7.092412e-10   3.120460e-01
      4   2.416198e+00   1.119441e-02   5.348552e+00   1.017104e-09   3.120460e-01
      5   2.472249e+00   1.164655e-02   5.241104e+00   1.307844e-09   3.120460e-01
      6   2.529449e+00   1.211696e-02   5.135911e+00   1.583584e-09   3.120460e-01
      7   2.587821e+00   1.260637e-02   5.032919e+00   1.846263e-09   3.120460e-01
      8   2.647387e+00   1.311555e-02   4.932079e+00   2.097653e-09   3.120460e-01
      9   2.708171e+00   1.364530e-02   4.833340e+00   2.339383e-09   3.120460e-01
     10   2.770197e+00   1.419646e-02   4.736654e+00   2.572948e-09   3.120460e-01
     11   2.833489e+00   1.476988e-02   4.641975e+00   2.799724e-09   3.120460e-01
     12   2.898072e+00   1.536647e-02   4.549256e+00   3.020981e-09   3.120460e-01
     13   2.963972e+00   1.598716e-02   4.458453e+00   3.237893e-09   3.120460e-01
     14   3.031213e+00   1.663293e-02   4.369524e+00   3.451549e-09   3.120460e-01
     15   3.099823e+00   1.730478e-02   4.282426e+00   3.662961e-09   3.120460e-01
     16   3.169828e+00   1.800378e-02   4.197119e+00   3.873073e-09   3.120460e-01
     17   3.241256e+00   1.873102e-02   4.113562e+00   4.082767e-09   3.120460e-01
     18   3.314135e+00   1.948764e-02   4.031718e+00   4.292872e-09   3.120460e-01
     19   3.388494e+00   2.027482e-02   3.951547e+00   4.504171e-09   3.120460e-01
     20   3.464361e+00   2.109381e-02   3.873015e+00   4.717402e-09   3.120460e-01
     21   3.541766e+00   2.194589e-02   3.796085e+00   4.933270e-09   3.120459e-01
     22   3.620741e+00   2.283239e-02   3.720722e+00   5.152445e-09   3.120459e-01
     23   3.701314e+00   2.375470e-02   3.646892e+00   5.375574e-09   3.120459e-01
     24   3.783519e+00   2.471428e-02   3.574563e+00   5.603277e-09   3.120459e-01
     25   3.867387e+00   2.571262e-02   3.503702e+00   5.836157e-09   3.120459e-01
     26   3.952952e+00   2.675130e-02   3.434277e+00   6.074801e-09   3.120459e-01
     27   4.040246e+00   2.783194e-02   3.366259e+00   6.319783e-09   3.120459e-01
     28   4.129304e+00   2.895623e-02   3.299617e+00   6.571667e-09   3.120459e-01
     29   4.220161e+00   3.012596e-02   3.234322e+00   6.831009e-09   3.120459e-01
     30   4.312852e+00   3.134293e-02   3.170345e+00   7.098364e-09   3.120459e-01
     31   4.407413e+00   3.260908e-02   3.107660e+00   7.374281e-09   3.120459e-01
     32   4.503882e+00   3.392638e-02   3.046239e+00   7.659311e-09   3.120459e-01
     33   4.602296e+00   3.529689e-02   2.986055e+00   7.954007e-09   3.120459e-01
     34   4.702694e+00   3.672278e-02   2.927083e+00   8.258925e-09   3.120459e-01
     35   4.805114e+00   3.820628e-02   2.869299e+00   8.574624e-09   3.120459e-01
     36   4.909597e+00   3.974971e-02   2.812677e+00   8.901676e-09   3.120458e-01
     37   5.016183e+00   4.135550e-02   2.757193e+00   9.240656e-09   3.120458e-01
     38   5.124914e+00   4.302616e-02   2.702825e+00   9.592154e-09   3.120458e-01
     39   5.235832e+00   4.476433e-02   2.649549e+00   9.956773e-09   3.120458e-01
     40   5.348981e+00   4.657271e-02   2.597344e+00   1.033513e-08   3.120458e-01
     41   5.464403e+00   4.845416e-02   2.546188e+00   1.072785e-08   3.120458e-01
     42   5.582145e+00   5.041163e-02   2.496060e+00   1.113558e-08   3.120458e-01
     43   5.702251e+00   5.244818e-02   2.446940e+00   1.155900e-08   3.120458e-01
     44   5.824769e+00   5.456702e-02   2.398806e+00   1.199878e-08   3.120458e-01
     45   5.949744e+00   5.677146e-02   2.351641e+00   1.245563e-08   3.120457e-01
     46   6.077226e+00   5.906497e-02   2.305425e+00   1.293028e-08   3.120457e-01
     47   6.207264e+00   6.145115e-02   2.260139e+00   1.342349e-08   3.120457e-01
     48   6.339908e+00   6.393374e-02   2.215765e+00   1.393602e-08   3.120457e-01
     49   6.475207e+00   6.651664e-02   2.172287e+00   1.446869e-08   3.120457e-01
     50   6.613215e+00   6.920391e-02   2.129686e+00   1.502230e-08   3.120457e-01
     51   6.753984e+00   7.199976e-02   2.087947e+00   1.559774e-08   3.120457e-01
     52   6.897566e+00   7.490858e-02   2.047053e+00   1.619587e-08   3.120456e-01
     53   7.044017e+00   7.793494e-02   2.006989e+00   1.681763e-08   3.120456e-01
     54   7.193391e+00   8.108359e-02   1.967740e+00   1.746396e-08   3.120456e-01
     55   7.345745e+00   8.435948e-02   1.929291e+00   1.813585e-08   3.120456e-01
     56   7.501135e+00   8.776775e-02   1.891628e+00   1.883430e-08   3.120456e-01
     57   7.659618e+00   9.131375e-02   1.854737e+00   1.956038e-08   3.120455e-01
