# power spectrum of pi_v_k
# redshift z=48.322258
# k              Pk             sigma(k)       sigma(Pk)      count
  1.570796e-02   2.268786e-11   0.000000e+00   9.145478e-12   6
  2.221441e-02   1.026010e-11   0.000000e+00   2.048254e-12   12
  2.720699e-02   6.268137e-12   2.980232e-10   1.278118e-12   8
  3.141593e-02   1.757942e-11   0.000000e+00   1.891782e-12   6
  3.512407e-02   1.059505e-11   5.619580e-10   3.377627e-12   24
  3.847649e-02   1.344941e-11   5.619580e-10   2.269905e-12   24
  4.635387e-02   5.330627e-12   1.217504e-03   9.634683e-13   42
  4.967294e-02   6.495813e-12   0.000000e+00   1.430306e-12   24
  5.209742e-02   5.672252e-12   9.733398e-10   1.407412e-12   24
  5.608040e-02   5.542917e-12   9.621049e-04   5.948840e-13   32
  5.877382e-02   4.826174e-12   0.000000e+00   6.793109e-13   48
  6.283185e-02   5.468727e-12   0.000000e+00   2.404929e-12   6
  6.557030e-02   4.123985e-12   9.291969e-04   3.868532e-13   84
  6.935879e-02   4.333736e-12   8.893614e-04   6.589564e-13   48
  7.254758e-02   3.243340e-12   7.985346e-04   3.292192e-13   72
  7.695299e-02   3.207842e-12   1.123916e-09   5.030665e-13   24
  7.963774e-02   2.195250e-12   7.087081e-04   2.013388e-13   102
  8.367643e-02   2.507613e-12   1.370308e-03   2.544804e-13   104
  8.603606e-02   1.593636e-12   0.000000e+00   2.331804e-13   48
  9.068541e-02   1.378098e-12   9.092824e-04   1.239817e-13   108
  9.343657e-02   1.857692e-12   6.413175e-04   1.942628e-13   78
  9.650974e-02   1.803551e-12   5.553727e-04   1.694049e-13   96
  1.007521e-01   1.365503e-12   7.827476e-04   1.034732e-13   168
  1.046631e-01   1.315154e-12   9.466177e-04   1.368541e-13   120
  1.065366e-01   1.217587e-12   0.000000e+00   1.871732e-13   48
  1.109423e-01   1.176355e-12   9.164765e-04   1.014063e-13   194
  1.147571e-01   1.015625e-12   7.498405e-04   8.108529e-14   192
  1.180701e-01   1.225587e-12   5.224442e-04   1.024313e-13   96
  1.203984e-01   8.205149e-13   4.446482e-04   7.760358e-14   96
  1.233385e-01   8.624445e-13   6.559487e-04   7.017952e-14   174
  1.272878e-01   9.078641e-13   6.453399e-04   6.332594e-14   216
  1.304784e-01   7.240909e-13   6.685951e-04   4.967871e-14   192
  1.345850e-01   7.368890e-13   7.087816e-04   5.077665e-14   204
  1.374813e-01   5.614624e-13   9.706973e-04   3.539351e-14   224
  1.414909e-01   7.195641e-13   5.479655e-04   5.528839e-14   174
  1.446033e-01   5.969674e-13   1.053365e-03   3.410125e-14   288
  1.484650e-01   5.039566e-13   5.185518e-04   3.045731e-14   288
  1.514788e-01   4.451068e-13   1.000184e-03   3.197126e-14   192
  1.554236e-01   4.682363e-13   7.319331e-04   2.785622e-14   252
  1.579196e-01   4.505361e-13   4.361590e-04   2.858724e-14   246
  1.613100e-01   3.944257e-13   8.276231e-04   2.346461e-14   312
  1.643345e-01   3.923384e-13   5.346625e-04   2.044751e-14   248
  1.684860e-01   3.147137e-13   1.131025e-03   1.541566e-14   432
  1.718304e-01   3.838014e-13   9.472090e-04   2.625243e-14   198
  1.751353e-01   3.865769e-13   1.145604e-03   1.769765e-14   456
  1.789950e-01   3.120614e-13   6.685341e-04   1.908312e-14   324
  1.817267e-01   2.989909e-13   7.914724e-04   1.655016e-14   312
  1.851131e-01   2.818671e-13   9.927979e-04   1.455476e-14   408
  1.893262e-01   2.641427e-13   9.168549e-04   1.324392e-14   414
  1.922237e-01   2.275995e-13   7.933788e-04   1.152144e-14   392
  1.951891e-01   2.814220e-13   8.939032e-04   1.412168e-14   408
  1.990919e-01   2.509864e-13   9.488231e-04   1.140810e-14   444
  2.020561e-01   2.376137e-13   7.670392e-04   1.173083e-14   360
  2.058410e-01   2.157026e-13   1.052783e-03   8.185270e-15   678
  2.098438e-01   2.229143e-13   6.748154e-04   1.273643e-14   360
  2.129201e-01   1.901971e-13   1.111301e-03   8.393676e-15   648
  2.158529e-01   1.846516e-13   5.136230e-04   1.200362e-14   288
  2.195886e-01   1.754141e-13   9.568926e-04   6.646947e-15   686
  2.231016e-01   1.740285e-13   7.114303e-04   8.572722e-15   444
  2.262783e-01   1.584193e-13   9.881180e-04   6.189271e-15   696
  2.294381e-01   1.650577e-13   9.387623e-04   7.684916e-15   408
  2.328670e-01   1.407770e-13   9.712657e-04   5.356395e-15   648
  2.364370e-01   1.566451e-13   8.503906e-04   6.781818e-15   582
  2.396199e-01   1.262540e-13   1.064401e-03   5.076571e-15   744
  2.431321e-01   1.435010e-13   1.062590e-03   5.969556e-15   516
  2.463676e-01   1.362314e-13   1.028291e-03   5.638200e-15   728
  2.493547e-01   1.253291e-13   8.519968e-04   5.214976e-15   558
  2.529620e-01   1.068821e-13   8.588943e-04   3.782629e-15   768
  2.568725e-01   1.214572e-13   9.956413e-04   3.877363e-15   960
  2.602888e-01   1.120231e-13   6.965241e-04   4.897139e-15   576
  2.635727e-01   1.157356e-13   1.130592e-03   4.007208e-15   816
  2.671089e-01   9.468699e-14   8.722599e-04   3.335278e-15   666
  2.702138e-01   1.027035e-13   1.022915e-03   3.348445e-15   960
  2.739239e-01   9.566918e-14   1.008817e-03   3.374307e-15   824
  2.775241e-01   9.241964e-14   1.110885e-03   2.960457e-15   936
  2.808394e-01   8.316535e-14   8.261366e-04   3.173386e-15   624
  2.838930e-01   8.867264e-14   9.725641e-04   2.852164e-15   1062
  2.874377e-01   8.638362e-14   1.059457e-03   3.086870e-15   732
  2.905463e-01   7.549054e-14   9.192852e-04   2.351849e-15   1080
  2.942546e-01   7.716815e-14   1.002209e-03   2.627623e-15   936
  2.976082e-01   6.835172e-14   1.082494e-03   2.273523e-15   878
  3.011413e-01   6.690504e-14   1.097016e-03   1.969713e-15   1152
  3.044218e-01   6.520690e-14   8.479143e-04   2.072858e-15   1056
  3.079105e-01   6.798812e-14   1.001477e-03   2.266980e-15   864
  3.110264e-01   6.335927e-14   9.782607e-04   1.955131e-15   1092
  3.147509e-01   6.409892e-14   1.033457e-03   1.896948e-15   1206
  3.182989e-01   6.077528e-14   1.048759e-03   1.715443e-15   1248
  3.215758e-01   5.754333e-14   7.107183e-04   1.995076e-15   864
  3.244931e-01   5.807427e-14   7.379012e-04   1.793031e-15   1152
  3.282964e-01   5.674281e-14   1.098528e-03   1.566647e-15   1382
  3.320084e-01   5.528327e-14   9.790321e-04   1.595689e-15   1188
  3.352589e-01   4.874840e-14   1.037410e-03   1.410892e-15   1248
  3.383281e-01   4.951740e-14   9.840824e-04   1.558896e-15   1152
  3.416961e-01   5.095765e-14   1.080699e-03   1.366274e-15   1320
  3.454323e-01   4.599349e-14   7.162673e-04   1.319697e-15   1206
  3.485323e-01   4.669154e-14   1.040639e-03   1.186693e-15   1560
  3.522149e-01   4.492181e-14   9.687237e-04   1.214141e-15   1280
  3.553656e-01   4.105825e-14   9.753251e-04   1.094580e-15   1308
  3.588126e-01   4.174038e-14   9.788304e-04   1.014974e-15   1512
  3.622462e-01   3.794398e-14   7.986109e-04   1.031721e-15   1350
  3.657845e-01   3.866712e-14   1.055155e-03   9.474680e-16   1608
  3.688093e-01   3.924165e-14   9.074168e-04   1.085862e-15   1320
  3.723318e-01   3.857614e-14   1.093091e-03   9.737007e-16   1656
  3.755028e-01   3.525072e-14   8.593531e-04   9.370704e-16   1254
  3.791706e-01   3.574276e-14   9.807940e-04   8.099330e-16   1932
  3.826277e-01   3.539987e-14   8.807497e-04   9.363033e-16   1640
  3.860340e-01   3.282601e-14   9.142769e-04   8.256605e-16   1488
  3.892465e-01   3.226328e-14   8.838091e-04   8.321727e-16   1560
  3.929003e-01   3.027448e-14   1.061554e-03   7.194107e-16   2046
  3.962918e-01   2.983572e-14   9.522112e-04   7.832985e-16   1512
  3.995770e-01   3.017672e-14   9.476029e-04   6.963269e-16   1764
  4.028533e-01   2.803373e-14   9.447944e-04   6.513454e-16   1776
  4.062341e-01   2.816782e-14   1.135757e-03   6.708290e-16   1704
  4.098613e-01   2.665244e-14   1.112243e-03   5.690711e-16   2126
  4.131278e-01   2.574874e-14   7.726530e-04   6.061878e-16   1632
  4.164062e-01   2.563404e-14   1.029302e-03   5.480253e-16   2064
  4.197114e-01   2.634409e-14   8.486884e-04   6.375304e-16   1680
  4.233078e-01   2.430867e-14   9.519603e-04   5.417293e-16   2154
  4.266550e-01   2.407240e-14   9.636572e-04   5.297347e-16   2016
  4.302596e-01   2.273640e-14   1.057936e-03   4.541607e-16   2304
  4.335625e-01   2.381422e-14   8.422558e-04   5.959391e-16   1680
  4.369940e-01   2.237141e-14   9.757286e-04   4.795329e-16   2432
  4.404338e-01   2.095656e-14   9.614444e-04   4.787114e-16   1902
  4.438479e-01   2.059388e-14   9.886846e-04   4.132308e-16   2292
  4.468928e-01   1.956609e-14   7.831116e-04   4.472223e-16   1992
  4.505057e-01   1.927059e-14   1.003841e-03   3.691268e-16   2568
  4.539799e-01   1.904793e-14   8.764344e-04   4.427413e-16   1806
  4.574906e-01   1.940939e-14   1.078056e-03   3.732318e-16   3000
  4.610452e-01   1.901134e-14   9.809961e-04   4.191851e-16   2016
  4.640126e-01   1.901230e-14   9.156925e-04   4.044228e-16   2168
  4.673956e-01   1.817236e-14   9.350459e-04   3.817415e-16   2412
  4.709322e-01   1.667358e-14   1.022794e-03   3.334835e-16   2550
  4.743353e-01   1.751780e-14   1.015444e-03   3.425985e-16   2592
  4.778871e-01   1.622193e-14   9.354682e-04   3.366579e-16   2496
  4.812642e-01   1.555234e-14   1.034855e-03   3.035298e-16   2688
  4.846328e-01   1.531938e-14   8.939911e-04   3.048581e-16   2424
  4.881831e-01   1.496912e-14   8.203417e-04   2.960366e-16   2634
  4.913828e-01   1.487204e-14   9.840370e-04   2.897858e-16   2552
  4.945705e-01   1.458456e-14   1.032361e-03   2.784983e-16   2832
  4.981085e-01   1.385749e-14   9.803825e-04   2.750951e-16   2424
  5.015971e-01   1.330247e-14   1.087506e-03   2.282164e-16   3198
  5.048631e-01   1.359415e-14   8.681062e-04   2.612781e-16   2400
  5.083252e-01   1.390792e-14   9.985776e-04   2.425623e-16   3336
  5.119027e-01   1.257546e-14   8.404887e-04   2.678876e-16   2508
  5.150462e-01   1.268560e-14   1.013004e-03   2.366502e-16   3104
  5.187218e-01   1.241850e-14   1.019172e-03   2.250188e-16   2934
  5.220343e-01   1.213148e-14   9.369744e-04   2.243800e-16   3120
  5.256263e-01   1.137203e-14   1.045384e-03   1.904516e-16   3288
  5.289357e-01   1.161338e-14   8.800568e-04   2.165464e-16   2808
  5.323338e-01   1.066242e-14   1.104468e-03   1.985174e-16   2988
  5.357545e-01   1.073690e-14   1.011140e-03   1.912112e-16   3486
  5.390675e-01   1.121322e-14   9.571221e-04   2.219708e-16   3000
  5.422664e-01   1.087309e-14   8.325653e-04   1.922587e-16   3024
  5.458504e-01   1.010154e-14   9.168226e-04   1.712356e-16   3584
  5.494456e-01   1.045405e-14   9.821560e-04   1.802031e-16   3486
  5.527991e-01   9.917299e-15   8.845337e-04   1.796149e-16   3120
  5.560782e-01   9.905423e-15   8.734506e-04   1.665327e-16   3396
  5.593885e-01   9.184392e-15   9.978964e-04   1.587418e-16   3552
  5.629224e-01   9.163582e-15   9.603534e-04   1.506918e-16   3384
  5.664153e-01   9.128307e-15   9.777364e-04   1.552290e-16   3726
  5.697413e-01   8.988565e-15   9.475502e-04   1.599659e-16   3344
  5.729010e-01   9.079198e-15   9.736455e-04   1.506214e-16   3744
  5.765144e-01   8.441715e-15   9.477817e-04   1.412597e-16   3540
  5.799021e-01   8.298191e-15   1.006149e-03   1.300913e-16   3822
  5.834565e-01   8.158145e-15   9.878124e-04   1.240661e-16   4056
  5.866916e-01   8.028268e-15   9.078164e-04   1.347448e-16   3288
  5.900838e-01   7.556890e-15   1.048596e-03   1.228332e-16   4056
  5.934141e-01   7.630684e-15   9.605270e-04   1.237776e-16   3984
  5.970600e-01   7.703793e-15   8.831345e-04   1.277921e-16   3662
  6.001481e-01   7.448089e-15   9.636098e-04   1.266142e-16   3828
  6.036318e-01   7.300667e-15   1.089370e-03   1.017850e-16   4632
  6.071049e-01   7.116760e-15   8.410059e-04   1.190085e-16   3600
  6.105769e-01   6.729035e-15   9.985737e-04   1.084118e-16   4320
  6.138621e-01   6.619938e-15   7.834444e-04   1.043620e-16   3918
  6.171787e-01   6.788706e-15   9.014176e-04   1.066885e-16   4200
  6.205131e-01   6.779132e-15   1.022920e-03   1.067534e-16   4188
  6.239700e-01   6.283361e-15   1.038929e-03   9.393112e-17   4360
  6.274803e-01   6.200947e-15   1.038850e-03   9.300144e-17   4582
  6.308743e-01   6.381294e-15   9.234335e-04   1.059647e-16   4128
  6.343253e-01   6.067924e-15   9.920101e-04   9.081240e-17   4752
  6.375752e-01   6.188340e-15   9.131947e-04   9.527184e-17   4176
  6.411096e-01   5.640520e-15   1.050053e-03   8.275569e-17   4848
  6.446482e-01   5.758324e-15   9.123418e-04   9.008131e-17   4338
  6.479820e-01   5.779555e-15   9.957341e-04   8.350377e-17   5160
  6.512782e-01   5.600256e-15   8.072490e-04   9.140636e-17   4008
  6.548541e-01   5.320626e-15   1.067151e-03   7.532577e-17   5360
  6.581452e-01   5.301758e-15   9.926354e-04   8.255661e-17   4110
  6.615688e-01   5.313973e-15   1.063460e-03   7.400014e-17   5424
  6.648330e-01   5.033160e-15   9.093259e-04   8.331078e-17   4140
  6.682670e-01   5.070736e-15   1.015985e-03   6.792049e-17   5664
  6.717913e-01   4.903507e-15   8.830334e-04   7.067951e-17   4632
  6.751475e-01   4.805733e-15   9.313969e-04   6.955114e-17   4902
  6.784717e-01   4.977162e-15   9.953030e-04   7.206108e-17   5072
  6.818744e-01   4.822626e-15   9.385334e-04   6.604480e-17   5472
  6.852422e-01   4.641020e-15   9.538134e-04   6.799788e-17   4704
  6.886975e-01   4.603521e-15   1.047734e-03   6.428103e-17   5436
  6.922157e-01   4.481142e-15   9.975801e-04   5.961620e-17   5646
  6.954149e-01   4.529509e-15   8.926250e-04   6.736917e-17   4512
  6.988202e-01   4.248568e-15   1.140100e-03   5.494180e-17   6120
  7.023308e-01   4.226087e-15   8.820433e-04   6.035200e-17   5112
  7.057067e-01   4.239732e-15   1.042362e-03   5.664747e-17   5606
  7.091042e-01   4.081665e-15   9.714200e-04   5.795773e-17   5328
  7.124930e-01   3.963595e-15   9.787204e-04   5.358725e-17   5964
  7.158971e-01   3.889383e-15   9.940447e-04   5.424394e-17   5448
  7.193484e-01   3.707932e-15   1.017941e-03   4.934580e-17   5904
  7.228752e-01   3.741430e-15   1.000362e-03   5.104584e-17   5598
  7.261287e-01   3.734323e-15   9.386933e-04   5.076220e-17   5952
  7.294916e-01   3.631051e-15   1.026954e-03   5.105048e-17   5688
  7.328942e-01   3.606711e-15   9.846955e-04   4.848534e-17   5876
  7.362274e-01   3.525050e-15   9.604209e-04   4.742804e-17   5784
  7.396880e-01   3.373110e-15   9.580629e-04   4.325541e-17   6462
  7.431585e-01   3.547510e-15   1.033342e-03   5.029878e-17   5688
  7.463730e-01   3.416091e-15   9.533939e-04   4.631517e-17   6408
  7.498476e-01   3.197414e-15   9.842501e-04   4.139443e-17   6000
  7.533888e-01   3.228775e-15   1.059159e-03   4.049927e-17   6582
  7.568883e-01   3.201910e-15   1.008047e-03   4.249642e-17   6564
  7.601644e-01   3.115518e-15   8.888373e-04   4.155299e-17   6048
  7.635621e-01   2.965894e-15   1.018608e-03   3.859334e-17   6512
  7.671229e-01   3.033122e-15   1.012583e-03   3.829911e-17   6816
  7.705313e-01   3.047503e-15   8.855598e-04   4.144395e-17   6222
  7.737298e-01   2.994424e-15   9.227087e-04   3.985145e-17   6432
  7.771462e-01   2.866798e-15   9.712111e-04   3.573493e-17   6804
  7.805425e-01   2.868131e-15   9.154579e-04   3.778081e-17   6432
  7.838667e-01   2.739267e-15   1.076466e-03   3.510408e-17   6846
  7.872436e-01   2.801829e-15   9.829553e-04   3.610492e-17   6424
  7.904718e-01   2.634308e-15   8.822090e-04   3.424355e-17   6952
  7.940184e-01   2.668993e-15   1.063073e-03   3.135347e-17   7560
  7.975016e-01   2.592850e-15   9.134936e-04   3.309459e-17   6648
  8.010940e-01   2.554918e-15   1.003794e-03   3.138586e-17   7578
  8.042561e-01   2.567128e-15   9.063446e-04   3.350054e-17   6552
  8.076731e-01   2.438453e-15   9.979139e-04   3.014798e-17   7536
  8.111567e-01   2.382109e-15   9.132376e-04   2.875504e-17   7272
  8.145479e-01   2.396391e-15   9.728104e-04   2.945226e-17   6936
  8.178031e-01   2.340394e-15   9.977143e-04   2.883508e-17   7430
  8.213250e-01   2.325223e-15   1.045033e-03   2.780710e-17   7644
  8.245935e-01   2.233430e-15   9.307740e-04   2.765996e-17   7248
  8.281463e-01   2.187481e-15   1.064794e-03   2.500172e-17   8232
  8.316185e-01   2.181734e-15   9.710105e-04   2.741272e-17   7038
  8.349567e-01   2.188199e-15   9.438683e-04   2.665855e-17   7824
  8.382335e-01   2.120808e-15   9.942267e-04   2.566817e-17   7752
  8.416157e-01   2.028734e-15   1.003152e-03   2.489351e-17   7480
  8.451302e-01   2.043703e-15   1.011833e-03   2.360932e-17   8404
  8.485444e-01   2.069077e-15   9.399091e-04   2.428999e-17   7614
  8.518207e-01   2.042639e-15   9.844427e-04   2.498734e-17   7776
  8.551174e-01   1.981818e-15   9.392352e-04   2.347967e-17   7944
  8.585635e-01   1.942288e-15   9.766291e-04   2.208812e-17   8424
  8.619639e-01   1.854584e-15   9.583464e-04   2.264900e-17   7872
  8.654765e-01   1.869558e-15   9.630186e-04   2.137823e-17   8658
  8.688452e-01   1.879991e-15   9.611694e-04   2.235245e-17   8352
  8.723129e-01   1.833615e-15   9.655449e-04   2.106361e-17   8648
  8.755912e-01   1.852635e-15   9.149173e-04   2.218846e-17   7680
  8.790367e-01   1.748300e-15   9.531068e-04   1.991270e-17   8646
  8.822382e-01   1.811885e-15   9.234329e-04   2.076459e-17   8448
  8.857769e-01   1.779191e-15   9.812644e-04   2.043514e-17   9120
  8.891913e-01   1.634470e-15   9.588814e-04   1.927727e-17   8316
  8.926442e-01   1.670337e-15   1.034938e-03   1.830529e-17   9504
  8.961124e-01   1.704065e-15   9.411707e-04   2.021792e-17   8358
  8.995737e-01   1.598676e-15   9.948383e-04   1.787412e-17   9584
  9.029179e-01   1.572039e-15   9.519874e-04   1.794162e-17   8616
  9.063714e-01   1.586411e-15   1.036501e-03   1.703374e-17   9432
  9.098983e-01   1.557361e-15   1.054421e-03   1.792862e-17   9018
  9.130995e-01   1.520099e-15   8.925739e-04   1.736402e-17   8568
  9.164447e-01   1.484870e-15   9.935089e-04   1.580429e-17   9816
  9.199052e-01   1.499386e-15   9.405935e-04   1.704221e-17   9000
  9.233247e-01   1.461079e-15   9.837551e-04   1.655809e-17   9504
  9.267306e-01   1.405411e-15   1.006398e-03   1.533643e-17   9446
  9.300802e-01   1.479240e-15   9.624225e-04   1.639145e-17   9696
  9.335244e-01   1.383921e-15   8.956216e-04   1.545838e-17   9180
  9.369074e-01   1.346415e-15   1.035278e-03   1.434868e-17   10512
  9.403628e-01   1.370164e-15   9.787470e-04   1.527514e-17   9048
  9.437812e-01   1.316460e-15   9.387702e-04   1.426358e-17   10014
  9.469467e-01   1.320909e-15   9.162358e-04   1.569984e-17   9096
  9.503901e-01   1.284944e-15   1.048815e-03   1.334243e-17   11088
  9.540508e-01   1.298700e-15   1.020389e-03   1.445139e-17   9860
  9.574037e-01   1.214460e-15   9.672113e-04   1.338750e-17   10110
  9.607663e-01   1.286767e-15   1.006739e-03   1.439965e-17   10104
  9.641489e-01   1.247631e-15   9.545583e-04   1.410220e-17   10392
  9.675729e-01   1.212445e-15   9.880976e-04   1.310367e-17   10104
  9.710628e-01   1.179265e-15   1.022530e-03   1.201557e-17   11352
  9.746180e-01   1.159357e-15   9.364871e-04   1.314580e-17   10014
  9.777749e-01   1.186017e-15   8.644241e-04   1.355213e-17   9636
  9.811143e-01   1.122552e-15   1.024502e-03   1.170156e-17   11552
  9.846389e-01   1.108684e-15   9.519720e-04   1.233237e-17   10488
  9.880418e-01   1.091531e-15   9.942196e-04   1.196178e-17   10254
  9.913535e-01   1.081634e-15   9.360901e-04   1.133158e-17   11304
  9.947947e-01   1.091073e-15   9.500453e-04   1.184063e-17   10872
  9.982198e-01   1.068390e-15   1.018789e-03   1.140580e-17   10932
  1.001538e+00   1.021790e-15   9.191792e-04   1.145723e-17   10848
  1.004968e+00   1.026216e-15   9.613098e-04   1.090364e-17   10998
  1.008371e+00   1.011661e-15   1.010151e-03   1.075758e-17   11720
  1.011785e+00   1.025790e-15   9.293623e-04   1.134992e-17   10776
  1.015145e+00   9.770920e-16   1.016690e-03   1.001951e-17   12072
  1.018627e+00   9.455154e-16   9.322439e-04   1.035301e-17   10704
  1.021966e+00   9.736190e-16   9.563293e-04   1.027833e-17   11730
  1.025452e+00   9.522679e-16   9.932906e-04   9.914000e-18   12144
  1.028814e+00   9.290328e-16   9.411395e-04   1.000986e-17   11568
  1.032333e+00   8.942268e-16   1.018099e-03   9.173052e-18   11552
  1.035496e+00   8.924387e-16   9.188638e-04   9.761819e-18   10926
  1.038938e+00   9.196113e-16   1.040698e-03   9.228244e-18   13032
  1.042312e+00   9.345766e-16   8.505148e-04   1.063268e-17   10776
  1.045727e+00   8.590640e-16   1.046983e-03   8.482821e-18   13116
  1.049219e+00   8.446881e-16   9.853293e-04   8.559114e-18   12288
  1.052658e+00   8.327436e-16   9.056138e-04   9.254768e-18   11262
  1.055879e+00   8.450444e-16   9.783290e-04   8.708134e-18   12672
  1.059343e+00   8.323197e-16   9.592412e-04   8.597910e-18   12624
  1.062777e+00   8.071354e-16   9.623576e-04   8.387061e-18   12392
  1.066184e+00   7.848414e-16   9.864834e-04   8.167720e-18   12060
  1.069636e+00   8.076750e-16   1.040331e-03   8.081690e-18   13662
  1.072946e+00   7.783079e-16   8.984272e-04   8.387034e-18   11592
  1.076393e+00   7.772003e-16   1.067653e-03   8.096337e-18   13776
  1.079833e+00   7.550123e-16   9.079546e-04   7.965893e-18   12240
  1.083287e+00   7.385825e-16   1.046073e-03   7.498007e-18   13662
  1.086532e+00   7.677100e-16   8.990309e-04   8.294887e-18   11520
  1.090035e+00   7.310629e-16   1.036209e-03   7.087779e-18   15044
  1.093490e+00   7.285159e-16   9.313428e-04   7.701348e-18   12384
  1.096882e+00   6.839609e-16   9.804345e-04   7.196900e-18   13176
  1.100202e+00   6.999699e-16   8.879465e-04   7.420916e-18   12798
  1.103628e+00   7.172678e-16   1.008480e-03   7.268972e-18   14376
  1.106957e+00   6.765427e-16   9.586156e-04   7.298516e-18   12528
  1.110377e+00   6.706971e-16   1.006656e-03   6.740332e-18   14100
  1.113686e+00   6.761407e-16   9.133782e-04   7.447616e-18   12630
  1.117102e+00   6.575062e-16   9.919328e-04   6.669547e-18   14624
  1.120482e+00   6.718127e-16   9.894156e-04   7.186589e-18   13272
  1.123923e+00   6.462735e-16   1.008580e-03   6.543954e-18   14664
  1.127428e+00   6.085998e-16   1.031064e-03   6.014568e-18   14328
  1.130809e+00   6.228291e-16   9.574326e-04   6.710002e-18   13086
  1.134236e+00   6.218860e-16   1.030026e-03   6.068949e-18   15612
  1.137653e+00   6.226480e-16   8.878573e-04   6.824706e-18   13416
  1.140971e+00   6.042134e-16   1.044367e-03   5.959776e-18   14360
  1.144380e+00   5.849707e-16   9.770905e-04   6.035540e-18   14064
  1.147853e+00   6.044349e-16   1.005516e-03   6.136740e-18   15750
  1.151277e+00   5.721652e-16   9.498220e-04   5.953115e-18   13680
  1.154655e+00   5.935530e-16   1.034040e-03   6.216770e-18   15468
  1.158090e+00   5.490873e-16   9.964048e-04   5.796429e-18   14352
  1.161422e+00   5.504663e-16   9.831061e-04   5.520020e-18   14454
  1.164771e+00   5.818799e-16   1.009534e-03   6.062752e-18   15048
  1.168219e+00   5.299717e-16   9.356739e-04   5.525417e-18   15360
  1.171622e+00   5.420710e-16   1.028303e-03   5.484733e-18   15224
  1.175043e+00   5.263141e-16   9.737025e-04   5.328301e-18   15096
  1.178436e+00   5.376061e-16   9.513142e-04   5.662311e-18   14514
  1.181744e+00   5.371676e-16   9.972118e-04   5.542419e-18   16416
  1.185216e+00   5.136682e-16   9.813109e-04   5.319646e-18   15216
  1.188760e+00   5.137293e-16   9.875256e-04   5.156990e-18   16440
  1.192145e+00   5.008119e-16   9.934307e-04   5.322683e-18   14904
  1.195382e+00   5.109240e-16   9.331760e-04   5.427706e-18   15134
  1.198830e+00   5.089373e-16   1.044008e-03   5.325829e-18   16644
  1.202273e+00   4.759799e-16   9.801415e-04   4.949082e-18   16128
  1.205649e+00   4.841562e-16   9.739380e-04   5.143104e-18   15384
  1.208976e+00   4.828229e-16   9.574053e-04   5.015570e-18   15462
  1.212384e+00   4.792529e-16   1.022817e-03   4.728186e-18   17304
  1.215857e+00   4.609800e-16   9.644898e-04   4.782904e-18   16176
  1.219267e+00   4.687092e-16   1.020273e-03   4.750767e-18   16824
  1.222757e+00   4.395522e-16   9.384566e-04   4.608700e-18   15980
  1.226044e+00   4.491123e-16   9.341167e-04   4.796932e-18   16326
  1.229359e+00   4.603430e-16   9.971528e-04   4.896029e-18   16488
  1.232793e+00   4.374377e-16   9.674257e-04   4.464073e-18   16944
  1.236242e+00   4.269751e-16   1.018099e-03   4.401353e-18   17256
  1.239567e+00   4.131942e-16   9.442015e-04   4.304419e-18   15966
  1.243019e+00   4.362490e-16   1.002557e-03   4.578390e-18   17628
  1.246398e+00   4.125644e-16   9.523046e-04   4.395823e-18   17280
  1.249813e+00   4.053406e-16   1.048272e-03   4.116737e-18   17056
  1.253179e+00   4.013670e-16   9.884505e-04   4.140303e-18   17296
  1.256693e+00   3.884666e-16   9.682006e-04   3.954350e-18   17526
  1.260009e+00   4.045050e-16   9.743928e-04   4.208416e-18   17592
  1.263462e+00   3.960424e-16   1.013641e-03   4.008188e-18   17880
  1.266826e+00   3.902779e-16   9.399981e-04   4.176234e-18   17028
  1.270153e+00   3.829726e-16   9.558687e-04   4.012079e-18   17376
  1.273537e+00   4.001563e-16   9.489771e-04   4.154552e-18   18414
  1.277033e+00   3.772739e-16   9.732250e-04   3.894967e-18   17840
  1.280422e+00   3.677842e-16   1.021714e-03   3.775520e-18   18960
  1.283800e+00   3.639742e-16   9.491477e-04   3.924456e-18   16992
  1.287191e+00   3.647774e-16   1.045598e-03   3.712735e-18   18378
  1.290511e+00   3.665005e-16   9.309987e-04   3.926518e-18   18192
  1.293964e+00   3.594792e-16   9.939797e-04   3.668148e-18   19320
  1.297392e+00   3.478480e-16   9.640812e-04   3.645959e-18   17856
  1.300808e+00   3.236915e-16   9.952112e-04   3.314999e-18   19128
  1.304168e+00   3.527833e-16   9.205139e-04   3.782865e-18   18246
  1.307589e+00   3.561451e-16   9.567778e-04   3.668653e-18   19184
  1.310975e+00   3.276999e-16   9.792411e-04   3.397644e-18   18900
  1.314454e+00   3.290228e-16   1.021314e-03   3.357191e-18   19776
  1.317772e+00   3.281279e-16   9.370417e-04   3.619037e-18   17814
  1.321221e+00   3.391433e-16   1.019691e-03   3.608322e-18   19944
  1.324582e+00   3.315811e-16   1.005872e-03   3.578970e-18   19536
  1.328059e+00   3.196903e-16   9.953972e-04   3.277864e-18   20112
  1.331434e+00   3.084048e-16   9.251142e-04   3.451571e-18   18116
  1.334798e+00   3.023783e-16   9.644510e-04   3.151067e-18   19878
  1.338104e+00   3.216750e-16   9.747533e-04   3.392637e-18   19800
  1.341597e+00   3.164388e-16   9.746917e-04   3.397770e-18   20136
  1.345077e+00   2.964321e-16   1.025284e-03   3.105776e-18   20808
  1.348466e+00   2.902276e-16   9.288316e-04   3.189037e-18   19152
  1.351874e+00   3.016534e-16   9.810813e-04   3.196125e-18   20526
  1.355317e+00   2.983736e-16   1.009394e-03   3.292524e-18   20532
  1.358658e+00   2.953997e-16   1.003080e-03   3.085862e-18   20120
  1.361967e+00   2.752662e-16   9.347410e-04   3.048546e-18   19512
  1.365426e+00   2.781363e-16   1.015429e-03   2.874860e-18   21246
  1.368810e+00   2.893954e-16   9.234922e-04   3.188196e-18   20112
  1.372239e+00   2.859135e-16   1.028308e-03   2.950316e-18   22104
  1.375656e+00   2.767171e-16   1.009051e-03   3.008777e-18   19620
  1.379051e+00   2.590549e-16   1.002997e-03   2.737244e-18   21912
  1.382450e+00   2.755432e-16   9.358667e-04   3.033915e-18   20070
  1.385835e+00   2.755576e-16   1.019290e-03   2.876704e-18   22064
  1.389281e+00   2.646696e-16   9.677197e-04   2.837701e-18   21048
  1.392624e+00   2.621447e-16   9.464641e-04   2.772443e-18   21168
  1.396022e+00   2.612876e-16   1.023526e-03   2.796311e-18   21384
  1.399510e+00   2.533635e-16   9.261037e-04   2.775521e-18   22146
  1.402917e+00   2.712697e-16   9.907340e-04   2.877974e-18   22200
  1.406352e+00   2.493494e-16   9.384676e-04   2.674954e-18   21648
  1.409715e+00   2.406379e-16   1.004739e-03   2.653102e-18   21144
  1.413042e+00   2.385377e-16   9.557029e-04   2.577153e-18   21710
  1.416464e+00   2.487279e-16   1.015437e-03   2.608388e-18   23112
  1.419994e+00   2.464602e-16   1.013025e-03   2.646716e-18   23064
  1.423397e+00   2.386335e-16   9.375385e-04   2.623878e-18   21252
  1.426667e+00   2.312693e-16   9.398251e-04   2.452328e-18   22128
  1.430079e+00   2.453237e-16   9.741612e-04   2.688701e-18   22446
  1.433489e+00   2.325407e-16   9.547049e-04   2.541819e-18   22848
  1.436865e+00   2.314752e-16   9.559285e-04   2.531252e-18   23208
  1.440318e+00   2.287633e-16   9.839042e-04   2.413386e-18   22536
  1.443716e+00   2.163173e-16   9.977885e-04   2.324860e-18   22586
  1.447106e+00   2.383326e-16   1.017372e-03   2.526957e-18   24096
  1.450516e+00   2.325859e-16   9.545662e-04   2.676643e-18   22440
  1.453882e+00   2.223492e-16   1.040231e-03   2.396951e-18   23400
  1.457251e+00   2.092481e-16   9.449552e-04   2.272472e-18   23232
  1.460730e+00   2.181144e-16   9.950400e-04   2.421228e-18   23886
  1.464083e+00   2.211915e-16   9.568206e-04   2.500001e-18   23376
  1.467479e+00   2.151061e-16   9.653968e-04   2.415462e-18   23540
  1.470837e+00   2.087220e-16   9.576052e-04   2.267569e-18   24240
  1.474322e+00   2.075937e-16   1.007568e-03   2.292973e-18   23952
  1.477751e+00   2.102063e-16   9.425996e-04   2.319162e-18   24006
  1.481188e+00   2.101121e-16   1.057459e-03   2.310337e-18   25560
  1.484513e+00   2.042062e-16   9.375935e-04   2.277923e-18   22728
  1.487845e+00   1.950166e-16   9.449672e-04   2.194089e-18   23556
  1.491222e+00   1.964272e-16   9.861154e-04   2.129578e-18   25398
  1.494647e+00   2.151659e-16   9.661087e-04   2.459637e-18   24088
  1.498058e+00   2.028287e-16   1.005693e-03   2.191915e-18   25696
  1.501476e+00   1.995828e-16   9.445009e-04   2.274252e-18   24144
  1.504866e+00   1.878230e-16   1.009435e-03   2.048772e-18   25560
  1.508279e+00   1.910840e-16   9.311536e-04   2.189596e-18   24246
  1.511702e+00   2.023524e-16   9.886422e-04   2.175847e-18   26292
  1.515117e+00   1.917134e-16   9.750958e-04   2.219621e-18   25200
  1.518516e+00   1.874344e-16   1.015518e-03   2.132539e-18   25296
  1.521840e+00   1.773167e-16   9.273872e-04   2.014055e-18   24192
  1.525374e+00   1.934891e-16   1.024084e-03   2.098576e-18   28646
  1.528819e+00   1.841795e-16   9.416682e-04   2.143144e-18   24552
  1.532197e+00   1.862851e-16   9.871622e-04   2.114073e-18   25788
  1.535497e+00   1.726930e-16   9.319875e-04   1.958642e-18   25272
  1.538910e+00   1.784415e-16   1.008561e-03   2.042692e-18   26118
  1.542254e+00   1.861250e-16   9.872169e-04   2.152757e-18   26016
  1.545754e+00   1.744302e-16   9.973691e-04   1.935710e-18   27792
  1.549107e+00   1.738557e-16   9.782537e-04   1.962036e-18   25072
  1.552489e+00   1.654170e-16   1.013302e-03   1.854529e-18   26824
  1.555876e+00   1.772229e-16   9.251742e-04   2.055136e-18   26106
  1.559322e+00   1.781603e-16   1.018165e-03   2.006778e-18   28296
  1.562736e+00   1.690369e-16   9.795929e-04   1.939029e-18   26640
  1.566139e+00   1.630536e-16   9.326427e-04   1.841248e-18   26064
  1.569509e+00   1.610668e-16   1.023197e-03   1.740124e-18   27822
  1.572858e+00   1.746443e-16   9.509197e-04   2.102385e-18   26160
  1.576250e+00   1.767048e-16   1.045692e-03   2.022917e-18   28108
  1.579675e+00   1.621912e-16   9.994315e-04   1.900714e-18   27664
  1.583072e+00   1.582363e-16   9.941707e-04   1.866965e-18   27600
  1.586528e+00   1.615454e-16   9.963156e-04   1.833767e-18   27510
  1.589938e+00   1.707136e-16   9.859005e-04   1.998612e-18   28848
  1.593332e+00   1.586584e-16   9.762803e-04   1.840632e-18   27744
  1.596742e+00   1.561254e-16   9.511846e-04   1.761858e-18   27888
  1.600131e+00   1.487144e-16   9.670142e-04   1.704000e-18   27780
  1.603528e+00   1.630400e-16   9.742031e-04   1.904420e-18   28734
  1.606889e+00   1.591132e-16   1.005991e-03   1.841994e-18   28232
  1.610329e+00   1.551460e-16   1.000286e-03   1.745694e-18   29016
  1.613693e+00   1.481164e-16   9.883033e-04   1.720394e-18   28056
  1.617078e+00   1.492290e-16   9.591200e-04   1.760124e-18   28710
  1.620494e+00   1.621850e-16   1.013131e-03   1.882772e-18   29220
  1.624041e+00   1.498456e-16   1.036386e-03   1.719384e-18   31584
  1.627400e+00   1.481174e-16   9.553743e-04   1.775266e-18   26904
  1.630674e+00   1.444418e-16   9.285874e-04   1.687939e-18   28512
  1.634161e+00   1.476651e-16   1.000248e-03   1.666884e-18   30878
  1.637619e+00   1.509675e-16   1.004557e-03   1.770433e-18   30408
  1.641002e+00   1.483397e-16   9.703596e-04   1.736609e-18   28632
  1.644329e+00   1.411253e-16   9.338123e-04   1.644605e-18   28764
  1.647688e+00   1.366412e-16   1.038911e-03   1.585080e-18   30630
  1.651141e+00   1.460656e-16   9.619060e-04   1.742318e-18   30240
  1.654600e+00   1.467261e-16   9.855083e-04   1.693349e-18   31008
  1.657971e+00   1.439344e-16   9.439236e-04   1.692531e-18   29240
  1.661283e+00   1.307360e-16   9.632944e-04   1.553900e-18   30000
  1.664737e+00   1.396153e-16   1.019644e-03   1.608646e-18   30978
  1.668138e+00   1.388815e-16   9.612856e-04   1.670086e-18   30696
  1.671525e+00   1.369454e-16   1.007582e-03   1.607060e-18   31320
  1.674870e+00   1.362530e-16   9.416567e-04   1.591134e-18   29280
  1.678263e+00   1.265397e-16   1.006944e-03   1.513127e-18   31488
  1.681653e+00   1.369342e-16   9.453471e-04   1.645516e-18   31326
  1.685080e+00   1.429070e-16   1.015014e-03   1.684927e-18   31480
  1.688539e+00   1.325518e-16   9.846423e-04   1.550707e-18   32572
  1.691988e+00   1.273250e-16   9.852371e-04   1.530439e-18   31296
  1.695337e+00   1.274235e-16   9.580987e-04   1.534268e-18   30798
  1.698756e+00   1.398560e-16   1.019947e-03   1.738240e-18   32256
  1.702112e+00   1.296173e-16   9.851718e-04   1.536420e-18   32088
  1.705471e+00   1.284509e-16   9.749849e-04   1.584802e-18   30936
  1.708872e+00   1.257700e-16   1.013665e-03   1.454856e-18   33036
  1.712340e+00   1.272977e-16   9.814605e-04   1.573991e-18   31846
  1.715716e+00   1.313198e-16   1.000452e-03   1.520305e-18   33832
  1.719107e+00   1.286324e-16   9.267229e-04   1.557722e-18   30912
  1.722470e+00   1.201430e-16   9.718409e-04   1.431269e-18   32976
  1.725849e+00   1.180166e-16   9.589091e-04   1.419915e-18   32712
  1.729299e+00   1.304181e-16   9.694589e-04   1.533350e-18   33438
  1.732697e+00   1.298579e-16   9.759808e-04   1.582540e-18   32556
  1.736008e+00   1.207599e-16   9.673595e-04   1.459086e-18   33144
  1.739423e+00   1.204172e-16   9.568897e-04   1.482944e-18   33504
  1.742928e+00   1.209003e-16   9.907617e-04   1.454541e-18   33542
  1.746251e+00   1.234329e-16   9.761088e-04   1.494832e-18   33768
  1.749697e+00   1.230309e-16   9.890657e-04   1.436853e-18   34368
  1.753059e+00   1.209623e-16   9.398519e-04   1.470387e-18   32856
  1.756491e+00   1.139679e-16   9.718883e-04   1.363394e-18   34524
  1.759859e+00   1.195855e-16   9.230442e-04   1.516394e-18   33510
  1.763319e+00   1.241778e-16   1.033008e-03   1.448055e-18   35856
  1.766738e+00   1.170390e-16   9.789033e-04   1.455422e-18   33888
  1.770094e+00   1.138245e-16   9.592478e-04   1.403510e-18   33752
  1.773444e+00   1.132542e-16   1.008735e-03   1.317499e-18   34902
  1.776965e+00   1.222606e-16   9.868343e-04   1.524143e-18   35484
  1.780394e+00   1.179489e-16   1.015830e-03   1.423726e-18   36648
  1.783785e+00   1.145769e-16   9.394377e-04   1.410161e-18   33000
  1.787135e+00   1.096759e-16   1.015728e-03   1.300194e-18   35520
  1.790596e+00   1.076899e-16   9.921111e-04   1.298269e-18   36078
  1.793965e+00   1.240943e-16   9.711127e-04   1.481620e-18   34992
  1.797329e+00   1.120006e-16   9.608864e-04   1.418913e-18   35072
  1.800764e+00   1.086005e-16   1.007567e-03   1.289480e-18   36876
  1.804084e+00   1.096413e-16   9.316889e-04   1.389170e-18   33216
  1.807491e+00   1.147304e-16   1.032331e-03   1.344605e-18   38382
  1.810984e+00   1.125231e-16   9.682750e-04   1.370534e-18   36072
  1.814418e+00   1.097338e-16   9.696935e-04   1.308781e-18   37464
  1.817773e+00   1.049256e-16   9.320563e-04   1.298921e-18   34416
  1.821192e+00   1.084235e-16   1.021416e-03   1.316762e-18   37386
  1.824585e+00   1.194964e-16   9.752191e-04   1.480666e-18   37040
  1.827967e+00   1.119019e-16   9.494317e-04   1.391037e-18   36240
  1.831325e+00   1.054616e-16   1.012861e-03   1.278393e-18   36432
  1.834733e+00   1.005160e-16   9.562728e-04   1.223778e-18   37560
  1.838152e+00   1.108860e-16   9.909694e-04   1.365086e-18   37350
  1.841634e+00   1.119177e-16   1.013075e-03   1.346822e-18   38616
  1.845012e+00   1.070406e-16   9.549061e-04   1.337917e-18   37092
  1.848409e+00   1.015284e-16   9.182933e-04   1.237360e-18   37272
  1.851799e+00   1.008573e-16   1.011002e-03   1.239234e-18   37616
  1.855230e+00   1.038082e-16   9.791045e-04   1.242058e-18   38478
  1.858608e+00   1.094785e-16   9.948864e-04   1.345073e-18   37992
  1.861981e+00   1.022845e-16   9.755720e-04   1.268484e-18   38232
  1.865360e+00   9.850708e-17   9.561314e-04   1.233439e-18   36708
  1.868749e+00   9.924739e-17   1.000812e-03   1.202690e-18   39534
  1.872173e+00   1.085251e-16   1.002785e-03   1.337782e-18   39336
  1.875572e+00   1.046738e-16   9.646922e-04   1.317780e-18   37624
  1.878977e+00   9.935342e-17   9.870851e-04   1.194984e-18   40408
  1.882408e+00   9.565323e-17   9.441395e-04   1.158801e-18   38256
  1.885822e+00   1.028728e-16   9.645504e-04   1.258299e-18   39438
  1.889268e+00   1.041856e-16   9.952977e-04   1.248838e-18   40524
  1.892622e+00   1.001047e-16   9.396870e-04   1.252662e-18   38448
  1.896001e+00   9.789426e-17   9.889896e-04   1.231340e-18   39312
  1.899370e+00   9.565908e-17   9.454305e-04   1.201648e-18   38718
  1.902752e+00   1.048696e-16   1.008786e-03   1.323689e-18   40872
  1.906153e+00   9.792803e-17   9.579164e-04   1.234978e-18   40088
  1.909607e+00   1.006668e-16   1.021028e-03   1.235745e-18   40644
  1.913014e+00   9.236561e-17   9.580841e-04   1.142157e-18   40176
  1.916440e+00   9.732008e-17   1.015811e-03   1.193222e-18   40998
  1.919781e+00   1.055411e-16   9.315444e-04   1.361431e-18   39192
  1.923177e+00   1.013933e-16   9.835940e-04   1.270878e-18   41640
  1.926591e+00   9.458553e-17   9.865853e-04   1.188515e-18   41400
  1.929954e+00   9.343152e-17   9.710201e-04   1.166122e-18   38640
  1.933373e+00   1.005613e-16   9.964131e-04   1.202677e-18   43658
  1.936792e+00   1.007884e-16   9.582756e-04   1.278329e-18   40608
  1.940176e+00   9.424198e-17   9.782447e-04   1.184566e-18   41880
  1.943631e+00   9.480579e-17   9.669901e-04   1.179327e-18   41712
  1.947085e+00   9.235096e-17   1.009457e-03   1.156992e-18   42942
  1.950463e+00   9.969519e-17   9.589570e-04   1.276549e-18   40896
  1.953853e+00   9.622322e-17   9.879975e-04   1.198209e-18   42708
  1.957213e+00   9.358678e-17   9.351117e-04   1.199574e-18   40968
  1.960629e+00   8.779717e-17   1.015965e-03   1.078589e-18   43496
  1.964036e+00   9.976189e-17   9.725754e-04   1.265576e-18   41454
  1.967447e+00   9.973086e-17   1.004526e-03   1.228877e-18   43704
  1.970751e+00   9.289257e-17   9.256831e-04   1.237179e-18   41208
  1.974178e+00   9.038226e-17   1.015706e-03   1.119002e-18   43944
  1.977639e+00   8.600485e-17   9.801018e-04   1.058926e-18   43218
  1.981069e+00   9.645212e-17   9.835304e-04   1.231856e-18   44136
  1.984421e+00   9.401976e-17   9.689214e-04   1.187584e-18   42304
  1.987802e+00   9.177345e-17   9.842599e-04   1.143652e-18   43096
  1.991130e+00   8.908761e-17   9.631295e-04   1.133123e-18   43464
  1.994604e+00   4.884401e-17   1.004342e-03   7.994277e-19   44382
  1.998002e+00   3.406056e-18   1.003266e-03   1.835511e-20   44316
  2.001426e+00   3.376246e-18   9.893154e-04   1.802517e-20   44592
  2.004809e+00   3.219537e-18   9.680892e-04   1.766429e-20   44328
  2.008236e+00   3.016129e-18   9.523162e-04   1.639572e-20   43560
  2.011631e+00   3.033102e-18   9.817514e-04   1.649740e-20   44763
  2.015012e+00   2.827652e-18   9.843293e-04   1.532464e-20   44216
  2.018416e+00   2.694803e-18   1.002968e-03   1.441290e-20   45144
  2.021845e+00   2.662651e-18   9.533111e-04   1.471759e-20   42876
  2.025221e+00   2.574076e-18   1.039094e-03   1.385213e-20   46164
  2.028603e+00   2.428834e-18   9.538972e-04   1.328591e-20   42360
  2.032052e+00   2.321913e-18   1.004468e-03   1.228527e-20   45324
  2.035424e+00   2.297818e-18   9.995889e-04   1.260516e-20   43320
  2.038817e+00   2.165549e-18   1.007297e-03   1.156665e-20   44580
  2.042292e+00   2.110162e-18   1.006134e-03   1.105062e-20   44468
  2.045700e+00   2.075984e-18   9.571103e-04   1.120483e-20   43416
  2.049007e+00   2.019191e-18   9.503154e-04   1.102574e-20   42264
  2.052427e+00   1.922761e-18   9.982480e-04   9.919511e-21   44580
  2.055855e+00   1.890157e-18   1.013336e-03   9.963916e-21   43824
  2.059268e+00   1.838577e-18   9.523479e-04   9.631962e-21   43392
  2.062640e+00   1.768214e-18   9.709336e-04   9.329671e-21   43296
  2.066077e+00   1.716364e-18   9.345634e-04   8.996979e-21   42656
  2.069429e+00   1.703347e-18   9.980838e-04   8.994421e-21   43728
  2.072869e+00   1.639384e-18   1.006399e-03   8.620002e-21   43536
  2.076268e+00   1.597783e-18   1.001616e-03   8.351182e-21   42180
  2.079670e+00   1.584940e-18   9.698728e-04   8.162070e-21   44136
  2.083087e+00   1.531042e-18   9.773400e-04   7.952670e-21   42372
  2.086460e+00   1.497628e-18   9.552676e-04   7.890033e-21   41604
  2.089832e+00   1.483798e-18   1.006521e-03   7.703443e-21   43440
  2.093239e+00   1.415620e-18   1.007289e-03   7.238682e-21   42488
  2.096600e+00   1.398670e-18   9.671663e-04   7.320704e-21   41496
  2.100046e+00   1.405163e-18   1.009561e-03   7.209862e-21   44112
  2.103476e+00   1.369540e-18   9.627245e-04   7.110389e-21   41688
  2.106847e+00   1.331979e-18   1.002887e-03   6.841957e-21   42276
  2.110231e+00   1.321536e-18   9.673004e-04   6.966157e-21   41172
  2.113637e+00   1.274280e-18   1.014189e-03   6.384851e-21   43536
  2.117060e+00   1.264564e-18   9.440682e-04   6.513717e-21   41496
  2.120446e+00   1.243941e-18   1.001696e-03   6.551231e-21   40764
  2.123824e+00   1.225302e-18   9.829124e-04   6.240351e-21   43220
  2.127251e+00   1.202038e-18   9.741948e-04   6.244733e-21   41076
  2.130650e+00   1.171452e-18   9.736862e-04   6.020264e-21   41532
  2.134066e+00   1.173069e-18   9.913433e-04   6.129724e-21   41928
  2.137452e+00   1.142724e-18   9.489903e-04   5.937064e-21   41412
  2.140836e+00   1.133544e-18   9.876425e-04   5.981106e-21   40032
  2.144200e+00   1.118034e-18   9.795004e-04   5.710654e-21   41880
  2.147583e+00   1.109159e-18   9.747362e-04   5.811950e-21   40264
  2.151008e+00   1.072233e-18   9.980952e-04   5.422395e-21   42592
  2.154444e+00   1.059475e-18   9.574599e-04   5.511052e-21   39588
  2.157836e+00   1.060273e-18   9.899106e-04   5.385499e-21   42180
  2.161205e+00   1.030039e-18   9.550806e-04   5.457810e-21   39240
  2.164591e+00   1.017931e-18   1.002498e-03   5.157780e-21   40920
  2.168021e+00   1.005894e-18   9.895186e-04   5.174892e-21   41184
  2.171435e+00   9.918569e-19   9.802064e-04   5.112236e-21   40872
  2.174814e+00   9.720787e-19   9.323587e-04   5.038878e-21   38748
  2.178230e+00   9.844775e-19   9.923713e-04   5.091683e-21   41420
  2.181596e+00   9.420409e-19   9.733624e-04   4.978782e-21   39816
  2.185019e+00   9.373196e-19   9.758566e-04   4.853523e-21   39792
  2.188398e+00   9.180855e-19   9.322510e-04   4.871544e-21   39816
  2.191853e+00   9.296583e-19   1.007568e-03   4.775004e-21   41064
  2.195255e+00   9.147474e-19   9.665765e-04   4.761640e-21   39204
  2.198703e+00   8.945409e-19   1.019970e-03   4.669146e-21   40080
  2.202014e+00   8.942973e-19   9.424963e-04   4.748127e-21   38332
  2.205420e+00   8.829393e-19   9.836872e-04   4.651830e-21   39952
  2.208814e+00   8.566199e-19   9.826829e-04   4.531247e-21   39000
  2.212292e+00   8.530797e-19   1.009126e-03   4.478129e-21   40356
  2.215686e+00   8.453861e-19   9.900841e-04   4.440400e-21   39300
  2.219073e+00   8.208989e-19   9.768590e-04   4.437378e-21   37452
  2.222434e+00   8.224772e-19   9.686015e-04   4.358565e-21   39732
  2.225893e+00   8.184477e-19   9.735156e-04   4.334817e-21   39312
  2.229261e+00   8.077739e-19   9.899780e-04   4.349715e-21   37632
  2.232646e+00   7.841118e-19   9.733727e-04   4.327165e-21   38420
  2.236046e+00   7.910656e-19   1.005997e-03   4.158522e-21   39564
  2.239457e+00   7.825069e-19   9.680250e-04   4.305811e-21   37236
  2.242822e+00   7.656301e-19   9.786551e-04   4.110132e-21   38100
  2.246202e+00   7.560440e-19   9.621843e-04   4.140599e-21   38208
  2.249650e+00   7.509381e-19   1.001343e-03   4.022748e-21   39072
  2.253028e+00   7.423557e-19   9.255374e-04   4.194375e-21   36192
  2.256433e+00   7.433696e-19   1.000569e-03   3.976507e-21   38928
  2.259875e+00   7.202577e-19   9.940952e-04   3.876621e-21   38768
  2.263364e+00   7.185332e-19   9.767718e-04   3.905435e-21   37596
  2.266775e+00   7.181271e-19   9.724364e-04   3.947119e-21   37296
  2.270122e+00   7.089993e-19   9.733477e-04   3.938612e-21   36948
  2.273485e+00   7.015485e-19   9.983394e-04   3.870901e-21   37248
  2.276967e+00   6.867058e-19   9.858991e-04   3.780939e-21   37152
  2.280308e+00   6.785808e-19   9.842197e-04   3.705748e-21   37512
  2.283721e+00   6.730592e-19   9.421972e-04   3.870190e-21   35876
  2.287109e+00   6.661501e-19   1.004095e-03   3.752169e-21   36936
  2.290550e+00   6.577036e-19   1.000342e-03   3.673156e-21   38028
  2.293967e+00   6.519780e-19   9.518210e-04   3.728521e-21   35592
  2.297304e+00   6.460208e-19   9.445855e-04   3.727646e-21   35508
  2.300680e+00   6.373383e-19   9.795177e-04   3.642259e-21   36492
  2.304133e+00   6.365215e-19   1.010473e-03   3.604569e-21   37608
  2.307551e+00   6.196787e-19   9.970499e-04   3.642975e-21   34848
  2.310869e+00   6.264393e-19   9.351021e-04   3.642183e-21   35220
  2.314285e+00   6.218540e-19   9.755168e-04   3.567049e-21   36884
  2.317699e+00   6.121348e-19   9.681382e-04   3.576978e-21   35412
  2.321162e+00   5.976748e-19   1.002430e-03   3.424692e-21   35652
  2.324531e+00   5.968841e-19   1.002197e-03   3.438446e-21   36072
  2.327908e+00   5.928719e-19   9.658515e-04   3.551797e-21   34368
  2.331324e+00   5.805822e-19   9.783685e-04   3.389453e-21   35484
  2.334741e+00   5.753013e-19   9.684744e-04   3.442547e-21   35256
  2.338088e+00   5.643995e-19   1.008122e-03   3.329764e-21   34476
  2.341506e+00   5.525037e-19   9.890537e-04   3.312171e-21   34916
  2.344896e+00   5.644164e-19   9.753182e-04   3.449467e-21   34596
  2.348289e+00   5.529501e-19   9.540538e-04   3.292153e-21   34656
  2.351696e+00   5.472762e-19   9.882911e-04   3.264428e-21   34596
  2.355125e+00   5.412088e-19   9.587525e-04   3.311127e-21   33984
  2.358476e+00   5.367264e-19   9.788210e-04   3.290046e-21   34080
  2.361852e+00   5.290535e-19   9.830509e-04   3.199703e-21   34140
  2.365304e+00   5.268489e-19   1.015340e-03   3.176310e-21   33804
  2.368719e+00   5.228099e-19   9.759441e-04   3.227990e-21   35096
  2.372155e+00   5.204935e-19   9.675675e-04   3.227104e-21   33108
  2.375492e+00   5.131003e-19   9.625095e-04   3.238970e-21   32280
  2.378878e+00   5.105185e-19   9.798228e-04   3.164348e-21   34404
  2.382324e+00   4.973239e-19   9.998368e-04   3.064336e-21   34248
  2.385781e+00   4.869344e-19   9.368618e-04   3.122884e-21   32016
  2.389171e+00   4.930894e-19   9.889111e-04   3.022781e-21   34344
  2.392588e+00   4.892510e-19   9.508792e-04   3.108185e-21   32024
  2.395887e+00   4.801450e-19   9.856404e-04   3.069128e-21   31908
  2.399315e+00   4.818305e-19   9.877149e-04   3.003096e-21   33192
  2.402753e+00   4.783397e-19   1.023393e-03   2.998963e-21   33288
  2.406122e+00   4.688692e-19   9.318436e-04   3.008396e-21   31356
  2.409537e+00   4.644954e-19   1.008572e-03   2.933247e-21   32496
  2.412934e+00   4.636755e-19   9.586275e-04   3.014928e-21   31944
  2.416251e+00   4.560205e-19   9.843477e-04   2.959572e-21   31512
  2.419642e+00   4.463315e-19   9.554269e-04   2.935945e-21   31156
  2.423118e+00   4.512061e-19   1.006701e-03   2.866974e-21   33352
  2.426525e+00   4.520013e-19   9.764504e-04   2.972670e-21   31344
  2.429966e+00   4.334284e-19   1.011019e-03   2.891016e-21   31068
  2.433353e+00   4.401882e-19   9.971418e-04   2.914797e-21   31752
  2.436684e+00   4.344585e-19   9.204472e-04   2.958358e-21   29868
  2.440099e+00   4.303358e-19   1.011444e-03   2.872580e-21   32052
  2.443539e+00   4.225968e-19   9.596990e-04   2.856214e-21   30012
  2.446898e+00   4.191026e-19   1.006915e-03   2.789785e-21   31520
  2.450354e+00   4.087933e-19   9.844685e-04   2.786784e-21   30648
  2.453706e+00   4.077441e-19   9.710870e-04   2.796194e-21   29304
  2.457112e+00   4.169244e-19   9.628022e-04   2.823202e-21   31140
  2.460584e+00   4.082705e-19   1.025697e-03   2.744081e-21   31320
  2.463992e+00   3.953159e-19   9.680019e-04   2.795541e-21   28356
  2.467346e+00   4.004000e-19   9.894595e-04   2.803594e-21   30288
  2.470691e+00   3.975673e-19   9.833600e-04   2.872059e-21   29472
  2.474056e+00   3.889432e-19   9.720749e-04   2.834342e-21   28716
  2.477529e+00   3.833217e-19   9.646939e-04   2.638940e-21   30740
  2.480961e+00   3.815877e-19   9.839130e-04   2.642484e-21   29304
  2.484327e+00   3.753168e-19   9.799311e-04   2.683282e-21   28476
  2.487752e+00   3.675844e-19   9.925668e-04   2.575734e-21   29304
  2.491155e+00   3.800711e-19   9.914075e-04   2.693360e-21   29280
  2.494601e+00   3.734382e-19   9.888067e-04   2.683940e-21   29100
  2.498031e+00   3.578047e-19   9.693726e-04   2.666913e-21   27816
  2.501330e+00   3.729008e-19   9.737231e-04   2.786911e-21   27692
  2.504737e+00   3.527000e-19   1.012495e-03   2.545323e-21   29724
  2.508211e+00   3.522046e-19   9.651031e-04   2.652105e-21   27240
  2.511571e+00   3.584146e-19   9.380122e-04   2.650518e-21   27588
  2.514934e+00   3.462080e-19   9.761300e-04   2.593133e-21   28560
  2.518371e+00   3.437295e-19   9.886158e-04   2.656563e-21   26952
  2.521774e+00   3.448665e-19   9.897907e-04   2.640626e-21   27516
  2.525163e+00   3.403815e-19   1.000219e-03   2.591270e-21   28344
  2.528599e+00   3.410940e-19   9.851718e-04   2.675994e-21   26196
  2.531920e+00   3.321045e-19   9.634803e-04   2.559845e-21   26360
  2.535324e+00   3.350545e-19   9.960409e-04   2.492904e-21   28152
  2.538760e+00   3.279727e-19   9.632402e-04   2.611168e-21   25896
  2.542127e+00   3.159013e-19   9.862139e-04   2.477990e-21   26592
  2.545539e+00   3.224177e-19   9.442321e-04   2.536430e-21   26568
  2.548976e+00   3.196713e-19   9.991750e-04   2.487775e-21   26832
  2.552322e+00   3.056033e-19   9.474214e-04   2.489710e-21   24972
  2.555791e+00   3.233559e-19   9.989695e-04   2.531069e-21   27000
  2.559168e+00   3.080580e-19   9.577813e-04   2.491086e-21   25448
  2.562535e+00   3.104919e-19   9.902443e-04   2.562859e-21   25476
  2.565992e+00   3.062355e-19   9.706909e-04   2.492873e-21   25152
  2.569333e+00   3.030510e-19   9.951122e-04   2.489097e-21   25968
  2.572775e+00   2.934973e-19   9.906648e-04   2.394334e-21   25320
  2.576210e+00   2.904801e-19   9.358363e-04   2.466878e-21   23796
  2.579496e+00   3.019058e-19   9.822477e-04   2.474684e-21   25500
  2.582914e+00   2.979830e-19   9.788363e-04   2.531407e-21   24420
  2.586378e+00   2.812819e-19   1.013161e-03   2.415606e-21   24656
  2.589722e+00   2.953971e-19   9.599232e-04   2.522444e-21   24036
  2.593114e+00   2.906443e-19   9.927315e-04   2.493287e-21   24528
  2.596483e+00   2.700985e-19   9.590289e-04   2.406398e-21   23004
  2.599888e+00   2.865795e-19   9.848565e-04   2.482309e-21   24576
  2.603308e+00   2.800141e-19   9.407132e-04   2.498340e-21   23736
  2.606725e+00   2.678710e-19   9.994817e-04   2.367488e-21   23712
  2.610164e+00   2.757520e-19   9.704406e-04   2.428187e-21   22992
  2.613550e+00   2.741387e-19   9.637349e-04   2.503559e-21   23984
  2.616935e+00   2.664174e-19   9.626269e-04   2.467903e-21   22344
  2.620337e+00   2.632995e-19   9.768169e-04   2.403281e-21   22536
  2.623720e+00   2.668686e-19   9.667935e-04   2.374208e-21   23268
  2.627096e+00   2.646659e-19   9.929071e-04   2.485977e-21   22152
  2.630500e+00   2.478847e-19   9.804448e-04   2.318918e-21   22068
  2.633988e+00   2.587659e-19   1.006815e-03   2.334479e-21   23664
  2.637353e+00   2.562401e-19   9.350088e-04   2.514453e-21   20640
  2.640713e+00   2.472152e-19   9.923052e-04   2.351197e-21   22376
  2.644179e+00   2.534645e-19   9.759242e-04   2.471862e-21   21444
  2.647520e+00   2.530558e-19   1.011260e-03   2.412659e-21   21576
  2.650919e+00   2.424072e-19   1.002590e-03   2.381480e-21   21660
  2.654412e+00   2.420609e-19   1.013805e-03   2.382382e-21   20916
  2.657789e+00   2.483671e-19   9.944119e-04   2.461814e-21   21504
  2.661144e+00   2.337022e-19   9.476635e-04   2.413290e-21   20508
  2.664583e+00   2.322599e-19   1.012559e-03   2.416826e-21   20036
  2.667961e+00   2.467502e-19   9.799347e-04   2.472653e-21   21276
  2.671380e+00   2.294610e-19   9.701273e-04   2.349469e-21   20652
  2.674793e+00   2.180176e-19   9.654062e-04   2.347101e-21   18696
  2.678197e+00   2.363399e-19   1.010458e-03   2.368419e-21   21504
  2.681608e+00   2.297767e-19   9.449905e-04   2.434430e-21   19284
  2.685012e+00   2.062442e-19   1.019116e-03   2.188202e-21   19356
  2.688395e+00   2.214198e-19   9.630933e-04   2.433229e-21   19236
  2.691747e+00   2.345888e-19   9.819342e-04   2.618104e-21   19476
  2.695170e+00   2.009210e-19   1.021783e-03   2.189280e-21   19184
  2.698647e+00   2.156867e-19   9.898888e-04   2.355291e-21   18852
  2.702034e+00   2.287159e-19   9.582506e-04   2.555275e-21   18876
  2.705357e+00   1.992532e-19   9.961544e-04   2.246407e-21   18336
  2.708799e+00   1.933720e-19   9.995508e-04   2.174420e-21   17820
  2.712259e+00   2.242639e-19   1.008841e-03   2.592254e-21   19392
  2.715616e+00   1.962591e-19   9.989261e-04   2.296179e-21   17616
  2.718949e+00   1.831867e-19   9.403994e-04   2.163665e-21   16320
  2.722413e+00   2.115761e-19   1.018465e-03   2.433652e-21   19292
  2.725776e+00   1.990660e-19   9.756316e-04   2.465491e-21   17112
  2.729283e+00   1.818735e-19   9.888233e-04   2.204312e-21   17388
  2.732704e+00   1.936914e-19   9.257555e-04   2.560020e-21   16692
  2.735930e+00   1.992936e-19   9.792720e-04   2.512136e-21   16956
  2.739452e+00   1.719524e-19   9.876901e-04   2.051676e-21   17040
  2.742894e+00   1.833173e-19   9.773330e-04   2.335709e-21   16092
  2.746164e+00   1.982691e-19   9.706985e-04   2.611251e-21   16380
  2.749642e+00   1.706992e-19   9.977628e-04   2.172530e-21   16688
  2.753053e+00   1.625030e-19   9.980974e-04   2.145291e-21   14940
  2.756401e+00   1.913782e-19   1.003592e-03   2.506307e-21   16668
  2.759872e+00   1.661943e-19   9.800161e-04   2.238595e-21   15804
  2.763238e+00   1.614647e-19   9.732068e-04   2.288259e-21   14280
  2.766639e+00   1.810576e-19   9.580540e-04   2.422461e-21   16068
  2.770034e+00   1.618300e-19   9.764201e-04   2.298135e-21   15048
  2.773410e+00   1.587292e-19   9.951146e-04   2.357922e-21   13940
  2.776793e+00   1.596821e-19   9.510677e-04   2.290489e-21   15072
  2.780185e+00   1.613319e-19   1.013899e-03   2.255598e-21   14808
  2.783543e+00   1.469588e-19   9.414253e-04   2.233854e-21   13200
  2.786996e+00   1.486242e-19   9.972653e-04   2.113287e-21   15156
  2.790453e+00   1.597071e-19   9.725079e-04   2.534342e-21   13788
  2.793844e+00   1.419544e-19   9.584580e-04   2.335519e-21   13608
  2.797233e+00   1.335699e-19   9.137161e-04   1.943053e-21   13224
  2.800612e+00   1.545095e-19   9.851237e-04   2.509775e-21   13320
  2.803972e+00   1.378392e-19   9.713652e-04   2.194918e-21   13220
  2.807429e+00   1.238099e-19   9.817789e-04   1.865942e-21   12984
  2.810903e+00   1.400034e-19   9.937490e-04   2.312720e-21   12780
  2.814182e+00   1.235687e-19   9.405135e-04   2.115413e-21   12360
  2.817641e+00   1.236860e-19   9.894990e-04   1.958017e-21   12480
  2.821091e+00   1.241608e-19   9.611149e-04   2.119727e-21   11892
  2.824384e+00   1.179290e-19   9.964972e-04   1.921910e-21   12192
  2.827831e+00   1.152807e-19   9.769214e-04   1.879375e-21   11328
  2.831260e+00   1.058398e-19   1.035957e-03   1.806045e-21   12020
  2.834610e+00   1.130022e-19   9.524676e-04   2.050050e-21   11052
  2.838092e+00   9.706219e-20   1.011816e-03   1.650502e-21   11304
  2.841356e+00   9.362894e-20   9.310152e-04   1.682750e-21   10368
  2.844694e+00   9.268670e-20   9.688111e-04   1.526237e-21   10899
  2.848216e+00   9.363580e-20   9.712629e-04   1.685500e-21   10752
  2.851560e+00   8.663225e-20   9.748745e-04   1.534819e-21   10446
  2.855007e+00   8.637191e-20   9.594983e-04   1.415509e-21   10092
  2.858423e+00   7.732266e-20   9.722089e-04   1.288314e-21   10220
  2.861722e+00   8.480032e-20   9.522226e-04   1.507652e-21   9636
  2.865233e+00   7.547043e-20   9.795968e-04   1.219700e-21   10020
  2.868677e+00   7.130594e-20   1.017742e-03   1.290399e-21   9906
  2.872011e+00   7.331112e-20   9.440243e-04   1.257912e-21   8940
  2.875468e+00   7.012641e-20   9.573450e-04   1.199232e-21   9558
  2.878844e+00   6.979139e-20   1.042557e-03   1.248048e-21   9180
  2.882185e+00   6.772346e-20   9.980883e-04   1.199185e-21   8674
  2.885679e+00   6.438137e-20   9.921159e-04   1.107540e-21   9454
  2.889055e+00   5.768726e-20   1.019679e-03   1.023404e-21   8316
  2.892409e+00   6.066232e-20   1.005575e-03   1.000872e-21   8622
  2.895912e+00   5.825959e-20   9.984805e-04   9.836063e-22   9006
  2.899261e+00   5.333356e-20   1.006426e-03   9.790722e-22   7698
  2.902617e+00   5.733063e-20   9.656669e-04   9.587158e-22   8406
  2.906123e+00   5.353955e-20   1.030423e-03   9.222840e-22   8646
  2.909458e+00   5.060351e-20   9.790969e-04   1.006668e-21   7014
  2.912801e+00   5.316710e-20   9.732754e-04   8.889830e-22   8510
  2.916355e+00   4.903914e-20   1.025772e-03   8.184182e-22   7890
  2.919690e+00   4.405244e-20   9.840041e-04   8.076520e-22   6966
  2.922978e+00   4.759817e-20   9.405721e-04   7.939738e-22   7902
  2.926483e+00   4.459666e-20   1.025831e-03   7.397275e-22   7278
  2.929893e+00   4.073439e-20   1.007738e-03   7.164078e-22   7338
  2.933248e+00   4.385691e-20   9.333698e-04   7.961604e-22   7254
  2.936686e+00   4.337237e-20   1.005241e-03   7.728745e-22   6678
  2.940020e+00   4.067488e-20   1.004294e-03   7.474115e-22   7286
  2.943557e+00   4.303158e-20   9.935741e-04   8.194984e-22   7200
  2.947070e+00   3.991463e-20   9.643759e-04   7.884781e-22   6234
  2.950183e+00   3.569069e-20   9.665943e-04   6.532324e-22   6630
  2.953710e+00   3.883014e-20   9.967120e-04   7.354155e-22   6822
  2.957208e+00   3.377083e-20   9.389826e-04   5.894133e-22   6078
  2.960394e+00   3.468656e-20   9.982063e-04   6.095553e-22   6528
  2.963920e+00   3.777302e-20   9.540002e-04   7.059028e-22   6034
  2.967295e+00   2.969274e-20   9.769421e-04   5.114900e-22   6190
  2.970648e+00   3.356366e-20   1.003693e-03   6.016038e-22   6270
  2.974190e+00   3.398103e-20   9.026267e-04   6.911116e-22   5520
  2.977431e+00   2.632561e-20   1.010599e-03   4.233830e-22   6126
  2.980823e+00   3.199484e-20   9.449916e-04   5.742420e-22   5562
  2.984382e+00   2.863492e-20   9.449251e-04   5.167488e-22   5790
  2.987609e+00   2.545703e-20   9.674247e-04   4.375891e-22   5496
  2.991029e+00   3.006649e-20   9.744149e-04   5.606151e-22   5262
  2.994510e+00   2.637610e-20   9.596787e-04   5.180383e-22   5774
  2.997839e+00   2.658200e-20   9.507037e-04   4.842809e-22   5124
  3.001346e+00   2.704453e-20   9.536598e-04   5.621389e-22   5070
  3.004645e+00   2.502723e-20   9.927132e-04   4.469117e-22   5430
  3.008016e+00   2.491977e-20   9.272914e-04   4.817079e-22   4680
  3.011587e+00   2.302326e-20   9.603639e-04   4.310924e-22   5370
  3.014869e+00   2.246254e-20   9.175102e-04   4.320957e-22   4638
  3.018210e+00   2.330604e-20   9.645033e-04   4.746654e-22   4536
  3.021696e+00   2.076728e-20   9.657981e-04   3.989819e-22   5222
  3.025044e+00   2.085209e-20   8.862693e-04   3.916297e-22   4254
  3.028475e+00   2.154224e-20   9.769455e-04   4.048790e-22   4548
  3.031790e+00   2.016869e-20   9.474352e-04   3.754139e-22   4638
  3.035175e+00   2.021576e-20   9.353877e-04   3.977983e-22   4176
  3.038687e+00   1.984888e-20   9.386274e-04   3.929128e-22   4518
  3.042021e+00   1.795331e-20   9.457109e-04   3.360209e-22   4278
  3.045343e+00   1.857081e-20   9.150178e-04   3.837952e-22   3732
  3.048746e+00   1.777404e-20   9.666582e-04   3.743448e-22   4502
  3.052175e+00   1.721465e-20   9.396687e-04   3.560634e-22   3984
  3.055637e+00   1.745007e-20   9.734809e-04   3.386383e-22   3726
  3.058859e+00   1.594444e-20   9.383075e-04   3.079155e-22   4014
  3.062253e+00   1.692001e-20   9.839881e-04   3.148227e-22   3756
  3.065874e+00   1.513824e-20   9.875702e-04   3.056883e-22   3894
  3.069162e+00   1.504523e-20   9.663769e-04   3.184713e-22   3744
  3.072480e+00   1.648240e-20   9.823894e-04   3.543294e-22   3174
  3.075941e+00   1.420615e-20   1.005522e-03   2.631150e-22   3968
  3.079369e+00   1.429879e-20   1.013997e-03   2.968768e-22   3522
  3.082951e+00   1.516107e-20   1.041435e-03   3.296934e-22   3198
  3.086200e+00   1.300333e-20   1.020090e-03   2.441920e-22   3648
  3.089591e+00   1.404499e-20   1.036958e-03   3.085899e-22   3054
  3.093164e+00   1.263195e-20   9.752705e-04   2.580103e-22   3312
  3.096416e+00   1.221528e-20   1.030232e-03   2.452605e-22   3354
  3.099859e+00   1.258117e-20   1.018756e-03   2.810209e-22   2624
  3.103228e+00   1.138718e-20   9.938936e-04   2.342081e-22   3462
  3.106655e+00   1.237882e-20   1.036730e-03   2.820313e-22   2976
  3.110270e+00   1.185426e-20   9.814041e-04   2.541305e-22   2670
  3.113407e+00   1.127631e-20   1.021601e-03   2.452145e-22   3186
  3.116767e+00   1.115687e-20   9.543614e-04   2.607432e-22   2376
  3.120346e+00   1.072081e-20   1.006058e-03   2.252355e-22   3102
  3.123650e+00   1.065398e-20   9.847799e-04   2.459308e-22   2688
  3.127086e+00   1.040416e-20   1.027393e-03   2.601744e-22   2286
  3.130454e+00   9.593916e-21   9.909871e-04   2.006738e-22   3020
  3.133859e+00   1.005283e-20   9.439116e-04   2.377388e-22   2310
  3.137474e+00   1.009626e-20   1.043166e-03   2.268473e-22   2544
  3.140695e+00   8.925772e-21   9.725494e-04   1.983819e-22   2526
  3.144064e+00   9.930344e-21   9.987847e-04   2.450082e-22   2112
  3.147593e+00   8.968459e-21   9.598648e-04   2.054263e-22   2538
  3.150931e+00   8.689990e-21   9.985896e-04   1.889588e-22   2304
  3.154328e+00   9.566521e-21   9.852879e-04   2.402900e-22   1902
  3.157623e+00   7.602423e-21   9.412660e-04   1.703579e-22   2408
  3.161035e+00   8.681851e-21   9.929091e-04   2.118991e-22   2094
  3.164668e+00   8.189301e-21   1.011639e-03   1.920898e-22   2028
  3.167856e+00   7.962084e-21   9.595772e-04   2.015205e-22   2094
  3.171241e+00   8.054766e-21   1.046849e-03   2.169248e-22   1920
  3.174835e+00   7.480501e-21   8.826100e-04   1.894493e-22   1926
  3.178123e+00   7.277224e-21   1.030221e-03   1.764189e-22   2088
  3.181468e+00   7.635106e-21   9.037369e-04   2.071912e-22   1434
  3.184829e+00   6.722166e-21   9.555433e-04   1.676524e-22   2048
  3.188160e+00   6.874667e-21   9.527742e-04   1.915063e-22   1758
  3.191826e+00   7.033136e-21   1.051156e-03   1.765608e-22   1584
  3.195185e+00   6.601002e-21   1.041430e-03   1.691871e-22   1998
  3.198586e+00   7.139164e-21   9.485689e-04   1.992181e-22   1428
  3.202148e+00   6.202570e-21   7.939925e-04   1.733366e-22   1488
  3.205259e+00   6.410108e-21   1.011466e-03   1.520867e-22   1806
  3.208542e+00   7.105624e-21   9.208043e-04   2.348515e-22   1040
  3.212051e+00   5.724835e-21   9.648325e-04   1.474698e-22   1782
  3.215260e+00   6.141336e-21   9.120959e-04   1.706738e-22   1428
  3.219099e+00   6.015891e-21   1.095182e-03   1.706729e-22   1206
  3.222346e+00   5.957845e-21   1.017509e-03   1.459864e-22   1728
  3.225619e+00   5.294934e-21   9.535870e-04   1.664170e-22   1038
  3.229392e+00   5.068877e-21   7.737160e-04   1.512401e-22   1248
  3.232374e+00   5.747667e-21   9.867404e-04   1.538517e-22   1530
  3.235646e+00   5.919213e-21   9.043822e-04   2.440743e-22   656
  3.239303e+00   4.934329e-21   1.013919e-03   1.202141e-22   1662
  3.242391e+00   5.125167e-21   8.393937e-04   1.660298e-22   1008
  3.246465e+00   5.409734e-21   1.114612e-03   1.807821e-22   960
  3.249524e+00   4.619156e-21   9.584513e-04   1.214752e-22   1458
  3.252720e+00   5.231827e-21   9.470398e-04   2.137744e-22   672
  3.256641e+00   4.656592e-21   7.422534e-04   1.524526e-22   1062
  3.259417e+00   4.568982e-21   9.629091e-04   1.378709e-22   1224
  3.262741e+00   5.417913e-21   8.411043e-04   2.564239e-22   374
  3.266486e+00   4.628769e-21   1.011004e-03   1.137359e-22   1512
  3.269516e+00   5.053370e-21   8.472106e-04   1.904334e-22   666
  3.273852e+00   4.394434e-21   1.035820e-03   1.637417e-22   720
  3.276572e+00   4.294476e-21   9.275922e-04   1.221862e-22   1224
  3.279914e+00   4.925958e-21   9.221403e-04   2.484321e-22   390
  3.283914e+00   4.195941e-21   6.856472e-04   1.511165e-22   936
  3.286459e+00   4.529885e-21   9.782860e-04   1.366250e-22   882
  3.290092e+00   4.687865e-21   9.551822e-04   3.309057e-22   216
  3.293625e+00   3.840198e-21   9.484183e-04   1.033918e-22   1286
  3.296619e+00   4.603248e-21   7.922754e-04   2.235550e-22   384
  3.301196e+00   3.808151e-21   9.974032e-04   1.661256e-22   576
  3.303565e+00   3.986298e-21   8.939464e-04   1.284140e-22   930
  3.306956e+00   4.183931e-21   8.781672e-04   2.526446e-22   216
  3.311281e+00   3.667626e-21   7.049195e-04   1.210093e-22   918
  3.313773e+00   4.134058e-21   9.494675e-04   1.919938e-22   480
  3.317151e+00   4.792930e-21   8.000415e-04   4.978879e-22   78
  3.320657e+00   3.504648e-21   8.648004e-04   1.070537e-22   1052
  3.323895e+00   4.361410e-21   1.006959e-03   2.739712e-22   240
  3.328852e+00   3.451957e-21   3.676460e-04   1.640928e-22   438
  3.330545e+00   4.052170e-21   8.506072e-04   1.615686e-22   648
  3.333703e+00   5.334005e-21   7.023041e-04   5.482982e-22   78
  3.338411e+00   3.241851e-21   6.127751e-04   1.062006e-22   780
  3.340778e+00   3.656646e-21   8.550342e-04   2.375374e-22   240
  3.343694e+00   6.000185e-21   0.000000e+00   6.776726e-22   6
  3.347623e+00   3.357631e-21   7.832637e-04   1.128017e-22   824
  3.350467e+00   5.468730e-21   6.055240e-04   5.418045e-22   78
  3.356076e+00   3.197724e-21   3.165921e-04   1.501535e-22   432
  3.357541e+00   3.399775e-21   7.656969e-04   1.593533e-22   348
  3.360330e+00   6.868516e-21   0.000000e+00   3.170527e-21   6
  3.365426e+00   3.506216e-21   5.413225e-04   1.355315e-22   600
  3.367442e+00   4.261449e-21   5.097238e-04   5.247116e-22   78
  3.374544e+00   3.173118e-21   6.700717e-04   1.290042e-22   572
  3.377176e+00   1.565177e-21   0.000000e+00   2.085243e-22   6
  3.383243e+00   3.543899e-21   3.146063e-04   1.851085e-22   384
  3.384459e+00   3.512111e-21   4.676281e-04   2.618277e-22   102
  3.392411e+00   3.057665e-21   4.599741e-04   1.575444e-22   396
  3.394229e+00   2.055110e-21   0.000000e+00   8.982128e-22   6
  3.401391e+00   3.008582e-21   4.161630e-04   1.594537e-22   326
  3.410329e+00   3.288441e-21   2.893928e-04   2.055129e-22   252
  3.411486e+00   3.364903e-21   0.000000e+00   1.593721e-21   6
  3.419333e+00   2.559292e-21   2.633341e-04   1.788432e-22   198
  3.428323e+00   3.572568e-21   2.009286e-04   2.845265e-22   146
  3.437326e+00   3.435491e-21   1.474817e-04   3.709301e-22   102
  3.446340e+00   3.174659e-21   1.024960e-04   4.977669e-22   66
  3.455367e+00   1.658364e-21   6.509513e-05   1.772704e-22   38
  3.464404e+00   2.653255e-21   3.357406e-05   3.055884e-22   18
  3.473449e+00   5.044339e-21   0.000000e+00   2.727894e-21   6
