# power spectrum of phi
# redshift z=19.638062
# k              Pk             sigma(k)       sigma(Pk)      count
  1.570796e-02   2.141601e-10   0.000000e+00   8.633641e-11   6
  2.221441e-02   9.699318e-11   0.000000e+00   1.936406e-11   12
  2.720699e-02   5.935737e-11   2.980232e-10   1.212361e-11   8
  3.141593e-02   1.668792e-10   0.000000e+00   1.796264e-11   6
  3.512407e-02   1.006784e-10   5.619580e-10   3.209056e-11   24
  3.847649e-02   1.278419e-10   5.619580e-10   2.161072e-11   24
  4.635387e-02   5.055282e-11   1.217504e-03   9.120745e-12   42
  4.967294e-02   6.163111e-11   0.000000e+00   1.354789e-11   24
  5.209742e-02   5.370554e-11   9.733398e-10   1.333279e-11   24
  5.608040e-02   5.237676e-11   9.621049e-04   5.626820e-12   32
  5.877382e-02   4.555042e-11   0.000000e+00   6.419216e-12   48
  6.283185e-02   5.137174e-11   0.000000e+00   2.260036e-11   6
  6.557030e-02   3.881794e-11   9.291969e-04   3.648239e-12   84
  6.935879e-02   4.085526e-11   8.893614e-04   6.213438e-12   48
  7.254758e-02   3.050921e-11   7.985346e-04   3.090738e-12   72
  7.695299e-02   3.038221e-11   1.123916e-09   4.743877e-12   24
  7.963774e-02   2.072394e-11   7.087081e-04   1.901228e-12   102
  8.367643e-02   2.372767e-11   1.370308e-03   2.411728e-12   104
  8.603606e-02   1.505199e-11   0.000000e+00   2.205935e-12   48
  9.068541e-02   1.308703e-11   9.092824e-04   1.174553e-12   108
  9.343657e-02   1.759900e-11   6.413175e-04   1.846377e-12   78
  9.650974e-02   1.720923e-11   5.553727e-04   1.616216e-12   96
  1.007521e-01   1.295925e-11   7.827476e-04   9.840958e-13   168
  1.046631e-01   1.247608e-11   9.466177e-04   1.295288e-12   120
  1.065366e-01   1.155331e-11   0.000000e+00   1.771873e-12   48
  1.109423e-01   1.117446e-11   9.164765e-04   9.613175e-13   194
  1.147571e-01   9.628187e-12   7.498405e-04   7.701864e-13   192
  1.180701e-01   1.161201e-11   5.224442e-04   9.701791e-13   96
  1.203984e-01   7.761838e-12   4.446482e-04   7.339986e-13   96
  1.233385e-01   8.149525e-12   6.559487e-04   6.631719e-13   174
  1.272878e-01   8.574814e-12   6.453399e-04   6.009711e-13   216
  1.304784e-01   6.826510e-12   6.685951e-04   4.698903e-13   192
  1.345850e-01   6.946126e-12   7.087816e-04   4.783530e-13   204
  1.374813e-01   5.318140e-12   9.706973e-04   3.357685e-13   224
  1.414909e-01   6.823199e-12   5.479655e-04   5.263801e-13   174
  1.446033e-01   5.653935e-12   1.053365e-03   3.220434e-13   288
  1.484650e-01   4.775274e-12   5.185518e-04   2.895845e-13   288
  1.514788e-01   4.228067e-12   1.000184e-03   3.035806e-13   192
  1.554236e-01   4.450157e-12   7.319331e-04   2.648526e-13   252
  1.579196e-01   4.288215e-12   4.361590e-04   2.716021e-13   246
  1.613100e-01   3.744352e-12   8.276231e-04   2.230857e-13   312
  1.643345e-01   3.735398e-12   5.346625e-04   1.935492e-13   248
  1.684860e-01   2.996020e-12   1.131025e-03   1.466002e-13   432
  1.718304e-01   3.663112e-12   9.472090e-04   2.511300e-13   198
  1.751353e-01   3.669727e-12   1.145604e-03   1.675684e-13   456
  1.789950e-01   2.963495e-12   6.685341e-04   1.812557e-13   324
  1.817267e-01   2.847971e-12   7.914724e-04   1.574566e-13   312
  1.851131e-01   2.661584e-12   9.927979e-04   1.376744e-13   408
  1.893262e-01   2.512453e-12   9.168549e-04   1.261359e-13   414
  1.922237e-01   2.161323e-12   7.933788e-04   1.089371e-13   392
  1.951891e-01   2.684536e-12   8.939032e-04   1.344014e-13   408
  1.990919e-01   2.387886e-12   9.488231e-04   1.088417e-13   444
  2.020561e-01   2.254108e-12   7.670392e-04   1.106760e-13   360
  2.058410e-01   2.052320e-12   1.052783e-03   7.745406e-14   678
  2.098438e-01   2.122094e-12   6.748154e-04   1.205079e-13   360
  2.129201e-01   1.813593e-12   1.111301e-03   8.003841e-14   648
  2.158529e-01   1.761678e-12   5.136230e-04   1.134374e-13   288
  2.195886e-01   1.668425e-12   9.568926e-04   6.327744e-14   686
  2.231016e-01   1.652321e-12   7.114303e-04   8.112522e-14   444
  2.262783e-01   1.514894e-12   9.881180e-04   5.918005e-14   696
  2.294381e-01   1.573437e-12   9.387623e-04   7.300518e-14   408
  2.328670e-01   1.353319e-12   9.712657e-04   5.146565e-14   648
  2.364370e-01   1.496762e-12   8.503906e-04   6.459390e-14   582
  2.396199e-01   1.208020e-12   1.064401e-03   4.858779e-14   744
  2.431321e-01   1.377979e-12   1.062590e-03   5.714863e-14   516
  2.463676e-01   1.298881e-12   1.028291e-03   5.355202e-14   728
  2.493547e-01   1.193538e-12   8.519968e-04   4.980133e-14   558
  2.529620e-01   1.022425e-12   8.588943e-04   3.628385e-14   768
  2.568725e-01   1.158784e-12   9.956413e-04   3.711175e-14   960
  2.602888e-01   1.073985e-12   6.965241e-04   4.697344e-14   576
  2.635727e-01   1.106459e-12   1.130592e-03   3.820458e-14   816
  2.671089e-01   9.006983e-13   8.722599e-04   3.167390e-14   666
  2.702138e-01   9.845224e-13   1.022915e-03   3.211064e-14   960
  2.739239e-01   9.139302e-13   1.008817e-03   3.248446e-14   824
  2.775241e-01   8.855709e-13   1.110885e-03   2.827111e-14   936
  2.808394e-01   7.986614e-13   8.261366e-04   3.080088e-14   624
  2.838930e-01   8.524681e-13   9.725641e-04   2.755152e-14   1062
  2.874377e-01   8.282420e-13   1.059457e-03   2.965709e-14   732
  2.905463e-01   7.250861e-13   9.192852e-04   2.260134e-14   1080
  2.942546e-01   7.406370e-13   1.002209e-03   2.525950e-14   936
  2.976082e-01   6.596453e-13   1.082494e-03   2.199337e-14   878
  3.011413e-01   6.420663e-13   1.097016e-03   1.887404e-14   1152
  3.044218e-01   6.274828e-13   8.479143e-04   1.994183e-14   1056
  3.079105e-01   6.501680e-13   1.001477e-03   2.170377e-14   864
  3.110264e-01   6.126547e-13   9.782607e-04   1.893979e-14   1092
  3.147509e-01   6.156464e-13   1.033457e-03   1.816244e-14   1206
  3.182989e-01   5.878894e-13   1.048759e-03   1.660343e-14   1248
  3.215758e-01   5.578522e-13   7.107183e-04   1.931869e-14   864
  3.244931e-01   5.588435e-13   7.379012e-04   1.730540e-14   1152
  3.282964e-01   5.468069e-13   1.098528e-03   1.523990e-14   1382
  3.320084e-01   5.333395e-13   9.790321e-04   1.544721e-14   1188
  3.352589e-01   4.692716e-13   1.037410e-03   1.364450e-14   1248
  3.383281e-01   4.784333e-13   9.840824e-04   1.496730e-14   1152
  3.416961e-01   4.931372e-13   1.080699e-03   1.317096e-14   1320
  3.454323e-01   4.442772e-13   7.162673e-04   1.268083e-14   1206
  3.485323e-01   4.526063e-13   1.040639e-03   1.150388e-14   1560
  3.522149e-01   4.331867e-13   9.687237e-04   1.177838e-14   1280
  3.553656e-01   3.973547e-13   9.753251e-04   1.065008e-14   1308
  3.588126e-01   4.049992e-13   9.788304e-04   9.880610e-15   1512
  3.622462e-01   3.670252e-13   7.986109e-04   9.983303e-15   1350
  3.657845e-01   3.763135e-13   1.055155e-03   9.210503e-15   1608
  3.688093e-01   3.813894e-13   9.074168e-04   1.053765e-14   1320
  3.723318e-01   3.739463e-13   1.093091e-03   9.451588e-15   1656
  3.755028e-01   3.418660e-13   8.593531e-04   9.060297e-15   1254
  3.791706e-01   3.458138e-13   9.807940e-04   7.804564e-15   1932
  3.826277e-01   3.462656e-13   8.807497e-04   9.140995e-15   1640
  3.860340e-01   3.200858e-13   9.142769e-04   8.036294e-15   1488
  3.892465e-01   3.138910e-13   8.838091e-04   8.076324e-15   1560
  3.929003e-01   2.949715e-13   1.061554e-03   7.021750e-15   2046
  3.962918e-01   2.896837e-13   9.522112e-04   7.600159e-15   1512
  3.995770e-01   2.929692e-13   9.476029e-04   6.780731e-15   1764
  4.028533e-01   2.739411e-13   9.447944e-04   6.392664e-15   1776
  4.062341e-01   2.754083e-13   1.135757e-03   6.523372e-15   1704
  4.098613e-01   2.611233e-13   1.112243e-03   5.570372e-15   2126
  4.131278e-01   2.516660e-13   7.726530e-04   5.960176e-15   1632
  4.164062e-01   2.495929e-13   1.029302e-03   5.330502e-15   2064
  4.197114e-01   2.578740e-13   8.486884e-04   6.242235e-15   1680
  4.233078e-01   2.393168e-13   9.519603e-04   5.337164e-15   2154
  4.266550e-01   2.354789e-13   9.636572e-04   5.168086e-15   2016
  4.302596e-01   2.233150e-13   1.057936e-03   4.469815e-15   2304
  4.335625e-01   2.329745e-13   8.422558e-04   5.845124e-15   1680
  4.369940e-01   2.198001e-13   9.757286e-04   4.695191e-15   2432
  4.404338e-01   2.058658e-13   9.614444e-04   4.694067e-15   1902
  4.438479e-01   2.022848e-13   9.886846e-04   4.063147e-15   2292
  4.468928e-01   1.919762e-13   7.831116e-04   4.363818e-15   1992
  4.505057e-01   1.896869e-13   1.003841e-03   3.634245e-15   2568
  4.539799e-01   1.872432e-13   8.764344e-04   4.387395e-15   1806
  4.574906e-01   1.918312e-13   1.078056e-03   3.683117e-15   3000
  4.610452e-01   1.880619e-13   9.809961e-04   4.142785e-15   2016
  4.640126e-01   1.873137e-13   9.156925e-04   3.973573e-15   2168
  4.673956e-01   1.797164e-13   9.350459e-04   3.777037e-15   2412
  4.709322e-01   1.647862e-13   1.022794e-03   3.288039e-15   2550
  4.743353e-01   1.736168e-13   1.015444e-03   3.385049e-15   2592
  4.778871e-01   1.589384e-13   9.354682e-04   3.300105e-15   2496
  4.812642e-01   1.539243e-13   1.034855e-03   3.013119e-15   2688
  4.846328e-01   1.519335e-13   8.939911e-04   3.024932e-15   2424
  4.881831e-01   1.481821e-13   8.203417e-04   2.931311e-15   2634
  4.913828e-01   1.479693e-13   9.840370e-04   2.881841e-15   2552
  4.945705e-01   1.448370e-13   1.032361e-03   2.753437e-15   2832
  4.981085e-01   1.376546e-13   9.803825e-04   2.745778e-15   2424
  5.015971e-01   1.319566e-13   1.087506e-03   2.270490e-15   3198
  5.048631e-01   1.355116e-13   8.681062e-04   2.603860e-15   2400
  5.083252e-01   1.383050e-13   9.985776e-04   2.404350e-15   3336
  5.119027e-01   1.259390e-13   8.404887e-04   2.667314e-15   2508
  5.150462e-01   1.262393e-13   1.013004e-03   2.356623e-15   3104
  5.187218e-01   1.241283e-13   1.019172e-03   2.256322e-15   2934
  5.220343e-01   1.217425e-13   9.369744e-04   2.262793e-15   3120
  5.256263e-01   1.142377e-13   1.045384e-03   1.910362e-15   3288
  5.289357e-01   1.160650e-13   8.800568e-04   2.159180e-15   2808
  5.323338e-01   1.066672e-13   1.104468e-03   1.974388e-15   2988
  5.357545e-01   1.081805e-13   1.011140e-03   1.929227e-15   3486
  5.390675e-01   1.119022e-13   9.571221e-04   2.210532e-15   3000
  5.422664e-01   1.086753e-13   8.325653e-04   1.916229e-15   3024
  5.458504e-01   1.011946e-13   9.168226e-04   1.707940e-15   3584
  5.494456e-01   1.043932e-13   9.821560e-04   1.782916e-15   3486
  5.527991e-01   9.992170e-14   8.845337e-04   1.801147e-15   3120
  5.560782e-01   9.944855e-14   8.734506e-04   1.652032e-15   3396
  5.593885e-01   9.263504e-14   9.978964e-04   1.601435e-15   3552
  5.629224e-01   9.259207e-14   9.603534e-04   1.520784e-15   3384
  5.664153e-01   9.189746e-14   9.777364e-04   1.566487e-15   3726
  5.697413e-01   9.104798e-14   9.475502e-04   1.610881e-15   3344
  5.729010e-01   9.159220e-14   9.736455e-04   1.520339e-15   3744
  5.765144e-01   8.517554e-14   9.477817e-04   1.407750e-15   3540
  5.799021e-01   8.427789e-14   1.006149e-03   1.316446e-15   3822
  5.834565e-01   8.272784e-14   9.878124e-04   1.260798e-15   4056
  5.866916e-01   8.149976e-14   9.078164e-04   1.373101e-15   3288
  5.900838e-01   7.643634e-14   1.048596e-03   1.239332e-15   4056
  5.934141e-01   7.763965e-14   9.605270e-04   1.255919e-15   3984
  5.970600e-01   7.821622e-14   8.831345e-04   1.294056e-15   3662
  6.001481e-01   7.574618e-14   9.636098e-04   1.277636e-15   3828
  6.036318e-01   7.443611e-14   1.089370e-03   1.036188e-15   4632
  6.071049e-01   7.257409e-14   8.410059e-04   1.202970e-15   3600
  6.105769e-01   6.843763e-14   9.985737e-04   1.098123e-15   4320
  6.138621e-01   6.792896e-14   7.834444e-04   1.066737e-15   3918
  6.171787e-01   6.972501e-14   9.014176e-04   1.101840e-15   4200
  6.205131e-01   6.917592e-14   1.022920e-03   1.082367e-15   4188
  6.239700e-01   6.441541e-14   1.038929e-03   9.620858e-16   4360
  6.274803e-01   6.365653e-14   1.038850e-03   9.541650e-16   4582
  6.308743e-01   6.528650e-14   9.234335e-04   1.080565e-15   4128
  6.343253e-01   6.247301e-14   9.920101e-04   9.380759e-16   4752
  6.375752e-01   6.342861e-14   9.131947e-04   9.652832e-16   4176
  6.411096e-01   5.822836e-14   1.050053e-03   8.545521e-16   4848
  6.446482e-01   5.936274e-14   9.123418e-04   9.251817e-16   4338
  6.479820e-01   5.947940e-14   9.957341e-04   8.510546e-16   5160
  6.512782e-01   5.743913e-14   8.072490e-04   9.259447e-16   4008
  6.548541e-01   5.503334e-14   1.067151e-03   7.797110e-16   5360
  6.581452e-01   5.480242e-14   9.926354e-04   8.534467e-16   4110
  6.615688e-01   5.480808e-14   1.063460e-03   7.569012e-16   5424
  6.648330e-01   5.195821e-14   9.093259e-04   8.635813e-16   4140
  6.682670e-01   5.257628e-14   1.015985e-03   7.046836e-16   5664
  6.717913e-01   5.089612e-14   8.830334e-04   7.252536e-16   4632
  6.751475e-01   4.999844e-14   9.313969e-04   7.179496e-16   4902
  6.784717e-01   5.141632e-14   9.953030e-04   7.384550e-16   5072
  6.818744e-01   5.014196e-14   9.385334e-04   6.828542e-16   5472
  6.852422e-01   4.813606e-14   9.538134e-04   7.039419e-16   4704
  6.886975e-01   4.782415e-14   1.047734e-03   6.628050e-16   5436
  6.922157e-01   4.680946e-14   9.975801e-04   6.210440e-16   5646
  6.954149e-01   4.716661e-14   8.926250e-04   7.023399e-16   4512
  6.988202e-01   4.433234e-14   1.140100e-03   5.714833e-16   6120
  7.023308e-01   4.442968e-14   8.820433e-04   6.334649e-16   5112
  7.057067e-01   4.429343e-14   1.042362e-03   5.892523e-16   5606
  7.091042e-01   4.265525e-14   9.714200e-04   6.024396e-16   5328
  7.124930e-01   4.159068e-14   9.787204e-04   5.603595e-16   5964
  7.158971e-01   4.085814e-14   9.940447e-04   5.696559e-16   5448
  7.193484e-01   3.897912e-14   1.017941e-03   5.155953e-16   5904
  7.228752e-01   3.957121e-14   1.000362e-03   5.391288e-16   5598
  7.261287e-01   3.938037e-14   9.386933e-04   5.229994e-16   5952
  7.294916e-01   3.827962e-14   1.026954e-03   5.336653e-16   5688
  7.328942e-01   3.805660e-14   9.846955e-04   5.112469e-16   5876
  7.362274e-01   3.730772e-14   9.604209e-04   5.009768e-16   5784
  7.396880e-01   3.553136e-14   9.580629e-04   4.523532e-16   6462
  7.431585e-01   3.753127e-14   1.033342e-03   5.279946e-16   5688
  7.463730e-01   3.627810e-14   9.533939e-04   4.886920e-16   6408
  7.498476e-01   3.396393e-14   9.842501e-04   4.380864e-16   6000
  7.533888e-01   3.432787e-14   1.059159e-03   4.259161e-16   6582
  7.568883e-01   3.416432e-14   1.008047e-03   4.466859e-16   6564
  7.601644e-01   3.315568e-14   8.888373e-04   4.393415e-16   6048
  7.635621e-01   3.167058e-14   1.018608e-03   4.120575e-16   6512
  7.671229e-01   3.226338e-14   1.012583e-03   4.051297e-16   6816
  7.705313e-01   3.237003e-14   8.855598e-04   4.372201e-16   6222
  7.737298e-01   3.193996e-14   9.227087e-04   4.186095e-16   6432
  7.771462e-01   3.076720e-14   9.712111e-04   3.800548e-16   6804
  7.805425e-01   3.065777e-14   9.154579e-04   3.964049e-16   6432
  7.838667e-01   2.937852e-14   1.076466e-03   3.691980e-16   6846
  7.872436e-01   3.008719e-14   9.829553e-04   3.849175e-16   6424
  7.904718e-01   2.837663e-14   8.822090e-04   3.656671e-16   6952
  7.940184e-01   2.881841e-14   1.063073e-03   3.347604e-16   7560
  7.975016e-01   2.793643e-14   9.134936e-04   3.516109e-16   6648
  8.010940e-01   2.754705e-14   1.003794e-03   3.329555e-16   7578
  8.042561e-01   2.775415e-14   9.063446e-04   3.560979e-16   6552
  8.076731e-01   2.638134e-14   9.979139e-04   3.231028e-16   7536
  8.111567e-01   2.575391e-14   9.132376e-04   3.050760e-16   7272
  8.145479e-01   2.606455e-14   9.728104e-04   3.183711e-16   6936
  8.178031e-01   2.533731e-14   9.977143e-04   3.071744e-16   7430
  8.213250e-01   2.516172e-14   1.045033e-03   2.963604e-16   7644
  8.245935e-01   2.420341e-14   9.307740e-04   2.931010e-16   7248
  8.281463e-01   2.378652e-14   1.064794e-03   2.679755e-16   8232
  8.316185e-01   2.368802e-14   9.710105e-04   2.956980e-16   7038
  8.349567e-01   2.383784e-14   9.438683e-04   2.850133e-16   7824
  8.382335e-01   2.300691e-14   9.942267e-04   2.737351e-16   7752
  8.416157e-01   2.204872e-14   1.003152e-03   2.685044e-16   7480
  8.451302e-01   2.237629e-14   1.011833e-03   2.553777e-16   8404
  8.485444e-01   2.262484e-14   9.399091e-04   2.623397e-16   7614
  8.518207e-01   2.228421e-14   9.844427e-04   2.681454e-16   7776
  8.551174e-01   2.172626e-14   9.392352e-04   2.541207e-16   7944
  8.585635e-01   2.125430e-14   9.766291e-04   2.377222e-16   8424
  8.619639e-01   2.037775e-14   9.583464e-04   2.434787e-16   7872
  8.654765e-01   2.059363e-14   9.630186e-04   2.279626e-16   8658
  8.688452e-01   2.062833e-14   9.611694e-04   2.391500e-16   8352
  8.723129e-01   2.022828e-14   9.655449e-04   2.283625e-16   8648
  8.755912e-01   2.046982e-14   9.149173e-04   2.384871e-16   7680
  8.790367e-01   1.926817e-14   9.531068e-04   2.148896e-16   8646
  8.822382e-01   2.001092e-14   9.234329e-04   2.249528e-16   8448
  8.857769e-01   1.973527e-14   9.812644e-04   2.223642e-16   9120
  8.891913e-01   1.825028e-14   9.588814e-04   2.106635e-16   8316
  8.926442e-01   1.854864e-14   1.034938e-03   1.987945e-16   9504
  8.961124e-01   1.872983e-14   9.411707e-04   2.166387e-16   8358
  8.995737e-01   1.771400e-14   9.948383e-04   1.932534e-16   9584
  9.029179e-01   1.752682e-14   9.519874e-04   1.957398e-16   8616
  9.063714e-01   1.770238e-14   1.036501e-03   1.875688e-16   9432
  9.098983e-01   1.743356e-14   1.054421e-03   1.948203e-16   9018
  9.130995e-01   1.709259e-14   8.925739e-04   1.902976e-16   8568
  9.164447e-01   1.664124e-14   9.935089e-04   1.727098e-16   9816
  9.199052e-01   1.679662e-14   9.405935e-04   1.859131e-16   9000
  9.233247e-01   1.641372e-14   9.837551e-04   1.801859e-16   9504
  9.267306e-01   1.579677e-14   1.006398e-03   1.683275e-16   9446
  9.300802e-01   1.654318e-14   9.624225e-04   1.773069e-16   9696
  9.335244e-01   1.556834e-14   8.956216e-04   1.706997e-16   9180
  9.369074e-01   1.517794e-14   1.035278e-03   1.580936e-16   10512
  9.403628e-01   1.555839e-14   9.787470e-04   1.695062e-16   9048
  9.437812e-01   1.485906e-14   9.387702e-04   1.555118e-16   10014
  9.469467e-01   1.481922e-14   9.162358e-04   1.693865e-16   9096
  9.503901e-01   1.457280e-14   1.048815e-03   1.460391e-16   11088
  9.540508e-01   1.473132e-14   1.020389e-03   1.577177e-16   9860
  9.574037e-01   1.387760e-14   9.672113e-04   1.488952e-16   10110
  9.607663e-01   1.456024e-14   1.006739e-03   1.575105e-16   10104
  9.641489e-01   1.412602e-14   9.545583e-04   1.505495e-16   10392
  9.675729e-01   1.388192e-14   9.880976e-04   1.453481e-16   10104
  9.710628e-01   1.348102e-14   1.022530e-03   1.318930e-16   11352
  9.746180e-01   1.322982e-14   9.364871e-04   1.446149e-16   10014
  9.777749e-01   1.352112e-14   8.644241e-04   1.491857e-16   9636
  9.811143e-01   1.290476e-14   1.024502e-03   1.296025e-16   11552
  9.846389e-01   1.265388e-14   9.519720e-04   1.356843e-16   10488
  9.880418e-01   1.256740e-14   9.942196e-04   1.322426e-16   10254
  9.913535e-01   1.242981e-14   9.360901e-04   1.252655e-16   11304
  9.947947e-01   1.254902e-14   9.500453e-04   1.304778e-16   10872
  9.982198e-01   1.226101e-14   1.018789e-03   1.254375e-16   10932
  1.001538e+00   1.180178e-14   9.191792e-04   1.257563e-16   10848
  1.004968e+00   1.185450e-14   9.613098e-04   1.208113e-16   10998
  1.008371e+00   1.169302e-14   1.010151e-03   1.180996e-16   11720
  1.011785e+00   1.182063e-14   9.293623e-04   1.250840e-16   10776
  1.015145e+00   1.131237e-14   1.016690e-03   1.108103e-16   12072
  1.018627e+00   1.103083e-14   9.322439e-04   1.149125e-16   10704
  1.021966e+00   1.133421e-14   9.563293e-04   1.140690e-16   11730
  1.025452e+00   1.104609e-14   9.932906e-04   1.089962e-16   12144
  1.028814e+00   1.079321e-14   9.411395e-04   1.100827e-16   11568
  1.032333e+00   1.052672e-14   1.018099e-03   1.036681e-16   11552
  1.035496e+00   1.046209e-14   9.188638e-04   1.085160e-16   10926
  1.038938e+00   1.069329e-14   1.040698e-03   1.019487e-16   13032
  1.042312e+00   1.084999e-14   8.505148e-04   1.175091e-16   10776
  1.045727e+00   1.008413e-14   1.046983e-03   9.438425e-17   13116
  1.049219e+00   9.943275e-15   9.853293e-04   9.590039e-17   12288
  1.052658e+00   9.729069e-15   9.056138e-04   1.006550e-16   11262
  1.055879e+00   9.911700e-15   9.783290e-04   9.725840e-17   12672
  1.059343e+00   9.806922e-15   9.592412e-04   9.620373e-17   12624
  1.062777e+00   9.546618e-15   9.623576e-04   9.428505e-17   12392
  1.066184e+00   9.329167e-15   9.864834e-04   9.191033e-17   12060
  1.069636e+00   9.510043e-15   1.040331e-03   9.017222e-17   13662
  1.072946e+00   9.189440e-15   8.984272e-04   9.301769e-17   11592
  1.076393e+00   9.171446e-15   1.067653e-03   8.959953e-17   13776
  1.079833e+00   8.972282e-15   9.079546e-04   8.928319e-17   12240
  1.083287e+00   8.785000e-15   1.046073e-03   8.392189e-17   13662
  1.086532e+00   9.076491e-15   8.990309e-04   9.147613e-17   11520
  1.090035e+00   8.707665e-15   1.036209e-03   7.894323e-17   15044
  1.093490e+00   8.645722e-15   9.313428e-04   8.582232e-17   12384
  1.096882e+00   8.174834e-15   9.804345e-04   8.045223e-17   13176
  1.100202e+00   8.324192e-15   8.879465e-04   8.116824e-17   12798
  1.103628e+00   8.541971e-15   1.008480e-03   8.045160e-17   14376
  1.106957e+00   8.123359e-15   9.586156e-04   8.119723e-17   12528
  1.110377e+00   8.025436e-15   1.006656e-03   7.529013e-17   14100
  1.113686e+00   8.113992e-15   9.133782e-04   8.300823e-17   12630
  1.117102e+00   7.885436e-15   9.919328e-04   7.392757e-17   14624
  1.120482e+00   8.025363e-15   9.894156e-04   7.864011e-17   13272
  1.123923e+00   7.754625e-15   1.008580e-03   7.204630e-17   14664
  1.127428e+00   7.399030e-15   1.031064e-03   6.815890e-17   14328
  1.130809e+00   7.471363e-15   9.574326e-04   7.377090e-17   13086
  1.134236e+00   7.461907e-15   1.030026e-03   6.733585e-17   15612
  1.137653e+00   7.487387e-15   8.878573e-04   7.554947e-17   13416
  1.140971e+00   7.310364e-15   1.044367e-03   6.680439e-17   14360
  1.144380e+00   7.114312e-15   9.770905e-04   6.770357e-17   14064
  1.147853e+00   7.258872e-15   1.005516e-03   6.772020e-17   15750
  1.151277e+00   6.975063e-15   9.498220e-04   6.687423e-17   13680
  1.154655e+00   7.135488e-15   1.034040e-03   6.814654e-17   15468
  1.158090e+00   6.710426e-15   9.964048e-04   6.541095e-17   14352
  1.161422e+00   6.727141e-15   9.831061e-04   6.210873e-17   14454
  1.164771e+00   7.014964e-15   1.009534e-03   6.686318e-17   15048
  1.168219e+00   6.461637e-15   9.356739e-04   6.014630e-17   15360
  1.171622e+00   6.601952e-15   1.028303e-03   6.137259e-17   15224
  1.175043e+00   6.444756e-15   9.737025e-04   5.916424e-17   15096
  1.178436e+00   6.578384e-15   9.513142e-04   6.265947e-17   14514
  1.181744e+00   6.537968e-15   9.972118e-04   6.044331e-17   16416
  1.185216e+00   6.283980e-15   9.813109e-04   5.862302e-17   15216
  1.188760e+00   6.304046e-15   9.875256e-04   5.740718e-17   16440
  1.192145e+00   6.186287e-15   9.934307e-04   5.939178e-17   14904
  1.195382e+00   6.183491e-15   9.331760e-04   5.929546e-17   15134
  1.198830e+00   6.196338e-15   1.044008e-03   5.773332e-17   16644
  1.202273e+00   5.887881e-15   9.801415e-04   5.463752e-17   16128
  1.205649e+00   5.986947e-15   9.739380e-04   5.737419e-17   15384
  1.208976e+00   5.929402e-15   9.574053e-04   5.518791e-17   15462
  1.212384e+00   5.881231e-15   1.022817e-03   5.111771e-17   17304
  1.215857e+00   5.687038e-15   9.644898e-04   5.244769e-17   16176
  1.219267e+00   5.765846e-15   1.020273e-03   5.207764e-17   16824
  1.222757e+00   5.467513e-15   9.384566e-04   5.103524e-17   15980
  1.226044e+00   5.569584e-15   9.341167e-04   5.263152e-17   16326
  1.229359e+00   5.637473e-15   9.971528e-04   5.354272e-17   16488
  1.232793e+00   5.446273e-15   9.674257e-04   4.929231e-17   16944
  1.236242e+00   5.321800e-15   1.018099e-03   4.790106e-17   17256
  1.239567e+00   5.144577e-15   9.442015e-04   4.755723e-17   15966
  1.243019e+00   5.411131e-15   1.002557e-03   4.994704e-17   17628
  1.246398e+00   5.110571e-15   9.523046e-04   4.737700e-17   17280
  1.249813e+00   5.034361e-15   1.048272e-03   4.520851e-17   17056
  1.253179e+00   5.028990e-15   9.884505e-04   4.585943e-17   17296
  1.256693e+00   4.892953e-15   9.682006e-04   4.396878e-17   17526
  1.260009e+00   5.032395e-15   9.743928e-04   4.512953e-17   17592
  1.263462e+00   4.925704e-15   1.013641e-03   4.377570e-17   17880
  1.266826e+00   4.881758e-15   9.399981e-04   4.602112e-17   17028
  1.270153e+00   4.824200e-15   9.558687e-04   4.398568e-17   17376
  1.273537e+00   4.954059e-15   9.489771e-04   4.469809e-17   18414
  1.277033e+00   4.710908e-15   9.732250e-04   4.182822e-17   17840
  1.280422e+00   4.642942e-15   1.021714e-03   4.109542e-17   18960
  1.283800e+00   4.574926e-15   9.491477e-04   4.268548e-17   16992
  1.287191e+00   4.556703e-15   1.045598e-03   4.009983e-17   18378
  1.290511e+00   4.624937e-15   9.309987e-04   4.245396e-17   18192
  1.293964e+00   4.509938e-15   9.939797e-04   3.948183e-17   19320
  1.297392e+00   4.395262e-15   9.640812e-04   4.005718e-17   17856
  1.300808e+00   4.154685e-15   9.952112e-04   3.693458e-17   19128
  1.304168e+00   4.413481e-15   9.205139e-04   4.071305e-17   18246
  1.307589e+00   4.461858e-15   9.567778e-04   3.990154e-17   19184
  1.310975e+00   4.164864e-15   9.792411e-04   3.679384e-17   18900
  1.314454e+00   4.160674e-15   1.021314e-03   3.605776e-17   19776
  1.317772e+00   4.139331e-15   9.370417e-04   3.938000e-17   17814
  1.321221e+00   4.207141e-15   1.019691e-03   3.785496e-17   19944
  1.324582e+00   4.153185e-15   1.005872e-03   3.762424e-17   19536
  1.328059e+00   4.011539e-15   9.953972e-04   3.466201e-17   20112
  1.331434e+00   3.930382e-15   9.251142e-04   3.725805e-17   18116
  1.334798e+00   3.856461e-15   9.644510e-04   3.360331e-17   19878
  1.338104e+00   3.997867e-15   9.747533e-04   3.611791e-17   19800
  1.341597e+00   3.973328e-15   9.746917e-04   3.592171e-17   20136
  1.345077e+00   3.777400e-15   1.025284e-03   3.304638e-17   20808
  1.348466e+00   3.706635e-15   9.288316e-04   3.390582e-17   19152
  1.351874e+00   3.778503e-15   9.810813e-04   3.349124e-17   20526
  1.355317e+00   3.756195e-15   1.009394e-03   3.398966e-17   20532
  1.358658e+00   3.750031e-15   1.003080e-03   3.323166e-17   20120
  1.361967e+00   3.531303e-15   9.347410e-04   3.220119e-17   19512
  1.365426e+00   3.572866e-15   1.015429e-03   3.122422e-17   21246
  1.368810e+00   3.659841e-15   9.234922e-04   3.322696e-17   20112
  1.372239e+00   3.610835e-15   1.028308e-03   3.124576e-17   22104
  1.375656e+00   3.501567e-15   1.009051e-03   3.211559e-17   19620
  1.379051e+00   3.365985e-15   1.002997e-03   2.944963e-17   21912
  1.382450e+00   3.481190e-15   9.358667e-04   3.172889e-17   20070
  1.385835e+00   3.474295e-15   1.019290e-03   3.021694e-17   22064
  1.389281e+00   3.360232e-15   9.677197e-04   2.983206e-17   21048
  1.392624e+00   3.373275e-15   9.464641e-04   2.935206e-17   21168
  1.396022e+00   3.363076e-15   1.023526e-03   2.983073e-17   21384
  1.399510e+00   3.256629e-15   9.261037e-04   2.945251e-17   22146
  1.402917e+00   3.404483e-15   9.907340e-04   2.963841e-17   22200
  1.406352e+00   3.179572e-15   9.384676e-04   2.795891e-17   21648
  1.409715e+00   3.087045e-15   1.004739e-03   2.805209e-17   21144
  1.413042e+00   3.064524e-15   9.557029e-04   2.677365e-17   21710
  1.416464e+00   3.159224e-15   1.015437e-03   2.715310e-17   23112
  1.419994e+00   3.146864e-15   1.013025e-03   2.732786e-17   23064
  1.423397e+00   3.048835e-15   9.375385e-04   2.723386e-17   21252
  1.426667e+00   2.994326e-15   9.398251e-04   2.577360e-17   22128
  1.430079e+00   3.103259e-15   9.741612e-04   2.747794e-17   22446
  1.433489e+00   2.956236e-15   9.547049e-04   2.619221e-17   22848
  1.436865e+00   2.952672e-15   9.559285e-04   2.597801e-17   23208
  1.440318e+00   2.936827e-15   9.839042e-04   2.504141e-17   22536
  1.443716e+00   2.797235e-15   9.977885e-04   2.383344e-17   22586
  1.447106e+00   3.004135e-15   1.017372e-03   2.569261e-17   24096
  1.450516e+00   2.934841e-15   9.545662e-04   2.717159e-17   22440
  1.453882e+00   2.843780e-15   1.040231e-03   2.478282e-17   23400
  1.457251e+00   2.719389e-15   9.449552e-04   2.370655e-17   23232
  1.460730e+00   2.789814e-15   9.950400e-04   2.522411e-17   23886
  1.464083e+00   2.803855e-15   9.568206e-04   2.529013e-17   23376
  1.467479e+00   2.742444e-15   9.653968e-04   2.442277e-17   23540
  1.470837e+00   2.659346e-15   9.576052e-04   2.285688e-17   24240
  1.474322e+00   2.651841e-15   1.007568e-03   2.345617e-17   23952
  1.477751e+00   2.674587e-15   9.425996e-04   2.361438e-17   24006
  1.481188e+00   2.665481e-15   1.057459e-03   2.303981e-17   25560
  1.484513e+00   2.602612e-15   9.375935e-04   2.310835e-17   22728
  1.487845e+00   2.523450e-15   9.449672e-04   2.224866e-17   23556
  1.491222e+00   2.543686e-15   9.861154e-04   2.210766e-17   25398
  1.494647e+00   2.698919e-15   9.661087e-04   2.465858e-17   24088
  1.498058e+00   2.586295e-15   1.005693e-03   2.238240e-17   25696
  1.501476e+00   2.520742e-15   9.445009e-04   2.284598e-17   24144
  1.504866e+00   2.420595e-15   1.009435e-03   2.119176e-17   25560
  1.508279e+00   2.435337e-15   9.311536e-04   2.194989e-17   24246
  1.511702e+00   2.543324e-15   9.886422e-04   2.189380e-17   26292
  1.515117e+00   2.433158e-15   9.750958e-04   2.193559e-17   25200
  1.518516e+00   2.399598e-15   1.015518e-03   2.133034e-17   25296
  1.521840e+00   2.286609e-15   9.273872e-04   2.025142e-17   24192
  1.525374e+00   2.410615e-15   1.024084e-03   2.084967e-17   28646
  1.528819e+00   2.325173e-15   9.416682e-04   2.118954e-17   24552
  1.532197e+00   2.356422e-15   9.871622e-04   2.112264e-17   25788
  1.535497e+00   2.215447e-15   9.319875e-04   1.953624e-17   25272
  1.538910e+00   2.263408e-15   1.008561e-03   2.026389e-17   26118
  1.542254e+00   2.313888e-15   9.872169e-04   2.082631e-17   26016
  1.545754e+00   2.216926e-15   9.973691e-04   1.904636e-17   27792
  1.549107e+00   2.209103e-15   9.782537e-04   1.924884e-17   25072
  1.552489e+00   2.108233e-15   1.013302e-03   1.809093e-17   26824
  1.555876e+00   2.208041e-15   9.251742e-04   1.967205e-17   26106
  1.559322e+00   2.219167e-15   1.018165e-03   1.963844e-17   28296
  1.562736e+00   2.141610e-15   9.795929e-04   1.886693e-17   26640
  1.566139e+00   2.082204e-15   9.326427e-04   1.818842e-17   26064
  1.569509e+00   2.050766e-15   1.023197e-03   1.696821e-17   27822
  1.572858e+00   2.179559e-15   9.509197e-04   2.047653e-17   26160
  1.576250e+00   2.163836e-15   1.045692e-03   1.938391e-17   28108
  1.579675e+00   2.050024e-15   9.994315e-04   1.842221e-17   27664
  1.583072e+00   2.012633e-15   9.941707e-04   1.801886e-17   27600
  1.586528e+00   2.018555e-15   9.963156e-04   1.755149e-17   27510
  1.589938e+00   2.091952e-15   9.859005e-04   1.884847e-17   28848
  1.593332e+00   1.968626e-15   9.762803e-04   1.758328e-17   27744
  1.596742e+00   1.955042e-15   9.511846e-04   1.679472e-17   27888
  1.600131e+00   1.899865e-15   9.670142e-04   1.647282e-17   27780
  1.603528e+00   1.997107e-15   9.742031e-04   1.798698e-17   28734
  1.606889e+00   1.970914e-15   1.005991e-03   1.749275e-17   28232
  1.610329e+00   1.934378e-15   1.000286e-03   1.668662e-17   29016
  1.613693e+00   1.873358e-15   9.883033e-04   1.656426e-17   28056
  1.617078e+00   1.876921e-15   9.591200e-04   1.669328e-17   28710
  1.620494e+00   1.961378e-15   1.013131e-03   1.739701e-17   29220
  1.624041e+00   1.850892e-15   1.036386e-03   1.609821e-17   31584
  1.627400e+00   1.834022e-15   9.553743e-04   1.653692e-17   26904
  1.630674e+00   1.805741e-15   9.285874e-04   1.598812e-17   28512
  1.634161e+00   1.817716e-15   1.000248e-03   1.548334e-17   30878
  1.637619e+00   1.850913e-15   1.004557e-03   1.658836e-17   30408
  1.641002e+00   1.824929e-15   9.703596e-04   1.637082e-17   28632
  1.644329e+00   1.747855e-15   9.338123e-04   1.540842e-17   28764
  1.647688e+00   1.712954e-15   1.038911e-03   1.481551e-17   30630
  1.651141e+00   1.768929e-15   9.619060e-04   1.606898e-17   30240
  1.654600e+00   1.784746e-15   9.855083e-04   1.593689e-17   31008
  1.657971e+00   1.745922e-15   9.439236e-04   1.557257e-17   29240
  1.661283e+00   1.631162e-15   9.632944e-04   1.457403e-17   30000
  1.664737e+00   1.705216e-15   1.019644e-03   1.492600e-17   30978
  1.668138e+00   1.679337e-15   9.612856e-04   1.518819e-17   30696
  1.671525e+00   1.669595e-15   1.007582e-03   1.491818e-17   31320
  1.674870e+00   1.639808e-15   9.416567e-04   1.458682e-17   29280
  1.678263e+00   1.567525e-15   1.006944e-03   1.394702e-17   31488
  1.681653e+00   1.646299e-15   9.453471e-04   1.496659e-17   31326
  1.685080e+00   1.677405e-15   1.015014e-03   1.517932e-17   31480
  1.688539e+00   1.603137e-15   9.846423e-04   1.396999e-17   32572
  1.691988e+00   1.566834e-15   9.852371e-04   1.402413e-17   31296
  1.695337e+00   1.552949e-15   9.580987e-04   1.399037e-17   30798
  1.698756e+00   1.640768e-15   1.019947e-03   1.541766e-17   32256
  1.702112e+00   1.567448e-15   9.851718e-04   1.402389e-17   32088
  1.705471e+00   1.553732e-15   9.749849e-04   1.432073e-17   30936
  1.708872e+00   1.522925e-15   1.013665e-03   1.326761e-17   33036
  1.712340e+00   1.515331e-15   9.814605e-04   1.392364e-17   31846
  1.715716e+00   1.543714e-15   1.000452e-03   1.349198e-17   33832
  1.719107e+00   1.521591e-15   9.267229e-04   1.390769e-17   30912
  1.722470e+00   1.440832e-15   9.718409e-04   1.271434e-17   32976
  1.725849e+00   1.430641e-15   9.589091e-04   1.269858e-17   32712
  1.729299e+00   1.519377e-15   9.694589e-04   1.382900e-17   33438
  1.732697e+00   1.509804e-15   9.759808e-04   1.381941e-17   32556
  1.736008e+00   1.432894e-15   9.673595e-04   1.291845e-17   33144
  1.739423e+00   1.426379e-15   9.568897e-04   1.292425e-17   33504
  1.742928e+00   1.419281e-15   9.907617e-04   1.286344e-17   33542
  1.746251e+00   1.437770e-15   9.761088e-04   1.296651e-17   33768
  1.749697e+00   1.430358e-15   9.890657e-04   1.275448e-17   34368
  1.753059e+00   1.422289e-15   9.398519e-04   1.315467e-17   32856
  1.756491e+00   1.358255e-15   9.718883e-04   1.191451e-17   34524
  1.759859e+00   1.383296e-15   9.230442e-04   1.294462e-17   33510
  1.763319e+00   1.427521e-15   1.033008e-03   1.275416e-17   35856
  1.766738e+00   1.364997e-15   9.789033e-04   1.294567e-17   33888
  1.770094e+00   1.338985e-15   9.592478e-04   1.242636e-17   33752
  1.773444e+00   1.317500e-15   1.008735e-03   1.140560e-17   34902
  1.776965e+00   1.398948e-15   9.868343e-04   1.303485e-17   35484
  1.780394e+00   1.350543e-15   1.015830e-03   1.228990e-17   36648
  1.783785e+00   1.311831e-15   9.394377e-04   1.194989e-17   33000
  1.787135e+00   1.266403e-15   1.015728e-03   1.113056e-17   35520
  1.790596e+00   1.250816e-15   9.921111e-04   1.113413e-17   36078
  1.793965e+00   1.366722e-15   9.711127e-04   1.239727e-17   34992
  1.797329e+00   1.275341e-15   9.608864e-04   1.207587e-17   35072
  1.800764e+00   1.252505e-15   1.007567e-03   1.121850e-17   36876
  1.804084e+00   1.247605e-15   9.316889e-04   1.189669e-17   33216
  1.807491e+00   1.284938e-15   1.032331e-03   1.138316e-17   38382
  1.810984e+00   1.267410e-15   9.682750e-04   1.180414e-17   36072
  1.814418e+00   1.230880e-15   9.696935e-04   1.083788e-17   37464
  1.817773e+00   1.204144e-15   9.320563e-04   1.105449e-17   34416
  1.821192e+00   1.213721e-15   1.021416e-03   1.096892e-17   37386
  1.824585e+00   1.306695e-15   9.752191e-04   1.226880e-17   37040
  1.827967e+00   1.230869e-15   9.494317e-04   1.140839e-17   36240
  1.831325e+00   1.176324e-15   1.012861e-03   1.073416e-17   36432
  1.834733e+00   1.142893e-15   9.562728e-04   1.035334e-17   37560
  1.838152e+00   1.213433e-15   9.909694e-04   1.136053e-17   37350
  1.841634e+00   1.215384e-15   1.013075e-03   1.117916e-17   38616
  1.845012e+00   1.175830e-15   9.549061e-04   1.101121e-17   37092
  1.848409e+00   1.134192e-15   9.182933e-04   1.029974e-17   37272
  1.851799e+00   1.122616e-15   1.011002e-03   1.045092e-17   37616
  1.855230e+00   1.145057e-15   9.791045e-04   1.038700e-17   38478
  1.858608e+00   1.176798e-15   9.948864e-04   1.105978e-17   37992
  1.861981e+00   1.120898e-15   9.755720e-04   1.031691e-17   38232
  1.865360e+00   1.079149e-15   9.561314e-04   1.003559e-17   36708
  1.868749e+00   1.089561e-15   1.000812e-03   9.923811e-18   39534
  1.872173e+00   1.158127e-15   1.002785e-03   1.095794e-17   39336
  1.875572e+00   1.116876e-15   9.646922e-04   1.061743e-17   37624
  1.878977e+00   1.075580e-15   9.870851e-04   9.693623e-18   40408
  1.882408e+00   1.046243e-15   9.441395e-04   9.474033e-18   38256
  1.885822e+00   1.102749e-15   9.645504e-04   1.030141e-17   39438
  1.889268e+00   1.091748e-15   9.952977e-04   9.962812e-18   40524
  1.892622e+00   1.068071e-15   9.396870e-04   1.000477e-17   38448
  1.896001e+00   1.048950e-15   9.889896e-04   9.899162e-18   39312
  1.899370e+00   1.017603e-15   9.454305e-04   9.506197e-18   38718
  1.902752e+00   1.091134e-15   1.008786e-03   1.066302e-17   40872
  1.906153e+00   1.034585e-15   9.579164e-04   9.812676e-18   40088
  1.909607e+00   1.051668e-15   1.021028e-03   9.829271e-18   40644
  1.913014e+00   9.813094e-16   9.580841e-04   9.074534e-18   40176
  1.916440e+00   1.019185e-15   1.015811e-03   9.408131e-18   40998
  1.919781e+00   1.082318e-15   9.315444e-04   1.087193e-17   39192
  1.923177e+00   1.045316e-15   9.835940e-04   1.020042e-17   41640
  1.926591e+00   9.828621e-16   9.865853e-04   9.194777e-18   41400
  1.929954e+00   9.706483e-16   9.710201e-04   9.132044e-18   38640
  1.933373e+00   1.024218e-15   9.964131e-04   9.427711e-18   43658
  1.936792e+00   1.012551e-15   9.582756e-04   9.857073e-18   40608
  1.940176e+00   9.703853e-16   9.782447e-04   9.264435e-18   41880
  1.943631e+00   9.738596e-16   9.669901e-04   9.241728e-18   41712
  1.947085e+00   9.538728e-16   1.009457e-03   9.016112e-18   42942
  1.950463e+00   1.006962e-15   9.589570e-04   1.001631e-17   40896
  1.953853e+00   9.768569e-16   9.879975e-04   9.293410e-18   42708
  1.957213e+00   9.486151e-16   9.351117e-04   9.090752e-18   40968
  1.960629e+00   9.066591e-16   1.015965e-03   8.455245e-18   43496
  1.964036e+00   9.828213e-16   9.725754e-04   9.608184e-18   41454
  1.967447e+00   9.801058e-16   1.004526e-03   9.363883e-18   43704
  1.970751e+00   9.257824e-16   9.256831e-04   9.327720e-18   41208
  1.974178e+00   9.113411e-16   1.015706e-03   8.718106e-18   43944
  1.977639e+00   8.642307e-16   9.801018e-04   7.981153e-18   43218
  1.981069e+00   9.412887e-16   9.835304e-04   9.279156e-18   44136
  1.984421e+00   9.263415e-16   9.689214e-04   9.126584e-18   42304
  1.987802e+00   9.059070e-16   9.842599e-04   8.803970e-18   43096
  1.991130e+00   8.719326e-16   9.631295e-04   8.477997e-18   43464
  1.994604e+00   5.171765e-16   1.004342e-03   6.217265e-18   44382
  1.998002e+00   1.140824e-16   1.003266e-03   8.986069e-19   44316
  2.001426e+00   1.116814e-16   9.893154e-04   8.897692e-19   44592
  2.004809e+00   1.058535e-16   9.680892e-04   8.075924e-19   44328
  2.008236e+00   1.051813e-16   9.523162e-04   8.543819e-19   43560
  2.011631e+00   1.042031e-16   9.817514e-04   8.697266e-19   44763
  2.015012e+00   9.781882e-17   9.843293e-04   7.998139e-19   44216
  2.018416e+00   9.922958e-17   1.002968e-03   8.062568e-19   45144
  2.021845e+00   9.360473e-17   9.533111e-04   7.918520e-19   42876
  2.025221e+00   9.007420e-17   1.039094e-03   7.213399e-19   46164
  2.028603e+00   8.691013e-17   9.538972e-04   6.988700e-19   42360
  2.032052e+00   8.453560e-17   1.004468e-03   6.755029e-19   45324
  2.035424e+00   8.064189e-17   9.995889e-04   6.457387e-19   43320
  2.038817e+00   7.894377e-17   1.007297e-03   6.292838e-19   44580
  2.042292e+00   7.601990e-17   1.006134e-03   5.956658e-19   44468
  2.045700e+00   7.231992e-17   9.571103e-04   5.646232e-19   43416
  2.049007e+00   7.117110e-17   9.503154e-04   5.687701e-19   42264
  2.052427e+00   6.835259e-17   9.982480e-04   5.327845e-19   44580
  2.055855e+00   6.773041e-17   1.013336e-03   5.345724e-19   43824
  2.059268e+00   6.212514e-17   9.523479e-04   4.757260e-19   43392
  2.062640e+00   6.315495e-17   9.709336e-04   4.847281e-19   43296
  2.066077e+00   6.112004e-17   9.345634e-04   4.747665e-19   42656
  2.069429e+00   5.816049e-17   9.980838e-04   4.502880e-19   43728
  2.072869e+00   5.814728e-17   1.006399e-03   4.451505e-19   43536
  2.076268e+00   5.551934e-17   1.001616e-03   4.272893e-19   42180
  2.079670e+00   5.249387e-17   9.698728e-04   3.953244e-19   44136
  2.083087e+00   5.248919e-17   9.773400e-04   3.981737e-19   42372
  2.086460e+00   5.023961e-17   9.552676e-04   3.774509e-19   41604
  2.089832e+00   4.977061e-17   1.006521e-03   3.707761e-19   43440
  2.093239e+00   4.789431e-17   1.007289e-03   3.629781e-19   42488
  2.096600e+00   4.729703e-17   9.671663e-04   3.613767e-19   41496
  2.100046e+00   4.508741e-17   1.009561e-03   3.247102e-19   44112
  2.103476e+00   4.504995e-17   9.627245e-04   3.345091e-19   41688
  2.106847e+00   4.347233e-17   1.002887e-03   3.282999e-19   42276
  2.110231e+00   4.264004e-17   9.673004e-04   3.169970e-19   41172
  2.113637e+00   4.011125e-17   1.014189e-03   2.814133e-19   43536
  2.117060e+00   3.961078e-17   9.440682e-04   2.881363e-19   41496
  2.120446e+00   3.850085e-17   1.001696e-03   2.848456e-19   40764
  2.123824e+00   3.862325e-17   9.829124e-04   2.786660e-19   43220
  2.127251e+00   3.647540e-17   9.741948e-04   2.584891e-19   41076
  2.130650e+00   3.631870e-17   9.736862e-04   2.561580e-19   41532
  2.134066e+00   3.517546e-17   9.913433e-04   2.527036e-19   41928
  2.137452e+00   3.488128e-17   9.489903e-04   2.456966e-19   41412
  2.140836e+00   3.376749e-17   9.876425e-04   2.459128e-19   40032
  2.144200e+00   3.337609e-17   9.795004e-04   2.363754e-19   41880
  2.147583e+00   3.184147e-17   9.747362e-04   2.258489e-19   40264
  2.151008e+00   3.132233e-17   9.980952e-04   2.107475e-19   42592
  2.154444e+00   2.987666e-17   9.574599e-04   2.124161e-19   39588
  2.157836e+00   2.967763e-17   9.899106e-04   1.997153e-19   42180
  2.161205e+00   2.910391e-17   9.550806e-04   2.093929e-19   39240
  2.164591e+00   2.945844e-17   1.002498e-03   2.025399e-19   40920
  2.168021e+00   2.738570e-17   9.895186e-04   1.855291e-19   41184
  2.171435e+00   2.736130e-17   9.802064e-04   1.936280e-19   40872
  2.174814e+00   2.666585e-17   9.323587e-04   1.862190e-19   38748
  2.178230e+00   2.671898e-17   9.923713e-04   1.784102e-19   41420
  2.181596e+00   2.535907e-17   9.733624e-04   1.746627e-19   39816
  2.185019e+00   2.540205e-17   9.758566e-04   1.753467e-19   39792
  2.188398e+00   2.428185e-17   9.322510e-04   1.635054e-19   39816
  2.191853e+00   2.355737e-17   1.007568e-03   1.558974e-19   41064
  2.195255e+00   2.352714e-17   9.665765e-04   1.587824e-19   39204
  2.198703e+00   2.263845e-17   1.019970e-03   1.513084e-19   40080
  2.202014e+00   2.276060e-17   9.424963e-04   1.533432e-19   38332
  2.205420e+00   2.179131e-17   9.836872e-04   1.438170e-19   39952
  2.208814e+00   2.210196e-17   9.826829e-04   1.493744e-19   39000
  2.212292e+00   2.089491e-17   1.009126e-03   1.348375e-19   40356
  2.215686e+00   2.049054e-17   9.900841e-04   1.354367e-19   39300
  2.219073e+00   2.012921e-17   9.768590e-04   1.360521e-19   37452
  2.222434e+00   2.002229e-17   9.686015e-04   1.316363e-19   39732
  2.225893e+00   1.951587e-17   9.735156e-04   1.284003e-19   39312
  2.229261e+00   1.932744e-17   9.899780e-04   1.270652e-19   37632
  2.232646e+00   1.883646e-17   9.733727e-04   1.262267e-19   38420
  2.236046e+00   1.873429e-17   1.005997e-03   1.208403e-19   39564
  2.239457e+00   1.780261e-17   9.680250e-04   1.172248e-19   37236
  2.242822e+00   1.795146e-17   9.786551e-04   1.197221e-19   38100
  2.246202e+00   1.719228e-17   9.621843e-04   1.130575e-19   38208
  2.249650e+00   1.721721e-17   1.001343e-03   1.111561e-19   39072
  2.253028e+00   1.686318e-17   9.255374e-04   1.136125e-19   36192
  2.256433e+00   1.668075e-17   1.000569e-03   1.082101e-19   38928
  2.259875e+00   1.623811e-17   9.940952e-04   1.053726e-19   38768
  2.263364e+00   1.579380e-17   9.767718e-04   1.028919e-19   37596
  2.266775e+00   1.566860e-17   9.724364e-04   1.019662e-19   37296
  2.270122e+00   1.557140e-17   9.733477e-04   1.023674e-19   36948
  2.273485e+00   1.521738e-17   9.983394e-04   1.001705e-19   37248
  2.276967e+00   1.496579e-17   9.858991e-04   9.629706e-20   37152
  2.280308e+00   1.434801e-17   9.842197e-04   9.241975e-20   37512
  2.283721e+00   1.435314e-17   9.421972e-04   9.266658e-20   35876
  2.287109e+00   1.401631e-17   1.004095e-03   9.018858e-20   36936
  2.290550e+00   1.407390e-17   1.000342e-03   9.006182e-20   38028
  2.293967e+00   1.362487e-17   9.518210e-04   9.025957e-20   35592
  2.297304e+00   1.361394e-17   9.445855e-04   9.010474e-20   35508
  2.300680e+00   1.313556e-17   9.795177e-04   8.492011e-20   36492
  2.304133e+00   1.288607e-17   1.010473e-03   8.102245e-20   37608
  2.307551e+00   1.282380e-17   9.970499e-04   8.471077e-20   34848
  2.310869e+00   1.268108e-17   9.351021e-04   8.179395e-20   35220
  2.314285e+00   1.242278e-17   9.755168e-04   7.856801e-20   36884
  2.317699e+00   1.218358e-17   9.681382e-04   7.899200e-20   35412
  2.321162e+00   1.200727e-17   1.002430e-03   7.798770e-20   35652
  2.324531e+00   1.183362e-17   1.002197e-03   7.649808e-20   36072
  2.327908e+00   1.160484e-17   9.658515e-04   7.649748e-20   34368
  2.331324e+00   1.148010e-17   9.783685e-04   7.325525e-20   35484
  2.334741e+00   1.111452e-17   9.684744e-04   7.122363e-20   35256
  2.338088e+00   1.102132e-17   1.008122e-03   7.231842e-20   34476
  2.341506e+00   1.079753e-17   9.890537e-04   7.093651e-20   34916
  2.344896e+00   1.082028e-17   9.753182e-04   7.025363e-20   34596
  2.348289e+00   1.062057e-17   9.540538e-04   6.840029e-20   34656
  2.351696e+00   1.030797e-17   9.882911e-04   6.521694e-20   34596
  2.355125e+00   1.023114e-17   9.587525e-04   6.645872e-20   33984
  2.358476e+00   9.809623e-18   9.788210e-04   6.538934e-20   34080
  2.361852e+00   9.976263e-18   9.830509e-04   6.605565e-20   34140
  2.365304e+00   9.964889e-18   1.015340e-03   6.611977e-20   33804
  2.368719e+00   9.712415e-18   9.759441e-04   6.220238e-20   35096
  2.372155e+00   9.697330e-18   9.675675e-04   6.593136e-20   33108
  2.375492e+00   9.488585e-18   9.625095e-04   6.377622e-20   32280
  2.378878e+00   9.287825e-18   9.798228e-04   6.088274e-20   34404
  2.382324e+00   9.123653e-18   9.998368e-04   6.006148e-20   34248
  2.385781e+00   8.977979e-18   9.368618e-04   6.115621e-20   32016
  2.389171e+00   8.967746e-18   9.889111e-04   5.898801e-20   34344
  2.392588e+00   8.730832e-18   9.508792e-04   5.822938e-20   32024
  2.395887e+00   8.682520e-18   9.856404e-04   5.839951e-20   31908
  2.399315e+00   8.630755e-18   9.877149e-04   5.534511e-20   33192
  2.402753e+00   8.404805e-18   1.023393e-03   5.488378e-20   33288
  2.406122e+00   8.287798e-18   9.318436e-04   5.754194e-20   31356
  2.409537e+00   8.197669e-18   1.008572e-03   5.448280e-20   32496
  2.412934e+00   8.069129e-18   9.586275e-04   5.457276e-20   31944
  2.416251e+00   7.903822e-18   9.843477e-04   5.349371e-20   31512
  2.419642e+00   7.789482e-18   9.554269e-04   5.276187e-20   31156
  2.423118e+00   7.721055e-18   1.006701e-03   5.040088e-20   33352
  2.426525e+00   7.697650e-18   9.764504e-04   5.158001e-20   31344
  2.429966e+00   7.571664e-18   1.011019e-03   5.164544e-20   31068
  2.433353e+00   7.541542e-18   9.971418e-04   5.138508e-20   31752
  2.436684e+00   7.335090e-18   9.204472e-04   5.099320e-20   29868
  2.440099e+00   7.301915e-18   1.011444e-03   4.976490e-20   32052
  2.443539e+00   7.128649e-18   9.596990e-04   4.896242e-20   30012
  2.446898e+00   7.079441e-18   1.006915e-03   4.817618e-20   31520
  2.450354e+00   6.953040e-18   9.844685e-04   4.901513e-20   30648
  2.453706e+00   6.795916e-18   9.710870e-04   4.880192e-20   29304
  2.457112e+00   6.993956e-18   9.628022e-04   4.906908e-20   31140
  2.460584e+00   6.714621e-18   1.025697e-03   4.594928e-20   31320
  2.463992e+00   6.604456e-18   9.680019e-04   4.754236e-20   28356
  2.467346e+00   6.506470e-18   9.894595e-04   4.633551e-20   30288
  2.470691e+00   6.470129e-18   9.833600e-04   4.629356e-20   29472
  2.474056e+00   6.341795e-18   9.720749e-04   4.544468e-20   28716
  2.477529e+00   6.274404e-18   9.646939e-04   4.440886e-20   30740
  2.480961e+00   6.251220e-18   9.839130e-04   4.497693e-20   29304
  2.484327e+00   6.063064e-18   9.799311e-04   4.415010e-20   28476
  2.487752e+00   5.919403e-18   9.925668e-04   4.241366e-20   29304
  2.491155e+00   6.113518e-18   9.914075e-04   4.376345e-20   29280
  2.494601e+00   5.965264e-18   9.888067e-04   4.339955e-20   29100
  2.498031e+00   5.875957e-18   9.693726e-04   4.319199e-20   27816
  2.501330e+00   5.999076e-18   9.737231e-04   4.454116e-20   27692
  2.504737e+00   5.648770e-18   1.012495e-03   4.061297e-20   29724
  2.508211e+00   5.605884e-18   9.651031e-04   4.246755e-20   27240
  2.511571e+00   5.558924e-18   9.380122e-04   4.009876e-20   27588
  2.514934e+00   5.417243e-18   9.761300e-04   4.030587e-20   28560
  2.518371e+00   5.480619e-18   9.886158e-04   4.135416e-20   26952
  2.521774e+00   5.493707e-18   9.897907e-04   4.129073e-20   27516
  2.525163e+00   5.282511e-18   1.000219e-03   3.909573e-20   28344
  2.528599e+00   5.250061e-18   9.851718e-04   4.059273e-20   26196
  2.531920e+00   5.139575e-18   9.634803e-04   3.899497e-20   26360
  2.535324e+00   5.180663e-18   9.960409e-04   3.835243e-20   28152
  2.538760e+00   5.017882e-18   9.632402e-04   3.877199e-20   25896
  2.542127e+00   4.971313e-18   9.862139e-04   3.895608e-20   26592
  2.545539e+00   5.020386e-18   9.442321e-04   3.886268e-20   26568
  2.548976e+00   4.925937e-18   9.991750e-04   3.766304e-20   26832
  2.552322e+00   4.676326e-18   9.474214e-04   3.727679e-20   24972
  2.555791e+00   4.899134e-18   9.989695e-04   3.783369e-20   27000
  2.559168e+00   4.655616e-18   9.577813e-04   3.648675e-20   25448
  2.562535e+00   4.709427e-18   9.902443e-04   3.770539e-20   25476
  2.565992e+00   4.683952e-18   9.706909e-04   3.769455e-20   25152
  2.569333e+00   4.683164e-18   9.951122e-04   3.721183e-20   25968
  2.572775e+00   4.533922e-18   9.906648e-04   3.701302e-20   25320
  2.576210e+00   4.470745e-18   9.358363e-04   3.771440e-20   23796
  2.579496e+00   4.570910e-18   9.822477e-04   3.698380e-20   25500
  2.582914e+00   4.439285e-18   9.788363e-04   3.602457e-20   24420
  2.586378e+00   4.289548e-18   1.013161e-03   3.456576e-20   24656
  2.589722e+00   4.418210e-18   9.599232e-04   3.675943e-20   24036
  2.593114e+00   4.351856e-18   9.927315e-04   3.571361e-20   24528
  2.596483e+00   4.134115e-18   9.590289e-04   3.619485e-20   23004
  2.599888e+00   4.258873e-18   9.848565e-04   3.531413e-20   24576
  2.603308e+00   4.142291e-18   9.407132e-04   3.465551e-20   23736
  2.606725e+00   3.952343e-18   9.994817e-04   3.258092e-20   23712
  2.610164e+00   4.126293e-18   9.704406e-04   3.605984e-20   22992
  2.613550e+00   4.044104e-18   9.637349e-04   3.508958e-20   23984
  2.616935e+00   3.959305e-18   9.626269e-04   3.479566e-20   22344
  2.620337e+00   3.915841e-18   9.768169e-04   3.426138e-20   22536
  2.623720e+00   3.965838e-18   9.667935e-04   3.390421e-20   23268
  2.627096e+00   3.905398e-18   9.929071e-04   3.486130e-20   22152
  2.630500e+00   3.722675e-18   9.804448e-04   3.383792e-20   22068
  2.633988e+00   3.848623e-18   1.006815e-03   3.359290e-20   23664
  2.637353e+00   3.770833e-18   9.350088e-04   3.503339e-20   20640
  2.640713e+00   3.637311e-18   9.923052e-04   3.294837e-20   22376
  2.644179e+00   3.674003e-18   9.759242e-04   3.420910e-20   21444
  2.647520e+00   3.695421e-18   1.011260e-03   3.344665e-20   21576
  2.650919e+00   3.559973e-18   1.002590e-03   3.423557e-20   21660
  2.654412e+00   3.540349e-18   1.013805e-03   3.305913e-20   20916
  2.657789e+00   3.593865e-18   9.944119e-04   3.381639e-20   21504
  2.661144e+00   3.445982e-18   9.476635e-04   3.456470e-20   20508
  2.664583e+00   3.399658e-18   1.012559e-03   3.273631e-20   20036
  2.667961e+00   3.529042e-18   9.799347e-04   3.316316e-20   21276
  2.671380e+00   3.334989e-18   9.701273e-04   3.266888e-20   20652
  2.674793e+00   3.217197e-18   9.654062e-04   3.287787e-20   18696
  2.678197e+00   3.387698e-18   1.010458e-03   3.264120e-20   21504
  2.681608e+00   3.315012e-18   9.449905e-04   3.330996e-20   19284
  2.685012e+00   3.043371e-18   1.019116e-03   3.004987e-20   19356
  2.688395e+00   3.190844e-18   9.630933e-04   3.270752e-20   19236
  2.691747e+00   3.357667e-18   9.819342e-04   3.409051e-20   19476
  2.695170e+00   2.950882e-18   1.021783e-03   3.043380e-20   19184
  2.698647e+00   3.079390e-18   9.898888e-04   3.210527e-20   18852
  2.702034e+00   3.308599e-18   9.582506e-04   3.433684e-20   18876
  2.705357e+00   2.887952e-18   9.961544e-04   3.150691e-20   18336
  2.708799e+00   2.852274e-18   9.995508e-04   3.108599e-20   17820
  2.712259e+00   3.274431e-18   1.008841e-03   3.570950e-20   19392
  2.715616e+00   2.884681e-18   9.989261e-04   3.099391e-20   17616
  2.718949e+00   2.665722e-18   9.403994e-04   2.927114e-20   16320
  2.722413e+00   3.039100e-18   1.018465e-03   3.333576e-20   19292
  2.725776e+00   2.935818e-18   9.756316e-04   3.498522e-20   17112
  2.729283e+00   2.614934e-18   9.888233e-04   2.956400e-20   17388
  2.732704e+00   2.850088e-18   9.257555e-04   3.334312e-20   16692
  2.735930e+00   2.881620e-18   9.792720e-04   3.364918e-20   16956
  2.739452e+00   2.478925e-18   9.876901e-04   2.750063e-20   17040
  2.742894e+00   2.653246e-18   9.773330e-04   3.103183e-20   16092
  2.746164e+00   2.871579e-18   9.706985e-04   3.562113e-20   16380
  2.749642e+00   2.535899e-18   9.977628e-04   3.131950e-20   16688
  2.753053e+00   2.421661e-18   9.980974e-04   3.040364e-20   14940
  2.756401e+00   2.746361e-18   1.003592e-03   3.345666e-20   16668
  2.759872e+00   2.443783e-18   9.800161e-04   3.161050e-20   15804
  2.763238e+00   2.294992e-18   9.732068e-04   2.860977e-20   14280
  2.766639e+00   2.640086e-18   9.580540e-04   3.331487e-20   16068
  2.770034e+00   2.343494e-18   9.764201e-04   2.964695e-20   15048
  2.773410e+00   2.299744e-18   9.951146e-04   3.036870e-20   13940
  2.776793e+00   2.415791e-18   9.510677e-04   3.215946e-20   15072
  2.780185e+00   2.362261e-18   1.013899e-03   3.002297e-20   14808
  2.783543e+00   2.140035e-18   9.414253e-04   2.819325e-20   13200
  2.786996e+00   2.173496e-18   9.972653e-04   2.860766e-20   15156
  2.790453e+00   2.333118e-18   9.725079e-04   3.286020e-20   13788
  2.793844e+00   2.075783e-18   9.584580e-04   2.971548e-20   13608
  2.797233e+00   1.978048e-18   9.137161e-04   2.737404e-20   13224
  2.800612e+00   2.266117e-18   9.851237e-04   3.446881e-20   13320
  2.803972e+00   2.008490e-18   9.713652e-04   2.850991e-20   13220
  2.807429e+00   1.903033e-18   9.817789e-04   2.588744e-20   12984
  2.810903e+00   2.065529e-18   9.937490e-04   3.044422e-20   12780
  2.814182e+00   1.875846e-18   9.405135e-04   2.834307e-20   12360
  2.817641e+00   1.842726e-18   9.894990e-04   2.730489e-20   12480
  2.821091e+00   1.922927e-18   9.611149e-04   2.919734e-20   11892
  2.824384e+00   1.789590e-18   9.964972e-04   2.855814e-20   12192
  2.827831e+00   1.745792e-18   9.769214e-04   2.661506e-20   11328
  2.831260e+00   1.607280e-18   1.035957e-03   2.446003e-20   12020
  2.834610e+00   1.696559e-18   9.524676e-04   2.677716e-20   11052
  2.838092e+00   1.485947e-18   1.011816e-03   2.222628e-20   11304
  2.841356e+00   1.448620e-18   9.310152e-04   2.123598e-20   10368
  2.844694e+00   1.542603e-18   9.688111e-04   2.409779e-20   10899
  2.848216e+00   1.464407e-18   9.712629e-04   2.232794e-20   10752
  2.851560e+00   1.345758e-18   9.748745e-04   2.080175e-20   10446
  2.855007e+00   1.327904e-18   9.594983e-04   1.871955e-20   10092
  2.858423e+00   1.279850e-18   9.722089e-04   1.868702e-20   10220
  2.861722e+00   1.341712e-18   9.522226e-04   2.188981e-20   9636
  2.865233e+00   1.252528e-18   9.795968e-04   1.852101e-20   10020
  2.868677e+00   1.170474e-18   1.017742e-03   1.752225e-20   9906
  2.872011e+00   1.209470e-18   9.440243e-04   1.914592e-20   8940
  2.875468e+00   1.191835e-18   9.573450e-04   1.821385e-20   9558
  2.878844e+00   1.138727e-18   1.042557e-03   1.802793e-20   9180
  2.882185e+00   1.116988e-18   9.980883e-04   1.763430e-20   8674
  2.885679e+00   1.075217e-18   9.921159e-04   1.547441e-20   9454
  2.889055e+00   1.028193e-18   1.019679e-03   1.556739e-20   8316
  2.892409e+00   1.018537e-18   1.005575e-03   1.396174e-20   8622
  2.895912e+00   1.005677e-18   9.984805e-04   1.393780e-20   9006
  2.899261e+00   9.350061e-19   1.006426e-03   1.442409e-20   7698
  2.902617e+00   9.956992e-19   9.656669e-04   1.435152e-20   8406
  2.906123e+00   9.362549e-19   1.030423e-03   1.371628e-20   8646
  2.909458e+00   9.136423e-19   9.790969e-04   1.401865e-20   7014
  2.912801e+00   9.470878e-19   9.732754e-04   1.363256e-20   8510
  2.916355e+00   8.827331e-19   1.025772e-03   1.253065e-20   7890
  2.919690e+00   8.304801e-19   9.840041e-04   1.308600e-20   6966
  2.922978e+00   8.752779e-19   9.405721e-04   1.278661e-20   7902
  2.926483e+00   8.418329e-19   1.025831e-03   1.228054e-20   7278
  2.929893e+00   7.850492e-19   1.007738e-03   1.151186e-20   7338
  2.933248e+00   8.061277e-19   9.333698e-04   1.191551e-20   7254
  2.936686e+00   8.007636e-19   1.005241e-03   1.202667e-20   6678
  2.940020e+00   7.898651e-19   1.004294e-03   1.178186e-20   7286
  2.943557e+00   8.269984e-19   9.935741e-04   1.287447e-20   7200
  2.947070e+00   7.604757e-19   9.643759e-04   1.181556e-20   6234
  2.950183e+00   7.147109e-19   9.665943e-04   1.023336e-20   6630
  2.953710e+00   7.630653e-19   9.967120e-04   1.219474e-20   6822
  2.957208e+00   7.031931e-19   9.389826e-04   1.172371e-20   6078
  2.960394e+00   7.119091e-19   9.982063e-04   1.113077e-20   6528
  2.963920e+00   7.115994e-19   9.540002e-04   1.050953e-20   6034
  2.967295e+00   6.164341e-19   9.769421e-04   9.254700e-21   6190
  2.970648e+00   6.869347e-19   1.003693e-03   1.103940e-20   6270
  2.974190e+00   6.834240e-19   9.026267e-04   1.088373e-20   5520
  2.977431e+00   5.863789e-19   1.010599e-03   8.102455e-21   6126
  2.980823e+00   6.607990e-19   9.449916e-04   1.073442e-20   5562
  2.984382e+00   6.048329e-19   9.449251e-04   9.364045e-21   5790
  2.987609e+00   5.817827e-19   9.674247e-04   8.759790e-21   5496
  2.991029e+00   6.240536e-19   9.744149e-04   9.883914e-21   5262
  2.994510e+00   5.807439e-19   9.596787e-04   8.645844e-21   5774
  2.997839e+00   5.752016e-19   9.507037e-04   8.982887e-21   5124
  3.001346e+00   6.083871e-19   9.536598e-04   9.962277e-21   5070
  3.004645e+00   5.720082e-19   9.927132e-04   9.068892e-21   5430
  3.008016e+00   5.640384e-19   9.272914e-04   9.561755e-21   4680
  3.011587e+00   5.474691e-19   9.603639e-04   8.198379e-21   5370
  3.014869e+00   5.479190e-19   9.175102e-04   9.008277e-21   4638
  3.018210e+00   5.560414e-19   9.645033e-04   9.151758e-21   4536
  3.021696e+00   5.147960e-19   9.657981e-04   8.197124e-21   5222
  3.025044e+00   5.123288e-19   8.862693e-04   8.539010e-21   4254
  3.028475e+00   5.257718e-19   9.769455e-04   8.944502e-21   4548
  3.031790e+00   5.187287e-19   9.474352e-04   8.336396e-21   4638
  3.035175e+00   5.152528e-19   9.353877e-04   8.607462e-21   4176
  3.038687e+00   4.981284e-19   9.386274e-04   8.119398e-21   4518
  3.042021e+00   5.060574e-19   9.457109e-04   8.106535e-21   4278
  3.045343e+00   5.019896e-19   9.150178e-04   8.669869e-21   3732
  3.048746e+00   4.821146e-19   9.666582e-04   8.022981e-21   4502
  3.052175e+00   4.873618e-19   9.396687e-04   8.069450e-21   3984
  3.055637e+00   4.775047e-19   9.734809e-04   8.435036e-21   3726
  3.058859e+00   4.607314e-19   9.383075e-04   8.017958e-21   4014
  3.062253e+00   4.703829e-19   9.839881e-04   7.810243e-21   3756
  3.065874e+00   4.434411e-19   9.875702e-04   7.374784e-21   3894
  3.069162e+00   4.425776e-19   9.663769e-04   7.712390e-21   3744
  3.072480e+00   4.591221e-19   9.823894e-04   8.537104e-21   3174
  3.075941e+00   4.322279e-19   1.005522e-03   7.318793e-21   3968
  3.079369e+00   4.244358e-19   1.013997e-03   7.694097e-21   3522
  3.082951e+00   4.502024e-19   1.041435e-03   8.334082e-21   3198
  3.086200e+00   4.139278e-19   1.020090e-03   7.301946e-21   3648
  3.089591e+00   4.604990e-19   1.036958e-03   8.647312e-21   3054
  3.093164e+00   4.072946e-19   9.752705e-04   7.730455e-21   3312
  3.096416e+00   4.266799e-19   1.030232e-03   7.851480e-21   3354
  3.099859e+00   4.235395e-19   1.018756e-03   8.462338e-21   2624
  3.103228e+00   3.970423e-19   9.938936e-04   6.908713e-21   3462
  3.106655e+00   4.203384e-19   1.036730e-03   8.226908e-21   2976
  3.110270e+00   3.992205e-19   9.814041e-04   7.876542e-21   2670
  3.113407e+00   3.904036e-19   1.021601e-03   7.266816e-21   3186
  3.116767e+00   3.845774e-19   9.543614e-04   8.206201e-21   2376
  3.120346e+00   3.904152e-19   1.006058e-03   7.088344e-21   3102
  3.123650e+00   3.760895e-19   9.847799e-04   7.373079e-21   2688
  3.127086e+00   3.846722e-19   1.027393e-03   8.273989e-21   2286
  3.130454e+00   3.596875e-19   9.909871e-04   6.769449e-21   3020
  3.133859e+00   3.860232e-19   9.439116e-04   8.428834e-21   2310
  3.137474e+00   3.721231e-19   1.043166e-03   7.366526e-21   2544
  3.140695e+00   3.603884e-19   9.725494e-04   7.256656e-21   2526
  3.144064e+00   3.904248e-19   9.987847e-04   8.615362e-21   2112
  3.147593e+00   3.675482e-19   9.598648e-04   7.212194e-21   2538
  3.150931e+00   3.601867e-19   9.985896e-04   7.775089e-21   2304
  3.154328e+00   3.702525e-19   9.852879e-04   8.327005e-21   1902
  3.157623e+00   3.431132e-19   9.412660e-04   7.302294e-21   2408
  3.161035e+00   3.651206e-19   9.929091e-04   8.256540e-21   2094
  3.164668e+00   3.432536e-19   1.011639e-03   7.308851e-21   2028
  3.167856e+00   3.578244e-19   9.595772e-04   7.559831e-21   2094
  3.171241e+00   3.427334e-19   1.046849e-03   7.794812e-21   1920
  3.174835e+00   3.402023e-19   8.826100e-04   7.932935e-21   1926
  3.178123e+00   3.120850e-19   1.030221e-03   6.759730e-21   2088
  3.181468e+00   3.635041e-19   9.037369e-04   9.878899e-21   1434
  3.184829e+00   3.231234e-19   9.555433e-04   7.285757e-21   2048
  3.188160e+00   3.155301e-19   9.527742e-04   7.661144e-21   1758
  3.191826e+00   3.293908e-19   1.051156e-03   8.510916e-21   1584
  3.195185e+00   3.232120e-19   1.041430e-03   7.451073e-21   1998
  3.198586e+00   3.217188e-19   9.485689e-04   8.803809e-21   1428
  3.202148e+00   3.322429e-19   7.939925e-04   9.384276e-21   1488
  3.205259e+00   3.465693e-19   1.011466e-03   8.376626e-21   1806
  3.208542e+00   3.242105e-19   9.208043e-04   1.005904e-20   1040
  3.212051e+00   2.999406e-19   9.648325e-04   7.172127e-21   1782
  3.215260e+00   3.239752e-19   9.120959e-04   8.594781e-21   1428
  3.219099e+00   3.049216e-19   1.095182e-03   8.709394e-21   1206
  3.222346e+00   3.010107e-19   1.017509e-03   7.681812e-21   1728
  3.225619e+00   2.928177e-19   9.535870e-04   9.887761e-21   1038
  3.229392e+00   3.118541e-19   7.737160e-04   8.234039e-21   1248
  3.232374e+00   3.308049e-19   9.867404e-04   7.992548e-21   1530
  3.235646e+00   3.312965e-19   9.043822e-04   1.260181e-20   656
  3.239303e+00   3.101757e-19   1.013919e-03   7.713279e-21   1662
  3.242391e+00   2.866106e-19   8.393937e-04   9.900963e-21   1008
  3.246465e+00   3.193968e-19   1.114612e-03   1.007934e-20   960
  3.249524e+00   3.038660e-19   9.584513e-04   8.301142e-21   1458
  3.252720e+00   2.967769e-19   9.470398e-04   1.194115e-20   672
  3.256641e+00   2.940696e-19   7.422534e-04   9.319005e-21   1062
  3.259417e+00   3.034152e-19   9.629091e-04   8.225310e-21   1224
  3.262741e+00   3.214551e-19   8.411043e-04   1.589269e-20   374
  3.266486e+00   2.751971e-19   1.011004e-03   6.582632e-21   1512
  3.269516e+00   3.498013e-19   8.472106e-04   1.287617e-20   666
  3.273852e+00   2.871949e-19   1.035820e-03   1.019049e-20   720
  3.276572e+00   2.968032e-19   9.275922e-04   8.526567e-21   1224
  3.279914e+00   3.272244e-19   9.221403e-04   1.671096e-20   390
  3.283914e+00   2.928050e-19   6.856472e-04   9.322380e-21   936
  3.286459e+00   2.918406e-19   9.782860e-04   1.015838e-20   882
  3.290092e+00   2.994079e-19   9.551822e-04   2.328952e-20   216
  3.293625e+00   3.000434e-19   9.484183e-04   8.534344e-21   1286
  3.296619e+00   3.028896e-19   7.922754e-04   1.449409e-20   384
  3.301196e+00   2.859240e-19   9.974032e-04   1.140101e-20   576
  3.303565e+00   2.811656e-19   8.939464e-04   8.305864e-21   930
  3.306956e+00   2.954873e-19   8.781672e-04   1.932814e-20   216
  3.311281e+00   2.583966e-19   7.049195e-04   8.305713e-21   918
  3.313773e+00   3.336773e-19   9.494675e-04   1.395044e-20   480
  3.317151e+00   3.754166e-19   8.000415e-04   4.082816e-20   78
  3.320657e+00   2.804065e-19   8.648004e-04   8.456487e-21   1052
  3.323895e+00   3.059815e-19   1.006959e-03   1.905376e-20   240
  3.328852e+00   2.955733e-19   3.676460e-04   1.382726e-20   438
  3.330545e+00   3.136620e-19   8.506072e-04   1.323878e-20   648
  3.333703e+00   4.388624e-19   7.023041e-04   4.673781e-20   78
  3.338411e+00   2.784728e-19   6.127751e-04   9.386712e-21   780
  3.340778e+00   2.816404e-19   8.550342e-04   1.621565e-20   240
  3.343694e+00   5.653892e-19   0.000000e+00   1.578205e-19   6
  3.347623e+00   2.859022e-19   7.832637e-04   1.022768e-20   824
  3.350467e+00   3.092200e-19   6.055240e-04   3.576274e-20   78
  3.356076e+00   3.072745e-19   3.165921e-04   1.407710e-20   432
  3.357541e+00   3.198759e-19   7.656969e-04   1.777259e-20   348
  3.360330e+00   5.621467e-19   0.000000e+00   8.161221e-20   6
  3.365426e+00   3.078132e-19   5.413225e-04   1.233274e-20   600
  3.367442e+00   3.330396e-19   5.097238e-04   4.259265e-20   78
  3.374544e+00   2.510491e-19   6.700717e-04   1.060522e-20   572
  3.377176e+00   3.622212e-20   0.000000e+00   1.738857e-20   6
  3.383243e+00   2.874897e-19   3.146063e-04   1.370436e-20   384
  3.384459e+00   3.180352e-19   4.676281e-04   2.474284e-20   102
  3.392411e+00   3.194460e-19   4.599741e-04   1.635037e-20   396
  3.394229e+00   3.825489e-19   0.000000e+00   9.740969e-20   6
  3.401391e+00   2.619446e-19   4.161630e-04   1.338558e-20   326
  3.410329e+00   3.238419e-19   2.893928e-04   1.690779e-20   252
  3.411486e+00   1.566613e-19   0.000000e+00   4.336864e-20   6
  3.419333e+00   2.719553e-19   2.633341e-04   1.872697e-20   198
  3.428323e+00   2.736491e-19   2.009286e-04   3.170042e-20   146
  3.437326e+00   2.577433e-19   1.474817e-04   2.364938e-20   102
  3.446340e+00   2.387257e-19   1.024960e-04   2.491866e-20   66
  3.455367e+00   1.975635e-19   6.509513e-05   2.719071e-20   38
  3.464404e+00   1.444085e-19   3.357406e-05   3.470083e-20   18
  3.473449e+00   1.294095e-19   0.000000e+00   6.508098e-20   6
