# power spectrum of pi_k
# redshift z=48.322258
# k              Pk             sigma(k)       sigma(Pk)      count
  1.570796e-02   9.843491e-11   0.000000e+00   3.967765e-11   6
  2.221441e-02   4.465785e-11   0.000000e+00   8.914809e-12   12
  2.720699e-02   2.739174e-11   2.980232e-10   5.576164e-12   8
  3.141593e-02   7.691695e-11   0.000000e+00   8.276892e-12   6
  3.512407e-02   4.645496e-11   5.619580e-10   1.480954e-11   24
  3.847649e-02   5.902685e-11   5.619580e-10   9.947367e-12   24
  4.635387e-02   2.338757e-11   1.217504e-03   4.235536e-12   42
  4.967294e-02   2.837882e-11   0.000000e+00   6.253251e-12   24
  5.209742e-02   2.477677e-11   9.733398e-10   6.142640e-12   24
  5.608040e-02   2.415116e-11   9.621049e-04   2.588846e-12   32
  5.877382e-02   2.098002e-11   0.000000e+00   2.949041e-12   48
  6.283185e-02   2.369388e-11   0.000000e+00   1.041796e-11   6
  6.557030e-02   1.785333e-11   9.291969e-04   1.673052e-12   84
  6.935879e-02   1.874125e-11   8.893614e-04   2.848800e-12   48
  7.254758e-02   1.406105e-11   7.985346e-04   1.430164e-12   72
  7.695299e-02   1.386508e-11   1.123916e-09   2.179831e-12   24
  7.963774e-02   9.525651e-12   7.087081e-04   8.737875e-13   102
  8.367643e-02   1.090587e-11   1.370308e-03   1.105714e-12   104
  8.603606e-02   6.937355e-12   0.000000e+00   1.014353e-12   48
  9.068541e-02   6.028447e-12   9.092824e-04   5.436737e-13   108
  9.343657e-02   8.155209e-12   6.413175e-04   8.513195e-13   78
  9.650974e-02   7.881177e-12   5.553727e-04   7.402711e-13   96
  1.007521e-01   6.007859e-12   7.827476e-04   4.550227e-13   168
  1.046631e-01   5.789676e-12   9.466177e-04   6.040525e-13   120
  1.065366e-01   5.337664e-12   0.000000e+00   8.214423e-13   48
  1.109423e-01   5.158350e-12   9.164765e-04   4.459423e-13   194
  1.147571e-01   4.440986e-12   7.498405e-04   3.539249e-13   192
  1.180701e-01   5.365942e-12   5.224442e-04   4.486530e-13   96
  1.203984e-01   3.581727e-12   4.446482e-04   3.381236e-13   96
  1.233385e-01   3.761508e-12   6.559487e-04   3.059183e-13   174
  1.272878e-01   3.954225e-12   6.453399e-04   2.748633e-13   216
  1.304784e-01   3.160067e-12   6.685951e-04   2.165008e-13   192
  1.345850e-01   3.215499e-12   7.087816e-04   2.222702e-13   204
  1.374813e-01   2.451020e-12   9.706973e-04   1.542553e-13   224
  1.414909e-01   3.134255e-12   5.479655e-04   2.400632e-13   174
  1.446033e-01   2.604239e-12   1.053365e-03   1.487370e-13   288
  1.484650e-01   2.215011e-12   5.185518e-04   1.337792e-13   288
  1.514788e-01   1.954492e-12   1.000184e-03   1.407254e-13   192
  1.554236e-01   2.066341e-12   7.319331e-04   1.234921e-13   252
  1.579196e-01   1.982031e-12   4.361590e-04   1.260947e-13   246
  1.613100e-01   1.740129e-12   8.276231e-04   1.032660e-13   312
  1.643345e-01   1.728411e-12   5.346625e-04   9.012182e-14   248
  1.684860e-01   1.392673e-12   1.131025e-03   6.829771e-14   432
  1.718304e-01   1.690193e-12   9.472090e-04   1.151520e-13   198
  1.751353e-01   1.706933e-12   1.145604e-03   7.843627e-14   456
  1.789950e-01   1.375281e-12   6.685341e-04   8.403513e-14   324
  1.817267e-01   1.318064e-12   7.914724e-04   7.285602e-14   312
  1.851131e-01   1.245229e-12   9.927979e-04   6.417741e-14   408
  1.893262e-01   1.161232e-12   9.168549e-04   5.811811e-14   414
  1.922237e-01   1.002524e-12   7.933788e-04   5.090021e-14   392
  1.951891e-01   1.236206e-12   8.939032e-04   6.219974e-14   408
  1.990919e-01   1.105389e-12   9.488231e-04   5.024604e-14   444
  2.020561e-01   1.052635e-12   7.670392e-04   5.239088e-14   360
  2.058410e-01   9.505043e-13   1.052783e-03   3.614617e-14   678
  2.098438e-01   9.841441e-13   6.748154e-04   5.654693e-14   360
  2.129201e-01   8.421325e-13   1.111301e-03   3.713582e-14   648
  2.158529e-01   8.196402e-13   5.136230e-04   5.344444e-14   288
  2.195886e-01   7.822027e-13   9.568926e-04   2.962639e-14   686
  2.231016e-01   7.762507e-13   7.114303e-04   3.825561e-14   444
  2.262783e-01   7.043229e-13   9.881180e-04   2.758656e-14   696
  2.294381e-01   7.358712e-13   9.387623e-04   3.428045e-14   408
  2.328670e-01   6.276989e-13   9.712657e-04   2.391390e-14   648
  2.364370e-01   6.992493e-13   8.503906e-04   3.031729e-14   582
  2.396199e-01   5.615415e-13   1.064401e-03   2.269244e-14   744
  2.431321e-01   6.375438e-13   1.062590e-03   2.667274e-14   516
  2.463676e-01   6.097342e-13   1.028291e-03   2.531804e-14   728
  2.493547e-01   5.595985e-13   8.519968e-04   2.318087e-14   558
  2.529620e-01   4.761690e-13   8.588943e-04   1.687556e-14   768
  2.568725e-01   5.422852e-13   9.956413e-04   1.720942e-14   960
  2.602888e-01   4.981589e-13   6.965241e-04   2.177913e-14   576
  2.635727e-01   5.185482e-13   1.130592e-03   1.792393e-14   816
  2.671089e-01   4.250650e-13   8.722599e-04   1.499121e-14   666
  2.702138e-01   4.596193e-13   1.022915e-03   1.500387e-14   960
  2.739239e-01   4.306734e-13   1.008817e-03   1.518028e-14   824
  2.775241e-01   4.162539e-13   1.110885e-03   1.337187e-14   936
  2.808394e-01   3.749674e-13   8.261366e-04   1.422933e-14   624
  2.838930e-01   3.980451e-13   9.725641e-04   1.281645e-14   1062
  2.874377e-01   3.890542e-13   1.059457e-03   1.385153e-14   732
  2.905463e-01   3.417363e-13   9.192852e-04   1.065976e-14   1080
  2.942546e-01   3.487325e-13   1.002209e-03   1.183293e-14   936
  2.976082e-01   3.081720e-13   1.082494e-03   1.025908e-14   878
  3.011413e-01   3.015618e-13   1.097016e-03   8.855037e-15   1152
  3.044218e-01   2.945522e-13   8.479143e-04   9.363640e-15   1056
  3.079105e-01   3.091360e-13   1.001477e-03   1.025723e-14   864
  3.110264e-01   2.877414e-13   9.782607e-04   8.887241e-15   1092
  3.147509e-01   2.901373e-13   1.033457e-03   8.598376e-15   1206
  3.182989e-01   2.741096e-13   1.048759e-03   7.757591e-15   1248
  3.215758e-01   2.613345e-13   7.107183e-04   9.083210e-15   864
  3.244931e-01   2.643578e-13   7.379012e-04   8.166967e-15   1152
  3.282964e-01   2.588916e-13   1.098528e-03   7.088491e-15   1382
  3.320084e-01   2.508325e-13   9.790321e-04   7.239546e-15   1188
  3.352589e-01   2.225577e-13   1.037410e-03   6.468427e-15   1248
  3.383281e-01   2.246622e-13   9.840824e-04   7.047676e-15   1152
  3.416961e-01   2.329721e-13   1.080699e-03   6.262097e-15   1320
  3.454323e-01   2.106925e-13   7.162673e-04   6.061225e-15   1206
  3.485323e-01   2.129286e-13   1.040639e-03   5.389019e-15   1560
  3.522149e-01   2.054324e-13   9.687237e-04   5.537296e-15   1280
  3.553656e-01   1.894357e-13   9.753251e-04   5.059706e-15   1308
  3.588126e-01   1.921903e-13   9.788304e-04   4.662113e-15   1512
  3.622462e-01   1.742489e-13   7.986109e-04   4.727108e-15   1350
  3.657845e-01   1.774422e-13   1.055155e-03   4.328503e-15   1608
  3.688093e-01   1.798664e-13   9.074168e-04   4.967613e-15   1320
  3.723318e-01   1.783012e-13   1.093091e-03   4.481592e-15   1656
  3.755028e-01   1.637946e-13   8.593531e-04   4.347640e-15   1254
  3.791706e-01   1.648189e-13   9.807940e-04   3.725121e-15   1932
  3.826277e-01   1.633260e-13   8.807497e-04   4.294857e-15   1640
  3.860340e-01   1.516596e-13   9.142769e-04   3.813607e-15   1488
  3.892465e-01   1.491462e-13   8.838091e-04   3.825348e-15   1560
  3.929003e-01   1.406959e-13   1.061554e-03   3.333950e-15   2046
  3.962918e-01   1.378775e-13   9.522112e-04   3.600810e-15   1512
  3.995770e-01   1.405310e-13   9.476029e-04   3.230049e-15   1764
  4.028533e-01   1.307394e-13   9.447944e-04   3.037676e-15   1776
  4.062341e-01   1.318185e-13   1.135757e-03   3.142229e-15   1704
  4.098613e-01   1.238606e-13   1.112243e-03   2.626612e-15   2126
  4.131278e-01   1.199084e-13   7.726530e-04   2.803275e-15   1632
  4.164062e-01   1.197975e-13   1.029302e-03   2.538051e-15   2064
  4.197114e-01   1.235683e-13   8.486884e-04   2.941155e-15   1680
  4.233078e-01   1.137592e-13   9.519603e-04   2.538045e-15   2154
  4.266550e-01   1.127072e-13   9.636572e-04   2.464265e-15   2016
  4.302596e-01   1.068694e-13   1.057936e-03   2.136104e-15   2304
  4.335625e-01   1.116967e-13   8.422558e-04   2.789331e-15   1680
  4.369940e-01   1.059166e-13   9.757286e-04   2.262835e-15   2432
  4.404338e-01   9.896403e-14   9.614444e-04   2.256222e-15   1902
  4.438479e-01   9.652497e-14   9.886846e-04   1.926619e-15   2292
  4.468928e-01   9.275469e-14   7.831116e-04   2.121214e-15   1992
  4.505057e-01   9.150257e-14   1.003841e-03   1.752743e-15   2568
  4.539799e-01   9.069410e-14   8.764344e-04   2.090919e-15   1806
  4.574906e-01   9.204987e-14   1.078056e-03   1.777615e-15   3000
  4.610452e-01   9.005045e-14   9.809961e-04   1.994612e-15   2016
  4.640126e-01   9.024849e-14   9.156925e-04   1.930535e-15   2168
  4.673956e-01   8.671793e-14   9.350459e-04   1.808936e-15   2412
  4.709322e-01   7.998415e-14   1.022794e-03   1.590836e-15   2550
  4.743353e-01   8.292072e-14   1.015444e-03   1.607163e-15   2592
  4.778871e-01   7.757813e-14   9.354682e-04   1.609027e-15   2496
  4.812642e-01   7.495618e-14   1.034855e-03   1.459488e-15   2688
  4.846328e-01   7.350904e-14   8.939911e-04   1.459401e-15   2424
  4.881831e-01   7.136844e-14   8.203417e-04   1.395513e-15   2634
  4.913828e-01   7.144850e-14   9.840370e-04   1.387103e-15   2552
  4.945705e-01   7.042623e-14   1.032361e-03   1.341451e-15   2832
  4.981085e-01   6.674125e-14   9.803825e-04   1.316502e-15   2424
  5.015971e-01   6.454555e-14   1.087506e-03   1.096887e-15   3198
  5.048631e-01   6.561514e-14   8.681062e-04   1.266751e-15   2400
  5.083252e-01   6.717077e-14   9.985776e-04   1.168844e-15   3336
  5.119027e-01   6.061222e-14   8.404887e-04   1.275092e-15   2508
  5.150462e-01   6.199933e-14   1.013004e-03   1.153720e-15   3104
  5.187218e-01   6.038255e-14   1.019172e-03   1.087363e-15   2934
  5.220343e-01   5.862023e-14   9.369744e-04   1.076373e-15   3120
  5.256263e-01   5.564418e-14   1.045384e-03   9.293427e-16   3288
  5.289357e-01   5.699963e-14   8.800568e-04   1.061897e-15   2808
  5.323338e-01   5.231859e-14   1.104468e-03   9.659820e-16   2988
  5.357545e-01   5.249216e-14   1.011140e-03   9.299305e-16   3486
  5.390675e-01   5.490629e-14   9.571221e-04   1.078455e-15   3000
  5.422664e-01   5.325317e-14   8.325653e-04   9.427161e-16   3024
  5.458504e-01   5.034824e-14   9.168226e-04   8.437813e-16   3584
  5.494456e-01   5.122486e-14   9.821560e-04   8.668060e-16   3486
  5.527991e-01   4.876682e-14   8.845337e-04   8.686045e-16   3120
  5.560782e-01   4.892709e-14   8.734506e-04   8.162923e-16   3396
  5.593885e-01   4.571348e-14   9.978964e-04   7.862267e-16   3552
  5.629224e-01   4.563456e-14   9.603534e-04   7.500250e-16   3384
  5.664153e-01   4.518070e-14   9.777364e-04   7.553272e-16   3726
  5.697413e-01   4.460494e-14   9.475502e-04   8.042819e-16   3344
  5.729010e-01   4.526593e-14   9.736455e-04   7.397446e-16   3744
  5.765144e-01   4.242044e-14   9.477817e-04   7.134407e-16   3540
  5.799021e-01   4.167720e-14   1.006149e-03   6.463624e-16   3822
  5.834565e-01   4.053766e-14   9.878124e-04   6.042639e-16   4056
  5.866916e-01   4.003731e-14   9.078164e-04   6.664896e-16   3288
  5.900838e-01   3.813113e-14   1.048596e-03   6.143966e-16   4056
  5.934141e-01   3.861263e-14   9.605270e-04   6.161489e-16   3984
  5.970600e-01   3.896062e-14   8.831345e-04   6.499269e-16   3662
  6.001481e-01   3.735082e-14   9.636098e-04   6.292732e-16   3828
  6.036318e-01   3.679873e-14   1.089370e-03   5.074569e-16   4632
  6.071049e-01   3.621545e-14   8.410059e-04   6.095379e-16   3600
  6.105769e-01   3.432280e-14   9.985737e-04   5.393576e-16   4320
  6.138621e-01   3.357511e-14   7.834444e-04   5.256540e-16   3918
  6.171787e-01   3.442411e-14   9.014176e-04   5.367450e-16   4200
  6.205131e-01   3.450205e-14   1.022920e-03   5.401717e-16   4188
  6.239700e-01   3.238978e-14   1.038929e-03   4.778033e-16   4360
  6.274803e-01   3.180156e-14   1.038850e-03   4.744486e-16   4582
  6.308743e-01   3.243722e-14   9.234335e-04   5.253715e-16   4128
  6.343253e-01   3.122731e-14   9.920101e-04   4.628997e-16   4752
  6.375752e-01   3.195887e-14   9.131947e-04   4.873496e-16   4176
  6.411096e-01   2.900732e-14   1.050053e-03   4.197023e-16   4848
  6.446482e-01   2.960597e-14   9.123418e-04   4.579373e-16   4338
  6.479820e-01   2.959325e-14   9.957341e-04   4.193129e-16   5160
  6.512782e-01   2.889412e-14   8.072490e-04   4.614181e-16   4008
  6.548541e-01   2.776955e-14   1.067151e-03   3.892018e-16   5360
  6.581452e-01   2.768534e-14   9.926354e-04   4.171641e-16   4110
  6.615688e-01   2.740677e-14   1.063460e-03   3.729614e-16   5424
  6.648330e-01   2.601094e-14   9.093259e-04   4.180169e-16   4140
  6.682670e-01   2.652639e-14   1.015985e-03   3.478010e-16   5664
  6.717913e-01   2.603138e-14   8.830334e-04   3.747405e-16   4632
  6.751475e-01   2.521348e-14   9.313969e-04   3.629315e-16   4902
  6.784717e-01   2.579567e-14   9.953030e-04   3.634597e-16   5072
  6.818744e-01   2.546202e-14   9.385334e-04   3.449292e-16   5472
  6.852422e-01   2.442567e-14   9.538134e-04   3.520704e-16   4704
  6.886975e-01   2.453733e-14   1.047734e-03   3.357458e-16   5436
  6.922157e-01   2.361963e-14   9.975801e-04   3.066912e-16   5646
  6.954149e-01   2.376977e-14   8.926250e-04   3.480243e-16   4512
  6.988202e-01   2.262231e-14   1.140100e-03   2.891327e-16   6120
  7.023308e-01   2.271688e-14   8.820433e-04   3.176860e-16   5112
  7.057067e-01   2.271899e-14   1.042362e-03   2.991338e-16   5606
  7.091042e-01   2.168372e-14   9.714200e-04   3.018704e-16   5328
  7.124930e-01   2.109896e-14   9.787204e-04   2.800810e-16   5964
  7.158971e-01   2.089829e-14   9.940447e-04   2.882944e-16   5448
  7.193484e-01   2.007684e-14   1.017941e-03   2.612104e-16   5904
  7.228752e-01   2.000620e-14   1.000362e-03   2.650614e-16   5598
  7.261287e-01   1.996392e-14   9.386933e-04   2.602163e-16   5952
  7.294916e-01   1.958493e-14   1.026954e-03   2.669506e-16   5688
  7.328942e-01   1.956229e-14   9.846955e-04   2.559398e-16   5876
  7.362274e-01   1.933655e-14   9.604209e-04   2.573643e-16   5784
  7.396880e-01   1.823023e-14   9.580629e-04   2.239077e-16   6462
  7.431585e-01   1.904198e-14   1.033342e-03   2.569003e-16   5688
  7.463730e-01   1.850211e-14   9.533939e-04   2.385920e-16   6408
  7.498476e-01   1.750279e-14   9.842501e-04   2.211822e-16   6000
  7.533888e-01   1.769890e-14   1.059159e-03   2.163762e-16   6582
  7.568883e-01   1.743352e-14   1.008047e-03   2.199965e-16   6564
  7.601644e-01   1.704553e-14   8.888373e-04   2.189013e-16   6048
  7.635621e-01   1.643743e-14   1.018608e-03   2.071510e-16   6512
  7.671229e-01   1.680133e-14   1.012583e-03   2.060620e-16   6816
  7.705313e-01   1.683529e-14   8.855598e-04   2.191649e-16   6222
  7.737298e-01   1.635418e-14   9.227087e-04   2.088523e-16   6432
  7.771462e-01   1.596744e-14   9.712111e-04   1.910842e-16   6804
  7.805425e-01   1.595360e-14   9.154579e-04   2.031572e-16   6432
  7.838667e-01   1.542925e-14   1.076466e-03   1.883056e-16   6846
  7.872436e-01   1.536190e-14   9.829553e-04   1.899072e-16   6424
  7.904718e-01   1.474140e-14   8.822090e-04   1.819306e-16   6952
  7.940184e-01   1.495421e-14   1.063073e-03   1.715663e-16   7560
  7.975016e-01   1.464176e-14   9.134936e-04   1.800234e-16   6648
  8.010940e-01   1.442495e-14   1.003794e-03   1.708025e-16   7578
  8.042561e-01   1.421714e-14   9.063446e-04   1.743818e-16   6552
  8.076731e-01   1.371500e-14   9.979139e-04   1.627547e-16   7536
  8.111567e-01   1.356077e-14   9.132376e-04   1.578527e-16   7272
  8.145479e-01   1.369138e-14   9.728104e-04   1.654679e-16   6936
  8.178031e-01   1.314625e-14   9.977143e-04   1.500847e-16   7430
  8.213250e-01   1.311218e-14   1.045033e-03   1.483666e-16   7644
  8.245935e-01   1.270649e-14   9.307740e-04   1.513842e-16   7248
  8.281463e-01   1.267540e-14   1.064794e-03   1.395638e-16   8232
  8.316185e-01   1.251653e-14   9.710105e-04   1.491690e-16   7038
  8.349567e-01   1.246757e-14   9.438683e-04   1.420966e-16   7824
  8.382335e-01   1.208302e-14   9.942267e-04   1.363991e-16   7752
  8.416157e-01   1.163980e-14   1.003152e-03   1.352928e-16   7480
  8.451302e-01   1.190270e-14   1.011833e-03   1.303258e-16   8404
  8.485444e-01   1.198142e-14   9.399091e-04   1.334743e-16   7614
  8.518207e-01   1.168268e-14   9.844427e-04   1.335247e-16   7776
  8.551174e-01   1.159300e-14   9.392352e-04   1.318392e-16   7944
  8.585635e-01   1.136900e-14   9.766291e-04   1.251349e-16   8424
  8.619639e-01   1.090937e-14   9.583464e-04   1.261089e-16   7872
  8.654765e-01   1.079483e-14   9.630186e-04   1.160589e-16   8658
  8.688452e-01   1.094312e-14   9.611694e-04   1.222126e-16   8352
  8.723129e-01   1.074676e-14   9.655449e-04   1.178299e-16   8648
  8.755912e-01   1.088429e-14   9.149173e-04   1.219179e-16   7680
  8.790367e-01   1.034196e-14   9.531068e-04   1.103137e-16   8646
  8.822382e-01   1.051615e-14   9.234329e-04   1.122314e-16   8448
  8.857769e-01   1.048925e-14   9.812644e-04   1.123579e-16   9120
  8.891913e-01   9.714935e-15   9.588814e-04   1.068069e-16   8316
  8.926442e-01   1.003273e-14   1.034938e-03   1.027075e-16   9504
  8.961124e-01   9.972810e-15   9.411707e-04   1.099579e-16   8358
  8.995737e-01   9.501919e-15   9.948383e-04   9.894964e-17   9584
  9.029179e-01   9.392854e-15   9.519874e-04   1.008418e-16   8616
  9.063714e-01   9.632562e-15   1.036501e-03   9.847664e-17   9432
  9.098983e-01   9.421961e-15   1.054421e-03   9.986089e-17   9018
  9.130995e-01   9.124457e-15   8.925739e-04   9.708982e-17   8568
  9.164447e-01   8.866571e-15   9.935089e-04   8.701873e-17   9816
  9.199052e-01   9.128034e-15   9.405935e-04   9.696524e-17   9000
  9.233247e-01   8.943782e-15   9.837551e-04   9.392085e-17   9504
  9.267306e-01   8.596363e-15   1.006398e-03   8.756378e-17   9446
  9.300802e-01   8.757857e-15   9.624225e-04   8.760871e-17   9696
  9.335244e-01   8.491022e-15   8.956216e-04   8.730732e-17   9180
  9.369074e-01   8.268657e-15   1.035278e-03   8.146977e-17   10512
  9.403628e-01   8.519094e-15   9.787470e-04   9.041969e-17   9048
  9.437812e-01   7.997154e-15   9.387702e-04   7.983756e-17   10014
  9.469467e-01   7.991553e-15   9.162358e-04   8.590764e-17   9096
  9.503901e-01   7.884977e-15   1.048815e-03   7.459383e-17   11088
  9.540508e-01   8.071724e-15   1.020389e-03   8.060098e-17   9860
  9.574037e-01   7.603085e-15   9.672113e-04   7.700791e-17   10110
  9.607663e-01   7.790266e-15   1.006739e-03   7.926925e-17   10104
  9.641489e-01   7.649274e-15   9.545583e-04   7.525645e-17   10392
  9.675729e-01   7.470606e-15   9.880976e-04   7.212220e-17   10104
  9.710628e-01   7.480915e-15   1.022530e-03   6.926197e-17   11352
  9.746180e-01   7.193211e-15   9.364871e-04   7.251767e-17   10014
  9.777749e-01   7.271585e-15   8.644241e-04   7.428609e-17   9636
  9.811143e-01   7.050048e-15   1.024502e-03   6.549111e-17   11552
  9.846389e-01   6.936169e-15   9.519720e-04   6.828323e-17   10488
  9.880418e-01   7.053386e-15   9.942196e-04   7.054529e-17   10254
  9.913535e-01   6.734535e-15   9.360901e-04   6.314774e-17   11304
  9.947947e-01   6.847703e-15   9.500453e-04   6.651492e-17   10872
  9.982198e-01   6.681357e-15   1.018789e-03   6.407785e-17   10932
  1.001538e+00   6.547567e-15   9.191792e-04   6.466418e-17   10848
  1.004968e+00   6.545579e-15   9.613098e-04   6.197393e-17   10998
  1.008371e+00   6.441334e-15   1.010151e-03   5.918772e-17   11720
  1.011785e+00   6.480427e-15   9.293623e-04   6.237644e-17   10776
  1.015145e+00   6.301569e-15   1.016690e-03   5.762342e-17   12072
  1.018627e+00   6.098795e-15   9.322439e-04   5.888584e-17   10704
  1.021966e+00   6.177479e-15   9.563293e-04   5.762776e-17   11730
  1.025452e+00   6.095934e-15   9.932906e-04   5.587808e-17   12144
  1.028814e+00   5.946262e-15   9.411395e-04   5.564197e-17   11568
  1.032333e+00   5.863392e-15   1.018099e-03   5.390191e-17   11552
  1.035496e+00   5.848390e-15   9.188638e-04   5.540695e-17   10926
  1.038938e+00   5.920092e-15   1.040698e-03   5.101661e-17   13032
  1.042312e+00   5.924469e-15   8.505148e-04   5.766874e-17   10776
  1.045727e+00   5.685543e-15   1.046983e-03   4.929075e-17   13116
  1.049219e+00   5.594562e-15   9.853293e-04   5.138420e-17   12288
  1.052658e+00   5.392827e-15   9.056138e-04   5.106265e-17   11262
  1.055879e+00   5.494463e-15   9.783290e-04   4.937400e-17   12672
  1.059343e+00   5.452097e-15   9.592412e-04   4.786420e-17   12624
  1.062777e+00   5.325832e-15   9.623576e-04   4.770814e-17   12392
  1.066184e+00   5.290412e-15   9.864834e-04   4.870170e-17   12060
  1.069636e+00   5.284544e-15   1.040331e-03   4.589237e-17   13662
  1.072946e+00   5.158986e-15   8.984272e-04   4.775854e-17   11592
  1.076393e+00   5.090032e-15   1.067653e-03   4.432265e-17   13776
  1.079833e+00   5.135521e-15   9.079546e-04   4.671862e-17   12240
  1.083287e+00   4.918912e-15   1.046073e-03   4.237026e-17   13662
  1.086532e+00   4.971070e-15   8.990309e-04   4.549272e-17   11520
  1.090035e+00   4.913461e-15   1.036209e-03   3.983827e-17   15044
  1.093490e+00   4.891222e-15   9.313428e-04   4.383289e-17   12384
  1.096882e+00   4.676358e-15   9.804345e-04   4.195029e-17   13176
  1.100202e+00   4.637153e-15   8.879465e-04   4.087212e-17   12798
  1.103628e+00   4.769983e-15   1.008480e-03   4.078687e-17   14376
  1.106957e+00   4.580623e-15   9.586156e-04   4.109110e-17   12528
  1.110377e+00   4.583063e-15   1.006656e-03   3.910482e-17   14100
  1.113686e+00   4.616352e-15   9.133782e-04   4.330809e-17   12630
  1.117102e+00   4.429374e-15   9.919328e-04   3.709298e-17   14624
  1.120482e+00   4.513499e-15   9.894156e-04   3.920507e-17   13272
  1.123923e+00   4.420925e-15   1.008580e-03   3.663871e-17   14664
  1.127428e+00   4.253216e-15   1.031064e-03   3.493180e-17   14328
  1.130809e+00   4.261847e-15   9.574326e-04   3.705910e-17   13086
  1.134236e+00   4.206482e-15   1.030026e-03   3.397896e-17   15612
  1.137653e+00   4.270104e-15   8.878573e-04   3.738119e-17   13416
  1.140971e+00   4.158182e-15   1.044367e-03   3.489928e-17   14360
  1.144380e+00   4.120599e-15   9.770905e-04   3.464272e-17   14064
  1.147853e+00   4.087702e-15   1.005516e-03   3.308569e-17   15750
  1.151277e+00   3.966530e-15   9.498220e-04   3.409144e-17   13680
  1.154655e+00   4.035667e-15   1.034040e-03   3.275000e-17   15468
  1.158090e+00   3.879026e-15   9.964048e-04   3.285206e-17   14352
  1.161422e+00   3.877064e-15   9.831061e-04   3.187451e-17   14454
  1.164771e+00   3.936664e-15   1.009534e-03   3.230492e-17   15048
  1.168219e+00   3.688122e-15   9.356739e-04   3.025076e-17   15360
  1.171622e+00   3.810715e-15   1.028303e-03   3.067833e-17   15224
  1.175043e+00   3.723143e-15   9.737025e-04   3.015075e-17   15096
  1.178436e+00   3.763179e-15   9.513142e-04   3.117351e-17   14514
  1.181744e+00   3.743809e-15   9.972118e-04   2.974108e-17   16416
  1.185216e+00   3.611795e-15   9.813109e-04   2.934552e-17   15216
  1.188760e+00   3.649504e-15   9.875256e-04   2.883090e-17   16440
  1.192145e+00   3.583930e-15   9.934307e-04   2.975893e-17   14904
  1.195382e+00   3.533819e-15   9.331760e-04   2.862340e-17   15134
  1.198830e+00   3.537920e-15   1.044008e-03   2.793316e-17   16644
  1.202273e+00   3.415259e-15   9.801415e-04   2.769392e-17   16128
  1.205649e+00   3.467541e-15   9.739380e-04   2.799760e-17   15384
  1.208976e+00   3.385171e-15   9.574053e-04   2.716794e-17   15462
  1.212384e+00   3.403206e-15   1.022817e-03   2.570625e-17   17304
  1.215857e+00   3.320825e-15   9.644898e-04   2.627653e-17   16176
  1.219267e+00   3.330749e-15   1.020273e-03   2.578258e-17   16824
  1.222757e+00   3.165969e-15   9.384566e-04   2.527060e-17   15980
  1.226044e+00   3.265803e-15   9.341167e-04   2.582406e-17   16326
  1.229359e+00   3.171776e-15   9.971528e-04   2.488411e-17   16488
  1.232793e+00   3.132866e-15   9.674257e-04   2.428736e-17   16944
  1.236242e+00   3.137381e-15   1.018099e-03   2.398910e-17   17256
  1.239567e+00   3.034944e-15   9.442015e-04   2.412737e-17   15966
  1.243019e+00   3.085464e-15   1.002557e-03   2.361043e-17   17628
  1.246398e+00   2.980102e-15   9.523046e-04   2.317000e-17   17280
  1.249813e+00   2.961298e-15   1.048272e-03   2.263464e-17   17056
  1.253179e+00   2.944882e-15   9.884505e-04   2.270094e-17   17296
  1.256693e+00   2.883188e-15   9.682006e-04   2.179112e-17   17526
  1.260009e+00   2.907498e-15   9.743928e-04   2.193875e-17   17592
  1.263462e+00   2.895443e-15   1.013641e-03   2.188744e-17   17880
  1.266826e+00   2.854357e-15   9.399981e-04   2.228665e-17   17028
  1.270153e+00   2.856202e-15   9.558687e-04   2.182868e-17   17376
  1.273537e+00   2.865443e-15   9.489771e-04   2.116503e-17   18414
  1.277033e+00   2.754597e-15   9.732250e-04   2.043798e-17   17840
  1.280422e+00   2.727765e-15   1.021714e-03   2.016139e-17   18960
  1.283800e+00   2.705919e-15   9.491477e-04   2.089551e-17   16992
  1.287191e+00   2.702257e-15   1.045598e-03   2.012810e-17   18378
  1.290511e+00   2.724764e-15   9.309987e-04   2.094291e-17   18192
  1.293964e+00   2.634854e-15   9.939797e-04   1.909479e-17   19320
  1.297392e+00   2.610298e-15   9.640812e-04   1.957965e-17   17856
  1.300808e+00   2.508777e-15   9.952112e-04   1.858013e-17   19128
  1.304168e+00   2.563523e-15   9.205139e-04   1.912476e-17   18246
  1.307589e+00   2.553281e-15   9.567778e-04   1.842167e-17   19184
  1.310975e+00   2.467513e-15   9.792411e-04   1.795385e-17   18900
  1.314454e+00   2.471821e-15   1.021314e-03   1.772533e-17   19776
  1.317772e+00   2.477998e-15   9.370417e-04   1.919093e-17   17814
  1.321221e+00   2.454964e-15   1.019691e-03   1.757277e-17   19944
  1.324582e+00   2.465202e-15   1.005872e-03   1.773282e-17   19536
  1.328059e+00   2.400481e-15   9.953972e-04   1.695097e-17   20112
  1.331434e+00   2.333187e-15   9.251142e-04   1.784024e-17   18116
  1.334798e+00   2.325664e-15   9.644510e-04   1.625340e-17   19878
  1.338104e+00   2.329862e-15   9.747533e-04   1.647975e-17   19800
  1.341597e+00   2.336157e-15   9.746917e-04   1.664161e-17   20136
  1.345077e+00   2.252132e-15   1.025284e-03   1.599924e-17   20808
  1.348466e+00   2.246337e-15   9.288316e-04   1.656007e-17   19152
  1.351874e+00   2.215440e-15   9.810813e-04   1.573715e-17   20526
  1.355317e+00   2.211818e-15   1.009394e-03   1.596544e-17   20532
  1.358658e+00   2.234787e-15   1.003080e-03   1.594323e-17   20120
  1.361967e+00   2.154592e-15   9.347410e-04   1.582977e-17   19512
  1.365426e+00   2.139378e-15   1.015429e-03   1.504160e-17   21246
  1.368810e+00   2.168689e-15   9.234922e-04   1.563828e-17   20112
  1.372239e+00   2.130025e-15   1.028308e-03   1.445918e-17   22104
  1.375656e+00   2.074515e-15   1.009051e-03   1.496241e-17   19620
  1.379051e+00   2.053832e-15   1.002997e-03   1.412949e-17   21912
  1.382450e+00   2.077219e-15   9.358667e-04   1.488920e-17   20070
  1.385835e+00   2.053407e-15   1.019290e-03   1.412522e-17   22064
  1.389281e+00   2.015962e-15   9.677197e-04   1.400493e-17   21048
  1.392624e+00   2.030926e-15   9.464641e-04   1.412043e-17   21168
  1.396022e+00   2.017607e-15   1.023526e-03   1.400673e-17   21384
  1.399510e+00   1.936574e-15   9.261037e-04   1.322526e-17   22146
  1.402917e+00   2.010060e-15   9.907340e-04   1.364813e-17   22200
  1.406352e+00   1.900243e-15   9.384676e-04   1.311307e-17   21648
  1.409715e+00   1.871652e-15   1.004739e-03   1.305034e-17   21144
  1.413042e+00   1.864091e-15   9.557029e-04   1.273111e-17   21710
  1.416464e+00   1.871708e-15   1.015437e-03   1.233723e-17   23112
  1.419994e+00   1.863731e-15   1.013025e-03   1.242777e-17   23064
  1.423397e+00   1.852598e-15   9.375385e-04   1.274855e-17   21252
  1.426667e+00   1.824275e-15   9.398251e-04   1.221834e-17   22128
  1.430079e+00   1.828659e-15   9.741612e-04   1.227072e-17   22446
  1.433489e+00   1.758476e-15   9.547049e-04   1.195409e-17   22848
  1.436865e+00   1.784602e-15   9.559285e-04   1.188296e-17   23208
  1.440318e+00   1.779542e-15   9.839042e-04   1.193902e-17   22536
  1.443716e+00   1.742893e-15   9.977885e-04   1.169726e-17   22586
  1.447106e+00   1.760484e-15   1.017372e-03   1.164836e-17   24096
  1.450516e+00   1.735612e-15   9.545662e-04   1.175313e-17   22440
  1.453882e+00   1.738802e-15   1.040231e-03   1.150823e-17   23400
  1.457251e+00   1.680890e-15   9.449552e-04   1.123974e-17   23232
  1.460730e+00   1.685737e-15   9.950400e-04   1.105302e-17   23886
  1.464083e+00   1.658146e-15   9.568206e-04   1.124401e-17   23376
  1.467479e+00   1.656804e-15   9.653968e-04   1.099755e-17   23540
  1.470837e+00   1.625291e-15   9.576052e-04   1.061650e-17   24240
  1.474322e+00   1.625886e-15   1.007568e-03   1.073302e-17   23952
  1.477751e+00   1.611518e-15   9.425996e-04   1.063679e-17   24006
  1.481188e+00   1.587567e-15   1.057459e-03   1.005228e-17   25560
  1.484513e+00   1.585473e-15   9.375935e-04   1.071825e-17   22728
  1.487845e+00   1.561705e-15   9.449672e-04   1.026054e-17   23556
  1.491222e+00   1.548388e-15   9.861154e-04   1.010838e-17   25398
  1.494647e+00   1.575791e-15   9.661087e-04   1.026506e-17   24088
  1.498058e+00   1.544241e-15   1.005693e-03   9.756475e-18   25696
  1.501476e+00   1.531791e-15   9.445009e-04   1.014515e-17   24144
  1.504866e+00   1.470477e-15   1.009435e-03   9.490550e-18   25560
  1.508279e+00   1.481551e-15   9.311536e-04   9.812976e-18   24246
  1.511702e+00   1.507874e-15   9.886422e-04   9.485340e-18   26292
  1.515117e+00   1.467659e-15   9.750958e-04   9.508112e-18   25200
  1.518516e+00   1.454570e-15   1.015518e-03   9.327531e-18   25296
  1.521840e+00   1.430942e-15   9.273872e-04   9.351660e-18   24192
  1.525374e+00   1.426403e-15   1.024084e-03   8.599943e-18   28646
  1.528819e+00   1.413854e-15   9.416682e-04   9.232749e-18   24552
  1.532197e+00   1.409186e-15   9.871622e-04   9.044362e-18   25788
  1.535497e+00   1.391072e-15   9.319875e-04   9.008018e-18   25272
  1.538910e+00   1.361675e-15   1.008561e-03   8.721606e-18   26118
  1.542254e+00   1.369161e-15   9.872169e-04   8.707839e-18   26016
  1.545754e+00   1.347270e-15   9.973691e-04   8.255661e-18   27792
  1.549107e+00   1.347375e-15   9.782537e-04   8.746163e-18   25072
  1.552489e+00   1.322245e-15   1.013302e-03   8.201347e-18   26824
  1.555876e+00   1.329136e-15   9.251742e-04   8.464477e-18   26106
  1.559322e+00   1.307707e-15   1.018165e-03   7.986991e-18   28296
  1.562736e+00   1.305593e-15   9.795929e-04   8.200027e-18   26640
  1.566139e+00   1.274368e-15   9.326427e-04   8.001122e-18   26064
  1.569509e+00   1.281065e-15   1.023197e-03   7.703357e-18   27822
  1.572858e+00   1.286666e-15   9.509197e-04   8.252488e-18   26160
  1.576250e+00   1.277690e-15   1.045692e-03   7.868512e-18   28108
  1.579675e+00   1.264199e-15   9.994315e-04   7.870347e-18   27664
  1.583072e+00   1.248914e-15   9.941707e-04   7.642450e-18   27600
  1.586528e+00   1.224595e-15   9.963156e-04   7.512418e-18   27510
  1.589938e+00   1.232556e-15   9.859005e-04   7.523506e-18   28848
  1.593332e+00   1.201667e-15   9.762803e-04   7.413640e-18   27744
  1.596742e+00   1.204345e-15   9.511846e-04   7.282382e-18   27888
  1.600131e+00   1.195334e-15   9.670142e-04   7.408021e-18   27780
  1.603528e+00   1.198843e-15   9.742031e-04   7.270224e-18   28734
  1.606889e+00   1.182126e-15   1.005991e-03   7.236047e-18   28232
  1.610329e+00   1.172351e-15   1.000286e-03   6.990825e-18   29016
  1.613693e+00   1.158842e-15   9.883033e-04   6.994545e-18   28056
  1.617078e+00   1.164061e-15   9.591200e-04   7.058978e-18   28710
  1.620494e+00   1.150350e-15   1.013131e-03   6.890927e-18   29220
  1.624041e+00   1.117934e-15   1.036386e-03   6.560541e-18   31584
  1.627400e+00   1.109941e-15   9.553743e-04   6.907309e-18   26904
  1.630674e+00   1.114577e-15   9.285874e-04   6.811996e-18   28512
  1.634161e+00   1.097763e-15   1.000248e-03   6.392060e-18   30878
  1.637619e+00   1.099973e-15   1.004557e-03   6.451696e-18   30408
  1.641002e+00   1.096721e-15   9.703596e-04   6.567197e-18   28632
  1.644329e+00   1.075700e-15   9.338123e-04   6.415731e-18   28764
  1.647688e+00   1.067555e-15   1.038911e-03   6.278405e-18   30630
  1.651141e+00   1.057185e-15   9.619060e-04   6.310140e-18   30240
  1.654600e+00   1.063657e-15   9.855083e-04   6.234912e-18   31008
  1.657971e+00   1.050234e-15   9.439236e-04   6.339544e-18   29240
  1.661283e+00   1.024418e-15   9.632944e-04   6.131202e-18   30000
  1.664737e+00   1.029597e-15   1.019644e-03   6.035445e-18   30978
  1.668138e+00   1.007915e-15   9.612856e-04   5.921073e-18   30696
  1.671525e+00   1.015508e-15   1.007582e-03   5.915370e-18   31320
  1.674870e+00   9.941329e-16   9.416567e-04   5.991490e-18   29280
  1.678263e+00   9.878084e-16   1.006944e-03   5.775071e-18   31488
  1.681653e+00   9.848500e-16   9.453471e-04   5.743102e-18   31326
  1.685080e+00   9.859339e-16   1.015014e-03   5.792749e-18   31480
  1.688539e+00   9.816707e-16   9.846423e-04   5.615733e-18   32572
  1.691988e+00   9.609660e-16   9.852371e-04   5.575846e-18   31296
  1.695337e+00   9.603787e-16   9.580987e-04   5.695873e-18   30798
  1.698756e+00   9.642253e-16   1.019947e-03   5.612695e-18   32256
  1.702112e+00   9.448544e-16   9.851718e-04   5.416451e-18   32088
  1.705471e+00   9.388450e-16   9.749849e-04   5.552755e-18   30936
  1.708872e+00   9.363331e-16   1.013665e-03   5.334874e-18   33036
  1.712340e+00   9.138645e-16   9.814605e-04   5.349578e-18   31846
  1.715716e+00   9.161077e-16   1.000452e-03   5.125814e-18   33832
  1.719107e+00   9.093689e-16   9.267229e-04   5.344740e-18   30912
  1.722470e+00   8.953796e-16   9.718409e-04   5.120639e-18   32976
  1.725849e+00   8.867533e-16   9.589091e-04   5.041175e-18   32712
  1.729299e+00   8.848239e-16   9.694589e-04   4.975850e-18   33438
  1.732697e+00   8.942560e-16   9.759808e-04   5.079580e-18   32556
  1.736008e+00   8.733358e-16   9.673595e-04   4.979058e-18   33144
  1.739423e+00   8.748359e-16   9.568897e-04   5.008387e-18   33504
  1.742928e+00   8.610393e-16   9.907617e-04   4.901792e-18   33542
  1.746251e+00   8.604953e-16   9.761088e-04   4.833442e-18   33768
  1.749697e+00   8.503462e-16   9.890657e-04   4.704387e-18   34368
  1.753059e+00   8.515617e-16   9.398519e-04   4.879099e-18   32856
  1.756491e+00   8.371916e-16   9.718883e-04   4.633126e-18   34524
  1.759859e+00   8.373908e-16   9.230442e-04   4.794249e-18   33510
  1.763319e+00   8.318968e-16   1.033008e-03   4.546921e-18   35856
  1.766738e+00   8.201126e-16   9.789033e-04   4.690142e-18   33888
  1.770094e+00   8.116663e-16   9.592478e-04   4.634814e-18   33752
  1.773444e+00   8.073506e-16   1.008735e-03   4.441842e-18   34902
  1.776965e+00   8.047775e-16   9.868343e-04   4.475944e-18   35484
  1.780394e+00   8.024624e-16   1.015830e-03   4.390433e-18   36648
  1.783785e+00   7.814863e-16   9.394377e-04   4.460567e-18   33000
  1.787135e+00   7.840992e-16   1.015728e-03   4.299800e-18   35520
  1.790596e+00   7.742757e-16   9.921111e-04   4.218582e-18   36078
  1.793965e+00   7.865573e-16   9.711127e-04   4.406677e-18   34992
  1.797329e+00   7.691552e-16   9.608864e-04   4.307243e-18   35072
  1.800764e+00   7.635117e-16   1.007567e-03   4.127326e-18   36876
  1.804084e+00   7.573622e-16   9.316889e-04   4.419812e-18   33216
  1.807491e+00   7.482982e-16   1.032331e-03   3.998915e-18   38382
  1.810984e+00   7.416923e-16   9.682750e-04   4.084066e-18   36072
  1.814418e+00   7.392018e-16   9.696935e-04   3.993969e-18   37464
  1.817773e+00   7.336124e-16   9.320563e-04   4.154803e-18   34416
  1.821192e+00   7.389564e-16   1.021416e-03   3.962835e-18   37386
  1.824585e+00   7.390919e-16   9.752191e-04   4.050368e-18   37040
  1.827967e+00   7.275761e-16   9.494317e-04   3.972582e-18   36240
  1.831325e+00   7.160436e-16   1.012861e-03   3.911363e-18   36432
  1.834733e+00   7.022857e-16   9.562728e-04   3.806082e-18   37560
  1.838152e+00   7.074591e-16   9.909694e-04   3.889447e-18   37350
  1.841634e+00   6.989281e-16   1.013075e-03   3.749613e-18   38616
  1.845012e+00   6.885140e-16   9.549061e-04   3.769661e-18   37092
  1.848409e+00   6.885627e-16   9.182933e-04   3.740535e-18   37272
  1.851799e+00   6.691558e-16   1.011002e-03   3.606721e-18   37616
  1.855230e+00   6.755285e-16   9.791045e-04   3.554678e-18   38478
  1.858608e+00   6.801814e-16   9.948864e-04   3.666917e-18   37992
  1.861981e+00   6.730232e-16   9.755720e-04   3.610990e-18   38232
  1.865360e+00   6.601076e-16   9.561314e-04   3.592260e-18   36708
  1.868749e+00   6.550427e-16   1.000812e-03   3.472272e-18   39534
  1.872173e+00   6.656171e-16   1.002785e-03   3.553082e-18   39336
  1.875572e+00   6.536029e-16   9.646922e-04   3.519756e-18   37624
  1.878977e+00   6.409855e-16   9.870851e-04   3.348815e-18   40408
  1.882408e+00   6.349911e-16   9.441395e-04   3.407475e-18   38256
  1.885822e+00   6.365296e-16   9.645504e-04   3.364311e-18   39438
  1.889268e+00   6.310924e-16   9.952977e-04   3.293310e-18   40524
  1.892622e+00   6.324222e-16   9.396870e-04   3.376833e-18   38448
  1.896001e+00   6.232979e-16   9.889896e-04   3.308861e-18   39312
  1.899370e+00   6.188321e-16   9.454305e-04   3.347761e-18   38718
  1.902752e+00   6.164578e-16   1.008786e-03   3.274779e-18   40872
  1.906153e+00   6.080501e-16   9.579164e-04   3.231912e-18   40088
  1.909607e+00   6.078909e-16   1.021028e-03   3.229195e-18   40644
  1.913014e+00   5.957820e-16   9.580841e-04   3.161147e-18   40176
  1.916440e+00   5.926069e-16   1.015811e-03   3.086596e-18   40998
  1.919781e+00   6.075678e-16   9.315444e-04   3.302543e-18   39192
  1.923177e+00   5.961581e-16   9.835940e-04   3.153740e-18   41640
  1.926591e+00   5.880463e-16   9.865853e-04   3.111660e-18   41400
  1.929954e+00   5.830254e-16   9.710201e-04   3.182440e-18   38640
  1.933373e+00   5.838469e-16   9.964131e-04   2.958654e-18   43658
  1.936792e+00   5.750546e-16   9.582756e-04   3.051582e-18   40608
  1.940176e+00   5.731898e-16   9.782447e-04   2.968511e-18   41880
  1.943631e+00   5.737379e-16   9.669901e-04   3.017385e-18   41712
  1.947085e+00   5.667625e-16   1.009457e-03   2.898278e-18   42942
  1.950463e+00   5.651767e-16   9.589570e-04   2.969504e-18   40896
  1.953853e+00   5.599752e-16   9.879975e-04   2.900421e-18   42708
  1.957213e+00   5.635849e-16   9.351117e-04   2.985232e-18   40968
  1.960629e+00   5.473669e-16   1.015965e-03   2.804562e-18   43496
  1.964036e+00   5.510938e-16   9.725754e-04   2.891199e-18   41454
  1.967447e+00   5.455630e-16   1.004526e-03   2.775784e-18   43704
  1.970751e+00   5.348547e-16   9.256831e-04   2.813065e-18   41208
  1.974178e+00   5.331504e-16   1.015706e-03   2.714729e-18   43944
  1.977639e+00   5.304694e-16   9.801018e-04   2.767386e-18   43218
  1.981069e+00   5.266615e-16   9.835304e-04   2.715716e-18   44136
  1.984421e+00   5.276623e-16   9.689214e-04   2.722893e-18   42304
  1.987802e+00   5.243271e-16   9.842599e-04   2.671743e-18   43096
  1.991130e+00   5.223231e-16   9.631295e-04   2.677057e-18   43464
  1.994604e+00   2.753905e-16   1.004342e-03   2.220413e-18   44382
  1.998002e+00   6.736697e-19   1.003266e-03   3.810809e-21   44316
  2.001426e+00   6.710062e-19   9.893154e-04   3.754386e-21   44592
  2.004809e+00   6.366564e-19   9.680892e-04   3.666353e-21   44328
  2.008236e+00   5.957620e-19   9.523162e-04   3.405007e-21   43560
  2.011631e+00   5.991095e-19   9.817514e-04   3.424724e-21   44763
  2.015012e+00   5.583434e-19   9.843293e-04   3.180209e-21   44216
  2.018416e+00   5.292613e-19   1.002968e-03   2.979904e-21   45144
  2.021845e+00   5.248478e-19   9.533111e-04   3.052211e-21   42876
  2.025221e+00   5.072442e-19   1.039094e-03   2.870919e-21   46164
  2.028603e+00   4.763230e-19   9.538972e-04   2.743475e-21   42360
  2.032052e+00   4.547588e-19   1.004468e-03   2.535588e-21   45324
  2.035424e+00   4.506132e-19   9.995889e-04   2.594453e-21   43320
  2.038817e+00   4.232421e-19   1.007297e-03   2.376125e-21   44580
  2.042292e+00   4.124798e-19   1.006134e-03   2.272897e-21   44468
  2.045700e+00   4.054807e-19   9.571103e-04   2.299986e-21   43416
  2.049007e+00   3.939742e-19   9.503154e-04   2.263908e-21   42264
  2.052427e+00   3.745104e-19   9.982480e-04   2.029641e-21   44580
  2.055855e+00   3.671172e-19   1.013336e-03   2.028678e-21   43824
  2.059268e+00   3.584570e-19   9.523479e-04   1.970629e-21   43392
  2.062640e+00   3.434965e-19   9.709336e-04   1.897438e-21   43296
  2.066077e+00   3.324853e-19   9.345634e-04   1.829676e-21   42656
  2.069429e+00   3.319152e-19   9.980838e-04   1.831988e-21   43728
  2.072869e+00   3.174761e-19   1.006399e-03   1.745683e-21   43536
  2.076268e+00   3.095225e-19   1.001616e-03   1.687880e-21   42180
  2.079670e+00   3.078189e-19   9.698728e-04   1.651709e-21   44136
  2.083087e+00   2.963599e-19   9.773400e-04   1.603047e-21   42372
  2.086460e+00   2.900796e-19   9.552676e-04   1.592360e-21   41604
  2.089832e+00   2.878308e-19   1.006521e-03   1.555587e-21   43440
  2.093239e+00   2.736230e-19   1.007289e-03   1.452214e-21   42488
  2.096600e+00   2.710619e-19   9.671663e-04   1.473226e-21   41496
  2.100046e+00   2.726182e-19   1.009561e-03   1.444723e-21   44112
  2.103476e+00   2.651263e-19   9.627245e-04   1.426140e-21   41688
  2.106847e+00   2.581996e-19   1.002887e-03   1.372246e-21   42276
  2.110231e+00   2.555673e-19   9.673004e-04   1.390989e-21   41172
  2.113637e+00   2.466451e-19   1.014189e-03   1.276669e-21   43536
  2.117060e+00   2.452741e-19   9.440682e-04   1.301759e-21   41496
  2.120446e+00   2.409397e-19   1.001696e-03   1.307269e-21   40764
  2.123824e+00   2.373819e-19   9.829124e-04   1.243230e-21   43220
  2.127251e+00   2.334097e-19   9.741948e-04   1.244976e-21   41076
  2.130650e+00   2.266574e-19   9.736862e-04   1.191167e-21   41532
  2.134066e+00   2.281010e-19   9.913433e-04   1.220819e-21   41928
  2.137452e+00   2.213884e-19   9.489903e-04   1.178149e-21   41412
  2.140836e+00   2.205178e-19   9.876425e-04   1.189894e-21   40032
  2.144200e+00   2.166715e-19   9.795004e-04   1.129786e-21   41880
  2.147583e+00   2.158143e-19   9.747362e-04   1.155942e-21   40264
  2.151008e+00   2.078609e-19   9.980952e-04   1.070100e-21   42592
  2.154444e+00   2.062267e-19   9.574599e-04   1.091972e-21   39588
  2.157836e+00   2.061037e-19   9.899106e-04   1.063471e-21   42180
  2.161205e+00   2.006466e-19   9.550806e-04   1.080913e-21   39240
  2.164591e+00   1.978607e-19   1.002498e-03   1.018387e-21   40920
  2.168021e+00   1.966277e-19   9.895186e-04   1.026915e-21   41184
  2.171435e+00   1.931247e-19   9.802064e-04   1.007773e-21   40872
  2.174814e+00   1.894987e-19   9.323587e-04   9.929638e-22   38748
  2.178230e+00   1.922211e-19   9.923713e-04   1.004417e-21   41420
  2.181596e+00   1.840872e-19   9.733624e-04   9.830835e-22   39816
  2.185019e+00   1.829945e-19   9.758566e-04   9.544488e-22   39792
  2.188398e+00   1.794954e-19   9.322510e-04   9.570798e-22   39816
  2.191853e+00   1.820909e-19   1.007568e-03   9.412035e-22   41064
  2.195255e+00   1.794054e-19   9.665765e-04   9.380923e-22   39204
  2.198703e+00   1.753033e-19   1.019970e-03   9.177347e-22   40080
  2.202014e+00   1.749795e-19   9.424963e-04   9.327978e-22   38332
  2.205420e+00   1.736637e-19   9.836872e-04   9.181559e-22   39952
  2.208814e+00   1.679468e-19   9.826829e-04   8.891299e-22   39000
  2.212292e+00   1.682658e-19   1.009126e-03   8.859543e-22   40356
  2.215686e+00   1.663032e-19   9.900841e-04   8.725731e-22   39300
  2.219073e+00   1.614993e-19   9.768590e-04   8.710067e-22   37452
  2.222434e+00   1.619232e-19   9.686015e-04   8.541113e-22   39732
  2.225893e+00   1.617562e-19   9.735156e-04   8.557867e-22   39312
  2.229261e+00   1.594015e-19   9.899780e-04   8.549827e-22   37632
  2.232646e+00   1.551476e-19   9.733727e-04   8.531125e-22   38420
  2.236046e+00   1.563660e-19   1.005997e-03   8.201736e-22   39564
  2.239457e+00   1.548702e-19   9.680250e-04   8.443721e-22   37236
  2.242822e+00   1.515428e-19   9.786551e-04   8.075522e-22   38100
  2.246202e+00   1.501996e-19   9.621843e-04   8.207362e-22   38208
  2.249650e+00   1.490720e-19   1.001343e-03   7.950274e-22   39072
  2.253028e+00   1.475747e-19   9.255374e-04   8.243842e-22   36192
  2.256433e+00   1.479057e-19   1.000569e-03   7.862657e-22   38928
  2.259875e+00   1.434425e-19   9.940952e-04   7.674223e-22   38768
  2.263364e+00   1.430465e-19   9.767718e-04   7.692102e-22   37596
  2.266775e+00   1.431201e-19   9.724364e-04   7.785190e-22   37296
  2.270122e+00   1.414569e-19   9.733477e-04   7.771067e-22   36948
  2.273485e+00   1.400598e-19   9.983394e-04   7.624640e-22   37248
  2.276967e+00   1.373467e-19   9.858991e-04   7.475628e-22   37152
  2.280308e+00   1.359706e-19   9.842197e-04   7.349718e-22   37512
  2.283721e+00   1.346687e-19   9.421972e-04   7.656885e-22   35876
  2.287109e+00   1.336853e-19   1.004095e-03   7.434304e-22   36936
  2.290550e+00   1.321223e-19   1.000342e-03   7.305399e-22   38028
  2.293967e+00   1.312637e-19   9.518210e-04   7.411994e-22   35592
  2.297304e+00   1.297381e-19   9.445855e-04   7.363341e-22   35508
  2.300680e+00   1.282765e-19   9.795177e-04   7.218930e-22   36492
  2.304133e+00   1.283475e-19   1.010473e-03   7.157279e-22   37608
  2.307551e+00   1.249585e-19   9.970499e-04   7.229204e-22   34848
  2.310869e+00   1.264342e-19   9.351021e-04   7.247418e-22   35220
  2.314285e+00   1.257754e-19   9.755168e-04   7.100712e-22   36884
  2.317699e+00   1.235820e-19   9.681382e-04   7.115314e-22   35412
  2.321162e+00   1.212726e-19   1.002430e-03   6.864692e-22   35652
  2.324531e+00   1.209265e-19   1.002197e-03   6.847595e-22   36072
  2.327908e+00   1.200716e-19   9.658515e-04   7.077927e-22   34368
  2.331324e+00   1.179462e-19   9.783685e-04   6.789180e-22   35484
  2.334741e+00   1.170762e-19   9.684744e-04   6.888115e-22   35256
  2.338088e+00   1.146755e-19   1.008122e-03   6.647631e-22   34476
  2.341506e+00   1.125919e-19   9.890537e-04   6.640887e-22   34916
  2.344896e+00   1.152048e-19   9.753182e-04   6.918410e-22   34596
  2.348289e+00   1.130626e-19   9.540538e-04   6.627340e-22   34656
  2.351696e+00   1.118955e-19   9.882911e-04   6.558821e-22   34596
  2.355125e+00   1.107077e-19   9.587525e-04   6.663585e-22   33984
  2.358476e+00   1.100354e-19   9.788210e-04   6.625811e-22   34080
  2.361852e+00   1.083401e-19   9.830509e-04   6.430016e-22   34140
  2.365304e+00   1.081430e-19   1.015340e-03   6.409470e-22   33804
  2.368719e+00   1.073531e-19   9.759441e-04   6.514242e-22   35096
  2.372155e+00   1.071278e-19   9.675675e-04   6.536662e-22   33108
  2.375492e+00   1.054816e-19   9.625095e-04   6.553517e-22   32280
  2.378878e+00   1.052899e-19   9.798228e-04   6.403855e-22   34404
  2.382324e+00   1.025259e-19   9.998368e-04   6.199022e-22   34248
  2.385781e+00   1.005884e-19   9.368618e-04   6.328027e-22   32016
  2.389171e+00   1.019102e-19   9.889111e-04   6.131811e-22   34344
  2.392588e+00   1.011069e-19   9.508792e-04   6.307422e-22   32024
  2.395887e+00   9.938408e-20   9.856404e-04   6.232234e-22   31908
  2.399315e+00   9.990855e-20   9.877149e-04   6.129082e-22   33192
  2.402753e+00   9.923774e-20   1.023393e-03   6.109524e-22   33288
  2.406122e+00   9.724677e-20   9.318436e-04   6.124501e-22   31356
  2.409537e+00   9.648877e-20   1.008572e-03   5.988263e-22   32496
  2.412934e+00   9.648075e-20   9.586275e-04   6.175704e-22   31944
  2.416251e+00   9.497905e-20   9.843477e-04   6.061751e-22   31512
  2.419642e+00   9.283890e-20   9.554269e-04   5.999723e-22   31156
  2.423118e+00   9.409824e-20   1.006701e-03   5.878581e-22   33352
  2.426525e+00   9.422354e-20   9.764504e-04   6.083617e-22   31344
  2.429966e+00   9.064833e-20   1.011019e-03   5.942689e-22   31068
  2.433353e+00   9.209014e-20   9.971418e-04   5.990951e-22   31752
  2.436684e+00   9.098421e-20   9.204472e-04   6.089494e-22   29868
  2.440099e+00   9.009204e-20   1.011444e-03   5.906705e-22   32052
  2.443539e+00   8.869404e-20   9.596990e-04   5.896265e-22   30012
  2.446898e+00   8.798882e-20   1.006915e-03   5.747566e-22   31520
  2.450354e+00   8.593944e-20   9.844685e-04   5.750564e-22   30648
  2.453706e+00   8.584943e-20   9.710870e-04   5.774069e-22   29304
  2.457112e+00   8.762364e-20   9.628022e-04   5.842297e-22   31140
  2.460584e+00   8.607302e-20   1.025697e-03   5.672925e-22   31320
  2.463992e+00   8.330778e-20   9.680019e-04   5.774686e-22   28356
  2.467346e+00   8.471309e-20   9.894595e-04   5.833620e-22   30288
  2.470691e+00   8.398961e-20   9.833600e-04   5.968816e-22   29472
  2.474056e+00   8.232624e-20   9.720749e-04   5.891123e-22   28716
  2.477529e+00   8.120879e-20   9.646939e-04   5.473222e-22   30740
  2.480961e+00   8.083058e-20   9.839130e-04   5.490078e-22   29304
  2.484327e+00   7.955116e-20   9.799311e-04   5.581408e-22   28476
  2.487752e+00   7.820537e-20   9.925668e-04   5.382357e-22   29304
  2.491155e+00   8.074127e-20   9.914075e-04   5.626354e-22   29280
  2.494601e+00   7.933977e-20   9.888067e-04   5.586226e-22   29100
  2.498031e+00   7.621692e-20   9.693726e-04   5.576460e-22   27816
  2.501330e+00   7.931834e-20   9.737231e-04   5.822417e-22   27692
  2.504737e+00   7.513111e-20   1.012495e-03   5.325433e-22   29724
  2.508211e+00   7.510819e-20   9.651031e-04   5.540975e-22   27240
  2.511571e+00   7.663093e-20   9.380122e-04   5.579463e-22   27588
  2.514934e+00   7.412193e-20   9.761300e-04   5.460222e-22   28560
  2.518371e+00   7.364367e-20   9.886158e-04   5.584637e-22   26952
  2.521774e+00   7.389393e-20   9.897907e-04   5.559660e-22   27516
  2.525163e+00   7.301987e-20   1.000219e-03   5.448913e-22   28344
  2.528599e+00   7.327472e-20   9.851718e-04   5.662260e-22   26196
  2.531920e+00   7.145224e-20   9.634803e-04   5.418773e-22   26360
  2.535324e+00   7.202749e-20   9.960409e-04   5.261872e-22   28152
  2.538760e+00   7.064692e-20   9.632402e-04   5.536725e-22   25896
  2.542127e+00   6.805936e-20   9.862139e-04   5.226166e-22   26592
  2.545539e+00   6.949473e-20   9.442321e-04   5.367599e-22   26568
  2.548976e+00   6.893957e-20   9.991750e-04   5.268403e-22   26832
  2.552322e+00   6.607661e-20   9.474214e-04   5.292764e-22   24972
  2.555791e+00   6.973359e-20   9.989695e-04   5.354501e-22   27000
  2.559168e+00   6.657039e-20   9.577813e-04   5.281912e-22   25448
  2.562535e+00   6.713458e-20   9.902443e-04   5.435861e-22   25476
  2.565992e+00   6.625240e-20   9.706909e-04   5.282839e-22   25152
  2.569333e+00   6.568656e-20   9.951122e-04   5.294995e-22   25968
  2.572775e+00   6.375174e-20   9.906648e-04   5.103609e-22   25320
  2.576210e+00   6.307509e-20   9.358363e-04   5.248858e-22   23796
  2.579496e+00   6.553029e-20   9.822477e-04   5.264730e-22   25500
  2.582914e+00   6.491418e-20   9.788363e-04   5.413085e-22   24420
  2.586378e+00   6.134548e-20   1.013161e-03   5.157080e-22   24656
  2.589722e+00   6.427869e-20   9.599232e-04   5.368068e-22   24036
  2.593114e+00   6.332557e-20   9.927315e-04   5.325545e-22   24528
  2.596483e+00   5.900708e-20   9.590289e-04   5.167643e-22   23004
  2.599888e+00   6.255171e-20   9.848565e-04   5.305575e-22   24576
  2.603308e+00   6.127964e-20   9.407132e-04   5.370821e-22   23736
  2.606725e+00   5.864458e-20   9.994817e-04   5.102098e-22   23712
  2.610164e+00   6.031884e-20   9.704406e-04   5.198030e-22   22992
  2.613550e+00   6.001684e-20   9.637349e-04   5.367926e-22   23984
  2.616935e+00   5.856529e-20   9.626269e-04   5.324632e-22   22344
  2.620337e+00   5.785099e-20   9.768169e-04   5.172665e-22   22536
  2.623720e+00   5.856928e-20   9.667935e-04   5.123833e-22   23268
  2.627096e+00   5.819043e-20   9.929071e-04   5.368309e-22   22152
  2.630500e+00   5.465631e-20   9.804448e-04   5.006371e-22   22068
  2.633988e+00   5.695869e-20   1.006815e-03   5.045988e-22   23664
  2.637353e+00   5.629623e-20   9.350088e-04   5.427162e-22   20640
  2.640713e+00   5.451003e-20   9.923052e-04   5.090305e-22   22376
  2.644179e+00   5.582829e-20   9.759242e-04   5.338099e-22   21444
  2.647520e+00   5.584701e-20   1.011260e-03   5.230281e-22   21576
  2.650919e+00   5.353513e-20   1.002590e-03   5.143116e-22   21660
  2.654412e+00   5.357302e-20   1.013805e-03   5.166148e-22   20916
  2.657789e+00   5.497956e-20   9.944119e-04   5.338851e-22   21504
  2.661144e+00   5.172379e-20   9.476635e-04   5.219878e-22   20508
  2.664583e+00   5.152400e-20   1.012559e-03   5.262865e-22   20036
  2.667961e+00   5.464991e-20   9.799347e-04   5.381410e-22   21276
  2.671380e+00   5.082966e-20   9.701273e-04   5.092149e-22   20652
  2.674793e+00   4.844881e-20   9.654062e-04   5.099802e-22   18696
  2.678197e+00   5.247134e-20   1.010458e-03   5.162152e-22   21504
  2.681608e+00   5.114543e-20   9.449905e-04   5.316261e-22   19284
  2.685012e+00   4.598341e-20   1.019116e-03   4.790225e-22   19356
  2.688395e+00   4.929386e-20   9.630933e-04   5.307135e-22   19236
  2.691747e+00   5.209365e-20   9.819342e-04   5.706084e-22   19476
  2.695170e+00   4.498249e-20   1.021783e-03   4.792729e-22   19184
  2.698647e+00   4.813446e-20   9.898888e-04   5.153536e-22   18852
  2.702034e+00   5.080655e-20   9.582506e-04   5.559775e-22   18876
  2.705357e+00   4.456040e-20   9.961544e-04   4.920656e-22   18336
  2.708799e+00   4.339533e-20   9.995508e-04   4.763708e-22   17820
  2.712259e+00   5.004768e-20   1.008841e-03   5.642397e-22   19392
  2.715616e+00   4.396982e-20   9.989261e-04   5.047394e-22   17616
  2.718949e+00   4.124647e-20   9.403994e-04   4.769817e-22   16320
  2.722413e+00   4.728592e-20   1.018465e-03   5.323431e-22   19292
  2.725776e+00   4.454420e-20   9.756316e-04   5.382550e-22   17112
  2.729283e+00   4.092442e-20   9.888233e-04   4.844550e-22   17388
  2.732704e+00   4.340663e-20   9.257555e-04   5.585867e-22   16692
  2.735930e+00   4.461341e-20   9.792720e-04   5.482962e-22   16956
  2.739452e+00   3.893347e-20   9.876901e-04   4.543969e-22   17040
  2.742894e+00   4.129472e-20   9.773330e-04   5.135732e-22   16092
  2.746164e+00   4.444371e-20   9.706985e-04   5.712477e-22   16380
  2.749642e+00   3.842924e-20   9.977628e-04   4.755489e-22   16688
  2.753053e+00   3.682237e-20   9.980974e-04   4.759427e-22   14940
  2.756401e+00   4.303855e-20   1.003592e-03   5.498916e-22   16668
  2.759872e+00   3.758761e-20   9.800161e-04   4.929694e-22   15804
  2.763238e+00   3.669762e-20   9.732068e-04   5.095418e-22   14280
  2.766639e+00   4.087617e-20   9.580540e-04   5.340407e-22   16068
  2.770034e+00   3.666547e-20   9.764201e-04   5.060788e-22   15048
  2.773410e+00   3.598277e-20   9.951146e-04   5.221420e-22   13940
  2.776793e+00   3.618542e-20   9.510677e-04   5.049950e-22   15072
  2.780185e+00   3.665203e-20   1.013899e-03   5.034916e-22   14808
  2.783543e+00   3.341509e-20   9.414253e-04   4.950774e-22   13200
  2.786996e+00   3.377764e-20   9.972653e-04   4.675898e-22   15156
  2.790453e+00   3.604982e-20   9.725079e-04   5.544596e-22   13788
  2.793844e+00   3.232337e-20   9.584580e-04   5.165308e-22   13608
  2.797233e+00   3.051647e-20   9.137161e-04   4.299264e-22   13224
  2.800612e+00   3.493835e-20   9.851237e-04   5.501284e-22   13320
  2.803972e+00   3.147821e-20   9.713652e-04   4.856042e-22   13220
  2.807429e+00   2.839726e-20   9.817789e-04   4.145924e-22   12984
  2.810903e+00   3.191537e-20   9.937490e-04   5.124108e-22   12780
  2.814182e+00   2.831921e-20   9.405135e-04   4.690564e-22   12360
  2.817641e+00   2.844761e-20   9.894990e-04   4.356156e-22   12480
  2.821091e+00   2.833365e-20   9.611149e-04   4.670635e-22   11892
  2.824384e+00   2.712082e-20   9.964972e-04   4.262062e-22   12192
  2.827831e+00   2.654725e-20   9.769214e-04   4.179408e-22   11328
  2.831260e+00   2.449639e-20   1.035957e-03   4.055200e-22   12020
  2.834610e+00   2.600310e-20   9.524676e-04   4.544532e-22   11052
  2.838092e+00   2.247623e-20   1.011816e-03   3.686978e-22   11304
  2.841356e+00   2.177774e-20   9.310152e-04   3.777946e-22   10368
  2.844694e+00   2.156425e-20   9.688111e-04   3.443089e-22   10899
  2.848216e+00   2.172438e-20   9.712629e-04   3.788649e-22   10752
  2.851560e+00   2.029615e-20   9.748745e-04   3.511810e-22   10446
  2.855007e+00   2.026923e-20   9.594983e-04   3.260451e-22   10092
  2.858423e+00   1.808945e-20   9.722089e-04   2.920330e-22   10220
  2.861722e+00   1.982716e-20   9.522226e-04   3.424653e-22   9636
  2.865233e+00   1.776952e-20   9.795968e-04   2.792731e-22   10020
  2.868677e+00   1.680313e-20   1.017742e-03   2.941079e-22   9906
  2.872011e+00   1.725674e-20   9.440243e-04   2.890869e-22   8940
  2.875468e+00   1.654781e-20   9.573450e-04   2.742651e-22   9558
  2.878844e+00   1.647197e-20   1.042557e-03   2.866479e-22   9180
  2.882185e+00   1.603716e-20   9.980883e-04   2.761100e-22   8674
  2.885679e+00   1.525124e-20   9.921159e-04   2.545110e-22   9454
  2.889055e+00   1.370708e-20   1.019679e-03   2.365000e-22   8316
  2.892409e+00   1.445011e-20   1.005575e-03   2.340815e-22   8622
  2.895912e+00   1.386619e-20   9.984805e-04   2.278930e-22   9006
  2.899261e+00   1.275259e-20   1.006426e-03   2.292916e-22   7698
  2.902617e+00   1.367550e-20   9.656669e-04   2.229818e-22   8406
  2.906123e+00   1.276036e-20   1.030423e-03   2.148131e-22   8646
  2.909458e+00   1.211448e-20   9.790969e-04   2.354133e-22   7014
  2.912801e+00   1.270123e-20   9.732754e-04   2.075566e-22   8510
  2.916355e+00   1.175972e-20   1.025772e-03   1.921664e-22   7890
  2.919690e+00   1.062500e-20   9.840041e-04   1.904318e-22   6966
  2.922978e+00   1.141547e-20   9.405721e-04   1.876091e-22   7902
  2.926483e+00   1.074976e-20   1.025831e-03   1.756794e-22   7278
  2.929893e+00   9.779049e-21   1.007738e-03   1.681344e-22   7338
  2.933248e+00   1.057281e-20   9.333698e-04   1.880195e-22   7254
  2.936686e+00   1.043950e-20   1.005241e-03   1.842864e-22   6678
  2.940020e+00   9.802182e-21   1.004294e-03   1.767505e-22   7286
  2.943557e+00   1.039367e-20   9.935741e-04   1.938893e-22   7200
  2.947070e+00   9.626189e-21   9.643759e-04   1.861711e-22   6234
  2.950183e+00   8.667011e-21   9.665943e-04   1.549094e-22   6630
  2.953710e+00   9.376396e-21   9.967120e-04   1.737328e-22   6822
  2.957208e+00   8.186138e-21   9.389826e-04   1.405258e-22   6078
  2.960394e+00   8.419682e-21   9.982063e-04   1.467225e-22   6528
  2.963920e+00   9.144648e-21   9.540002e-04   1.684858e-22   6034
  2.967295e+00   7.244471e-21   9.769421e-04   1.236661e-22   6190
  2.970648e+00   8.128434e-21   1.003693e-03   1.438608e-22   6270
  2.974190e+00   8.255290e-21   9.026267e-04   1.655737e-22   5520
  2.977431e+00   6.437648e-21   1.010599e-03   1.023469e-22   6126
  2.980823e+00   7.807282e-21   9.449916e-04   1.387300e-22   5562
  2.984382e+00   6.959136e-21   9.449251e-04   1.241798e-22   5790
  2.987609e+00   6.217538e-21   9.674247e-04   1.065983e-22   5496
  2.991029e+00   7.351549e-21   9.744149e-04   1.365494e-22   5262
  2.994510e+00   6.432729e-21   9.596787e-04   1.251163e-22   5774
  2.997839e+00   6.482104e-21   9.507037e-04   1.183734e-22   5124
  3.001346e+00   6.596095e-21   9.536598e-04   1.352574e-22   5070
  3.004645e+00   6.111601e-21   9.927132e-04   1.085789e-22   5430
  3.008016e+00   6.066894e-21   9.272914e-04   1.169456e-22   4680
  3.011587e+00   5.585980e-21   9.603639e-04   1.034946e-22   5370
  3.014869e+00   5.508950e-21   9.175102e-04   1.056506e-22   4638
  3.018210e+00   5.693147e-21   9.645033e-04   1.151228e-22   4536
  3.021696e+00   5.081241e-21   9.657981e-04   9.809577e-23   5222
  3.025044e+00   5.116728e-21   8.862693e-04   9.665769e-23   4254
  3.028475e+00   5.263409e-21   9.769455e-04   9.900555e-23   4548
  3.031790e+00   4.921822e-21   9.474352e-04   9.191867e-23   4638
  3.035175e+00   4.924626e-21   9.353877e-04   9.760666e-23   4176
  3.038687e+00   4.839516e-21   9.386274e-04   9.589022e-23   4518
  3.042021e+00   4.387840e-21   9.457109e-04   8.189117e-23   4278
  3.045343e+00   4.551940e-21   9.150178e-04   9.401987e-23   3732
  3.048746e+00   4.354340e-21   9.666582e-04   9.175940e-23   4502
  3.052175e+00   4.181220e-21   9.396687e-04   8.663696e-23   3984
  3.055637e+00   4.243684e-21   9.734809e-04   8.350588e-23   3726
  3.058859e+00   3.884867e-21   9.383075e-04   7.534114e-23   4014
  3.062253e+00   4.122861e-21   9.839881e-04   7.745211e-23   3756
  3.065874e+00   3.688894e-21   9.875702e-04   7.516309e-23   3894
  3.069162e+00   3.647926e-21   9.663769e-04   7.779752e-23   3744
  3.072480e+00   4.021971e-21   9.823894e-04   8.699595e-23   3174
  3.075941e+00   3.445683e-21   1.005522e-03   6.457257e-23   3968
  3.079369e+00   3.503795e-21   1.013997e-03   7.292137e-23   3522
  3.082951e+00   3.712954e-21   1.041435e-03   8.264574e-23   3198
  3.086200e+00   3.162620e-21   1.020090e-03   5.966322e-23   3648
  3.089591e+00   3.401265e-21   1.036958e-03   7.488466e-23   3054
  3.093164e+00   3.050564e-21   9.752705e-04   6.261566e-23   3312
  3.096416e+00   2.968560e-21   1.030232e-03   6.081588e-23   3354
  3.099859e+00   3.061351e-21   1.018756e-03   6.883730e-23   2624
  3.103228e+00   2.760675e-21   9.938936e-04   5.720526e-23   3462
  3.106655e+00   2.995283e-21   1.036730e-03   6.937112e-23   2976
  3.110270e+00   2.860442e-21   9.814041e-04   6.242829e-23   2670
  3.113407e+00   2.725976e-21   1.021601e-03   6.068586e-23   3186
  3.116767e+00   2.667768e-21   9.543614e-04   6.270582e-23   2376
  3.120346e+00   2.575007e-21   1.006058e-03   5.519866e-23   3102
  3.123650e+00   2.543548e-21   9.847799e-04   5.943989e-23   2688
  3.127086e+00   2.490434e-21   1.027393e-03   6.253286e-23   2286
  3.130454e+00   2.281791e-21   9.909871e-04   4.861650e-23   3020
  3.133859e+00   2.393645e-21   9.439116e-04   5.728613e-23   2310
  3.137474e+00   2.415510e-21   1.043166e-03   5.495698e-23   2544
  3.140695e+00   2.115650e-21   9.725494e-04   4.751979e-23   2526
  3.144064e+00   2.382703e-21   9.987847e-04   5.989911e-23   2112
  3.147593e+00   2.118180e-21   9.598648e-04   4.898913e-23   2538
  3.150931e+00   2.056046e-21   9.985896e-04   4.536047e-23   2304
  3.154328e+00   2.263279e-21   9.852879e-04   5.767425e-23   1902
  3.157623e+00   1.770938e-21   9.412660e-04   4.063321e-23   2408
  3.161035e+00   2.061137e-21   9.929091e-04   5.149116e-23   2094
  3.164668e+00   1.918757e-21   1.011639e-03   4.602543e-23   2028
  3.167856e+00   1.832664e-21   9.595772e-04   4.771958e-23   2094
  3.171241e+00   1.900045e-21   1.046849e-03   5.136054e-23   1920
  3.174835e+00   1.729950e-21   8.826100e-04   4.479613e-23   1926
  3.178123e+00   1.688066e-21   1.030221e-03   4.122931e-23   2088
  3.181468e+00   1.777995e-21   9.037369e-04   4.850780e-23   1434
  3.184829e+00   1.529059e-21   9.555433e-04   3.899796e-23   2048
  3.188160e+00   1.586166e-21   9.527742e-04   4.466848e-23   1758
  3.191826e+00   1.648076e-21   1.051156e-03   4.240227e-23   1584
  3.195185e+00   1.499899e-21   1.041430e-03   3.875017e-23   1998
  3.198586e+00   1.634388e-21   9.485689e-04   4.582485e-23   1428
  3.202148e+00   1.399805e-21   7.939925e-04   4.017000e-23   1488
  3.205259e+00   1.444268e-21   1.011466e-03   3.449307e-23   1806
  3.208542e+00   1.639447e-21   9.208043e-04   5.463809e-23   1040
  3.212051e+00   1.272303e-21   9.648325e-04   3.345522e-23   1782
  3.215260e+00   1.391455e-21   9.120959e-04   3.886441e-23   1428
  3.219099e+00   1.342910e-21   1.095182e-03   3.857566e-23   1206
  3.222346e+00   1.312454e-21   1.017509e-03   3.273565e-23   1728
  3.225619e+00   1.193024e-21   9.535870e-04   3.854018e-23   1038
  3.229392e+00   1.121121e-21   7.737160e-04   3.578480e-23   1248
  3.232374e+00   1.258066e-21   9.867404e-04   3.502013e-23   1530
  3.235646e+00   1.347858e-21   9.043822e-04   5.502343e-23   656
  3.239303e+00   1.054154e-21   1.013919e-03   2.596347e-23   1662
  3.242391e+00   1.128746e-21   8.393937e-04   3.685668e-23   1008
  3.246465e+00   1.215851e-21   1.114612e-03   4.070670e-23   960
  3.249524e+00   9.982680e-22   9.584513e-04   2.666533e-23   1458
  3.252720e+00   1.124273e-21   9.470398e-04   4.566428e-23   672
  3.256641e+00   9.924593e-22   7.422534e-04   3.287348e-23   1062
  3.259417e+00   9.986898e-22   9.629091e-04   3.105144e-23   1224
  3.262741e+00   1.185137e-21   8.411043e-04   5.791564e-23   374
  3.266486e+00   9.491892e-22   1.011004e-03   2.368659e-23   1512
  3.269516e+00   1.071817e-21   8.472106e-04   4.005677e-23   666
  3.273852e+00   9.411203e-22   1.035820e-03   3.584214e-23   720
  3.276572e+00   8.843298e-22   9.275922e-04   2.529953e-23   1224
  3.279914e+00   1.069560e-21   9.221403e-04   5.427852e-23   390
  3.283914e+00   8.577636e-22   6.856472e-04   3.118901e-23   936
  3.286459e+00   9.301711e-22   9.782860e-04   2.756870e-23   882
  3.290092e+00   9.897285e-22   9.551822e-04   7.181881e-23   216
  3.293625e+00   7.745797e-22   9.484183e-04   2.126516e-23   1286
  3.296619e+00   9.430176e-22   7.922754e-04   4.568229e-23   384
  3.301196e+00   7.687563e-22   9.974032e-04   3.296622e-23   576
  3.303565e+00   7.979343e-22   8.939464e-04   2.544807e-23   930
  3.306956e+00   8.856167e-22   8.781672e-04   5.390353e-23   216
  3.311281e+00   7.018825e-22   7.049195e-04   2.337302e-23   918
  3.313773e+00   8.424119e-22   9.494675e-04   4.016286e-23   480
  3.317151e+00   9.944891e-22   8.000415e-04   9.854559e-23   78
  3.320657e+00   6.773587e-22   8.648004e-04   2.063197e-23   1052
  3.323895e+00   8.776622e-22   1.006959e-03   5.427239e-23   240
  3.328852e+00   6.388457e-22   3.676460e-04   2.992373e-23   438
  3.330545e+00   7.936731e-22   8.506072e-04   3.221729e-23   648
  3.333703e+00   1.104508e-21   7.023041e-04   1.159179e-22   78
  3.338411e+00   6.100900e-22   6.127751e-04   2.050563e-23   780
  3.340778e+00   7.239293e-22   8.550342e-04   4.713386e-23   240
  3.343694e+00   1.272820e-21   0.000000e+00   2.004037e-22   6
  3.347623e+00   6.334838e-22   7.832637e-04   2.111972e-23   824
  3.350467e+00   1.053588e-21   6.055240e-04   1.055799e-22   78
  3.356076e+00   5.869571e-22   3.165921e-04   2.693279e-23   432
  3.357541e+00   6.462982e-22   7.656969e-04   3.052127e-23   348
  3.360330e+00   1.370445e-21   0.000000e+00   6.970019e-22   6
  3.365426e+00   6.442224e-22   5.413225e-04   2.471142e-23   600
  3.367442e+00   8.136081e-22   5.097238e-04   9.683594e-23   78
  3.374544e+00   5.766093e-22   6.700717e-04   2.370510e-23   572
  3.377176e+00   3.509356e-22   0.000000e+00   5.278079e-23   6
  3.383243e+00   6.464061e-22   3.146063e-04   3.344658e-23   384
  3.384459e+00   6.496455e-22   4.676281e-04   4.957329e-23   102
  3.392411e+00   5.434621e-22   4.599741e-04   2.793168e-23   396
  3.394229e+00   4.133019e-22   0.000000e+00   1.658059e-22   6
  3.401391e+00   5.299495e-22   4.161630e-04   2.868165e-23   326
  3.410329e+00   5.775614e-22   2.893928e-04   3.599354e-23   252
  3.411486e+00   5.397020e-22   0.000000e+00   2.517632e-22   6
  3.419333e+00   4.455605e-22   2.633341e-04   3.109462e-23   198
  3.428323e+00   6.139701e-22   2.009286e-04   4.886741e-23   146
  3.437326e+00   5.890300e-22   1.474817e-04   6.376092e-23   102
  3.446340e+00   5.469409e-22   1.024960e-04   8.610372e-23   66
  3.455367e+00   2.723237e-22   6.509513e-05   3.080262e-23   38
  3.464404e+00   4.343116e-22   3.357406e-05   5.160941e-23   18
  3.473449e+00   8.766168e-22   0.000000e+00   4.683402e-22   6
