# power spectrum of pi_k
# redshift z=99.597220
# k              Pk             sigma(k)       sigma(Pk)      count
  1.570796e-02   1.037643e-10   0.000000e+00   4.182560e-11   6
  2.221441e-02   4.717414e-11   0.000000e+00   9.417031e-12   12
  2.720699e-02   2.899645e-11   2.980232e-10   5.900659e-12   8
  3.141593e-02   8.152041e-11   0.000000e+00   8.772187e-12   6
  3.512407e-02   4.928555e-11   5.619580e-10   1.571179e-11   24
  3.847649e-02   6.265342e-11   5.619580e-10   1.055557e-11   24
  4.442883e-02   2.336124e-11   0.000000e+00   1.051484e-11   12
  4.712389e-02   2.538253e-11   6.357829e-10   4.675779e-12   30
  4.967294e-02   3.004856e-11   0.000000e+00   6.622141e-12   24
  5.209742e-02   2.621455e-11   9.733398e-10   6.498149e-12   24
  5.441398e-02   2.949310e-11   5.960464e-10   5.978334e-12   8
  5.663587e-02   2.418278e-11   7.947286e-10   3.004344e-12   24
  5.877382e-02   2.213282e-11   0.000000e+00   3.110255e-12   48
  6.283185e-02   2.495067e-11   0.000000e+00   1.097030e-11   6
  6.476559e-02   1.956181e-11   7.947286e-10   2.746834e-12   48
  6.664324e-02   1.776276e-11   7.492773e-10   1.847292e-12   36
  6.846942e-02   2.504191e-11   7.947286e-10   5.236468e-12   24
  7.024815e-02   1.438674e-11   1.123916e-09   2.476739e-12   24
  7.198293e-02   1.261409e-11   0.000000e+00   1.715353e-12   48
  7.367688e-02   1.916764e-11   1.123916e-09   2.728335e-12   24
  7.695299e-02   1.458997e-11   1.123916e-09   2.294994e-12   24
  7.853982e-02   9.741516e-12   0.000000e+00   1.594507e-12   30
  8.009521e-02   1.015821e-11   0.000000e+00   1.121956e-12   72
  8.162097e-02   9.670104e-12   1.192093e-09   1.968708e-12   32
  8.458997e-02   1.232166e-11   0.000000e+00   1.429181e-12   72
  8.603606e-02   7.324415e-12   0.000000e+00   1.070807e-12   48
  8.885766e-02   3.722464e-12   0.000000e+00   1.107279e-12   12
  9.023538e-02   7.196340e-12   0.000000e+00   1.079332e-12   48
  9.159238e-02   6.223364e-12   0.000000e+00   6.194961e-13   48
  9.292956e-02   8.084856e-12   1.123916e-09   1.019883e-12   48
  9.424778e-02   9.525676e-12   1.271566e-09   1.669809e-12   30
  9.554781e-02   8.257003e-12   0.000000e+00   1.857182e-12   24
  9.683039e-02   8.374271e-12   2.369423e-09   8.419602e-13   72
  9.934588e-02   4.780100e-12   0.000000e+00   9.073600e-13   24
  1.005800e-01   7.215390e-12   0.000000e+00   7.149100e-13   96
  1.017992e-01   5.480857e-12   0.000000e+00   7.278091e-13   48
  1.030040e-01   4.520188e-12   1.946680e-09   1.110328e-12   24
  1.041948e-01   3.231532e-12   1.946680e-09   6.635925e-13   24
  1.053722e-01   7.650576e-12   0.000000e+00   9.340209e-13   72
  1.065366e-01   5.655404e-12   0.000000e+00   8.705925e-13   48
  1.088280e-01   4.842453e-12   1.192093e-09   1.445516e-12   8
  1.099557e-01   7.025805e-12   1.412851e-09   8.384545e-13   54
  1.110721e-01   4.706838e-12   0.000000e+00   8.231962e-13   84
  1.121773e-01   5.126721e-12   0.000000e+00   7.354714e-13   48
  1.132717e-01   3.165040e-12   1.589457e-09   5.646084e-13   24
  1.143557e-01   4.179816e-12   2.119276e-09   4.959895e-13   72
  1.154295e-01   5.465067e-12   0.000000e+00   6.221123e-13   96
  1.175476e-01   7.349012e-12   0.000000e+00   8.015436e-13   48
  1.185925e-01   3.993281e-12   0.000000e+00   3.741995e-13   48
  1.196283e-01   3.442751e-12   0.000000e+00   6.698340e-13   24
  1.206552e-01   3.893756e-12   0.000000e+00   4.192371e-13   72
  1.226831e-01   3.997339e-12   0.000000e+00   4.730794e-13   72
  1.236846e-01   3.867341e-12   0.000000e+00   4.408206e-13   96
  1.256637e-01   5.230238e-12   0.000000e+00   2.298597e-12   6
  1.266416e-01   4.284745e-12   0.000000e+00   4.148213e-13   96
  1.276121e-01   4.364678e-12   1.589457e-09   4.664792e-13   96
  1.285752e-01   2.913927e-12   0.000000e+00   6.928342e-13   24
  1.295312e-01   3.207604e-12   1.589457e-09   3.996386e-13   48
  1.304801e-01   3.204030e-12   0.000000e+00   3.238521e-13   96
  1.314222e-01   3.709644e-12   0.000000e+00   4.997196e-13   48
  1.332865e-01   3.221147e-12   1.498555e-09   6.044742e-13   36
  1.342089e-01   3.207378e-12   2.753021e-09   4.049611e-13   48
  1.351250e-01   3.513054e-12   3.114687e-09   3.153476e-13   120
  1.360350e-01   3.117154e-12   0.000000e+00   4.115796e-13   56
  1.369388e-01   1.731413e-12   1.589457e-09   3.029587e-13   24
  1.378368e-01   2.479957e-12   0.000000e+00   2.206640e-13   96
  1.387290e-01   2.598213e-12   0.000000e+00   3.352786e-13   48
  1.404963e-01   3.079640e-12   2.247832e-09   5.712540e-13   24
  1.413717e-01   3.320515e-12   0.000000e+00   3.322381e-13   102
  1.422417e-01   3.383093e-12   1.589457e-09   5.099928e-13   48
  1.431064e-01   3.070194e-12   0.000000e+00   3.058932e-13   72
  1.439659e-01   2.766311e-12   0.000000e+00   2.794317e-13   48
  1.448203e-01   2.929399e-12   0.000000e+00   5.427404e-13   48
  1.456697e-01   2.474227e-12   3.596531e-09   2.174521e-13   120
  1.473538e-01   3.833822e-12   2.247832e-09   6.417419e-13   24
  1.481886e-01   2.191248e-12   2.119276e-09   1.843606e-13   144
  1.490188e-01   2.224834e-12   2.543132e-09   2.139090e-13   120
  1.498444e-01   1.709432e-12   2.247832e-09   2.395248e-13   48
  1.514821e-01   2.510905e-12   2.247832e-09   3.348627e-13   48
  1.522944e-01   2.024645e-12   2.247832e-09   2.112790e-13   96
  1.544390e-01   2.605728e-12   3.768959e-04   3.199361e-13   72
  1.555009e-01   1.891243e-12   1.998073e-09   1.444094e-13   108
  1.562923e-01   2.219669e-12   0.000000e+00   2.378324e-13   72
  1.570796e-01   1.331700e-12   0.000000e+00   2.476941e-13   30
  1.578631e-01   2.217412e-12   0.000000e+00   1.761973e-13   168
  1.586427e-01   2.164524e-12   0.000000e+00   2.362388e-13   48
  1.601904e-01   1.463198e-12   0.000000e+00   1.714676e-13   72
  1.609587e-01   1.899559e-12   0.000000e+00   1.830820e-13   96
  1.617234e-01   1.846633e-12   4.238553e-09   2.836565e-13   72
  1.624844e-01   2.149895e-12   0.000000e+00   2.279495e-13   72
  1.637639e-01   1.894799e-12   3.480039e-04   1.388210e-13   104
  1.647465e-01   1.785872e-12   2.997109e-09   1.302481e-13   144
  1.669779e-01   1.216415e-12   5.026305e-09   1.142691e-13   96
  1.677152e-01   1.333338e-12   0.000000e+00   1.377850e-13   96
  1.688876e-01   1.796450e-12   3.580185e-04   1.671279e-13   120
  1.699076e-01   1.480816e-12   0.000000e+00   1.347038e-13   120
  1.706322e-01   1.764296e-12   0.000000e+00   1.912354e-13   72
  1.720721e-01   1.736474e-12   0.000000e+00   2.299975e-13   48
  1.727876e-01   1.847224e-12   3.912510e-09   2.107701e-13   78
  1.737029e-01   1.903058e-12   3.205713e-04   1.505034e-13   168
  1.756204e-01   1.730484e-12   3.670694e-09   1.495125e-13   144
  1.763215e-01   1.775568e-12   2.997109e-09   1.266777e-13   144
  1.783549e-01   1.580620e-12   1.846233e-04   1.344076e-13   156
  1.790983e-01   1.146856e-12   3.893359e-09   2.136714e-13   48
  1.797859e-01   1.416456e-12   2.543132e-09   1.389489e-13   120
  1.804708e-01   1.012713e-12   0.000000e+00   1.066334e-13   48
  1.816818e-01   1.496406e-12   2.825996e-04   1.015703e-13   216
  1.831848e-01   1.318694e-12   0.000000e+00   1.628414e-13   48
  1.838570e-01   1.208930e-12   2.247832e-09   1.063456e-13   96
  1.848128e-01   1.374166e-12   3.302618e-04   1.206688e-13   168
  1.858591e-01   1.095317e-12   2.247832e-09   1.566705e-13   48
  1.865217e-01   1.438222e-12   0.000000e+00   1.435241e-13   96
  1.871820e-01   1.384978e-12   0.000000e+00   2.521049e-13   48
  1.884956e-01   1.594681e-12   2.543132e-09   1.588946e-13   30
  1.891489e-01   1.006777e-12   0.000000e+00   8.175363e-14   96
  1.899298e-01   1.237308e-12   2.595564e-04   8.384673e-14   240
  1.909339e-01   1.695729e-12   2.800239e-04   2.336472e-13   32
  1.917401e-01   9.583338e-13   0.000000e+00   7.101999e-14   168
  1.923825e-01   1.133237e-12   0.000000e+00   1.110866e-13   120
  1.936608e-01   8.897255e-13   4.738846e-09   9.999024e-14   72
  1.942968e-01   1.446363e-12   2.119276e-09   1.328678e-13   144
  1.949307e-01   1.032138e-12   0.000000e+00   1.056165e-13   96
  1.955626e-01   1.358602e-12   0.000000e+00   1.087610e-13   96
  1.968202e-01   1.316619e-12   0.000000e+00   1.587732e-13   72
  1.974460e-01   1.102801e-12   3.178914e-09   1.068637e-13   96
  1.986918e-01   1.057624e-12   0.000000e+00   1.947645e-13   24
  1.993117e-01   1.224332e-12   0.000000e+00   9.037739e-14   192
  2.000418e-01   1.153299e-12   2.376333e-04   8.504607e-14   132
  2.011601e-01   1.224044e-12   0.000000e+00   1.106632e-13   96
  2.017724e-01   8.915541e-13   0.000000e+00   8.986856e-14   96
  2.023829e-01   1.162527e-12   2.543132e-09   9.908910e-14   120
  2.035985e-01   1.215048e-12   0.000000e+00   1.669092e-13   48
  2.045948e-01   7.777815e-13   2.879924e-04   5.095172e-14   222
  2.054083e-01   1.002152e-12   0.000000e+00   9.488664e-14   120
  2.060080e-01   1.117437e-12   3.893359e-09   2.251688e-13   24
  2.068812e-01   1.158617e-12   2.972500e-04   6.130982e-14   312
  2.087838e-01   1.252998e-12   2.786838e-04   1.395669e-13   72
  2.095704e-01   8.672318e-13   3.893359e-09   1.169378e-13   96
  2.103781e-01   1.048504e-12   2.838009e-04   7.926835e-14   192
  2.113290e-01   9.730923e-13   3.596531e-09   9.870395e-14   120
  2.119120e-01   9.640957e-13   0.000000e+00   9.903842e-14   144
  2.130732e-01   8.508347e-13   0.000000e+00   1.218627e-13   48
  2.138985e-01   8.373268e-13   2.853717e-04   4.875904e-14   336
  2.148032e-01   9.407452e-13   0.000000e+00   1.287168e-13   48
  2.159488e-01   8.409782e-13   0.000000e+00   7.355507e-14   192
  2.165193e-01   9.063261e-13   0.000000e+00   1.107568e-13   48
  2.181411e-01   8.919127e-13   1.980854e-04   1.079846e-13   56
  2.189475e-01   8.616974e-13   2.544090e-04   4.766787e-14   336
  2.199115e-01   8.497546e-13   2.825702e-09   1.209920e-13   54
  2.207512e-01   7.664544e-13   2.794324e-04   4.706292e-14   240
  2.224945e-01   7.602115e-13   2.675587e-04   5.629765e-14   228
  2.232521e-01   9.002298e-13   2.997109e-09   1.149816e-13   72
  2.239875e-01   8.862053e-13   2.595385e-04   6.580442e-14   144
  2.249038e-01   7.146120e-13   0.000000e+00   6.973759e-14   96
  2.254517e-01   7.351407e-13   3.596531e-09   4.610195e-14   240
  2.265435e-01   6.598356e-13   3.178914e-09   1.267959e-13   24
  2.272424e-01   7.709609e-13   2.451321e-04   4.592950e-14   336
  2.281713e-01   7.235969e-13   0.000000e+00   8.517135e-14   72
  2.290193e-01   8.562067e-13   2.666265e-04   6.179804e-14   168
  2.297877e-01   5.600241e-13   0.000000e+00   4.956197e-14   72
  2.308590e-01   8.578902e-13   0.000000e+00   7.864168e-14   96
  2.316886e-01   7.301552e-13   2.646263e-04   5.194106e-14   216
  2.324566e-01   5.484735e-13   0.000000e+00   4.081982e-14   96
  2.335157e-01   6.647602e-13   3.178914e-09   4.473044e-14   192
  2.340434e-01   6.499262e-13   2.997109e-09   5.068907e-14   144
  2.350953e-01   6.866715e-13   0.000000e+00   8.892420e-14   48
  2.358236e-01   7.059515e-13   2.551309e-04   4.793054e-14   246
  2.368131e-01   8.609960e-13   2.352347e-04   6.667639e-14   168
  2.377046e-01   6.715901e-13   6.229375e-09   6.705465e-14   120
  2.382231e-01   5.592172e-13   0.000000e+00   3.821708e-14   240
  2.392566e-01   3.953868e-13   0.000000e+00   8.030775e-14   24
  2.400800e-01   6.351266e-13   2.517980e-04   3.965503e-14   360
  2.411056e-01   5.883913e-13   2.507265e-04   4.381399e-14   120
  2.418210e-01   6.916356e-13   0.000000e+00   5.554631e-14   144
  2.423307e-01   6.768897e-13   0.000000e+00   5.974133e-14   96
  2.438532e-01   6.449170e-13   0.000000e+00   5.179547e-14   144
  2.443586e-01   6.905013e-13   0.000000e+00   5.896253e-14   132
  2.450688e-01   6.262141e-13   2.474633e-04   4.585557e-14   176
  2.460999e-01   6.172095e-13   2.498881e-04   3.138466e-14   312
  2.473693e-01   8.707464e-13   0.000000e+00   1.324862e-13   96
  2.478675e-01   5.873168e-13   0.000000e+00   5.124584e-14   144
  2.486319e-01   6.163358e-13   2.473817e-04   3.423768e-14   312
  2.498505e-01   7.210547e-13   0.000000e+00   7.148298e-14   48
  2.503437e-01   5.370191e-13   3.178914e-09   4.006355e-14   192
  2.513274e-01   1.781035e-13   0.000000e+00   5.489097e-14   6
  2.519810e-01   5.131577e-13   2.307253e-04   2.824782e-14   288
  2.530395e-01   4.950378e-13   2.437763e-04   3.514755e-14   192
  2.537699e-01   4.719774e-13   7.476104e-09   3.020999e-14   216
  2.542556e-01   5.932098e-13   0.000000e+00   8.050104e-14   72
  2.554657e-01   4.834407e-13   2.414611e-04   3.727312e-14   192
  2.562693e-01   6.302140e-13   1.792979e-04   3.722948e-14   288
  2.571504e-01   5.403469e-13   0.000000e+00   1.043139e-13   24
  2.578312e-01   5.800022e-13   2.362101e-04   2.509284e-14   456
  2.590624e-01   3.678458e-13   0.000000e+00   5.408467e-14   48
  2.598231e-01   5.247827e-13   2.326575e-04   3.845413e-14   240
  2.606974e-01   5.878195e-13   2.351266e-04   3.748611e-14   216
  2.614326e-01   4.618165e-13   0.000000e+00   5.664086e-14   72
  2.619041e-01   4.788768e-13   8.123736e-09   3.776454e-14   168
  2.632353e-01   5.551033e-13   1.747662e-04   3.361198e-14   288
  2.639818e-01   5.418707e-13   2.312456e-04   3.718051e-14   168
  2.651809e-01   6.113879e-13   0.000000e+00   4.226669e-14   192
  2.656458e-01   4.895462e-13   2.997109e-09   3.477192e-14   144
  2.665730e-01   6.015879e-13   2.997109e-09   7.471758e-14   36
  2.673593e-01   4.065076e-13   2.111764e-04   2.081824e-14   342
  2.681111e-01   4.806804e-13   2.168525e-04   3.641002e-14   144
  2.690776e-01   4.562216e-13   2.274240e-04   2.341168e-14   384
  2.702500e-01   5.337746e-13   6.229375e-09   4.856701e-14   120
  2.708303e-01   5.346444e-13   2.027960e-04   3.315483e-14   264
  2.716161e-01   4.559136e-13   1.005261e-08   3.321912e-14   192
  2.723561e-01   5.006713e-13   2.185515e-04   3.818466e-14   152
  2.729753e-01   4.556352e-13   5.994218e-09   4.112553e-14   144
  2.742778e-01   3.804854e-13   1.414487e-04   2.783399e-14   216
  2.748807e-01   4.902515e-13   1.890132e-04   2.674411e-14   312
  2.759419e-01   4.205715e-13   2.190625e-04   2.336167e-14   240
  2.765672e-01   5.061724e-13   3.178914e-09   5.238097e-14   96
  2.777541e-01   4.567228e-13   2.094396e-04   3.680581e-14   144
  2.784857e-01   4.353955e-13   2.058607e-04   2.098937e-14   456
  2.796723e-01   3.476983e-13   0.000000e+00   2.270306e-14   120
  2.801131e-01   3.773192e-13   0.000000e+00   3.464904e-14   144
  2.809926e-01   2.815163e-13   4.495664e-09   4.650640e-14   24
  2.815564e-01   4.339217e-13   1.978798e-04   2.189465e-14   336
  2.825316e-01   4.044944e-13   2.182345e-04   3.180084e-14   198
  2.834454e-01   3.984312e-13   2.122205e-04   2.084405e-14   432
  2.844833e-01   4.126284e-13   6.357829e-09   4.194289e-14   48
  2.850248e-01   4.604291e-13   1.873540e-04   2.376842e-14   384
  2.859970e-01   4.398966e-13   2.156842e-04   3.616047e-14   144
  2.868780e-01   4.269442e-13   2.141460e-04   2.449156e-14   264
  2.879317e-01   3.416783e-13   0.000000e+00   3.282831e-14   48
  2.886387e-01   3.990710e-13   2.036179e-04   2.406470e-14   276
  2.893208e-01   3.540999e-13   1.845741e-04   2.914680e-14   192
  2.902325e-01   3.724302e-13   2.074207e-04   1.563895e-14   552
  2.913393e-01   2.604646e-13   5.086263e-09   2.284125e-14   120
  2.919972e-01   4.062121e-13   2.099609e-04   2.737819e-14   216
  2.926069e-01   3.574456e-13   5.086263e-09   2.801557e-14   120
  2.936961e-01   4.111906e-13   2.067600e-04   2.100920e-14   408
  2.947075e-01   3.799135e-13   4.495664e-09   5.085045e-14   24
  2.953347e-01   3.315758e-13   2.088648e-04   1.859029e-14   384
  2.962106e-01   3.280574e-13   2.040684e-04   2.269751e-14   240
  2.969712e-01   3.192930e-13   2.055628e-04   2.171056e-14   168
  2.980376e-01   2.858836e-13   0.000000e+00   2.765261e-14   120
  2.987251e-01   3.453102e-13   2.142884e-04   1.746191e-14   350
  2.998430e-01   3.410856e-13   3.527601e-04   1.782776e-14   384
  3.005110e-01   3.671288e-13   0.000000e+00   3.296957e-14   144
  3.017401e-01   2.910923e-13   4.238553e-09   1.687053e-14   288
  3.023819e-01   3.020152e-13   2.019242e-04   1.445172e-14   336
  3.032549e-01   3.664782e-13   1.838353e-04   2.685420e-14   168
  3.037776e-01   3.224499e-13   1.204945e-08   1.903989e-14   336
  3.048586e-01   2.886348e-13   1.908100e-04   1.771139e-14   288
  3.055078e-01   2.939088e-13   1.797918e-04   1.793195e-14   264
  3.066072e-01   3.193654e-13   0.000000e+00   1.983221e-14   240
  3.070093e-01   3.133345e-13   0.000000e+00   2.609281e-14   96
  3.084525e-01   3.391361e-13   2.445048e-04   1.717550e-14   360
  3.091260e-01   3.300213e-13   1.802420e-04   2.763472e-14   168
  3.099770e-01   3.198666e-13   1.964825e-04   1.408578e-14   456
  3.110018e-01   2.923210e-13   5.651403e-09   2.633278e-14   108
  3.115782e-01   3.067352e-13   1.971449e-04   2.208861e-14   264
  3.122973e-01   2.873074e-13   1.758853e-04   1.819880e-14   264
  3.132820e-01   3.264529e-13   1.659735e-04   1.973833e-14   312
  3.145081e-01   3.189203e-13   1.233364e-04   2.031130e-14   270
  3.150220e-01   2.913439e-13   1.565911e-04   1.992120e-14   240
  3.159458e-01   2.969987e-13   1.937229e-04   1.437567e-14   384
  3.165067e-01   2.553210e-13   6.357829e-09   1.702634e-14   192
  3.175962e-01   3.090807e-13   1.554368e-04   2.180537e-14   240
  3.182281e-01   2.882231e-13   1.918342e-04   1.537884e-14   336
  3.194167e-01   2.984630e-13   1.931178e-04   1.329532e-14   480
  3.203808e-01   2.982309e-13   4.238553e-09   3.490894e-14   72
  3.209194e-01   3.037457e-13   1.883074e-04   1.900391e-14   240
  3.216520e-01   2.697325e-13   1.769831e-04   1.572393e-14   312
  3.224917e-01   2.566697e-13   1.912763e-04   1.779842e-14   240
  3.237607e-01   2.802747e-13   1.453205e-04   1.360196e-14   408
  3.242630e-01   2.632971e-13   1.330785e-04   1.511568e-14   336
  3.252448e-01   2.766907e-13   1.689770e-04   1.972427e-14   264
  3.257273e-01   3.343111e-13   0.000000e+00   2.779414e-14   144
  3.270696e-01   2.714358e-13   2.342121e-04   1.283929e-14   464
  3.277768e-01   2.093128e-13   1.862466e-04   1.496072e-14   168
  3.284751e-01   3.342287e-13   1.696301e-04   1.766986e-14   336
  3.297371e-01   2.594296e-13   1.782296e-04   1.307541e-14   414
  3.304484e-01   2.885697e-13   1.855264e-04   1.806590e-14   216
  3.313598e-01   2.571915e-13   4.495664e-09   2.553069e-14   96
  3.317320e-01   2.541278e-13   1.101208e-08   1.146231e-14   384
  3.330355e-01   2.687183e-13   1.851680e-04   1.330712e-14   492
  3.337341e-01   2.099012e-13   1.810784e-04   1.274701e-14   240
  3.345237e-01   2.124800e-13   1.838580e-04   1.212237e-14   312
  3.356141e-01   2.606583e-13   1.837975e-04   2.058286e-14   192
  3.363048e-01   2.559164e-13   1.781220e-04   1.158326e-14   504
  3.372212e-01   2.433716e-13   1.179198e-04   1.224449e-14   408
  3.379427e-01   2.792133e-13   3.612619e-04   2.183765e-14   168
  3.388456e-01   2.204855e-13   1.716026e-04   1.409372e-14   288
  3.396033e-01   2.273187e-13   1.790820e-04   1.517721e-14   288
  3.403794e-01   2.471698e-13   1.801128e-04   1.206876e-14   432
  3.415052e-01   2.583384e-13   1.703267e-04   1.728347e-14   216
  3.421068e-01   2.385049e-13   1.699674e-04   1.131224e-14   360
  3.431777e-01   2.533328e-13   1.658865e-04   1.427017e-14   312
  3.441442e-01   2.672387e-13   0.000000e+00   4.222365e-14   48
  3.447014e-01   2.312695e-13   1.778543e-04   1.147762e-14   432
  3.456992e-01   2.161843e-13   2.966627e-04   1.007560e-14   414
  3.462885e-01   2.195603e-13   6.776666e-09   1.222048e-14   312
  3.473878e-01   2.376953e-13   2.603051e-04   1.000031e-14   528
  3.481296e-01   2.364746e-13   1.366381e-04   1.472472e-14   264
  3.490209e-01   2.138032e-13   1.620153e-04   1.055895e-14   480
  3.501854e-01   2.189049e-13   0.000000e+00   1.158197e-14   288
  3.506883e-01   2.281569e-13   1.740804e-04   1.863649e-14   168
  3.516084e-01   2.210387e-13   2.755688e-04   9.224087e-15   504
  3.526429e-01   2.382013e-13   4.238553e-09   1.696201e-14   144
  3.532937e-01   2.070128e-13   1.769812e-04   9.502253e-15   464
  3.542716e-01   1.856665e-13   2.597299e-04   8.702528e-15   432
  3.547358e-01   2.420963e-13   4.495664e-09   1.684650e-14   192
  3.559351e-01   1.963327e-13   1.925466e-04   8.752744e-15   396
  3.566434e-01   2.082430e-13   1.729600e-04   1.246016e-14   288
  3.573592e-01   2.114126e-13   1.708549e-04   1.151469e-14   336
  3.585027e-01   1.952773e-13   1.081887e-04   8.454619e-15   432
  3.592283e-01   2.090779e-13   2.804101e-04   1.026076e-14   360
  3.600431e-01   2.064669e-13   1.658667e-04   9.911764e-15   384
  3.612003e-01   1.719057e-13   1.464092e-04   1.323219e-14   198
  3.617579e-01   1.990347e-13   1.664197e-04   7.614293e-15   552
  3.627976e-01   1.639464e-13   2.329761e-04   8.635820e-15   432
  3.636656e-01   2.145166e-13   8.899106e-09   1.613615e-14   168
  3.643942e-01   1.964967e-13   2.888052e-04   8.755738e-15   480
  3.653579e-01   1.466415e-13   0.000000e+00   1.331108e-14   120
  3.657917e-01   1.802939e-13   2.358836e-04   1.084384e-14   336
  3.668502e-01   1.958651e-13   1.664122e-04   6.850272e-15   672
  3.678969e-01   1.924704e-13   2.420693e-04   8.695579e-15   528
  3.683844e-01   1.818683e-13   7.266090e-09   1.157243e-14   168
  3.695106e-01   1.881285e-13   2.700266e-04   8.242097e-15   456
  3.701979e-01   2.085003e-13   1.649075e-04   1.859751e-14   168
  3.709113e-01   1.904786e-13   1.646115e-04   9.240857e-15   504
  3.720973e-01   1.792684e-13   2.118297e-04   9.941121e-15   336
  3.728144e-01   2.022021e-13   1.527042e-04   1.114625e-14   312
  3.736099e-01   1.901193e-13   1.492023e-04   8.334342e-15   504
  3.746568e-01   1.803176e-13   1.035207e-04   7.635638e-15   432
  3.751490e-01   1.641167e-13   1.599738e-04   9.447863e-15   312
  3.761721e-01   1.714163e-13   1.639809e-04   7.860803e-15   384
  3.772403e-01   1.945809e-13   1.393208e-04   1.799290e-14   126
  3.778999e-01   1.767759e-13   2.446141e-04   8.823697e-15   492
  3.787423e-01   1.796297e-13   1.566756e-04   7.370465e-15   528
  3.797950e-01   1.687796e-13   1.591488e-04   7.293975e-15   480
  3.804477e-01   1.778025e-13   2.198632e-04   8.223188e-15   432
  3.813922e-01   1.862643e-13   1.728933e-04   8.412338e-15   440
  3.824891e-01   1.637638e-13   8.597912e-05   9.440937e-15   312
  3.829007e-01   1.793881e-13   1.288469e-04   9.774119e-15   480
  3.837450e-01   1.630991e-13   2.522797e-04   8.414841e-15   408
  3.849786e-01   1.629024e-13   1.510870e-04   8.090076e-15   360
  3.854998e-01   1.589085e-13   1.457935e-04   7.919163e-15   408
  3.864656e-01   1.595324e-13   1.483633e-04   7.219331e-15   456
  3.875531e-01   1.687008e-13   1.417988e-04   9.952573e-15   264
  3.881567e-01   1.538601e-13   1.538873e-04   8.237111e-15   384
  3.890354e-01   1.620476e-13   2.590801e-04   6.368516e-15   672
  3.900512e-01   1.553492e-13   1.549634e-04   1.014585e-14   240
  3.906373e-01   1.628040e-13   1.572490e-04   9.430202e-15   264
  3.914646e-01   1.416779e-13   1.939407e-04   6.099660e-15   624
  3.926991e-01   1.739438e-13   0.000000e+00   1.339982e-14   150
  3.931386e-01   1.641918e-13   2.173259e-04   7.202371e-15   600
  3.940655e-01   1.405675e-13   1.499928e-04   5.867600e-15   672
  3.951151e-01   1.535572e-13   1.410788e-04   8.932217e-15   336
  3.956998e-01   1.548429e-13   1.534526e-04   7.746268e-15   408
  3.966340e-01   1.437146e-13   1.530911e-04   7.076192e-15   408
  3.976732e-01   1.360831e-13   7.741108e-05   6.957792e-15   360
  3.983137e-01   1.529230e-13   2.842286e-04   7.114643e-15   456
  3.990874e-01   1.406120e-13   1.545652e-04   6.352025e-15   384
  4.000722e-01   1.682785e-13   1.426833e-04   8.424203e-15   348
  4.006044e-01   1.433947e-13   1.759003e-04   5.962415e-15   576
  4.016040e-01   1.474482e-13   1.448308e-04   6.794003e-15   504
  4.026266e-01   1.426872e-13   2.042754e-04   6.529854e-15   432
  4.035193e-01   1.306917e-13   2.779157e-04   5.193700e-15   576
  4.041559e-01   1.399487e-13   0.000000e+00   8.096706e-15   264
  4.051657e-01   1.408881e-13   2.211515e-04   4.869202e-15   768
  4.060439e-01   1.659693e-13   2.977401e-04   1.112278e-14   240
  4.067421e-01   1.328503e-13   2.625786e-04   1.014961e-14   192
  4.077592e-01   1.323225e-13   1.932899e-04   5.512041e-15   504
  4.085134e-01   1.241335e-13   2.604655e-04   5.112247e-15   590
  4.092368e-01   1.280810e-13   2.918373e-04   6.333628e-15   384
  4.101438e-01   1.342702e-13   2.438900e-04   6.022274e-15   504
  4.112389e-01   1.406802e-13   2.347064e-04   5.165080e-15   648
  4.123011e-01   1.335369e-13   6.374317e-05   5.805494e-15   504
  4.127294e-01   1.376412e-13   1.454101e-04   7.060775e-15   312
  4.134855e-01   1.191801e-13   2.095003e-04   4.516100e-15   576
  4.145236e-01   1.258389e-13   1.457924e-04   7.884686e-15   240
  4.151287e-01   1.227437e-13   1.473162e-04   4.984445e-15   552
  4.159853e-01   1.335785e-13   1.383265e-04   5.306339e-15   600
  4.172054e-01   1.236081e-13   1.689549e-04   4.499646e-15   600
  4.179389e-01   1.356665e-13   2.705679e-04   8.001808e-15   312
  4.186695e-01   1.321700e-13   2.356379e-04   5.797060e-15   480
  4.195820e-01   1.354366e-13   1.470154e-04   5.480586e-15   576
  4.203854e-01   1.289102e-13   2.367268e-04   6.513445e-15   408
  4.210983e-01   1.300374e-13   2.761527e-04   8.030915e-15   216
  4.220194e-01   1.076637e-13   2.115019e-04   4.820884e-15   516
  4.230063e-01   1.289763e-13   2.017943e-04   5.053467e-15   744
  4.240243e-01   1.194608e-13   1.347808e-04   5.500368e-15   462
  4.245995e-01   1.281525e-13   1.369852e-04   6.249469e-15   432
  4.254918e-01   1.281055e-13   1.270838e-04   4.537514e-15   648
  4.265409e-01   1.290691e-13   1.859472e-04   5.325039e-15   528
  4.273836e-01   1.095212e-13   2.239269e-04   4.574821e-15   600
  4.282256e-01   1.090633e-13   2.823132e-04   8.274231e-15   240
  4.290411e-01   1.115546e-13   2.162492e-04   4.043057e-15   720
  4.299890e-01   1.260989e-13   1.710922e-04   4.450997e-15   720
  4.310398e-01   1.029005e-13   0.000000e+00   7.574918e-15   144
  4.315927e-01   1.078141e-13   2.205891e-04   3.854615e-15   720
  4.323793e-01   1.313229e-13   1.322696e-04   7.159971e-15   384
  4.333641e-01   1.126741e-13   1.466278e-04   4.344205e-15   672
  4.342984e-01   1.133261e-13   2.567292e-04   5.929142e-15   336
  4.347447e-01   1.268877e-13   0.000000e+00   7.735068e-15   288
  4.358374e-01   1.092063e-13   2.031840e-04   3.799388e-15   776
  4.368489e-01   1.197119e-13   1.738547e-04   4.538255e-15   720
  4.376985e-01   1.145724e-13   1.400528e-04   5.924772e-15   432
  4.383780e-01   1.104802e-13   1.996629e-04   5.890681e-15   504
  4.391339e-01   1.042986e-13   1.398922e-04   4.620892e-15   528
  4.401917e-01   1.101545e-13   1.905949e-04   5.108071e-15   438
  4.410618e-01   9.948934e-14   2.218350e-04   4.003870e-15   624
  4.417176e-01   1.162150e-13   2.717180e-04   6.311790e-15   312
  4.426191e-01   1.085380e-13   1.463948e-04   3.886270e-15   696
  4.435512e-01   1.044011e-13   1.324608e-04   4.430176e-15   552
  4.445207e-01   9.696887e-14   1.024805e-04   3.965867e-15   516
  4.451205e-01   1.012027e-13   2.046970e-04   4.134083e-15   528
  4.458506e-01   1.015989e-13   1.331200e-04   4.714827e-15   528
  4.468878e-01   1.019826e-13   1.755583e-04   3.599532e-15   864
  4.475918e-01   9.107165e-14   2.404788e-04   4.239742e-15   408
  4.482965e-01   9.978437e-14   2.382549e-04   6.684668e-15   192
  4.492953e-01   1.033454e-13   1.971674e-04   3.793237e-15   720
  4.501385e-01   9.060251e-14   1.817980e-04   3.211145e-15   696
  4.511404e-01   1.017233e-13   1.963435e-04   3.654764e-15   720
  4.520570e-01   9.550164e-14   2.661201e-04   4.551778e-15   432
  4.525916e-01   8.960335e-14   1.566487e-04   5.457469e-15   264
  4.535534e-01   1.001544e-13   2.163249e-04   3.667242e-15   672
  4.544137e-01   9.804239e-14   2.214835e-04   3.892873e-15   600
  4.554346e-01   9.608840e-14   1.296784e-04   6.136441e-15   270
  4.559493e-01   9.560799e-14   1.952021e-04   4.244290e-15   528
  4.567673e-01   1.048989e-13   1.336675e-04   3.965753e-15   840
  4.578890e-01   9.779521e-14   2.555961e-04   3.386817e-15   888
  4.589254e-01   9.484306e-14   1.904380e-04   3.692221e-15   744
  4.598014e-01   1.036257e-13   9.785730e-05   5.109733e-15   456
  4.602370e-01   8.932193e-14   1.337280e-04   4.235847e-15   360
  4.609825e-01   9.231533e-14   1.158678e-04   4.329389e-15   384
  4.621264e-01   9.765200e-14   1.858509e-04   3.478321e-15   816
  4.629847e-01   9.695610e-14   2.696437e-04   3.258726e-15   824
  4.640279e-01   9.399180e-14   1.253432e-04   5.125335e-15   360
  4.645865e-01   1.063135e-13   1.849595e-04   4.344560e-15   624
  4.653553e-01   8.247970e-14   1.249856e-04   4.029903e-15   360
  4.663795e-01   9.337026e-14   1.700172e-04   3.083358e-15   876
  4.673045e-01   8.727514e-14   2.019296e-04   3.594501e-15   696
  4.682373e-01   9.806908e-14   1.303928e-04   5.259058e-15   336
  4.687264e-01   9.718295e-14   1.302463e-04   4.512188e-15   504
  4.695341e-01   9.036760e-14   1.313750e-04   3.285038e-15   672
  4.707324e-01   8.418818e-14   2.615370e-04   3.119843e-15   720
  4.715635e-01   8.219099e-14   1.975633e-04   3.261207e-15   774
  4.724808e-01   8.900602e-14   1.130801e-04   4.250244e-15   384
  4.729612e-01   8.790699e-14   2.176147e-04   3.880048e-15   528
  4.737068e-01   8.924012e-14   2.073989e-04   3.198893e-15   744
  4.749062e-01   9.012215e-14   1.710601e-04   3.195079e-15   768
  4.757025e-01   8.743209e-14   1.920278e-04   3.621297e-15   552
  4.766960e-01   8.151160e-14   2.092886e-04   3.106156e-15   696
  4.774351e-01   9.043158e-14   2.543221e-04   4.745433e-15   408
  4.780218e-01   8.367438e-14   1.098692e-04   3.766952e-15   504
  4.789519e-01   8.118916e-14   1.973758e-04   2.883673e-15   888
  4.798671e-01   7.849159e-14   2.051305e-04   3.078904e-15   648
  4.808184e-01   8.047777e-14   2.033722e-04   3.336618e-15   648
  4.817134e-01   8.296378e-14   2.192851e-04   2.919205e-15   792
  4.826614e-01   7.988164e-14   3.208291e-04   3.246106e-15   600
  4.833600e-01   7.742789e-14   2.174285e-04   3.679064e-15   456
  4.840953e-01   8.357651e-14   1.059654e-04   3.217107e-15   648
  4.850397e-01   7.698307e-14   2.066479e-04   2.447852e-15   936
  4.860593e-01   7.784757e-14   1.269084e-04   3.700708e-15   384
  4.869469e-01   1.158100e-40   0.000000e+00   6.872948e-41   198
  4.876318e-01   3.846156e-41   3.219776e-04   5.327223e-42   1224
  4.883707e-01   5.993368e-41   2.344988e-04   1.414475e-41   420
  4.892446e-01   2.596347e-41   2.269458e-04   4.779719e-42   792
  4.900991e-01   1.182566e-41   1.876648e-04   8.855125e-43   680
  4.910742e-01   2.054448e-41   1.723226e-04   3.517868e-42   600
  4.918588e-01   1.415782e-41   2.499151e-04   8.053764e-43   840
  4.929064e-01   1.503372e-41   1.179983e-04   2.221114e-42   432
  4.933067e-01   1.553496e-41   1.105800e-04   1.026325e-42   720
  4.941771e-01   1.075159e-41   2.214723e-04   5.236295e-43   960
  4.952596e-01   9.808590e-42   1.974263e-04   4.754438e-43   528
  4.960507e-01   1.197547e-41   2.018074e-04   7.021212e-43   624
  4.969923e-01   1.497934e-41   1.586192e-04   1.062695e-42   816
  4.979269e-01   9.687441e-42   2.608527e-04   4.499155e-43   696
  4.989597e-01   1.356099e-41   1.438612e-08   1.956969e-42   240
  4.993481e-01   1.793624e-41   1.538310e-04   1.863559e-42   672
  5.002149e-01   1.331893e-41   2.749181e-04   8.946686e-43   864
  5.011872e-01   1.476592e-41   2.109550e-04   1.223823e-42   816
  5.020636e-01   1.275379e-41   1.207434e-04   1.298114e-42   648
  5.030076e-01   2.092594e-41   1.234217e-04   4.195766e-42   843
  5.038089e-01   2.405547e-41   2.220660e-04   6.255884e-42   780
  5.047639e-01   3.270672e-41   1.191565e-04   9.868949e-42   216
  5.053529e-01   1.275080e-41   2.873328e-04   1.347582e-42   1056
  5.062588e-01   5.365389e-41   2.350705e-04   1.526781e-41   228
  5.070976e-01   2.002927e-41   2.926687e-04   1.809503e-42   924
  5.079587e-01   1.094136e-41   1.085637e-04   7.030718e-43   696
  5.088706e-01   1.177789e-41   1.932122e-04   5.908382e-43   996
  5.098035e-01   1.080102e-41   1.140687e-04   6.645324e-43   576
  5.107740e-01   1.242557e-41   1.760574e-04   7.671448e-43   552
  5.114815e-01   2.875990e-41   2.102064e-04   6.322544e-42   516
  5.121995e-01   1.338913e-41   3.056837e-04   7.675796e-43   744
  5.130199e-01   1.478259e-41   1.499561e-04   1.197601e-42   576
  5.137336e-01   1.337556e-41   1.543428e-04   9.071675e-43   792
  5.147477e-01   2.032382e-41   1.764424e-04   3.650035e-42   792
  5.154909e-01   1.479597e-41   1.902913e-04   9.235336e-43   720
  5.164960e-01   1.315044e-41   2.168883e-04   1.504986e-42   656
  5.174379e-01   1.067804e-41   2.368308e-04   7.356897e-43   816
  5.184034e-01   1.571960e-41   1.276952e-04   2.069008e-42   492
  5.189522e-01   9.717876e-42   1.836985e-04   4.257270e-43   552
  5.199822e-01   1.346911e-41   3.194294e-04   9.974626e-43   780
  5.206511e-01   1.265970e-41   1.962217e-04   8.220523e-43   528
  5.213718e-01   1.275795e-41   2.290504e-04   7.382845e-43   600
  5.224340e-01   2.310548e-41   1.903590e-04   3.077731e-42   900
  5.231662e-01   1.485888e-41   1.053860e-04   8.340478e-43   696
  5.241734e-01   1.169968e-41   2.664725e-04   5.669607e-43   696
  5.251479e-01   1.191555e-41   1.081054e-04   8.539651e-43   552
  5.259673e-01   1.207636e-41   1.257166e-04   5.664835e-43   708
  5.268258e-01   1.571931e-41   2.075652e-04   1.406324e-42   876
  5.277190e-01   2.431857e-41   1.102130e-04   2.420519e-42   216
  5.283184e-01   1.896070e-41   3.014475e-04   1.898098e-42   1032
  5.292161e-01   1.393119e-41   3.356286e-04   7.933372e-43   600
  5.301478e-01   1.095804e-41   1.601495e-04   4.743803e-43   600
  5.308585e-01   1.049989e-41   2.828090e-04   4.908976e-43   528
  5.316987e-01   2.350189e-41   1.552497e-04   4.234732e-42   732
  5.325837e-01   1.165874e-41   1.146378e-04   7.335172e-43   336
  5.336024e-01   1.667201e-41   1.633817e-04   1.574365e-42   912
  5.343638e-01   2.661572e-41   1.639857e-04   4.814910e-42   624
  5.351957e-01   1.474875e-41   1.381873e-04   7.275056e-43   768
  5.361666e-01   1.475301e-41   2.493171e-04   9.720520e-43   792
  5.371196e-01   1.524512e-41   1.236011e-04   1.257626e-42   660
  5.377977e-01   1.448791e-41   1.821461e-04   7.918409e-43   504
  5.384990e-01   1.128927e-41   2.975919e-04   6.387801e-43   480
  5.395501e-01   1.076813e-41   2.752337e-04   4.003918e-43   912
  5.403731e-01   1.813780e-41   3.065154e-04   2.170711e-42   432
  5.411504e-01   1.734473e-41   1.820016e-04   1.616604e-42   564
  5.418405e-01   2.130282e-41   1.742006e-04   2.112358e-42   600
  5.428119e-01   1.568502e-41   2.428192e-04   1.428355e-42   876
  5.435417e-01   1.179978e-41   1.091788e-04   9.396865e-43   264
  5.445477e-01   2.666462e-41   2.118499e-04   4.147361e-42   560
  5.453563e-01   1.491309e-41   1.439565e-04   1.022047e-42   840
  5.463378e-01   1.199257e-41   2.219395e-04   5.037090e-43   1008
  5.472454e-01   1.507198e-41   9.928084e-05   1.986008e-42   456
  5.480744e-01   2.103318e-41   1.286043e-04   3.107328e-42   576
  5.488407e-01   1.906086e-41   1.976142e-04   2.167445e-42   612
  5.498512e-01   2.060049e-41   1.765015e-04   1.705052e-42   780
  5.506755e-01   1.134533e-41   2.022627e-04   4.853085e-43   648
  5.515194e-01   1.364999e-41   9.425702e-05   8.319645e-43   312
  5.520587e-01   1.142929e-41   2.394916e-04   5.394157e-43   528
  5.529931e-01   1.491659e-41   3.127641e-04   1.509539e-42   720
  5.538866e-01   1.481454e-41   3.137436e-04   8.578751e-43   576
  5.549699e-01   1.928910e-41   2.706443e-04   3.901352e-42   444
  5.556439e-01   2.257313e-41   2.654148e-04   2.184102e-42   996
  5.564699e-01   1.796553e-41   2.217012e-04   1.368287e-42   432
  5.572506e-01   1.402106e-41   2.427192e-04   9.567640e-43   504
  5.579250e-01   2.090409e-41   1.094306e-04   2.395567e-42   504
  5.588852e-01   1.543045e-41   2.153608e-04   1.663926e-42   876
  5.597541e-01   1.533752e-41   2.478597e-04   9.390153e-43   504
  5.606589e-01   1.177969e-41   1.580720e-04   4.508774e-43   696
  5.614066e-01   1.392421e-41   1.351349e-04   1.970669e-42   492
  5.624240e-01   2.083621e-41   1.934522e-04   2.159538e-42   432
  5.631776e-01   2.193649e-41   1.811468e-04   3.332790e-42   768
  5.640708e-01   1.346725e-41   2.256427e-04   1.191451e-42   648
  5.649237e-01   1.435391e-41   1.472076e-04   7.739753e-43   456
  5.659038e-01   1.344380e-41   2.024344e-04   6.994807e-43   552
  5.665845e-01   1.916614e-41   1.387487e-04   1.697505e-42   648
  5.675213e-01   2.111929e-41   2.261525e-04   2.493274e-42   840
  5.684363e-01   1.566077e-41   1.078474e-04   8.610599e-43   432
  5.693524e-01   2.019976e-41   1.320946e-04   1.909852e-42   600
  5.699896e-01   1.802524e-41   1.407382e-04   1.070685e-42   432
  5.710598e-01   1.754867e-41   1.401185e-04   1.109011e-42   560
  5.717846e-01   1.914659e-41   2.217929e-04   1.848074e-42   840
  5.726922e-01   1.544030e-41   1.313712e-04   9.232632e-43   504
  5.734129e-01   1.240070e-41   2.681208e-04   5.648540e-43   696
  5.744289e-01   1.440296e-41   1.464380e-04   8.551865e-43   384
  5.752203e-01   1.548194e-41   2.145144e-04   9.713599e-43   576
  5.761776e-01   1.809393e-41   1.323876e-04   1.578602e-42   360
  5.769491e-01   1.555298e-41   1.971572e-04   7.722988e-43   828
  5.777814e-01   2.493482e-41   1.756051e-04   2.879309e-42   372
  5.785440e-01   1.865421e-41   2.681827e-04   1.397019e-42   576
  5.795542e-01   2.456400e-41   1.123146e-04   2.766687e-42   636
  5.802740e-01   1.489240e-41   2.165136e-04   7.441983e-43   648
  5.812477e-01   1.755348e-41   1.760019e-04   1.183385e-42   576
  5.819467e-01   1.632370e-41   2.839096e-04   1.355502e-42   528
  5.828762e-01   1.540771e-41   1.213831e-04   8.107164e-43   360
  5.836457e-01   1.310101e-41   2.792266e-04   5.567364e-43   672
  5.846504e-01   2.329732e-41   1.430245e-04   2.220669e-42   804
  5.854866e-01   1.639324e-41   1.577731e-04   1.159066e-42   408
  5.864116e-01   1.550396e-41   9.752092e-05   8.954612e-43   384
  5.870345e-01   1.349550e-41   2.231653e-04   6.830362e-43   480
  5.879130e-01   1.898060e-41   1.441975e-04   3.874377e-42   432
  5.887557e-01   2.092968e-41   2.657252e-04   1.583933e-42   648
  5.897530e-01   2.095895e-41   1.648813e-04   2.004655e-42   624
  5.904826e-01   1.778697e-41   1.499734e-04   8.896260e-43   456
  5.914788e-01   2.453663e-41   2.048770e-04   3.115240e-42   588
  5.921465e-01   1.514122e-41   1.307107e-04   7.138698e-43   600
  5.931212e-01   1.748050e-41   2.038766e-04   9.695418e-43   708
  5.938912e-01   2.202129e-41   1.284383e-04   2.535445e-42   360
  5.947420e-01   1.595485e-41   1.476433e-04   1.160152e-42   552
  5.955576e-01   1.626287e-41   1.035752e-04   1.056744e-42   288
  5.963856e-01   1.461317e-41   1.947498e-04   8.388768e-43   528
  5.971636e-01   2.101462e-41   1.313872e-04   2.724561e-42   456
  5.980328e-01   1.689568e-41   2.329780e-04   9.533340e-43   608
  5.989070e-01   1.314194e-41   1.127174e-04   6.858564e-43   504
  5.998623e-01   2.840434e-41   2.419978e-04   3.338318e-42   540
  6.006113e-01   2.296427e-41   2.597778e-04   1.844270e-42   360
  6.014188e-01   2.210843e-41   1.176407e-04   1.804973e-42   540
  6.021329e-01   1.796320e-41   1.010085e-04   1.372882e-42   576
  6.031714e-01   1.889224e-41   2.342044e-04   1.266790e-42   588
  6.041588e-01   1.910545e-41   3.231314e-04   1.503673e-42   672
  6.050070e-01   1.636726e-41   2.469721e-04   1.035833e-42   552
  6.056908e-01   1.447353e-41   2.470970e-04   1.241678e-42   144
  6.065633e-01   2.439781e-41   2.099342e-04   2.870958e-42   600
  6.073906e-01   1.634136e-41   2.630934e-04   1.294213e-42   504
  6.083088e-01   1.692221e-41   2.702501e-04   9.894641e-43   336
  6.092745e-01   1.801635e-41   3.037623e-04   8.419334e-43   600
  6.101395e-01   2.026838e-41   1.960382e-04   2.020589e-42   636
  6.110731e-01   2.785695e-41   1.576165e-04   2.550661e-42   384
  6.117276e-01   2.290551e-41   2.198564e-04   2.754369e-42   504
  6.126710e-01   1.693773e-41   9.227064e-05   1.512297e-42   240
  6.134155e-01   2.062379e-41   2.167569e-04   1.202544e-42   744
  6.143088e-01   1.726511e-41   1.480120e-04   8.014723e-43   648
  6.151027e-01   1.860957e-41   9.825476e-05   1.646024e-42   120
  6.160331e-01   3.468600e-41   1.543455e-04   8.201725e-42   564
  6.167362e-01   1.896241e-41   2.424089e-04   1.585053e-42   432
  6.176746e-01   1.327041e-41   1.881572e-04   6.311314e-43   480
  6.183811e-01   1.439928e-41   1.384885e-04   7.809628e-43   456
  6.192152e-01   2.396821e-41   2.291780e-04   3.458852e-42   444
  6.201616e-01   1.741145e-41   3.506544e-04   9.640779e-43   528
  6.209930e-01   1.933525e-41   2.604238e-04   1.526817e-42   264
  6.217998e-01   2.409610e-41   2.668956e-04   3.017674e-42   444
  6.228852e-01   2.157142e-41   2.923449e-04   1.505282e-42   696
  6.237861e-01   2.689752e-41   1.563558e-04   2.412211e-42   384
  6.244450e-01   1.940244e-41   1.975687e-04   1.106938e-42   432
  6.254698e-01   2.542863e-41   1.365107e-04   3.599744e-42   488
  6.261352e-01   2.027661e-41   2.057386e-04   1.257821e-42   480
  6.270999e-01   1.496638e-41   2.294412e-04   7.800906e-43   480
  6.278471e-01   1.784990e-41   9.626648e-05   1.388029e-42   240
  6.286954e-01   3.071354e-41   2.248709e-04   4.758992e-42   600
  6.294955e-01   1.556048e-41   1.959519e-04   9.503003e-43   288
  6.303474e-01   1.633700e-41   1.884914e-04   8.831922e-43   480
  6.312103e-01   1.891810e-41   3.352926e-04   9.288002e-43   504
  6.320598e-01   1.455077e-41   1.438614e-04   1.065632e-42   216
  6.331433e-01   2.735759e-41   2.355240e-04   2.664419e-42   504
  6.339871e-01   2.375865e-41   1.894329e-04   2.590478e-42   456
  6.349107e-01   1.693869e-41   1.086430e-04   9.613214e-43   384
  6.355225e-01   2.514337e-41   2.205061e-04   2.272584e-42   480
  6.363918e-01   2.193072e-41   1.936290e-04   1.980590e-42   504
  6.371972e-01   1.985325e-41   1.228262e-04   1.020201e-42   312
  6.380652e-01   2.342541e-41   1.979302e-04   1.769577e-42   492
  6.388334e-01   1.782901e-41   1.855135e-04   1.417346e-42   312
  6.398223e-01   1.731207e-41   3.013519e-04   7.746824e-43   576
  6.406929e-01   1.747556e-41   2.781722e-04   1.030102e-42   336
  6.414159e-01   1.827678e-41   2.141797e-04   9.476041e-43   240
  6.424183e-01   1.954629e-41   2.839481e-04   1.013053e-42   468
  6.432837e-01   1.605815e-41   1.777925e-04   1.431571e-42   192
  6.441896e-01   2.448620e-41   1.783224e-04   2.419503e-42   324
  6.448535e-01   2.319133e-41   1.294235e-04   1.464011e-42   600
  6.457583e-01   4.354618e-41   2.099764e-04   7.315500e-42   456
  6.464302e-01   1.792014e-41   9.444737e-05   1.093260e-42   336
  6.475438e-01   2.667289e-41   2.828021e-04   4.481075e-42   612
  6.483539e-01   2.668622e-41   2.373399e-04   3.085687e-42   144
  6.491201e-01   1.751552e-41   2.770366e-04   7.189622e-43   552
  6.501620e-01   2.014133e-41   1.091004e-04   1.452638e-42   264
  6.507507e-01   1.965931e-41   2.525953e-04   1.054532e-42   336
  6.516793e-01   2.145568e-41   1.669063e-04   1.479668e-42   384
  6.524847e-01   1.584989e-41   9.395175e-05   1.049390e-42   216
  6.533762e-01   2.032714e-41   1.991971e-04   1.095628e-42   344
  6.541891e-01   1.910463e-41   2.972114e-04   9.699824e-43   408
  6.551797e-01   3.042809e-41   2.283876e-04   5.748021e-42   264
  6.560575e-01   2.899898e-41   3.183837e-04   2.213552e-42   612
  6.569345e-01   2.474562e-41   1.638646e-04   1.506349e-42   408
  6.578364e-01   2.653822e-41   1.641001e-04   2.221754e-42   444
  6.584991e-01   3.108149e-41   9.177996e-05   5.291307e-42   120
  6.593870e-01   2.377455e-41   2.535712e-04   1.563037e-42   336
  6.600460e-01   1.337542e-41   8.811499e-05   7.753385e-43   288
  6.609366e-01   2.013909e-41   2.742154e-04   1.093692e-42   552
  6.621610e-01   2.254048e-41   0.000000e+00   2.488663e-42   72
  6.627906e-01   2.303983e-41   2.723657e-04   1.140322e-42   504
  6.635259e-01   2.033601e-41   8.764464e-05   1.357883e-42   216
  6.644787e-01   1.938104e-41   1.564835e-04   1.110411e-42   312
  6.653340e-01   2.109247e-41   1.781811e-04   1.182176e-42   336
  6.661492e-01   2.632771e-41   2.469789e-04   2.913840e-42   204
  6.669611e-01   3.622174e-41   2.870270e-04   3.811497e-42   504
  6.678221e-01   4.394385e-41   2.733322e-04   6.680103e-42   396
  6.686501e-01   2.232492e-41   2.506599e-04   1.477929e-42   312
  6.696540e-01   2.194527e-41   1.531800e-04   1.811532e-42   216
  6.703613e-01   2.213799e-41   8.313373e-05   2.058795e-42   168
  6.712208e-01   2.311179e-41   2.099173e-04   9.892146e-43   588
  6.722017e-01   2.178393e-41   2.849381e-04   1.664334e-42   240
  6.729637e-01   1.976545e-41   2.516481e-04   1.113059e-42   264
  6.738575e-01   2.228846e-41   3.112147e-04   1.628689e-42   288
  6.746505e-01   2.210469e-41   1.554077e-04   1.378849e-42   288
  6.756555e-01   2.200516e-41   1.459525e-04   1.139467e-42   288
  6.763322e-01   2.309788e-41   1.690738e-04   1.778802e-42   192
  6.771836e-01   2.017685e-41   1.799115e-04   1.261074e-42   264
  6.779946e-01   4.330444e-41   2.959295e-04   5.057108e-42   372
  6.788675e-01   2.883162e-41   3.196167e-04   2.139217e-42   360
  6.799329e-01   2.045713e-41   1.352648e-04   1.758843e-42   144
  6.804835e-01   2.448776e-41   1.878769e-04   1.444201e-42   296
  6.813527e-01   2.048010e-41   2.024276e-04   1.325848e-42   288
  6.823478e-01   2.213491e-41   3.025230e-04   9.488218e-43   480
  6.832061e-01   2.402917e-41   2.513677e-04   2.205153e-42   192
  6.840407e-01   2.160264e-41   2.696262e-04   1.818920e-42   192
  6.847993e-01   1.937345e-41   1.718359e-04   1.566832e-42   288
  6.858544e-01   2.495058e-41   1.495808e-04   2.651907e-42   108
  6.863859e-01   2.300709e-41   1.438036e-04   1.516856e-42   240
  6.873243e-01   2.168213e-41   2.682690e-04   1.138418e-42   384
  6.882884e-01   3.566009e-41   3.272578e-04   5.476884e-42   108
  6.891409e-01   5.230463e-41   1.918773e-04   1.022693e-41   348
  6.900373e-01   2.688728e-41   2.002507e-04   1.707081e-42   312
  6.908379e-01   2.979291e-41   1.945855e-04   2.969246e-42   96
  6.915741e-01   2.620180e-41   2.590555e-04   1.373127e-42   384
  6.923987e-01   2.284851e-41   1.781778e-04   1.757546e-42   144
  6.932053e-01   2.255231e-41   2.737780e-04   1.127623e-42   408
  6.942079e-01   2.252005e-41   1.221243e-04   2.281755e-42   144
  6.951550e-01   2.159092e-41   2.347853e-04   1.446506e-42   192
  6.957167e-01   2.486958e-41   2.642552e-04   2.034406e-42   144
  6.966323e-01   1.994130e-41   2.148492e-04   1.562520e-42   144
  6.974962e-01   2.859252e-41   2.625805e-04   1.831053e-42   336
  6.985541e-01   3.043103e-41   1.942763e-04   1.986266e-42   240
  6.992249e-01   1.897635e-41   8.821915e-05   2.215654e-42   96
  7.001605e-01   3.702381e-41   2.587043e-04   3.617222e-42   372
  7.011070e-01   2.864753e-41   3.077232e-04   2.345376e-42   132
  7.019384e-01   2.191800e-41   1.904154e-04   1.626178e-42   264
  7.026821e-01   2.581806e-41   1.462304e-04   2.236678e-42   168
  7.034759e-01   3.007522e-41   2.337943e-04   2.202218e-42   216
  7.041771e-01   2.784126e-41   1.430383e-04   2.034088e-42   216
  7.051983e-01   1.991029e-41   2.624157e-04   2.241376e-42   96
  7.061249e-01   3.212151e-41   1.712023e-04   2.676979e-42   120
  7.069747e-01   2.912244e-41   2.176463e-04   2.151192e-42   216
  7.076747e-01   1.928175e-41   9.511215e-05   1.204921e-42   200
  7.086015e-01   3.181475e-41   2.462045e-04   2.154088e-42   288
  7.097902e-01   2.204216e-41   6.478119e-05   1.881719e-42   144
  7.102908e-01   2.270823e-41   2.015951e-04   1.816934e-42   168
  7.113130e-01   4.413579e-41   2.268765e-04   1.523760e-41   159
  7.121109e-01   2.688469e-41   2.380480e-04   2.331590e-42   174
  7.128831e-01   3.106652e-41   2.158536e-04   2.576279e-42   144
  7.138943e-01   3.055355e-41   1.246398e-04   2.224336e-42   222
  7.145705e-01   1.820910e-41   1.257726e-04   1.642016e-42   168
  7.157386e-01   4.232944e-41   2.758677e-04   7.379131e-42   30
  7.162211e-01   1.921445e-41   2.435709e-04   2.163908e-42   72
  7.171298e-01   2.541992e-41   2.173841e-04   1.400814e-42   258
  7.181290e-01   2.413292e-41   1.361533e-04   2.089609e-42   264
  7.186286e-01   3.350199e-41   1.468278e-08   4.342583e-42   72
  7.196697e-01   2.895980e-41   2.698616e-04   2.438640e-42   174
  7.206123e-01   2.355625e-41   2.873527e-04   1.650898e-42   168
  7.213701e-01   2.004044e-41   8.991328e-09   2.811304e-42   48
  7.221837e-01   2.673281e-41   1.622748e-04   2.208296e-42   150
  7.231270e-01   2.913580e-41   2.985162e-04   2.390283e-42   168
  7.240729e-01   2.274911e-41   1.818422e-04   2.439689e-42   144
  7.249427e-01   2.606686e-41   1.698820e-04   2.513337e-42   102
  7.255906e-01   3.284509e-41   2.514545e-04   5.692464e-42   96
  7.266185e-01   2.794566e-41   2.495518e-04   2.622054e-42   120
  7.273797e-01   2.390920e-41   2.676508e-04   1.237804e-42   168
  7.282031e-01   3.170484e-41   1.976389e-04   2.683809e-42   126
  7.289046e-01   3.276334e-41   1.490593e-04   3.249059e-42   168
  7.298711e-01   1.945560e-41   2.390167e-04   2.451129e-42   72
  7.307158e-01   2.675508e-41   2.993022e-04   2.357311e-42   168
  7.314557e-01   2.858598e-41   8.205344e-05   3.483789e-42   78
  7.324696e-01   3.386065e-41   1.347256e-04   5.419972e-42   60
  7.332860e-01   4.560759e-41   2.185468e-04   4.537974e-42   96
  7.341327e-01   2.974600e-41   2.651884e-04   2.354763e-42   168
  7.349284e-01   2.903197e-41   1.678009e-04   4.296058e-42   86
  7.357634e-01   2.109828e-41   1.499742e-04   1.870433e-42   120
  7.369601e-01   2.532936e-41   1.069515e-04   1.786275e-42   168
  7.376055e-01   2.486051e-41   0.000000e+00   3.002534e-42   48
  7.384747e-01   3.824670e-41   1.948541e-04   3.738202e-42   120
  7.389742e-01   3.046510e-41   1.421539e-04   2.738588e-42   126
  7.401935e-01   2.179640e-41   2.500091e-04   2.282776e-42   96
  7.409848e-01   3.108098e-41   7.209028e-05   3.399633e-42   96
  7.416089e-01   2.915097e-41   8.477105e-09   3.927896e-42   72
  7.429385e-01   3.831811e-41   8.991328e-09   8.467509e-42   24
  7.437683e-01   2.870577e-41   1.483601e-04   2.842574e-42   120
  7.444157e-01   2.823727e-41   2.164118e-04   3.037232e-42   126
  7.451355e-01   3.959078e-41   1.804085e-04   4.039168e-42   96
  7.459766e-01   2.688703e-41   3.117986e-04   2.921356e-42   72
  7.469132e-01   2.993273e-41   1.348634e-04   2.277180e-42   144
  7.476836e-01   3.516108e-41   7.778603e-05   4.437864e-42   72
  7.484533e-01   3.090227e-41   1.553665e-04   4.177683e-42   54
  7.491306e-01   4.435477e-41   1.369149e-04   5.040746e-42   108
  7.505382e-01   3.937314e-41   1.342120e-04   6.194607e-42   72
  7.509765e-01   2.349520e-41   7.744493e-05   2.451633e-42   72
  7.520162e-01   6.504217e-41   1.557344e-08   1.925858e-41   24
  7.529998e-01   2.696224e-41   1.638381e-04   3.309899e-42   48
  7.535971e-01   3.277316e-41   1.248023e-04   3.089405e-42   102
  7.544963e-01   3.657232e-41   2.822510e-04   2.697352e-42   168
  7.556711e-01   3.000294e-41   1.539331e-04   4.338526e-42   72
  7.561064e-01   3.487497e-41   0.000000e+00   4.149465e-42   48
  7.570195e-01   3.449287e-41   2.647743e-04   3.761503e-42   120
  7.582245e-01   3.225530e-41   1.627091e-04   4.532460e-42   96
  7.593627e-01   7.068979e-41   1.438612e-08   1.856476e-41   30
  7.607153e-01   2.022395e-41   7.644796e-05   2.100095e-42   72
  7.613097e-01   2.629116e-41   8.991328e-09   3.539019e-42   24
  7.620733e-01   2.893479e-41   1.133148e-04   3.398098e-42   56
  7.629285e-01   3.471290e-41   1.617059e-04   3.515879e-42   96
  7.639519e-01   3.247786e-41   1.785629e-04   2.712774e-42   144
  7.647411e-01   3.568130e-41   1.013810e-04   5.000397e-42   54
  7.658874e-01   3.797332e-41   1.518795e-04   3.851089e-42   108
  7.670409e-01   4.378231e-41   8.041947e-05   5.700883e-42   48
  7.681392e-01   2.582580e-41   3.028050e-04   2.860568e-42   72
  7.707744e-01   2.793404e-41   2.000642e-04   3.441767e-42   78
  7.715046e-01   2.399566e-41   1.507735e-04   2.824149e-42   72
  7.723570e-01   3.811145e-41   1.505863e-04   4.860435e-42   72
  7.732482e-01   3.709523e-41   3.633813e-04   4.604475e-42   96
  7.739527e-01   3.269655e-41   1.502759e-04   3.264830e-42   72
  7.748024e-01   4.125875e-41   0.000000e+00   6.847883e-42   24
  7.756510e-01   4.032815e-41   2.998733e-04   4.176760e-42   72
  7.775680e-01   3.912984e-41   1.904287e-04   6.511472e-42   30
  7.779804e-01   4.502499e-41   0.000000e+00   1.076316e-41   24
  7.801973e-01   1.735081e-41   1.581267e-04   2.427637e-42   48
  7.808927e-01   2.784310e-41   3.402886e-04   2.708444e-42   120
  7.818296e-01   2.950443e-41   1.487821e-04   3.180355e-42   72
  7.827758e-01   4.875272e-41   1.486022e-04   9.571293e-42   36
  7.834261e-01   2.771353e-41   2.937071e-04   2.794156e-42   78
  7.852411e-01   3.968999e-41   1.571111e-04   5.174433e-42   48
  7.875942e-01   2.429783e-41   1.271566e-08   3.414547e-42   24
  7.892707e-01   2.548109e-41   1.094089e-04   3.357900e-42   56
  7.901149e-01   3.438969e-41   1.683597e-04   2.986607e-42   102
  7.911888e-01   4.565871e-41   1.198844e-08   5.815742e-42   72
  7.918122e-01   3.768747e-41   8.991328e-09   7.855696e-42   24
  7.929021e-01   3.486656e-41   1.555930e-04   4.659587e-42   48
  7.949223e-01   5.595619e-41   0.000000e+00   9.448653e-42   24
  7.974016e-01   4.073938e-41   0.000000e+00   9.923661e-42   6
  7.981748e-01   3.417868e-41   0.000000e+00   7.424261e-42   24
  7.986898e-01   3.878313e-41   1.456409e-04   3.437390e-42   72
  7.996307e-01   3.849348e-41   2.717068e-04   5.285322e-42   84
  8.006440e-01   3.090595e-41   0.000000e+00   6.525461e-42   24
  8.009521e-01   7.265307e-41   1.271566e-08   2.143938e-41   24
  8.024909e-01   4.951865e-41   1.557344e-08   8.325011e-42   24
  8.046403e-01   8.645985e-41   0.000000e+00   1.408253e-41   6
  8.073954e-01   2.778439e-41   1.528000e-04   5.685693e-42   48
  8.080572e-01   3.773385e-41   2.878503e-04   5.198200e-42   72
  8.089220e-01   3.166729e-41   1.525117e-04   3.284857e-42   48
  8.102934e-01   4.549247e-41   0.000000e+00   1.212540e-41   24
  8.121184e-01   5.085242e-42   0.000000e+00   1.674434e-42   6
  8.162097e-01   2.684351e-41   0.000000e+00   9.355670e-42   8
  8.165120e-01   4.298240e-41   8.991328e-09   7.099572e-42   48
  8.172369e-01   3.926638e-41   1.479045e-04   4.909622e-42   60
  8.183231e-01   6.765879e-41   0.000000e+00   1.794289e-41   24
  8.198293e-01   4.776795e-41   0.000000e+00   6.779346e-42   6
  8.253784e-01   4.591052e-41   0.000000e+00   6.447575e-42   24
  8.258266e-01   4.585300e-41   1.493898e-04   6.784705e-42   48
  8.265733e-01   6.162050e-41   0.000000e+00   1.144349e-41   24
  8.277664e-01   8.061160e-41   0.000000e+00   2.455690e-41   6
  8.345448e-01   5.442069e-41   1.393664e-04   7.907216e-42   36
  8.350375e-01   7.306670e-41   0.000000e+00   1.387042e-41   24
  8.359234e-01   6.576556e-41   0.000000e+00   1.900970e-41   6
  8.436361e-01   4.707603e-41   1.266552e-04   6.142168e-42   32
  8.442939e-01   2.830461e-41   0.000000e+00   7.872912e-42   6
  8.525822e-01   4.498822e-41   0.000000e+00   7.839971e-42   12
  8.528715e-01   4.004834e-41   0.000000e+00   8.464653e-42   6
  8.616502e-01   2.042691e-41   0.000000e+00   3.231849e-42   6
