# power spectrum of zeta
# redshift z=9.951253
# k              Pk             sigma(k)       sigma(Pk)      count
  1.570796e-02   4.265665e-20   0.000000e+00   1.719416e-20   6
  2.221441e-02   7.034173e-20   0.000000e+00   1.404181e-20   12
  2.720699e-02   9.414345e-20   2.980232e-10   1.915781e-20   8
  3.141593e-02   4.630103e-19   0.000000e+00   4.982327e-20   6
  3.512407e-02   4.331143e-19   5.619580e-10   1.380730e-19   24
  3.847649e-02   7.874390e-19   5.619580e-10   1.326643e-19   24
  4.442883e-02   5.170245e-19   0.000000e+00   2.327116e-19   12
  4.712389e-02   7.083101e-19   6.357829e-10   1.304796e-19   30
  4.967294e-02   1.031726e-18   0.000000e+00   2.273732e-19   24
  5.209742e-02   1.085877e-18   9.733398e-10   2.691709e-19   24
  5.441398e-02   1.450022e-18   5.960464e-10   2.939236e-19   8
  5.663587e-02   1.392007e-18   7.947286e-10   1.729358e-19   24
  5.877382e-02   1.474445e-18   0.000000e+00   2.071992e-19   48
  6.283185e-02   2.163617e-18   0.000000e+00   9.512987e-19   6
  6.476559e-02   1.912454e-18   7.947286e-10   2.685432e-19   48
  6.664324e-02   1.944755e-18   7.492773e-10   2.022507e-19   36
  6.846942e-02   3.052105e-18   7.947286e-10   6.382201e-19   24
  7.024815e-02   1.941551e-18   1.123916e-09   3.342462e-19   24
  7.198293e-02   1.875841e-18   0.000000e+00   2.550903e-19   48
  7.367688e-02   3.127221e-18   1.123916e-09   4.451308e-19   24
  7.695299e-02   2.831885e-18   1.123916e-09   4.454539e-19   24
  7.853982e-02   2.051640e-18   0.000000e+00   3.358157e-19   30
  8.009521e-02   2.314138e-18   0.000000e+00   2.555924e-19   72
  8.162097e-02   2.375989e-18   1.192093e-09   4.837206e-19   32
  8.458997e-02   3.494065e-18   0.000000e+00   4.052742e-19   72
  8.603606e-02   2.223254e-18   0.000000e+00   3.250328e-19   48
  8.885766e-02   1.286261e-18   0.000000e+00   3.826096e-19   12
  9.091388e-02   2.536954e-18   6.784996e-04   2.325569e-19   96
  9.292956e-02   3.344269e-18   1.123916e-09   4.218705e-19   48
  9.424778e-02   4.169335e-18   1.271566e-09   7.308660e-19   30
  9.650974e-02   4.018146e-18   5.553727e-04   3.756448e-19   96
  9.934588e-02   2.583636e-18   0.000000e+00   4.904267e-19   24
  1.009864e-01   3.819935e-18   5.747348e-04   3.085489e-19   144
  1.030040e-01   2.822527e-18   1.946680e-09   6.933186e-19   24
  1.050779e-01   4.450429e-18   5.098206e-04   5.099464e-19   96
  1.065366e-01   4.038564e-18   0.000000e+00   6.216963e-19   48
  1.098102e-01   5.439054e-18   3.780724e-04   6.141474e-19   62
  1.114740e-01   4.157291e-18   5.316623e-04   5.002227e-19   132
  1.132717e-01   2.882091e-18   1.589457e-09   5.141334e-19   24
  1.149693e-01   4.758071e-18   5.313863e-04   4.061629e-19   168
  1.180701e-01   6.054601e-18   5.224442e-04   5.002003e-19   96
  1.203984e-01   4.386803e-18   4.446482e-04   4.144811e-19   96
  1.232554e-01   4.989669e-18   4.956196e-04   4.118980e-19   168
  1.256637e-01   7.184047e-18   0.000000e+00   3.157261e-18   6
  1.266416e-01   6.069339e-18   0.000000e+00   5.875941e-19   96
  1.278047e-01   5.975157e-18   3.852495e-04   5.879155e-19   120
  1.301638e-01   5.063985e-18   4.473436e-04   4.015532e-19   144
  1.314222e-01   6.089676e-18   0.000000e+00   8.203294e-19   48
  1.338136e-01   5.668852e-18   4.564740e-04   6.107816e-19   84
  1.351250e-01   6.443938e-18   3.114687e-09   5.784371e-19   120
  1.363061e-01   5.116451e-18   4.142175e-04   5.850951e-19   80
  1.381342e-01   5.049287e-18   4.205668e-04   3.707938e-19   144
  1.404963e-01   6.604820e-18   2.247832e-09   1.225153e-18   24
  1.416501e-01   7.404970e-18   4.058285e-04   6.182493e-19   150
  1.434502e-01   6.872155e-18   4.210699e-04   5.001882e-19   120
  1.454270e-01   6.411911e-18   3.837166e-04   5.391978e-19   168
  1.473538e-01   9.961250e-18   2.247832e-09   1.667410e-18   24
  1.485660e-01   5.926388e-18   4.133786e-04   3.759941e-19   264
  1.498444e-01   4.752032e-18   2.247832e-09   6.658524e-19   48
  1.520236e-01   6.436583e-18   3.828947e-04   5.313910e-19   144
  1.544390e-01   8.191139e-18   3.768959e-04   1.006345e-18   72
  1.558174e-01   6.587130e-18   3.876848e-04   4.223208e-19   180
  1.577444e-01   7.130222e-18   2.809042e-04   5.339541e-19   198
  1.586427e-01   7.571156e-18   0.000000e+00   8.263252e-19   48
  1.606295e-01   6.304803e-18   3.802118e-04   4.755800e-19   168
  1.621039e-01   7.627423e-18   3.805277e-04   6.947492e-19   144
  1.643345e-01   7.374877e-18   5.346625e-04   3.851737e-19   248
  1.673465e-01   5.524593e-18   3.686065e-04   3.889474e-19   192
  1.693976e-01   7.435555e-18   5.693667e-04   4.871069e-19   240
  1.706322e-01   8.257334e-18   0.000000e+00   8.950281e-19   72
  1.725150e-01   8.826874e-18   3.474519e-04   7.698593e-19   126
  1.737029e-01   9.562789e-18   3.205713e-04   7.571380e-19   168
  1.759709e-01   9.273214e-18   3.505411e-04   5.177189e-19   288
  1.783549e-01   8.824511e-18   1.846233e-04   7.508752e-19   156
  1.795894e-01   7.684578e-18   3.105899e-04   6.707005e-19   168
  1.814616e-01   8.429165e-18   5.324516e-04   5.173467e-19   264
  1.831848e-01   8.178704e-18   0.000000e+00   1.009963e-18   48
  1.844652e-01   8.384003e-18   5.299184e-04   5.502152e-19   264
  1.863009e-01   8.786431e-18   3.123533e-04   7.299739e-19   144
  1.876872e-01   1.001937e-17   6.390593e-04   1.134898e-18   78
  1.897067e-01   8.355280e-18   4.154149e-04   4.625716e-19   336
  1.916111e-01   7.968721e-18   3.160631e-04   5.387778e-19   200
  1.928618e-01   7.917667e-18   6.188557e-04   6.009512e-19   192
  1.945503e-01   1.008024e-17   3.105574e-04   7.161257e-19   240
  1.961016e-01   1.090145e-17   6.223754e-04   7.518415e-19   168
  1.976952e-01   9.186803e-18   4.982915e-04   7.887092e-19   120
  1.996091e-01   1.043590e-17   3.894583e-04   5.562752e-19   324
  2.014663e-01   9.575647e-18   3.061804e-04   6.534779e-19   192
  2.027302e-01   1.094377e-17   5.491178e-04   7.939987e-19   168
  2.048802e-01   8.307936e-18   4.522690e-04   4.599591e-19   342
  2.068188e-01   1.163228e-17   3.641675e-04   5.946088e-19   336
  2.087838e-01   1.311540e-17   2.786838e-04   1.463456e-18   72
  2.101088e-01   1.060063e-17   4.457174e-04   7.061237e-19   288
  2.116470e-01   1.069666e-17   2.902819e-04   7.762574e-19   264
  2.137954e-01   9.658595e-18   3.817923e-04   5.219990e-19   384
  2.157197e-01   1.026707e-17   4.582500e-04   7.673287e-19   240
  2.165193e-01   1.097470e-17   0.000000e+00   1.341154e-18   48
  2.188323e-01   1.094689e-17   3.751076e-04   5.519825e-19   392
  2.205970e-01   1.020175e-17   4.116619e-04   5.792017e-19   294
  2.224945e-01   1.027314e-17   2.675587e-04   7.621833e-19   228
  2.237424e-01   1.231245e-17   4.063271e-04   8.044562e-19   216
  2.252951e-01   1.036029e-17   2.475063e-04   5.469368e-19   336
  2.271958e-01   1.121717e-17   2.940781e-04   6.425750e-19   360
  2.287649e-01   1.233102e-17   4.480490e-04   7.614656e-19   240
  2.303999e-01   1.136782e-17   5.301447e-04   7.974778e-19   168
  2.319249e-01   1.075188e-17   4.172883e-04   6.109182e-19   312
  2.337418e-01   1.083505e-17   2.611535e-04   5.520337e-19   336
  2.357046e-01   1.196216e-17   3.562619e-04   7.264698e-19   294
  2.371846e-01   1.363089e-17   4.748243e-04   8.392648e-19   288
  2.383170e-01   9.673019e-18   2.971134e-04   6.325562e-19   264
  2.403364e-01   1.146057e-17   5.103645e-04   5.820003e-19   480
  2.420249e-01   1.296247e-17   2.496686e-04   7.748689e-19   240
  2.440949e-01   1.303930e-17   2.524589e-04   7.646252e-19   276
  2.457280e-01   1.245560e-17   5.541970e-04   5.215085e-19   488
  2.476682e-01   1.450532e-17   2.440802e-04   1.278789e-18   240
  2.487944e-01   1.329794e-17   4.739408e-04   6.576416e-19   360
  2.503735e-01   1.137798e-17   1.686210e-04   8.460057e-19   198
  2.524044e-01   1.130199e-17   5.697771e-04   4.923903e-19   480
  2.538913e-01   1.149013e-17   2.103076e-04   6.978765e-19   288
  2.559478e-01   1.350825e-17   4.445422e-04   6.405123e-19   480
  2.577972e-01   1.404401e-17   2.738942e-04   5.924726e-19   480
  2.596963e-01   1.248567e-17   3.542367e-04   8.381850e-19   288
  2.608812e-01   1.416494e-17   3.779053e-04   8.042023e-19   288
  2.627448e-01   1.382916e-17   6.569890e-04   6.687149e-19   456
  2.646214e-01   1.562576e-17   6.187305e-04   7.706057e-19   360
  2.658312e-01   1.407448e-17   3.708853e-04   8.735566e-19   180
  2.675821e-01   1.208787e-17   4.039393e-04   5.150151e-19   486
  2.693567e-01   1.376101e-17   5.373692e-04   6.187609e-19   504
  2.711612e-01   1.491435e-17   4.175087e-04   7.076080e-19   456
  2.726573e-01   1.456478e-17   3.468761e-04   8.533433e-19   296
  2.746340e-01   1.395416e-17   3.422861e-04   6.147981e-19   528
  2.761206e-01   1.424984e-17   3.377476e-04   7.221189e-19   336
  2.783101e-01   1.454918e-17   3.746254e-04   6.024235e-19   600
  2.799128e-01   1.230312e-17   2.194755e-04   7.298056e-19   264
  2.815189e-01   1.466245e-17   2.373367e-04   7.187653e-19   360
  2.831582e-01   1.417836e-17   4.751715e-04   6.175830e-19   630
  2.849646e-01   1.653598e-17   2.452791e-04   7.871315e-19   432
  2.865671e-01   1.603507e-17   4.725907e-04   7.560333e-19   408
  2.885340e-01   1.492409e-17   3.136768e-04   8.076666e-19   324
  2.899972e-01   1.432841e-17   4.470278e-04   5.383860e-19   744
  2.917622e-01   1.415179e-17   3.573689e-04   7.909490e-19   336
  2.934486e-01   1.630949e-17   4.912911e-04   7.146669e-19   528
  2.952978e-01   1.401043e-17   2.506716e-04   7.438392e-19   408
  2.965238e-01   1.381743e-17   4.266433e-04   6.831325e-19   408
  2.985496e-01   1.445610e-17   3.522079e-04   6.498505e-19   470
  3.000252e-01   1.555038e-17   4.231156e-04   7.052869e-19   528
  3.020857e-01   1.362728e-17   3.525700e-04   5.050234e-19   624
  3.036033e-01   1.577740e-17   2.682725e-04   7.281552e-19   504
  3.051691e-01   1.390704e-17   3.736837e-04   6.017012e-19   552
  3.067221e-01   1.548667e-17   1.816539e-04   7.802162e-19   336
  3.086668e-01   1.680468e-17   3.866695e-04   7.318919e-19   528
  3.101733e-01   1.603301e-17   4.402305e-04   6.348248e-19   564
  3.119378e-01   1.549055e-17   4.051859e-04   7.463720e-19   528
  3.138508e-01   1.725604e-17   6.290633e-04   7.572677e-19   582
  3.155905e-01   1.610803e-17   4.842838e-04   6.392936e-19   624
  3.171120e-01   1.588710e-17   5.536295e-04   8.003086e-19   432
  3.189273e-01   1.676514e-17   6.158164e-04   5.737383e-19   816
  3.207951e-01   1.763574e-17   2.806614e-04   9.731003e-19   312
  3.220171e-01   1.563019e-17   4.548743e-04   6.980535e-19   552
  3.239876e-01   1.653418e-17   2.864905e-04   6.133913e-19   744
  3.254151e-01   1.834378e-17   2.676404e-04   9.979476e-19   408
  3.272576e-01   1.609143e-17   3.835404e-04   6.488708e-19   632
  3.291717e-01   1.891673e-17   6.513489e-04   6.962900e-19   750
  3.307289e-01   1.837180e-17   4.480796e-04   9.744195e-19   312
  3.324641e-01   1.764997e-17   6.615270e-04   6.072164e-19   876
  3.341804e-01   1.451435e-17   4.319379e-04   6.051925e-19   552
  3.361143e-01   1.807651e-17   3.572110e-04   7.114021e-19   696
  3.374317e-01   1.812280e-17   3.942932e-04   7.699334e-19   576
  3.392245e-01   1.633114e-17   4.174616e-04   7.556836e-19   576
  3.407547e-01   1.863336e-17   5.593999e-04   7.352367e-19   648
  3.426040e-01   1.862877e-17   5.599242e-04   6.828733e-19   672
  3.446457e-01   1.825034e-17   2.374990e-04   8.678337e-19   480
  3.459524e-01   1.717117e-17   3.677960e-04   6.143940e-19   726
  3.476351e-01   1.909091e-17   4.167607e-04   6.663852e-19   792
  3.494576e-01   1.772725e-17   5.781572e-04   6.488084e-19   768
  3.513784e-01   1.871742e-17   4.725059e-04   7.007790e-19   672
  3.531396e-01   1.836576e-17   3.169470e-04   7.115052e-19   608
  3.544145e-01   1.765762e-17   3.042788e-04   6.975567e-19   624
  3.562333e-01   1.786845e-17   3.954077e-04   6.479318e-19   684
  3.580024e-01   1.831118e-17   5.840631e-04   6.269242e-19   768
  3.596489e-01   1.915375e-17   4.669543e-04   6.574262e-19   744
  3.616107e-01   1.807801e-17   2.940222e-04   6.232358e-19   750
  3.630406e-01   1.705790e-17   4.370248e-04   7.418809e-19   600
  3.645869e-01   1.815220e-17   4.640415e-04   7.326626e-19   600
  3.664974e-01   1.896084e-17   5.347792e-04   5.792498e-19   1008
  3.680145e-01   1.919173e-17   2.966070e-04   7.235667e-19   696
  3.696957e-01   1.993153e-17   3.918311e-04   8.074561e-19   624
  3.713857e-01   1.948999e-17   6.097387e-04   7.145925e-19   840
  3.733058e-01   2.083407e-17   4.148780e-04   7.151526e-19   816
  3.748632e-01   1.887787e-17   2.755717e-04   6.478879e-19   744
  3.764360e-01   1.960055e-17   4.871654e-04   8.215783e-19   510
  3.783359e-01   2.012302e-17   4.677188e-04   6.448084e-19   1020
  3.801042e-01   1.990677e-17   3.774027e-04   6.296944e-19   912
  3.818473e-01   2.071632e-17   5.591433e-04   7.377762e-19   752
  3.832886e-01   2.043510e-17   4.639583e-04   7.783571e-19   888
  3.852555e-01   1.951050e-17   2.993905e-04   6.871565e-19   768
  3.868644e-01   2.010423e-17   5.440188e-04   7.223003e-19   720
  3.887159e-01   2.001235e-17   4.795683e-04   6.343273e-19   1056
  3.903582e-01   2.037254e-17   3.317856e-04   8.840876e-19   504
  3.917039e-01   1.919483e-17   5.180898e-04   7.242282e-19   774
  3.936283e-01   2.005863e-17   4.982654e-04   6.092650e-19   1272
  3.954358e-01   2.078102e-17   3.264422e-04   7.890312e-19   744
  3.971211e-01   1.920006e-17   5.330594e-04   6.818489e-19   768
  3.986674e-01   2.050194e-17   4.508988e-04   6.728356e-19   840
  4.004039e-01   2.163100e-17   3.056972e-04   6.939453e-19   924
  4.020760e-01   2.091603e-17   5.389435e-04   6.822624e-19   936
  4.037194e-01   1.955718e-17   3.745454e-04   6.410637e-19   840
  4.053748e-01   2.185746e-17   4.452908e-04   6.807235e-19   1008
  4.074786e-01   2.012723e-17   5.026919e-04   7.407104e-19   696
  4.087986e-01   1.934416e-17   4.468063e-04   6.121942e-19   974
  4.107598e-01   2.163732e-17   5.934108e-04   6.157831e-19   1152
  4.124648e-01   2.155085e-17   2.322032e-04   7.160266e-19   816
  4.137908e-01   1.957659e-17   5.108209e-04   6.378046e-19   816
  4.155748e-01   2.110976e-17   4.510778e-04   6.015390e-19   1152
  4.174563e-01   2.138621e-17   4.061247e-04   6.763470e-19   912
  4.191672e-01   2.279287e-17   4.934415e-04   6.781616e-19   1056
  4.206322e-01   2.230744e-17   4.219808e-04   8.767068e-19   624
  4.226021e-01   2.115182e-17   5.271094e-04   6.321087e-19   1260
  4.243023e-01   2.209876e-17   3.179301e-04   7.417753e-19   894
  4.259628e-01   2.332957e-17   5.447273e-04   6.281372e-19   1176
  4.276242e-01   2.016237e-17   4.508728e-04   7.433912e-19   840
  4.295151e-01   2.230342e-17   5.124827e-04   5.658427e-19   1440
  4.315006e-01   2.044925e-17   2.881208e-04   6.601057e-19   864
  4.330060e-01   2.314123e-17   4.944294e-04   7.370323e-19   1056
  4.345044e-01   2.349881e-17   2.915091e-04   9.427225e-19   624
  4.363242e-01   2.283369e-17   5.398245e-04   5.888266e-19   1496
  4.380644e-01   2.281165e-17   3.811353e-04   8.504004e-19   936
  4.396135e-01   2.202589e-17   5.517639e-04   7.061798e-19   966
  4.412804e-01   2.197077e-17   3.911127e-04   7.131262e-19   936
  4.430314e-01   2.266264e-17   4.837854e-04   6.207517e-19   1248
  4.448240e-01   2.139220e-17   3.410472e-04   6.188151e-19   1044
  4.464944e-01   2.231149e-17   5.282931e-04   6.270479e-19   1392
  4.478173e-01   2.081176e-17   4.068922e-04   7.968695e-19   600
  4.497097e-01   2.188255e-17   4.622723e-04   5.624784e-19   1416
  4.514841e-01   2.276361e-17   4.975797e-04   6.534822e-19   1152
  4.532821e-01   2.262230e-17   4.773496e-04   7.109856e-19   936
  4.547305e-01   2.296766e-17   5.119809e-04   7.758896e-19   870
  4.564516e-01   2.425465e-17   4.292755e-04   7.037037e-19   1368
  4.583615e-01   2.347209e-17   5.643853e-04   6.074479e-19   1632
  4.599936e-01   2.401728e-17   2.450244e-04   8.439286e-19   816
  4.617604e-01   2.404974e-17   5.590000e-04   6.875480e-19   1200
  4.633019e-01   2.439718e-17   5.344699e-04   6.990673e-19   1184
  4.648678e-01   2.511844e-17   4.056277e-04   8.087841e-19   984
  4.667890e-01   2.373348e-17   4.952299e-04   6.135329e-19   1572
  4.685308e-01   2.591836e-17   2.727317e-04   9.113493e-19   840
  4.701539e-01   2.348085e-17   6.342482e-04   6.098327e-19   1392
  4.718677e-01   2.309039e-17   4.656646e-04   7.100493e-19   1158
  4.733973e-01   2.456385e-17   4.240237e-04   6.837132e-19   1272
  4.752392e-01   2.503443e-17   4.321181e-04   6.745286e-19   1320
  4.769691e-01   2.420907e-17   4.228227e-04   7.517226e-19   1104
  4.786151e-01   2.375574e-17   4.785761e-04   6.629699e-19   1392
  4.803427e-01   2.333404e-17   5.176282e-04   6.662964e-19   1296
  4.821220e-01   2.432395e-17   5.404894e-04   6.471661e-19   1392
  4.837916e-01   2.448568e-17   3.964922e-04   7.329728e-19   1104
  4.853363e-01   2.363602e-17   4.994197e-04   6.250832e-19   1320
  4.875364e-01   2.426321e-17   3.813995e-04   6.433324e-19   1422
  4.889418e-01   2.366822e-17   4.750117e-04   6.837825e-19   1212
  4.905562e-01   2.361460e-17   5.190595e-04   6.327819e-19   1280
  4.922146e-01   2.578795e-17   5.404823e-04   7.213426e-19   1272
  4.938041e-01   2.622957e-17   4.677338e-04   6.479770e-19   1680
  4.956881e-01   2.318149e-17   4.419216e-04   6.869785e-19   1152
  4.974225e-01   2.441761e-17   5.117608e-04   5.930997e-19   1512
  4.992459e-01   2.427684e-17   2.160634e-04   8.154322e-19   912
  5.006872e-01   2.572688e-17   5.446515e-04   5.906668e-19   1680
  5.026041e-01   2.262172e-17   4.824972e-04   5.666247e-19   1518
  5.040250e-01   2.580416e-17   4.467006e-04   7.596108e-19   1056
  5.055216e-01   2.487802e-17   4.510442e-04   6.364877e-19   1344
  5.074562e-01   2.801450e-17   4.843229e-04   6.723083e-19   1680
  5.092067e-01   2.515278e-17   4.772500e-04   6.336747e-19   1656
  5.111194e-01   2.438491e-17   4.056700e-04   7.678639e-19   1140
  5.125554e-01   2.492854e-17   4.697351e-04   7.025264e-19   1368
  5.142450e-01   2.548318e-17   5.343264e-04   6.366288e-19   1656
  5.159625e-01   2.647657e-17   5.472649e-04   7.367217e-19   1448
  5.178320e-01   2.557026e-17   5.141193e-04   6.500846e-19   1422
  5.195587e-01   2.634157e-17   5.675668e-04   6.703800e-19   1512
  5.210354e-01   2.654304e-17   4.326963e-04   7.576988e-19   1296
  5.227440e-01   2.532702e-17   3.950802e-04   6.063263e-19   1824
  5.245911e-01   2.586774e-17   5.122810e-04   6.587373e-19   1464
  5.264571e-01   2.477097e-17   4.571373e-04   5.463246e-19   1824
  5.281889e-01   2.661957e-17   3.634473e-04   6.932645e-19   1416
  5.296954e-01   2.647769e-17   5.323525e-04   7.073986e-19   1392
  5.313218e-01   2.586208e-17   4.912467e-04   6.581153e-19   1464
  5.333061e-01   2.416646e-17   4.802698e-04   6.453278e-19   1524
  5.348395e-01   2.563525e-17   4.425765e-04   6.449336e-19   1686
  5.366116e-01   2.580141e-17   5.269753e-04   6.435761e-19   1800
  5.381347e-01   2.764402e-17   4.183682e-04   7.999431e-19   1344
  5.398246e-01   2.753897e-17   4.881086e-04   7.358330e-19   1656
  5.415187e-01   2.709545e-17   3.897299e-04   6.684617e-19   1488
  5.429907e-01   2.768813e-17   3.890952e-04   7.034868e-19   1536
  5.450417e-01   2.656517e-17   4.322407e-04   6.483554e-19   1760
  5.466309e-01   2.680432e-17   4.807835e-04   6.150917e-19   1824
  5.484686e-01   2.821544e-17   4.034669e-04   6.997630e-19   1560
  5.502369e-01   2.742631e-17   4.634195e-04   6.319937e-19   1926
  5.519000e-01   2.782678e-17   3.295522e-04   7.709077e-19   1272
  5.534180e-01   2.663303e-17   5.538121e-04   6.171695e-19   1848
  5.554133e-01   2.844707e-17   4.474326e-04   6.246001e-19   1908
  5.569309e-01   2.715522e-17   4.364115e-04   6.962974e-19   1488
  5.585322e-01   2.639082e-17   4.921783e-04   6.496550e-19   1800
  5.602682e-01   2.706943e-17   4.926635e-04   6.511037e-19   1752
  5.619310e-01   2.634960e-17   5.238690e-04   6.971771e-19   1368
  5.635951e-01   2.805084e-17   4.923362e-04   5.894411e-19   2016
  5.654253e-01   2.875176e-17   5.200281e-04   7.147774e-19   1542
  5.671144e-01   2.701309e-17   5.092480e-04   6.066708e-19   2184
  5.689840e-01   2.848857e-17   4.658463e-04   6.546773e-19   1776
  5.705991e-01   2.752615e-17   5.325328e-04   7.887938e-19   1568
  5.721386e-01   2.873560e-17   4.865284e-04   6.372671e-19   2040
  5.738138e-01   2.959270e-17   5.201423e-04   7.133983e-19   1704
  5.755673e-01   2.727966e-17   5.214047e-04   7.041061e-19   1512
  5.772206e-01   2.858707e-17   4.447597e-04   6.363350e-19   2028
  5.790782e-01   2.839083e-17   5.364945e-04   6.156205e-19   1968
  5.807766e-01   2.797362e-17   5.441935e-04   6.199377e-19   1854
  5.824386e-01   2.713757e-17   5.187839e-04   6.324082e-19   1632
  5.841419e-01   2.865443e-17   5.330949e-04   5.535464e-19   2424
  5.859073e-01   2.768385e-17   5.336494e-04   6.812475e-19   1560
  5.873997e-01   2.892619e-17   5.042981e-04   6.540813e-19   1728
  5.892030e-01   2.804401e-17   5.383151e-04   6.369853e-19   2088
  5.910182e-01   2.728126e-17   5.124183e-04   6.221473e-19   1968
  5.926879e-01   2.837931e-17   5.073434e-04   6.263742e-19   2256
  5.943623e-01   2.906992e-17   4.510844e-04   6.636738e-19   1728
  5.961102e-01   2.874792e-17   4.446730e-04   7.942762e-19   1416
  5.976587e-01   3.022596e-17   4.687744e-04   6.348702e-19   2246
  5.994119e-01   2.840172e-17   5.191625e-04   6.503128e-19   2148
  6.010893e-01   2.970548e-17   4.385384e-04   7.389022e-19   1680
  6.026682e-01   2.894877e-17   5.544042e-04   5.565749e-19   2280
  6.045659e-01   2.952516e-17   5.162727e-04   5.831879e-19   2352
  6.063384e-01   2.945806e-17   4.337978e-04   7.299996e-19   1632
  6.077406e-01   2.953631e-17   4.963799e-04   6.809448e-19   1968
  6.096649e-01   2.896267e-17   5.092860e-04   6.369279e-19   2112
  6.114492e-01   2.829626e-17   3.825636e-04   6.314333e-19   2208
  6.131831e-01   2.899612e-17   3.857391e-04   6.281314e-19   1974
  6.145516e-01   2.815014e-17   3.773577e-04   6.382517e-19   1944
  6.164004e-01   3.040836e-17   4.269369e-04   6.536915e-19   2160
  6.180028e-01   2.943133e-17   3.992823e-04   6.670336e-19   2040
  6.197345e-01   3.030812e-17   5.586051e-04   6.481551e-19   2352
  6.215106e-01   3.115701e-17   4.640665e-04   7.165298e-19   1836
  6.231317e-01   2.979432e-17   4.950444e-04   5.879872e-19   2352
  6.249518e-01   2.919683e-17   5.192346e-04   6.473696e-19   2008
  6.266203e-01   2.944620e-17   5.108010e-04   6.214152e-19   2464
  6.284808e-01   2.980544e-17   4.119834e-04   6.263005e-19   2118
  6.300068e-01   2.959504e-17   4.141467e-04   6.896448e-19   1848
  6.315775e-01   3.181291e-17   5.480513e-04   7.075908e-19   2280
  6.334747e-01   3.093663e-17   5.213278e-04   6.311143e-19   2472
  6.352475e-01   2.978550e-17   3.483875e-04   6.430484e-19   2280
  6.367358e-01   3.224217e-17   4.258450e-04   7.576875e-19   1992
  6.383407e-01   3.133561e-17   4.476942e-04   6.172073e-19   2184
  6.401915e-01   2.836089e-17   5.400739e-04   5.965062e-19   2352
  6.419748e-01   3.049043e-17   5.691414e-04   6.066256e-19   2496
  6.437210e-01   2.915767e-17   5.315847e-04   7.054967e-19   1770
  6.452872e-01   3.183102e-17   4.586736e-04   6.394370e-19   2568
  6.471700e-01   3.115743e-17   5.625819e-04   6.042076e-19   2712
  6.488816e-01   3.153764e-17   4.467713e-04   6.534520e-19   2448
  6.505906e-01   3.246286e-17   3.766053e-04   6.974384e-19   2064
  6.520083e-01   2.998566e-17   3.975154e-04   7.113859e-19   1944
  6.538465e-01   3.026670e-17   4.910776e-04   6.309441e-19   2480
  6.557218e-01   3.123337e-17   5.334543e-04   5.920673e-19   2880
  6.573828e-01   3.138884e-17   5.117233e-04   6.414328e-19   2304
  6.591177e-01   3.121858e-17   4.701472e-04   6.891084e-19   1806
  6.606561e-01   3.118882e-17   4.610710e-04   5.732647e-19   2856
  6.625838e-01   3.202034e-17   4.421809e-04   6.453037e-19   2568
  6.640509e-01   2.981972e-17   4.436302e-04   6.623539e-19   2112
  6.656475e-01   3.138750e-17   4.272941e-04   7.257024e-19   2028
  6.673605e-01   3.147075e-17   5.057904e-04   5.834102e-19   2712
  6.690998e-01   3.230323e-17   5.449093e-04   5.965369e-19   2952
  6.709691e-01   3.252185e-17   4.210349e-04   6.969381e-19   2112
  6.724803e-01   3.168293e-17   4.934314e-04   6.186175e-19   2520
  6.742956e-01   3.109058e-17   4.759244e-04   6.418497e-19   2376
  6.759489e-01   3.211525e-17   3.815168e-04   6.470901e-19   2526
  6.776650e-01   3.305461e-17   4.747876e-04   6.505962e-19   2664
  6.793642e-01   3.274852e-17   5.662862e-04   6.577388e-19   2408
  6.809929e-01   3.282080e-17   4.536173e-04   6.618222e-19   2568
  6.826540e-01   3.365766e-17   4.276796e-04   6.168638e-19   2904
  6.844561e-01   3.246875e-17   4.798687e-04   6.335821e-19   2544
  6.861681e-01   3.258687e-17   3.534563e-04   6.969526e-19   2160
  6.877835e-01   3.473148e-17   6.110852e-04   6.793616e-19   2652
  6.895681e-01   3.215058e-17   4.838537e-04   6.122428e-19   2784
  6.912854e-01   3.384867e-17   4.778196e-04   6.177903e-19   2694
  6.930647e-01   3.177499e-17   4.294263e-04   5.856997e-19   2952
  6.946107e-01   3.470908e-17   4.067448e-04   7.195202e-19   2208
  6.961857e-01   3.243790e-17   4.335098e-04   6.708750e-19   2304
  6.979438e-01   3.182235e-17   5.637316e-04   5.070368e-19   3504
  6.999941e-01   3.379502e-17   4.564735e-04   7.044512e-19   2616
  7.015932e-01   3.392415e-17   4.459377e-04   6.661542e-19   2664
  7.031336e-01   3.307376e-17   4.143151e-04   6.562278e-19   2448
  7.046858e-01   3.408592e-17   5.770045e-04   6.750303e-19   2472
  7.065119e-01   3.419841e-17   4.587514e-04   6.035839e-19   3134
  7.082307e-01   3.411277e-17   5.017392e-04   6.725913e-19   2616
  7.099467e-01   3.227508e-17   4.064282e-04   6.343124e-19   2712
  7.117121e-01   3.289579e-17   4.661143e-04   5.844663e-19   3204
  7.133994e-01   3.294740e-17   5.368237e-04   6.580783e-19   2760
  7.150019e-01   3.279592e-17   4.683701e-04   6.268426e-19   2688
  7.167690e-01   3.376655e-17   4.428424e-04   6.722713e-19   2760
  7.183316e-01   3.263098e-17   3.656620e-04   6.548945e-19   2568
  7.201311e-01   3.266118e-17   5.678551e-04   5.572457e-19   3336
  7.218583e-01   3.393469e-17   4.806270e-04   6.757907e-19   2334
  7.236024e-01   3.250368e-17   5.318655e-04   5.754732e-19   3264
  7.252322e-01   3.425672e-17   3.867069e-04   6.588675e-19   2760
  7.269038e-01   3.309703e-17   4.670323e-04   5.831823e-19   3192
  7.286057e-01   3.369464e-17   4.848795e-04   6.472665e-19   2904
  7.304158e-01   3.365116e-17   4.865095e-04   6.492625e-19   2784
  7.319309e-01   3.533514e-17   4.004063e-04   7.193009e-19   2592
  7.336545e-01   3.346100e-17   5.458110e-04   5.657278e-19   3284
  7.354862e-01   3.469463e-17   5.482421e-04   6.360099e-19   3168
  7.371250e-01   3.447866e-17   4.523390e-04   6.693398e-19   2616
  7.388477e-01   3.251801e-17   4.370713e-04   5.897662e-19   3222
  7.405235e-01   3.376888e-17   4.904075e-04   5.571424e-19   3240
  7.421464e-01   3.476470e-17   4.961262e-04   7.086182e-19   2568
  7.439914e-01   3.561521e-17   4.552202e-04   6.357874e-19   3120
  7.455341e-01   3.594489e-17   5.004475e-04   6.547997e-19   3168
  7.471932e-01   3.383234e-17   4.381038e-04   6.107481e-19   3240
  7.490082e-01   3.393430e-17   4.494836e-04   5.932402e-19   3144
  7.507715e-01   3.341761e-17   4.284362e-04   6.119012e-19   2856
  7.524381e-01   3.435204e-17   4.575871e-04   5.884865e-19   3264
  7.543240e-01   3.508497e-17   5.056132e-04   6.117862e-19   3318
  7.558082e-01   3.522036e-17   3.541030e-04   7.491119e-19   2556
  7.575771e-01   3.454342e-17   6.048733e-04   5.339159e-19   4008
  7.593679e-01   3.508849e-17   4.465021e-04   6.670884e-19   2904
  7.609000e-01   3.424185e-17   4.565641e-04   5.912785e-19   3144
  7.626441e-01   3.346105e-17   4.759726e-04   6.090879e-19   3200
  7.644490e-01   3.473549e-17   4.694243e-04   6.067979e-19   3312
  7.660670e-01   3.625546e-17   3.783351e-04   6.938532e-19   2832
  7.678735e-01   3.496074e-17   5.444478e-04   5.569056e-19   3984
  7.695508e-01   3.780527e-17   4.426103e-04   8.229727e-19   2238
  7.710821e-01   3.529774e-17   5.208763e-04   5.698793e-19   3984
  7.729819e-01   3.461795e-17   4.949876e-04   6.139860e-19   3384
  7.745602e-01   3.687218e-17   4.626797e-04   6.760630e-19   3048
  7.762081e-01   3.442876e-17   4.248302e-04   6.241084e-19   3096
  7.779294e-01   3.656369e-17   4.815324e-04   5.803181e-19   3708
  7.796408e-01   3.463916e-17   4.564274e-04   6.758024e-19   2784
  7.812306e-01   3.734025e-17   4.740872e-04   6.258051e-19   3648
  7.830363e-01   3.595333e-17   4.879380e-04   5.965952e-19   3888
  7.849582e-01   3.529567e-17   5.208881e-04   6.270505e-19   2958
  7.863930e-01   3.474355e-17   4.446264e-04   5.968771e-19   3264
  7.881221e-01   3.721407e-17   4.908549e-04   6.593554e-19   3160
  7.897556e-01   3.442778e-17   4.448554e-04   5.770305e-19   3736
  7.913039e-01   3.612737e-17   4.053674e-04   6.545686e-19   3216
  7.931298e-01   3.631533e-17   4.967559e-04   5.743175e-19   4032
  7.950340e-01   3.641582e-17   4.535292e-04   6.099567e-19   3528
  7.966578e-01   3.687574e-17   4.003367e-04   6.438079e-19   3192
  7.982809e-01   3.573447e-17   4.384400e-04   6.175699e-19   3456
  8.000418e-01   3.667218e-17   4.546161e-04   6.830923e-19   3060
  8.018067e-01   3.620954e-17   5.405908e-04   5.546003e-19   4518
  8.035265e-01   3.653512e-17   4.815963e-04   5.975496e-19   3528
  8.051074e-01   3.607948e-17   4.044568e-04   6.635506e-19   3024
  8.067928e-01   3.482133e-17   5.476184e-04   5.737192e-19   3672
  8.085097e-01   3.663146e-17   4.700229e-04   6.222665e-19   3864
  8.104158e-01   3.540770e-17   4.982178e-04   5.606742e-19   3816
  8.119748e-01   3.671463e-17   4.532681e-04   6.297814e-19   3456
  8.134695e-01   3.699956e-17   4.103104e-04   7.222520e-19   2688
  8.152303e-01   3.700979e-17   4.868254e-04   5.726378e-19   4248
  8.169761e-01   3.631436e-17   4.662855e-04   5.748862e-19   3926
  8.187297e-01   3.567954e-17   4.923174e-04   5.805539e-19   3504
  8.204236e-01   3.713264e-17   4.401391e-04   5.796675e-19   3960
  8.222939e-01   3.594528e-17   4.954941e-04   5.872150e-19   3684
  8.238979e-01   3.533954e-17   4.954609e-04   5.674671e-19   4104
  8.255014e-01   3.699691e-17   4.699173e-04   6.573754e-19   3144
  8.272241e-01   3.678751e-17   5.147213e-04   5.673327e-19   4224
  8.291182e-01   3.665005e-17   4.568598e-04   5.777250e-19   4008
  8.307364e-01   3.720608e-17   5.026181e-04   6.340273e-19   3312
  8.324026e-01   3.643752e-17   4.999111e-04   6.041500e-19   3726
  8.341747e-01   3.689934e-17   5.134700e-04   5.919515e-19   3936
  8.357483e-01   3.754429e-17   5.292866e-04   6.047688e-19   3888
  8.373814e-01   3.711852e-17   5.004911e-04   5.837606e-19   3864
  8.390804e-01   3.614421e-17   5.320643e-04   5.799472e-19   3888
  8.408304e-01   3.511248e-17   5.018185e-04   5.524889e-19   4080
  8.425581e-01   3.689166e-17   5.325821e-04   6.346037e-19   3400
  8.443209e-01   3.704362e-17   4.884316e-04   5.409076e-19   4588
  8.461032e-01   3.791922e-17   4.834464e-04   6.239934e-19   3816
  8.476608e-01   3.802454e-17   4.581060e-04   6.141624e-19   3534
  8.493098e-01   3.847571e-17   4.524863e-04   5.913048e-19   4080
  8.510347e-01   3.821418e-17   4.729764e-04   5.842017e-19   4248
  8.527671e-01   3.732089e-17   4.766165e-04   6.372856e-19   3528
  8.543656e-01   3.906660e-17   4.872753e-04   6.089080e-19   4248
  8.559814e-01   3.734905e-17   4.766042e-04   6.239510e-19   3696
  8.577808e-01   3.862825e-17   4.945438e-04   5.834713e-19   4560
  8.594872e-01   3.753248e-17   4.632233e-04   6.048986e-19   3864
  8.612397e-01   3.728536e-17   5.043791e-04   5.645335e-19   4440
  8.629007e-01   3.712220e-17   4.705976e-04   6.617065e-19   3432
  8.646460e-01   3.695048e-17   4.614307e-04   5.504944e-19   4470
  8.663629e-01   3.771552e-17   4.100586e-04   5.845388e-19   4188
  8.680505e-01   3.819518e-17   5.253427e-04   5.734341e-19   4392
  8.697265e-01   3.876522e-17   4.064025e-04   6.427971e-19   3960
  8.714695e-01   3.875803e-17   4.591166e-04   5.946433e-19   4328
  8.731579e-01   3.809126e-17   4.778042e-04   5.972888e-19   4320
  8.748643e-01   3.817082e-17   4.996345e-04   5.644009e-19   4152
  8.764467e-01   4.113514e-17   4.179518e-04   6.950537e-19   3528
  8.782362e-01   3.810752e-17   4.523689e-04   5.578118e-19   4512
  8.799104e-01   3.830823e-17   4.624323e-04   5.942060e-19   4134
  8.816110e-01   3.941896e-17   4.926455e-04   5.340444e-19   5208
  8.832465e-01   3.908142e-17   4.292145e-04   6.737122e-19   3240
  8.849385e-01   4.134056e-17   4.734040e-04   6.158102e-19   4680
  8.866607e-01   3.844652e-17   4.687083e-04   5.881949e-19   4440
  8.883848e-01   3.661108e-17   5.311226e-04   5.546727e-19   4260
  8.900384e-01   3.867422e-17   4.336102e-04   6.129467e-19   4056
  8.917415e-01   3.894744e-17   4.807328e-04   5.725370e-19   4704
  8.935289e-01   4.008189e-17   5.594147e-04   5.691638e-19   4800
  8.954185e-01   3.856758e-17   4.846897e-04   5.407261e-19   4806
  8.970513e-01   4.132786e-17   4.831585e-04   7.248117e-19   3552
  8.986064e-01   3.853216e-17   4.844541e-04   6.141511e-19   4304
  9.003622e-01   3.857940e-17   4.698109e-04   5.290005e-19   5280
  9.020984e-01   3.907825e-17   4.507040e-04   5.891652e-19   4320
  9.037419e-01   3.835681e-17   5.089629e-04   5.861993e-19   4296
  9.054750e-01   4.091752e-17   5.658401e-04   5.900980e-19   4608
  9.072277e-01   3.994721e-17   5.421052e-04   5.811442e-19   4824
  9.089629e-01   3.989934e-17   5.117857e-04   5.892219e-19   4488
  9.108250e-01   4.039157e-17   4.778070e-04   6.100238e-19   4530
  9.123625e-01   3.877267e-17   4.665391e-04   5.655566e-19   4464
  9.139010e-01   4.005428e-17   4.396785e-04   6.234203e-19   4104
  9.156673e-01   3.797990e-17   4.740652e-04   5.172625e-19   5424
  9.174048e-01   3.982470e-17   5.103023e-04   5.615260e-19   4392
  9.191730e-01   4.118095e-17   4.996065e-04   5.965676e-19   4896
  9.207787e-01   4.008071e-17   4.897165e-04   6.267843e-19   4104
  9.224542e-01   4.142821e-17   4.415951e-04   6.023671e-19   4824
  9.242220e-01   3.953281e-17   4.220615e-04   5.968742e-19   4680
  9.257621e-01   3.924914e-17   4.316766e-04   5.876818e-19   4328
  9.275497e-01   3.974149e-17   4.976114e-04   5.539817e-19   5118
  9.293459e-01   4.064128e-17   5.765145e-04   5.564862e-19   5304
  9.309669e-01   4.057080e-17   4.539783e-04   5.891370e-19   4392
  9.327330e-01   4.136644e-17   4.556524e-04   6.101803e-19   4476
  9.342775e-01   3.911127e-17   4.525170e-04   5.588448e-19   4704
  9.359960e-01   4.056609e-17   5.477178e-04   5.566823e-19   5208
  9.378023e-01   3.891402e-17   4.618178e-04   5.492749e-19   5304
  9.394666e-01   4.143462e-17   4.946712e-04   6.470815e-19   4296
  9.411731e-01   4.178793e-17   4.690760e-04   6.075848e-19   4752
  9.429662e-01   3.875468e-17   4.708758e-04   5.486129e-19   4950
  9.445778e-01   4.025442e-17   4.921918e-04   5.662644e-19   5064
  9.461898e-01   4.034418e-17   4.123928e-04   5.805119e-19   4872
  9.478198e-01   3.958872e-17   4.341367e-04   6.352452e-19   4224
  9.495602e-01   4.054829e-17   4.795584e-04   5.180447e-19   6120
  9.514124e-01   3.959103e-17   5.275753e-04   5.539614e-19   4968
  9.530925e-01   4.128457e-17   4.668582e-04   6.013990e-19   4424
  9.548307e-01   4.224359e-17   5.963123e-04   5.740481e-19   5436
  9.565477e-01   4.025357e-17   5.084086e-04   5.943304e-19   4896
  9.582076e-01   3.972450e-17   4.867456e-04   5.506186e-19   5214
  9.598077e-01   4.103821e-17   4.137593e-04   5.996301e-19   4656
  9.615856e-01   4.156718e-17   5.260613e-04   5.864234e-19   5448
  9.632845e-01   4.120179e-17   4.442976e-04   5.762843e-19   4992
  9.649480e-01   4.128072e-17   4.917143e-04   5.617448e-19   5400
  9.667765e-01   4.207471e-17   5.449716e-04   5.625311e-19   5328
  9.684613e-01   3.954597e-17   4.873046e-04   5.436788e-19   4776
  9.700464e-01   4.210820e-17   4.579033e-04   5.928603e-19   4800
  9.718074e-01   4.146805e-17   5.888402e-04   5.077035e-19   6552
  9.736499e-01   4.089233e-17   4.448607e-04   6.390153e-19   3942
  9.752465e-01   4.042152e-17   5.606963e-04   5.300753e-19   6072
  9.770144e-01   4.029996e-17   4.354574e-04   6.020657e-19   4692
  9.784966e-01   4.260260e-17   4.546106e-04   5.927763e-19   4944
  9.802329e-01   4.142454e-17   4.879373e-04   5.231285e-19   5840
  9.820155e-01   4.045994e-17   5.223166e-04   5.500065e-19   5712
  9.837706e-01   4.043682e-17   4.377350e-04   5.751673e-19   4800
  9.853717e-01   4.117015e-17   5.797155e-04   5.539681e-19   5688
  9.871255e-01   4.242508e-17   4.573834e-04   6.301920e-19   4848
  9.888635e-01   3.459915e-17   5.090949e-04   5.527794e-19   5406
  9.905131e-01   9.923515e-47   4.595406e-04   1.641134e-48   5568
  9.921693e-01   9.594369e-47   4.130962e-04   1.312934e-48   5736
  9.939592e-01   9.661593e-47   5.130390e-04   1.328538e-48   5280
  9.955835e-01   9.857483e-47   4.743420e-04   1.361330e-48   5592
  9.972555e-01   9.966893e-47   5.429960e-04   1.394608e-48   4968
  9.990231e-01   9.618444e-47   4.868684e-04   1.236750e-48   5964
  1.000748e+00   9.723476e-47   4.891308e-04   1.373112e-48   5376
  1.002315e+00   9.876164e-47   4.722860e-04   1.353383e-48   5472
  1.004131e+00   9.846470e-47   4.485360e-04   1.324606e-48   5472
  1.005792e+00   9.927941e-47   5.099708e-04   1.348176e-48   5415
  1.007402e+00   1.033619e-46   4.485810e-04   1.541672e-48   5096
  1.009144e+00   9.768277e-47   5.768639e-04   1.201589e-48   6372
  1.010906e+00   9.623759e-47   4.682720e-04   1.409634e-48   4656
  1.012485e+00   9.753669e-47   5.112031e-04   1.285138e-48   5844
  1.014184e+00   9.927209e-47   4.494662e-04   1.392619e-48   5508
  1.015984e+00   1.006917e-46   5.098811e-04   1.238413e-48   6324
  1.017751e+00   1.034897e-46   4.379885e-04   1.533185e-48   4752
  1.019366e+00   1.032782e-46   4.903645e-04   1.340839e-48   5676
  1.021114e+00   1.049532e-46   4.485894e-04   1.424267e-48   5472
  1.022773e+00   1.050393e-46   5.059962e-04   1.391112e-48   5556
  1.024555e+00   1.077812e-46   4.930836e-04   1.453992e-48   5436
  1.026276e+00   1.029894e-46   5.047054e-04   1.333014e-48   5916
  1.028042e+00   1.063076e-46   5.251158e-04   1.428743e-48   5520
  1.029633e+00   1.027289e-46   4.775682e-04   1.435512e-48   5280
  1.031263e+00   1.027684e-46   4.692535e-04   1.562523e-48   4416
  1.033102e+00   1.044898e-46   4.574075e-04   1.300726e-48   6260
  1.034829e+00   1.061690e-46   5.439134e-04   1.350677e-48   5940
  1.036394e+00   1.059459e-46   4.259730e-04   1.660860e-48   4188
  1.038117e+00   1.054815e-46   5.446427e-04   1.304446e-48   6360
  1.039928e+00   1.080852e-46   4.857983e-04   1.508798e-48   5256
  1.041610e+00   1.068785e-46   4.592395e-04   1.535920e-48   4848
  1.043051e+00   1.053250e-46   4.163245e-04   1.542616e-48   4704
  1.044826e+00   1.112460e-46   5.107218e-04   1.477108e-48   5784
  1.046631e+00   1.094529e-46   5.404027e-04   1.445254e-48   5820
  1.048373e+00   1.073927e-46   4.840851e-04   1.405120e-48   5700
  1.050126e+00   1.125825e-46   4.489220e-04   1.587594e-48   5232
  1.051881e+00   1.098012e-46   4.981175e-04   1.584416e-48   4932
  1.053436e+00   1.138009e-46   4.287490e-04   1.625455e-48   4716
  1.055070e+00   1.135024e-46   5.461338e-04   1.569297e-48   5616
  1.056750e+00   1.138769e-46   4.823163e-04   1.623337e-48   5184
  1.058484e+00   1.090335e-46   4.865387e-04   1.519847e-48   5064
  1.060119e+00   1.098809e-46   4.981922e-04   1.531175e-48   5544
  1.061933e+00   1.155917e-46   5.001009e-04   1.540569e-48   5192
  1.063583e+00   1.154152e-46   4.494186e-04   1.583379e-48   5244
  1.065317e+00   1.193405e-46   4.862760e-04   1.643785e-48   5112
  1.067042e+00   1.182787e-46   4.462536e-04   1.642820e-48   5040
  1.068625e+00   1.142253e-46   4.691536e-04   1.622082e-48   5124
  1.070473e+00   1.162680e-46   5.266881e-04   1.544358e-48   5952
  1.072179e+00   1.163445e-46   4.614857e-04   1.671377e-48   4824
  1.073726e+00   1.171482e-46   4.658121e-04   1.695508e-48   4536
  1.075516e+00   1.201712e-46   4.951157e-04   1.635483e-48   5712
  1.077355e+00   1.193629e-46   5.417917e-04   1.657496e-48   5352
  1.079089e+00   1.192422e-46   4.719205e-04   1.641318e-48   5004
  1.080639e+00   1.209308e-46   4.720490e-04   1.721327e-48   4800
  1.082304e+00   1.201510e-46   5.072809e-04   1.641220e-48   5148
  1.084148e+00   1.165861e-46   5.268770e-04   1.506982e-48   5664
  1.085815e+00   1.170968e-46   4.732118e-04   1.645770e-48   4692
  1.087355e+00   1.251214e-46   4.396196e-04   1.976694e-48   4008
  1.089151e+00   1.213064e-46   5.038991e-04   1.575018e-48   5852
  1.090977e+00   1.214171e-46   4.771455e-04   1.654265e-48   5784
  1.092599e+00   1.206638e-46   4.398451e-04   1.838343e-48   4392
  1.094269e+00   1.264396e-46   4.314460e-04   1.769144e-48   4944
  1.096021e+00   1.206993e-46   5.086676e-04   1.763754e-48   4776
  1.097674e+00   1.233288e-46   4.893660e-04   1.716018e-48   5244
  1.099467e+00   1.292027e-46   4.885027e-04   1.781299e-48   4884
  1.100972e+00   1.277917e-46   4.142882e-04   1.957574e-48   4488
  1.102723e+00   1.220346e-46   4.922838e-04   1.671493e-48   5160
  1.104485e+00   1.257313e-46   5.012137e-04   1.728177e-48   5316
  1.106182e+00   1.271368e-46   5.067620e-04   1.793312e-48   4896
  1.107837e+00   1.307029e-46   4.708705e-04   2.016323e-48   4188
  1.109505e+00   1.312077e-46   5.135922e-04   1.872603e-48   4836
  1.111208e+00   1.253439e-46   5.094880e-04   1.747710e-48   5316
  1.112933e+00   1.260407e-46   4.715930e-04   1.847299e-48   4920
  1.114546e+00   1.311833e-46   4.750945e-04   2.105104e-48   4128
  1.116277e+00   1.286351e-46   5.110912e-04   1.744301e-48   5348
  1.117980e+00   1.332716e-46   4.434734e-04   1.951510e-48   4836
  1.119607e+00   1.342643e-46   4.778570e-04   1.978004e-48   4392
  1.121359e+00   1.329801e-46   4.198363e-04   1.951640e-48   4632
  1.122936e+00   1.282925e-46   4.691003e-04   1.921026e-48   4596
  1.124747e+00   1.378380e-46   4.717453e-04   1.847434e-48   5424
  1.126539e+00   1.397738e-46   4.855768e-04   1.858483e-48   5256
  1.128385e+00   1.380316e-46   4.931611e-04   2.014972e-48   4524
  1.129923e+00   1.393672e-46   4.690936e-04   2.105567e-48   4440
  1.131645e+00   1.333760e-46   4.011353e-04   1.926787e-48   4380
  1.133330e+00   1.379221e-46   5.249545e-04   2.008511e-48   4812
  1.135123e+00   1.364925e-46   5.214039e-04   1.819324e-48   5376
  1.136763e+00   1.377135e-46   4.164623e-04   2.233161e-48   3888
  1.138335e+00   1.365256e-46   4.768975e-04   1.965914e-48   4896
  1.140088e+00   1.357124e-46   5.032049e-04   1.979154e-48   4608
  1.141929e+00   1.379646e-46   4.749944e-04   2.124352e-48   4448
  1.143531e+00   1.392221e-46   4.903240e-04   2.047499e-48   4752
  1.145220e+00   1.366356e-46   5.135838e-04   2.030758e-48   4356
  1.146995e+00   1.395086e-46   4.942288e-04   1.903200e-48   5232
  1.148760e+00   1.444664e-46   4.980587e-04   2.187543e-48   4548
  1.150472e+00   1.427648e-46   4.841761e-04   2.030458e-48   4608
  1.152143e+00   1.440984e-46   4.398349e-04   2.293128e-48   3936
  1.153720e+00   1.391757e-46   5.257306e-04   2.178833e-48   4260
  1.155493e+00   1.484928e-46   4.713251e-04   2.131525e-48   5004
  1.157113e+00   1.434031e-46   4.657489e-04   2.357421e-48   4224
  1.158890e+00   1.400160e-46   5.031939e-04   2.029725e-48   4788
  1.160616e+00   1.497499e-46   5.291946e-04   2.296199e-48   4428
  1.162298e+00   1.420371e-46   4.422133e-04   2.214083e-48   4080
  1.163917e+00   1.490324e-46   4.835200e-04   2.222907e-48   4632
  1.165621e+00   1.472340e-46   5.028239e-04   2.285889e-48   4056
  1.167413e+00   1.441277e-46   4.734174e-04   2.137417e-48   4536
  1.169050e+00   1.466837e-46   4.828546e-04   2.176778e-48   4668
  1.170843e+00   1.503569e-46   5.175340e-04   2.199406e-48   4604
  1.172589e+00   1.510049e-46   4.650093e-04   2.406154e-48   4152
  1.174201e+00   1.516985e-46   4.506678e-04   2.260817e-48   4224
  1.175909e+00   1.497080e-46   4.332835e-04   2.264399e-48   4152
  1.177615e+00   1.501049e-46   4.914860e-04   2.382606e-48   4224
  1.179275e+00   1.510107e-46   4.545253e-04   2.338741e-48   3960
  1.180873e+00   1.500072e-46   4.690415e-04   2.094950e-48   4656
  1.182619e+00   1.546833e-46   5.060863e-04   2.387490e-48   4452
  1.184409e+00   1.551750e-46   5.145201e-04   2.466441e-48   4056
  1.186074e+00   1.574419e-46   5.098269e-04   2.478463e-48   4212
  1.187762e+00   1.518188e-46   4.236875e-04   2.492894e-48   3432
  1.189472e+00   1.594605e-46   5.420199e-04   2.143984e-48   5352
  1.191144e+00   1.565192e-46   3.969648e-04   2.603547e-48   3600
  1.192963e+00   1.596102e-46   4.378593e-04   2.306237e-48   4584
  1.194552e+00   1.601501e-46   4.365700e-04   2.581095e-48   3768
  1.196188e+00   1.584561e-46   4.660449e-04   2.537167e-48   3848
  1.197821e+00   1.573206e-46   4.273101e-04   2.530935e-48   3720
  1.199674e+00   1.561021e-46   5.363373e-04   2.185906e-48   4764
  1.201309e+00   1.574899e-46   4.319005e-04   2.524402e-48   3864
  1.202988e+00   1.580067e-46   5.349608e-04   2.396251e-48   4332
  1.204820e+00   1.666360e-46   4.567279e-04   2.700633e-48   3792
  1.206456e+00   1.573905e-46   5.180648e-04   2.327653e-48   4284
  1.208191e+00   1.660470e-46   4.905502e-04   2.713735e-48   3840
  1.209832e+00   1.644125e-46   4.669396e-04   2.820462e-48   3480
  1.211499e+00   1.657449e-46   5.210148e-04   2.477809e-48   4380
  1.213302e+00   1.648021e-46   4.894021e-04   2.544161e-48   4200
  1.215072e+00   1.635452e-46   4.704049e-04   2.536813e-48   4056
  1.216717e+00   1.689977e-46   4.727759e-04   2.881308e-48   3600
  1.218257e+00   1.668283e-46   4.710469e-04   2.897147e-48   3492
  1.220057e+00   1.695321e-46   5.500764e-04   2.515289e-48   4500
  1.221894e+00   1.691019e-46   4.819412e-04   2.834416e-48   3516
  1.223472e+00   1.624134e-46   5.038249e-04   2.461432e-48   3968
  1.225242e+00   1.658048e-46   4.842193e-04   2.800520e-48   3648
  1.226808e+00   1.726913e-46   4.630474e-04   2.729091e-48   4224
  1.228583e+00   1.616732e-46   5.197289e-04   2.587417e-48   3588
  1.230249e+00   1.690016e-46   4.793892e-04   2.799968e-48   3456
  1.231925e+00   1.612800e-46   4.257569e-04   2.610953e-48   3660
  1.233657e+00   1.742703e-46   4.673180e-04   2.893248e-48   3768
  1.235272e+00   1.723301e-46   4.725964e-04   2.934459e-48   3744
  1.237006e+00   1.699118e-46   5.187522e-04   2.653235e-48   4176
  1.238850e+00   1.698485e-46   4.784920e-04   2.849445e-48   3612
  1.240375e+00   1.760829e-46   5.199888e-04   3.102112e-48   3216
  1.242119e+00   1.768256e-46   5.027406e-04   2.981936e-48   3624
  1.243874e+00   1.736307e-46   4.727415e-04   2.829112e-48   3744
  1.245569e+00   1.803614e-46   5.044114e-04   3.094110e-48   3672
  1.247242e+00   1.870031e-46   4.574137e-04   3.047128e-48   3852
  1.248969e+00   1.822937e-46   4.707839e-04   3.001292e-48   3672
  1.250806e+00   1.768257e-46   4.587010e-04   3.100922e-48   3248
  1.252340e+00   1.782744e-46   4.695129e-04   3.003965e-48   3336
  1.254015e+00   1.765033e-46   4.779221e-04   2.911305e-48   3576
  1.255728e+00   1.845988e-46   4.057129e-04   3.154177e-48   3336
  1.257472e+00   1.876673e-46   4.819158e-04   3.051727e-48   3936
  1.259194e+00   1.811824e-46   5.132539e-04   3.205553e-48   3408
  1.260901e+00   1.819604e-46   4.521849e-04   3.288358e-48   3336
  1.262560e+00   1.850981e-46   5.079072e-04   3.018597e-48   3312
  1.264219e+00   1.868680e-46   5.142616e-04   3.122382e-48   3432
  1.265985e+00   1.825575e-46   4.458442e-04   3.373593e-48   3144
  1.267597e+00   1.933022e-46   4.840083e-04   3.183804e-48   3456
  1.269411e+00   1.888839e-46   4.651874e-04   3.158206e-48   3792
  1.271049e+00   1.957754e-46   4.569446e-04   3.607785e-48   2868
  1.272819e+00   1.907094e-46   4.733929e-04   3.042872e-48   3888
  1.274473e+00   1.903904e-46   4.110524e-04   3.565150e-48   2784
  1.276101e+00   1.824856e-46   4.694335e-04   3.211180e-48   2964
  1.277880e+00   1.917492e-46   4.834244e-04   3.276263e-48   3432
  1.279573e+00   1.946257e-46   5.003929e-04   3.210028e-48   3416
  1.281287e+00   1.898438e-46   5.348762e-04   3.109306e-48   3528
  1.283040e+00   1.887099e-46   4.292762e-04   3.546435e-48   2904
  1.284592e+00   1.914302e-46   4.813445e-04   3.560438e-48   3072
  1.286396e+00   1.990484e-46   5.406051e-04   3.468476e-48   3216
  1.288199e+00   2.028745e-46   4.378327e-04   3.850373e-48   2844
  1.289782e+00   2.027270e-46   5.010192e-04   3.469837e-48   3432
  1.291408e+00   1.857410e-46   4.027010e-04   3.447845e-48   2880
  1.293224e+00   1.971383e-46   5.334351e-04   3.268237e-48   3576
  1.294934e+00   2.047562e-46   4.768162e-04   3.903728e-48   2700
  1.296572e+00   2.059713e-46   5.355829e-04   3.615385e-48   3000
  1.298287e+00   1.920053e-46   4.446934e-04   3.675989e-48   2556
  1.299953e+00   1.998512e-46   4.766228e-04   3.404816e-48   3360
  1.301675e+00   2.019700e-46   4.631149e-04   3.630774e-48   3120
  1.303530e+00   2.032449e-46   5.452330e-04   3.588885e-48   3216
  1.305127e+00   2.034077e-46   3.845380e-04   4.045045e-48   2628
  1.306923e+00   2.067950e-46   5.083038e-04   3.698303e-48   3200
  1.308561e+00   1.994545e-46   4.795357e-04   3.936196e-48   2232
  1.310215e+00   2.077985e-46   5.473750e-04   3.637098e-48   3108
  1.311862e+00   2.043066e-46   4.808374e-04   4.075840e-48   2604
  1.313547e+00   1.935505e-46   5.179979e-04   3.411153e-48   3096
  1.315401e+00   2.112471e-46   4.719641e-04   3.710596e-48   3084
  1.317009e+00   2.144061e-46   4.816320e-04   4.174056e-48   2664
  1.318667e+00   2.088969e-46   4.247239e-04   4.473006e-48   2232
  1.320292e+00   2.090194e-46   5.231957e-04   3.952845e-48   2808
  1.322070e+00   2.060846e-46   4.942393e-04   4.024532e-48   2592
  1.323731e+00   2.170719e-46   5.073960e-04   4.038116e-48   2952
  1.325476e+00   2.221218e-46   4.790441e-04   4.205850e-48   2772
  1.327172e+00   2.098868e-46   5.151819e-04   3.811777e-48   3036
  1.328948e+00   2.187641e-46   4.997289e-04   4.951191e-48   2136
  1.330566e+00   2.182182e-46   3.985350e-04   4.622693e-48   2496
  1.332228e+00   2.268788e-46   5.308189e-04   4.797837e-48   2228
  1.333960e+00   2.171786e-46   4.948933e-04   4.024213e-48   3048
  1.335685e+00   2.135857e-46   4.727366e-04   4.019215e-48   2676
  1.337399e+00   2.161094e-46   4.709500e-04   4.149248e-48   2784
  1.339037e+00   2.175882e-46   4.575289e-04   4.557753e-48   1920
  1.340680e+00   2.125477e-46   4.882940e-04   4.310328e-48   2400
  1.342460e+00   2.204302e-46   4.478664e-04   4.279158e-48   2532
  1.344301e+00   2.192936e-46   4.974724e-04   4.486926e-48   2544
  1.345957e+00   2.211910e-46   5.204236e-04   4.094123e-48   2772
  1.347589e+00   2.202576e-46   4.874611e-04   4.736014e-48   2160
  1.349209e+00   2.280305e-46   5.250420e-04   4.705014e-48   2304
  1.351084e+00   2.243710e-46   5.137807e-04   4.752262e-48   2328
  1.352765e+00   2.316162e-46   4.926073e-04   4.766115e-48   2304
  1.354322e+00   2.194076e-46   4.658284e-04   4.900770e-48   1908
  1.356093e+00   2.319953e-46   5.209991e-04   4.462325e-48   2736
  1.357799e+00   2.275059e-46   4.936463e-04   4.594252e-48   2448
  1.359613e+00   2.294237e-46   4.615326e-04   5.232596e-48   2040
  1.361255e+00   2.291891e-46   4.805496e-04   4.950762e-48   2120
  1.362833e+00   2.270775e-46   3.984242e-04   5.114366e-48   2040
  1.364532e+00   2.322848e-46   4.943170e-04   5.024875e-48   2208
  1.366455e+00   2.230421e-46   4.438218e-04   4.571410e-48   2208
  1.368013e+00   2.302870e-46   4.918393e-04   4.856008e-48   2196
  1.369622e+00   2.344188e-46   4.326531e-04   5.742407e-48   1848
  1.371260e+00   2.366826e-46   4.906859e-04   5.177337e-48   2124
  1.373092e+00   2.258561e-46   5.147189e-04   4.609172e-48   2328
  1.374881e+00   2.305521e-46   5.240287e-04   5.298032e-48   1920
  1.376620e+00   2.353328e-46   4.810523e-04   6.539803e-48   1548
  1.378167e+00   2.453470e-46   5.276994e-04   5.268576e-48   2388
  1.379991e+00   2.396955e-46   4.883236e-04   5.169342e-48   2160
  1.381662e+00   2.423578e-46   4.444671e-04   5.755066e-48   1704
  1.383263e+00   2.428661e-46   5.007315e-04   5.851546e-48   1776
  1.384777e+00   2.422555e-46   4.683711e-04   5.564131e-48   1800
  1.386692e+00   2.304464e-46   5.406913e-04   5.340089e-48   1700
  1.388481e+00   2.392833e-46   4.868276e-04   4.909459e-48   2292
  1.390146e+00   2.364063e-46   4.519205e-04   5.857413e-48   1704
  1.391718e+00   2.433186e-46   5.053229e-04   5.635183e-48   1728
  1.393439e+00   2.422141e-46   4.676878e-04   5.758646e-48   1728
  1.395126e+00   2.359078e-46   4.672479e-04   5.919819e-48   1680
  1.396921e+00   2.445473e-46   5.382835e-04   6.033618e-48   1704
  1.398708e+00   2.591256e-46   4.227137e-04   6.266096e-48   1752
  1.400307e+00   2.513904e-46   5.025262e-04   5.794190e-48   1872
  1.402036e+00   2.577644e-46   4.925311e-04   6.292794e-48   1500
  1.403790e+00   2.514040e-46   4.312830e-04   6.327046e-48   1656
  1.405494e+00   2.473624e-46   4.624173e-04   6.618574e-48   1464
  1.407008e+00   2.527807e-46   4.050313e-04   6.555594e-48   1488
  1.408865e+00   2.568341e-46   4.888426e-04   6.033786e-48   1680
  1.410562e+00   2.439475e-46   5.107180e-04   5.725413e-48   1692
  1.412151e+00   2.628239e-46   4.890383e-04   7.191851e-48   1128
  1.413913e+00   2.667865e-46   4.709016e-04   6.521932e-48   1536
  1.415632e+00   2.471143e-46   4.908676e-04   6.095561e-48   1616
  1.417373e+00   2.564713e-46   4.733501e-04   6.610783e-48   1476
  1.419127e+00   2.573245e-46   5.209335e-04   7.181605e-48   1176
  1.420693e+00   2.607983e-46   5.596875e-04   6.017342e-48   1656
  1.422399e+00   2.474080e-46   4.916336e-04   8.282211e-48   891
  1.424157e+00   2.712980e-46   5.240858e-04   6.709278e-48   1596
  1.425870e+00   2.698023e-46   4.570168e-04   7.646799e-48   1422
  1.427560e+00   2.768225e-46   4.382484e-04   7.530543e-48   1254
  1.429149e+00   2.830498e-46   4.477206e-04   8.623011e-48   918
  1.430852e+00   2.510119e-46   4.900032e-04   6.075748e-48   1614
  1.432567e+00   2.778795e-46   4.232714e-04   1.066534e-47   798
  1.434273e+00   2.471468e-46   5.425837e-04   6.537467e-48   1458
  1.436002e+00   2.694398e-46   4.968256e-04   7.414410e-48   1374
  1.437711e+00   2.714606e-46   4.243221e-04   8.639235e-48   984
  1.439407e+00   2.748048e-46   5.838085e-04   8.410710e-48   1062
  1.441134e+00   2.678771e-46   4.948879e-04   7.271363e-48   1246
  1.442811e+00   2.694731e-46   4.588833e-04   8.064634e-48   1072
  1.444603e+00   2.858897e-46   4.969413e-04   8.691164e-48   1110
  1.446258e+00   2.558381e-46   5.383636e-04   7.021833e-48   1254
  1.447998e+00   2.778760e-46   5.109355e-04   8.528405e-48   1032
  1.449895e+00   2.948945e-46   4.733780e-04   1.060826e-47   786
  1.451337e+00   2.814738e-46   4.853147e-04   8.424753e-48   1152
  1.453026e+00   2.793130e-46   5.289446e-04   8.313479e-48   1086
  1.454785e+00   2.730502e-46   4.772261e-04   9.444357e-48   912
  1.456411e+00   2.757291e-46   4.783749e-04   7.916298e-48   1062
  1.458071e+00   2.767323e-46   4.768243e-04   8.881649e-48   912
  1.459989e+00   3.202819e-46   5.322923e-04   1.204851e-47   750
  1.461484e+00   2.932197e-46   5.128675e-04   8.098486e-48   1200
  1.463214e+00   2.672381e-46   4.644419e-04   9.040213e-48   918
  1.464934e+00   2.862339e-46   4.820751e-04   9.823590e-48   876
  1.466681e+00   2.697794e-46   4.212369e-04   9.466718e-48   870
  1.468211e+00   2.689791e-46   4.913058e-04   9.301927e-48   768
  1.470005e+00   2.874474e-46   4.503077e-04   9.417374e-48   830
  1.471666e+00   3.080892e-46   4.662337e-04   9.234526e-48   1080
  1.473387e+00   2.833013e-46   5.245740e-04   1.047308e-47   840
  1.475121e+00   3.094085e-46   5.051070e-04   1.094154e-47   798
  1.477088e+00   3.093698e-46   4.009113e-04   1.055999e-47   792
  1.478613e+00   2.899485e-46   4.675924e-04   1.107312e-47   726
  1.480213e+00   2.631543e-46   5.239634e-04   9.154881e-48   864
  1.481966e+00   3.181792e-46   4.485006e-04   1.009929e-47   900
  1.483743e+00   2.908823e-46   4.984474e-04   9.969944e-48   726
  1.485268e+00   2.889878e-46   4.313846e-04   1.189583e-47   576
  1.487302e+00   2.758744e-46   4.489324e-04   9.447507e-48   840
  1.488733e+00   3.098692e-46   4.660199e-04   1.076405e-47   750
  1.490428e+00   3.187849e-46   4.674350e-04   1.274379e-47   720
  1.492027e+00   3.004047e-46   4.728813e-04   1.066705e-47   702
  1.493895e+00   3.053133e-46   5.164499e-04   1.195888e-47   696
  1.495432e+00   2.871940e-46   4.618675e-04   1.245254e-47   480
  1.497243e+00   3.013289e-46   4.376385e-04   1.087281e-47   830
  1.498847e+00   3.320157e-46   5.091155e-04   1.182219e-47   756
  1.500643e+00   3.041562e-46   4.888404e-04   1.316717e-47   624
  1.502229e+00   2.908190e-46   5.165284e-04   1.265957e-47   582
  1.504104e+00   3.417055e-46   3.964472e-04   1.366890e-47   576
  1.505725e+00   2.915815e-46   5.309724e-04   1.160219e-47   624
  1.507388e+00   3.110601e-46   4.336450e-04   1.237440e-47   702
  1.509034e+00   3.265803e-46   4.988077e-04   1.338786e-47   624
  1.510988e+00   3.211734e-46   4.825630e-04   1.245436e-47   672
  1.512580e+00   3.115232e-46   3.612436e-04   1.660014e-47   342
  1.514329e+00   3.060576e-46   4.516021e-04   1.135061e-47   660
  1.515937e+00   3.032806e-46   4.642274e-04   1.289827e-47   576
  1.517597e+00   2.998405e-46   4.513226e-04   1.173417e-47   600
  1.519276e+00   3.383084e-46   5.220166e-04   1.536824e-47   510
  1.521163e+00   3.190717e-46   4.890514e-04   1.368250e-47   600
  1.522619e+00   2.659484e-46   3.895108e-04   1.602525e-47   216
  1.524315e+00   3.420647e-46   4.741021e-04   1.160871e-47   758
  1.526291e+00   3.421916e-46   5.190411e-04   1.368659e-47   576
  1.528024e+00   3.144188e-46   4.406517e-04   1.473621e-47   528
  1.529587e+00   3.565287e-46   3.034519e-04   1.985319e-47   318
  1.531266e+00   3.429496e-46   5.242157e-04   1.533599e-47   540
  1.533252e+00   3.228388e-46   3.706126e-04   1.565884e-47   384
  1.534598e+00   3.286788e-46   5.120576e-04   1.218446e-47   576
  1.536349e+00   3.155202e-46   4.184460e-04   1.568492e-47   414
  1.538006e+00   3.607122e-46   4.672675e-04   1.661275e-47   504
  1.539775e+00   3.634745e-46   5.129507e-04   2.252562e-47   312
  1.541474e+00   3.356151e-46   4.647396e-04   1.654247e-47   414
  1.543160e+00   3.116739e-46   4.293448e-04   1.658483e-47   432
  1.544729e+00   3.481323e-46   5.686055e-04   1.479038e-47   504
  1.546545e+00   2.985648e-46   5.476310e-04   1.359032e-47   432
  1.548245e+00   3.310130e-46   4.485920e-04   1.707464e-47   354
  1.549977e+00   4.429747e-46   6.527560e-04   2.730133e-47   200
  1.551463e+00   3.441380e-46   4.631515e-04   1.497396e-47   480
  1.553470e+00   2.994661e-46   5.292520e-04   1.260879e-47   552
  1.555311e+00   3.449631e-46   3.296817e-04   1.567697e-47   366
  1.556730e+00   3.631577e-46   3.509628e-04   2.078375e-47   240
  1.558291e+00   3.385927e-46   4.906603e-04   1.941899e-47   288
  1.560489e+00   3.199739e-46   3.372103e-04   1.616050e-47   366
  1.561910e+00   3.776332e-46   5.467244e-04   1.701297e-47   408
  1.563496e+00   3.337208e-46   4.109956e-04   1.789026e-47   360
  1.565137e+00   3.147791e-46   3.831167e-04   1.620731e-47   324
  1.566729e+00   4.034988e-46   4.524730e-04   2.683676e-47   174
  1.568624e+00   3.167837e-46   5.198279e-04   1.693156e-47   264
  1.570404e+00   3.452890e-46   4.741086e-04   1.669455e-47   456
  1.572178e+00   3.448517e-46   4.767346e-04   1.921288e-47   360
  1.573637e+00   3.442645e-46   5.251690e-04   2.010954e-47   270
  1.575423e+00   3.544134e-46   5.743787e-04   2.229482e-47   240
  1.577661e+00   3.162777e-46   4.185669e-04   2.531263e-47   120
  1.578762e+00   4.281277e-46   4.369696e-04   2.428044e-47   320
  1.580538e+00   3.568004e-46   5.406748e-04   1.735465e-47   462
  1.582398e+00   3.831602e-46   3.145683e-04   2.262555e-47   276
  1.584014e+00   2.920660e-46   3.568730e-04   2.055628e-47   144
  1.585571e+00   3.309456e-46   3.747862e-04   2.961332e-47   120
  1.587640e+00   3.549127e-46   2.838118e-04   2.162369e-47   294
  1.589204e+00   3.392300e-46   5.034972e-04   1.691697e-47   384
  1.590663e+00   3.561082e-46   3.333119e-04   2.050200e-47   216
  1.592060e+00   4.183451e-46   3.095363e-04   3.438125e-47   168
  1.593638e+00   3.374167e-46   3.682988e-04   3.483526e-47   102
  1.595919e+00   3.907722e-46   5.587821e-04   3.064245e-47   168
  1.597518e+00   4.004122e-46   4.890688e-04   1.895019e-47   384
  1.599271e+00   3.422914e-46   4.969061e-04   1.993377e-47   300
  1.600903e+00   3.455241e-46   5.320788e-04   2.913524e-47   144
  1.602742e+00   3.857334e-46   5.449239e-04   4.128384e-47   102
  1.604949e+00   2.777563e-46   1.289956e-04   3.653589e-47   56
  1.606006e+00   3.724587e-46   4.199761e-04   1.998870e-47   288
  1.607665e+00   3.356611e-46   5.465449e-04   1.785633e-47   360
  1.609470e+00   3.590280e-46   2.931840e-04   3.748390e-47   126
  1.610992e+00   4.712142e-46   1.443964e-04   4.822705e-47   72
  1.612650e+00   3.742904e-46   7.650143e-05   4.680330e-47   48
  1.614814e+00   3.881446e-46   3.094846e-04   2.646759e-47   240
  1.616236e+00   3.710315e-46   4.591937e-04   2.019026e-47   306
  1.617691e+00   2.896612e-46   2.552095e-04   2.258060e-47   120
  1.619368e+00   3.705440e-46   6.281048e-04   2.748544e-47   96
  1.620587e+00   5.619459e-46   0.000000e+00   8.293946e-47   24
  1.623325e+00   3.234913e-46   5.439228e-04   2.758712e-47   120
  1.624667e+00   4.647833e-46   4.703935e-04   2.793163e-47   318
  1.626308e+00   3.790996e-46   5.026794e-04   3.459909e-47   168
  1.628106e+00   3.731123e-46   5.394313e-04   4.418441e-47   72
  1.630075e+00   2.779408e-46   0.000000e+00   7.011691e-47   24
  1.632193e+00   4.311091e-46   2.618418e-04   1.239214e-46   14
  1.633200e+00   3.623974e-46   4.129830e-04   2.308521e-47   288
  1.634765e+00   4.261983e-46   4.968411e-04   2.995907e-47   204
  1.636571e+00   2.881327e-46   7.538327e-05   3.776784e-47   48
  1.638002e+00   4.508675e-46   0.000000e+00   1.067897e-46   24
  1.639659e+00   2.331294e-46   0.000000e+00   5.754418e-47   6
  1.642039e+00   4.334578e-46   3.087683e-04   2.526428e-47   216
  1.643266e+00   3.185017e-46   4.111948e-04   2.056571e-47   192
  1.644767e+00   3.942442e-46   7.500762e-05   5.852346e-47   48
  1.646341e+00   3.534093e-46   5.993235e-04   4.096702e-47   30
  1.650794e+00   3.428765e-46   1.239342e-04   3.482385e-47   96
  1.651708e+00   4.313714e-46   4.061000e-04   3.478618e-47   228
  1.653445e+00   4.752907e-46   5.310492e-04   4.905458e-47   72
  1.655533e+00   3.539027e-46   0.000000e+00   1.828347e-46   6
  1.660288e+00   4.573779e-46   4.009709e-04   2.722422e-47   248
  1.661805e+00   4.457209e-46   4.589321e-04   4.894930e-47   72
  1.663636e+00   4.029364e-46   2.543132e-08   8.593511e-47   6
  1.669168e+00   4.441271e-46   2.849355e-04   3.205134e-47   180
  1.670272e+00   4.359285e-46   3.876996e-04   6.492958e-47   72
  1.671847e+00   5.111983e-46   0.000000e+00   6.434145e-47   6
  1.677997e+00   4.141176e-46   1.219250e-04   4.189970e-47   96
  1.678732e+00   3.859514e-46   3.347351e-04   4.161918e-47   96
  1.680165e+00   5.296620e-46   0.000000e+00   1.531382e-46   6
  1.687272e+00   4.545419e-46   3.203674e-04   4.542611e-47   140
  1.688588e+00   3.730306e-46   0.000000e+00   4.035870e-47   6
  1.696205e+00   4.586155e-46   2.151411e-04   4.317589e-47   96
  1.697114e+00   6.751525e-46   0.000000e+00   8.773022e-47   6
  1.705164e+00   4.141117e-46   1.294251e-04   4.934663e-47   60
  1.705743e+00   8.107934e-46   0.000000e+00   2.585184e-46   6
  1.714199e+00   5.962534e-46   1.312104e-04   1.286479e-46   38
  1.723205e+00   4.339986e-46   6.749794e-05   6.429618e-47   18
  1.732226e+00   2.581566e-46   2.543132e-08   3.229763e-47   6
