# power spectrum of pi_k
# redshift z=99.597220
# k              Pk             sigma(k)       sigma(Pk)      count
  1.570796e-02   1.037643e-10   0.000000e+00   4.182560e-11   6
  2.221441e-02   4.717413e-11   0.000000e+00   9.417028e-12   12
  2.720699e-02   2.899643e-11   2.980232e-10   5.900657e-12   8
  3.141593e-02   8.152036e-11   0.000000e+00   8.772182e-12   6
  3.512407e-02   4.928552e-11   5.619580e-10   1.571178e-11   24
  3.847649e-02   6.265336e-11   5.619580e-10   1.055557e-11   24
  4.442883e-02   2.336121e-11   0.000000e+00   1.051483e-11   12
  4.712389e-02   2.538250e-11   6.357829e-10   4.675773e-12   30
  4.967294e-02   3.004852e-11   0.000000e+00   6.622131e-12   24
  5.209742e-02   2.621451e-11   9.733398e-10   6.498139e-12   24
  5.441398e-02   2.949305e-11   5.960464e-10   5.978324e-12   8
  5.663587e-02   2.418274e-11   7.947286e-10   3.004339e-12   24
  5.877382e-02   2.213277e-11   0.000000e+00   3.110249e-12   48
  6.283185e-02   2.495061e-11   0.000000e+00   1.097028e-11   6
  6.476559e-02   1.956176e-11   7.947286e-10   2.746827e-12   48
  6.664324e-02   1.776271e-11   7.492773e-10   1.847287e-12   36
  6.846942e-02   2.504184e-11   7.947286e-10   5.236454e-12   24
  7.024815e-02   1.438670e-11   1.123916e-09   2.476732e-12   24
  7.198293e-02   1.261405e-11   0.000000e+00   1.715348e-12   48
  7.367688e-02   1.916758e-11   1.123916e-09   2.728327e-12   24
  7.695299e-02   1.458992e-11   1.123916e-09   2.294986e-12   24
  7.853982e-02   9.741480e-12   0.000000e+00   1.594501e-12   30
  8.009521e-02   1.015817e-11   0.000000e+00   1.121952e-12   72
  8.162097e-02   9.670066e-12   1.192093e-09   1.968700e-12   32
  8.458997e-02   1.232161e-11   0.000000e+00   1.429175e-12   72
  8.603606e-02   7.324383e-12   0.000000e+00   1.070802e-12   48
  8.885766e-02   3.722447e-12   0.000000e+00   1.107274e-12   12
  9.091388e-02   6.709819e-12   6.784996e-04   6.242152e-13   96
  9.292956e-02   8.084815e-12   1.123916e-09   1.019877e-12   48
  9.424778e-02   9.525625e-12   1.271566e-09   1.669800e-12   30
  9.650974e-02   8.344908e-12   5.553727e-04   7.838017e-13   96
  9.934588e-02   4.780072e-12   0.000000e+00   9.073547e-13   24
  1.009864e-01   6.637173e-12   5.747348e-04   5.391192e-13   144
  1.030040e-01   4.520159e-12   1.946680e-09   1.110321e-12   24
  1.050779e-01   6.545772e-12   5.098206e-04   7.459073e-13   96
  1.065366e-01   5.655366e-12   0.000000e+00   8.705867e-13   48
  1.098102e-01   6.744034e-12   3.780724e-04   7.594151e-13   62
  1.114740e-01   4.859487e-12   5.316623e-04   5.884313e-13   132
  1.132717e-01   3.165016e-12   1.589457e-09   5.646041e-13   24
  1.149693e-01   4.914207e-12   5.313863e-04   4.170911e-13   168
  1.180701e-01   5.671100e-12   5.224442e-04   4.742847e-13   96
  1.203984e-01   3.780973e-12   4.446482e-04   3.567945e-13   96
  1.232554e-01   3.923019e-12   4.956196e-04   3.233914e-13   168
  1.256637e-01   5.230189e-12   0.000000e+00   2.298576e-12   6
  1.266416e-01   4.284705e-12   0.000000e+00   4.148174e-13   96
  1.278047e-01   4.074489e-12   3.852495e-04   4.015840e-13   120
  1.301638e-01   3.205189e-12   4.473436e-04   2.536884e-13   144
  1.314222e-01   3.709607e-12   0.000000e+00   4.997145e-13   48
  1.338136e-01   3.213245e-12   4.564740e-04   3.473603e-13   84
  1.351250e-01   3.513016e-12   3.114687e-09   3.153442e-13   120
  1.363061e-01   2.701402e-12   4.142175e-04   3.103290e-13   80
  1.381342e-01   2.519347e-12   4.205668e-04   1.848030e-13   144
  1.404963e-01   3.079605e-12   2.247832e-09   5.712474e-13   24
  1.416501e-01   3.340501e-12   4.058285e-04   2.787078e-13   150
  1.434502e-01   2.948605e-12   4.210699e-04   2.153187e-13   120
  1.454270e-01   2.604244e-12   3.837166e-04   2.200500e-13   168
  1.473538e-01   3.833772e-12   2.247832e-09   6.417337e-13   24
  1.485660e-01   2.206485e-12   4.133786e-04   1.398816e-13   264
  1.498444e-01   1.709410e-12   2.247832e-09   2.395216e-13   48
  1.520236e-01   2.186701e-12   3.828947e-04   1.807283e-13   144
  1.544390e-01   2.605691e-12   3.768959e-04   3.199316e-13   72
  1.558174e-01   2.022584e-12   3.876848e-04   1.292327e-13   180
  1.577444e-01   2.083183e-12   2.809042e-04   1.557805e-13   198
  1.586427e-01   2.164492e-12   0.000000e+00   2.362353e-13   48
  1.606295e-01   1.712521e-12   3.802118e-04   1.289273e-13   168
  1.621039e-01   1.998233e-12   3.805277e-04   1.823846e-13   144
  1.643345e-01   1.831522e-12   5.346625e-04   9.549847e-14   248
  1.673465e-01   1.274855e-12   3.686065e-04   8.959950e-14   192
  1.693976e-01   1.638605e-12   5.693667e-04   1.078082e-13   240
  1.706322e-01   1.764266e-12   0.000000e+00   1.912321e-13   72
  1.725150e-01   1.805002e-12   3.474519e-04   1.572361e-13   126
  1.737029e-01   1.903024e-12   3.205713e-04   1.505007e-13   168
  1.759709e-01   1.752994e-12   3.505411e-04   9.798837e-14   288
  1.783549e-01   1.580590e-12   1.846233e-04   1.344051e-13   156
  1.795894e-01   1.339402e-12   3.105899e-04   1.168980e-13   168
  1.814616e-01   1.408434e-12   5.324516e-04   8.610193e-14   264
  1.831848e-01   1.318668e-12   0.000000e+00   1.628382e-13   48
  1.844652e-01   1.314054e-12   5.299184e-04   8.611432e-14   264
  1.863009e-01   1.323893e-12   3.123533e-04   1.098337e-13   144
  1.876872e-01   1.465602e-12   6.390593e-04   1.671407e-13   78
  1.897067e-01   1.171417e-12   4.154149e-04   6.453357e-14   336
  1.916111e-01   1.076294e-12   3.160631e-04   7.294952e-14   200
  1.928618e-01   1.041897e-12   6.188557e-04   7.936299e-14   192
  1.945503e-01   1.280645e-12   3.105574e-04   9.116675e-14   240
  1.961016e-01   1.340579e-12   6.223754e-04   9.216782e-14   168
  1.976952e-01   1.093740e-12   4.982915e-04   9.395927e-14   120
  1.996091e-01   1.195364e-12   3.894583e-04   6.381559e-14   324
  2.014663e-01   1.057774e-12   3.061804e-04   7.227982e-14   192
  2.027302e-01   1.177504e-12   5.491178e-04   8.536210e-14   168
  2.048802e-01   8.564869e-13   4.522690e-04   4.728383e-14   342
  2.068188e-01   1.155647e-12   3.641675e-04   5.916016e-14   336
  2.087838e-01   1.252966e-12   2.786838e-04   1.395633e-13   72
  2.101088e-01   9.880544e-13   4.457174e-04   6.585716e-14   288
  2.116470e-01   9.681595e-13   2.902819e-04   7.022098e-14   264
  2.137954e-01   8.389926e-13   3.817923e-04   4.530134e-14   384
  2.157197e-01   8.609079e-13   4.582500e-04   6.427871e-14   240
  2.165193e-01   9.063010e-13   0.000000e+00   1.107537e-13   48
  2.188323e-01   8.659893e-13   3.751076e-04   4.367540e-14   392
  2.205970e-01   7.817319e-13   4.116619e-04   4.442167e-14   294
  2.224945e-01   7.601893e-13   2.675587e-04   5.629600e-14   228
  2.237424e-01   8.908538e-13   4.063271e-04   5.825391e-14   216
  2.252951e-01   7.292535e-13   2.475063e-04   3.849099e-14   336
  2.271958e-01   7.635293e-13   2.940781e-04   4.371610e-14   360
  2.287649e-01   8.163985e-13   4.480490e-04   5.039259e-14   240
  2.303999e-01   7.302103e-13   5.301447e-04   5.098802e-14   168
  2.319249e-01   6.742317e-13   4.172883e-04   3.838305e-14   312
  2.337418e-01   6.583815e-13   2.611535e-04   3.354611e-14   336
  2.357046e-01   7.027807e-13   3.562619e-04   4.265273e-14   294
  2.371846e-01   7.820509e-13   4.748243e-04   4.820291e-14   288
  2.383170e-01   5.443053e-13   2.971134e-04   3.561852e-14   264
  2.403364e-01   6.234215e-13   5.103645e-04   3.170658e-14   480
  2.420249e-01   6.857135e-13   2.496686e-04   4.101081e-14   240
  2.440949e-01   6.666947e-13   2.524589e-04   3.908021e-14   276
  2.457280e-01   6.204349e-13   5.541970e-04   2.600243e-14   488
  2.476682e-01   7.006632e-13   2.440802e-04   6.191834e-14   240
  2.487944e-01   6.302753e-13   4.739408e-04   3.122109e-14   360
  2.503735e-01   5.261234e-13   1.686210e-04   3.912870e-14   198
  2.524044e-01   5.058907e-13   5.697771e-04   2.202367e-14   480
  2.538913e-01   5.022663e-13   2.103076e-04   3.046122e-14   288
  2.559478e-01   5.714826e-13   4.445422e-04   2.705499e-14   480
  2.577972e-01   5.779968e-13   2.738942e-04   2.440435e-14   480
  2.596963e-01   4.986067e-13   3.542367e-04   3.346538e-14   288
  2.608812e-01   5.562964e-13   3.779053e-04   3.164171e-14   288
  2.627448e-01   5.269984e-13   6.569890e-04   2.543905e-14   456
  2.646214e-01   5.789226e-13   6.187305e-04   2.850404e-14   360
  2.658312e-01   5.119331e-13   3.708853e-04   3.175214e-14   180
  2.675821e-01   4.284666e-13   4.039393e-04   1.825747e-14   486
  2.693567e-01   4.746662e-13   5.373692e-04   2.130768e-14   504
  2.711612e-01   5.014728e-13   4.175087e-04   2.381900e-14   456
  2.726573e-01   4.787408e-13   3.468761e-04   2.804301e-14   296
  2.746340e-01   4.453273e-13   3.422861e-04   1.961843e-14   528
  2.761206e-01   4.450088e-13   3.377476e-04   2.251308e-14   336
  2.783101e-01   4.404939e-13   3.746254e-04   1.823734e-14   600
  2.799128e-01   3.638383e-13   2.194755e-04   2.155144e-14   264
  2.815189e-01   4.237415e-13   2.373367e-04   2.076479e-14   360
  2.831582e-01   4.003178e-13   4.751715e-04   1.744036e-14   630
  2.849646e-01   4.550960e-13   2.452791e-04   2.164640e-14   432
  2.865671e-01   4.314947e-13   4.725907e-04   2.034891e-14   408
  2.885340e-01   3.905492e-13   3.136768e-04   2.109797e-14   324
  2.899972e-01   3.676815e-13   4.470278e-04   1.383026e-14   744
  2.917622e-01   3.541416e-13   3.573689e-04   1.976844e-14   336
  2.934486e-01   3.989555e-13   4.912911e-04   1.746498e-14   528
  2.952978e-01   3.344020e-13   2.506716e-04   1.775860e-14   408
  2.965238e-01   3.244317e-13   4.266433e-04   1.606854e-14   408
  2.985496e-01   3.301200e-13   3.522079e-04   1.484401e-14   470
  3.000252e-01   3.481698e-13   4.231156e-04   1.578565e-14   528
  3.020857e-01   2.969578e-13   3.525700e-04   1.100987e-14   624
  3.036033e-01   3.371076e-13   2.682725e-04   1.555875e-14   504
  3.051691e-01   2.911411e-13   3.736837e-04   1.260700e-14   552
  3.067221e-01   3.176246e-13   1.816539e-04   1.600761e-14   336
  3.086668e-01   3.362170e-13   3.866695e-04   1.464452e-14   528
  3.101733e-01   3.145740e-13   4.402305e-04   1.246254e-14   564
  3.119378e-01   2.970042e-13   4.051859e-04   1.431541e-14   528
  3.138508e-01   3.229396e-13   6.290633e-04   1.416880e-14   582
  3.155905e-01   2.948064e-13   4.842838e-04   1.170316e-14   624
  3.171120e-01   2.851706e-13   5.536295e-04   1.434023e-14   432
  3.189273e-01   2.942289e-13   6.158164e-04   1.006397e-14   816
  3.207951e-01   3.024546e-13   2.806614e-04   1.669067e-14   312
  3.220171e-01   2.640368e-13   4.548743e-04   1.178682e-14   552
  3.239876e-01   2.725905e-13   2.864905e-04   1.011545e-14   744
  3.254151e-01   2.970087e-13   2.676404e-04   1.615376e-14   408
  3.272576e-01   2.549060e-13   3.835404e-04   1.028831e-14   632
  3.291717e-01   2.929208e-13   6.513489e-04   1.079762e-14   750
  3.307289e-01   2.788968e-13   4.480796e-04   1.479133e-14   312
  3.324641e-01   2.623054e-13   6.615270e-04   9.008561e-15   876
  3.341804e-01   2.113448e-13   4.319379e-04   8.812220e-15   552
  3.361143e-01   2.572073e-13   3.572110e-04   1.012864e-14   696
  3.374317e-01   2.538084e-13   3.942932e-04   1.078134e-14   576
  3.392245e-01   2.238869e-13   4.174616e-04   1.035620e-14   576
  3.407547e-01   2.508754e-13   5.593999e-04   9.897260e-15   648
  3.426040e-01   2.453723e-13   5.599242e-04   8.982857e-15   672
  3.446457e-01   2.348500e-13   2.374990e-04   1.116957e-14   480
  3.459524e-01   2.176197e-13   3.677960e-04   7.783845e-15   726
  3.476351e-01   2.372715e-13   4.167607e-04   8.278200e-15   792
  3.494576e-01   2.157008e-13   5.781572e-04   7.900252e-15   768
  3.513784e-01   2.228020e-13   4.725059e-04   8.340924e-15   672
  3.531396e-01   2.143837e-13   3.169470e-04   8.306941e-15   608
  3.544145e-01   2.030144e-13   3.042788e-04   8.015305e-15   624
  3.562333e-01   2.013324e-13   3.954077e-04   7.296945e-15   684
  3.580024e-01   2.023211e-13   5.840631e-04   6.933341e-15   768
  3.596489e-01   2.077144e-13   4.669543e-04   7.128498e-15   744
  3.616107e-01   1.918578e-13   2.940222e-04   6.617643e-15   750
  3.630406e-01   1.780921e-13   4.370248e-04   7.741076e-15   600
  3.645869e-01   1.865110e-13   4.640415e-04   7.536947e-15   600
  3.664974e-01   1.906596e-13   5.347792e-04   5.828344e-15   1008
  3.680145e-01   1.898961e-13   2.966070e-04   7.165184e-15   696
  3.696957e-01   1.935975e-13   3.918311e-04   7.840189e-15   624
  3.713857e-01   1.859794e-13   6.097387e-04   6.825107e-15   840
  3.733058e-01   1.947232e-13   4.148780e-04   6.685541e-15   816
  3.748632e-01   1.735093e-13   2.755717e-04   5.952670e-15   744
  3.764360e-01   1.771245e-13   4.871654e-04   7.414750e-15   510
  3.783359e-01   1.782381e-13   4.677188e-04   5.715564e-15   1020
  3.801042e-01   1.730388e-13   3.774027e-04   5.470566e-15   912
  3.818473e-01   1.769137e-13   5.591433e-04   6.302900e-15   752
  3.832886e-01   1.718890e-13   4.639583e-04   6.551961e-15   888
  3.852555e-01   1.607666e-13   2.993905e-04   5.663904e-15   768
  3.868644e-01   1.628797e-13   5.440188e-04   5.851810e-15   720
  3.887159e-01   1.590561e-13   4.795683e-04   5.040472e-15   1056
  3.903582e-01   1.592397e-13   3.317856e-04   6.910923e-15   504
  3.917039e-01   1.479176e-13   5.180898e-04   5.579476e-15   774
  3.936283e-01   1.516971e-13   4.982654e-04   4.610483e-15   1272
  3.954358e-01   1.542480e-13   3.264422e-04   5.857619e-15   744
  3.971211e-01   1.401243e-13   5.330594e-04   4.978273e-15   768
  3.986674e-01   1.472812e-13   4.508988e-04   4.836237e-15   840
  4.004039e-01   1.527520e-13   3.056972e-04   4.902444e-15   924
  4.020760e-01   1.452369e-13   5.389435e-04   4.740023e-15   936
  4.037194e-01   1.335881e-13   3.745454e-04   4.379179e-15   840
  4.053748e-01   1.468456e-13   4.452908e-04   4.570084e-15   1008
  4.074786e-01   1.324551e-13   5.026919e-04   4.875111e-15   696
  4.087986e-01   1.256774e-13   4.468063e-04   3.978151e-15   974
  4.107598e-01   1.378621e-13   5.934108e-04   3.922842e-15   1152
  4.124648e-01   1.350926e-13   2.322032e-04   4.488521e-15   816
  4.137908e-01   1.211263e-13   5.108209e-04   3.943134e-15   816
  4.155748e-01   1.283737e-13   4.510778e-04   3.655844e-15   1152
  4.174563e-01   1.277202e-13   4.061247e-04   4.036032e-15   912
  4.191672e-01   1.339378e-13   4.934415e-04   3.984865e-15   1056
  4.206322e-01   1.292869e-13   4.219808e-04   5.085310e-15   624
  4.226021e-01   1.202356e-13   5.271094e-04   3.589728e-15   1260
  4.243023e-01   1.236476e-13   3.179301e-04   4.149306e-15   894
  4.259628e-01   1.285243e-13   5.447273e-04   3.459050e-15   1176
  4.276242e-01   1.093785e-13   4.508728e-04   4.032790e-15   840
  4.295151e-01   1.188138e-13   5.124827e-04   3.012335e-15   1440
  4.315006e-01   1.069834e-13   2.881208e-04   3.451554e-15   864
  4.330060e-01   1.194422e-13   4.944294e-04   3.807137e-15   1056
  4.345044e-01   1.195719e-13   2.915091e-04   4.796459e-15   624
  4.363242e-01   1.142496e-13   5.398245e-04   2.944692e-15   1496
  4.380644e-01   1.123561e-13   3.811353e-04   4.187958e-15   936
  4.396135e-01   1.069415e-13   5.517639e-04   3.427759e-15   966
  4.412804e-01   1.050525e-13   3.911127e-04   3.408099e-15   936
  4.430314e-01   1.066958e-13   4.837854e-04   2.922057e-15   1248
  4.448240e-01   9.909853e-14   3.410472e-04   2.866351e-15   1044
  4.464944e-01   1.018250e-13   5.282931e-04   2.861472e-15   1392
  4.478173e-01   9.384859e-14   4.068922e-04   3.593330e-15   600
  4.497097e-01   9.707035e-14   4.622723e-04   2.497703e-15   1416
  4.514841e-01   9.937818e-14   4.975797e-04   2.852573e-15   1152
  4.532821e-01   9.716668e-14   4.773496e-04   3.053414e-15   936
  4.547305e-01   9.742406e-14   5.119809e-04   3.291338e-15   870
  4.564516e-01   1.013005e-13   4.292755e-04   2.937026e-15   1368
  4.583615e-01   9.643739e-14   5.643853e-04   2.495799e-15   1632
  4.599936e-01   9.730304e-14   2.450244e-04   3.421209e-15   816
  4.617604e-01   9.593216e-14   5.590000e-04   2.741726e-15   1200
  4.633019e-01   9.604259e-14   5.344699e-04   2.751644e-15   1184
  4.648678e-01   9.758136e-14   4.056277e-04   3.145732e-15   984
  4.667890e-01   9.065997e-14   4.952299e-04   2.342945e-15   1572
  4.685308e-01   9.752474e-14   2.727317e-04   3.428111e-15   840
  4.701539e-01   8.715995e-14   6.342482e-04   2.263756e-15   1392
  4.718677e-01   8.443977e-14   4.656646e-04   2.597102e-15   1158
  4.733973e-01   8.867498e-14   4.240237e-04   2.468509e-15   1272
  4.752392e-01   8.898533e-14   4.321181e-04   2.397665e-15   1320
  4.769691e-01   8.479670e-14   4.228227e-04   2.631580e-15   1104
  4.786151e-01   8.207785e-14   4.785761e-04   2.289954e-15   1392
  4.803427e-01   7.947383e-14   5.176282e-04   2.269917e-15   1296
  4.821220e-01   8.162404e-14   5.404894e-04   2.171813e-15   1392
  4.837916e-01   8.102564e-14   3.964922e-04   2.425197e-15   1104
  4.853363e-01   7.722380e-14   4.994197e-04   2.042249e-15   1320
  4.875364e-01   7.783377e-14   3.813995e-04   2.062403e-15   1422
  4.889418e-01   7.507282e-14   4.750117e-04   2.168055e-15   1212
  4.905562e-01   7.390939e-14   5.190595e-04   1.980560e-15   1280
  4.922146e-01   7.963428e-14   5.404823e-04   2.226605e-15   1272
  4.938041e-01   7.995538e-14   4.677338e-04   1.973785e-15   1680
  4.956881e-01   6.959680e-14   4.419216e-04   2.060786e-15   1152
  4.974225e-01   7.227052e-14   5.117608e-04   1.754639e-15   1512
  4.992459e-01   7.083704e-14   2.160634e-04   2.380397e-15   912
  5.006872e-01   7.419730e-14   5.446515e-04   1.702820e-15   1680
  5.026041e-01   6.424687e-14   4.824972e-04   1.608917e-15   1518
  5.040250e-01   7.247790e-14   4.467006e-04   2.134791e-15   1056
  5.055216e-01   6.903805e-14   4.510442e-04   1.766895e-15   1344
  5.074562e-01   7.656940e-14   4.843229e-04   1.837577e-15   1680
  5.092067e-01   6.781830e-14   4.772500e-04   1.708644e-15   1656
  5.111194e-01   6.476907e-14   4.056700e-04   2.039994e-15   1140
  5.125554e-01   6.546180e-14   4.697351e-04   1.844623e-15   1368
  5.142450e-01   6.603710e-14   5.343264e-04   1.649714e-15   1656
  5.159625e-01   6.770675e-14   5.472649e-04   1.884022e-15   1448
  5.178320e-01   6.445197e-14   5.141193e-04   1.638282e-15   1422
  5.195587e-01   6.553777e-14   5.675668e-04   1.669267e-15   1512
  5.210354e-01   6.525210e-14   4.326963e-04   1.862394e-15   1296
  5.227440e-01   6.145229e-14   3.950802e-04   1.470729e-15   1824
  5.245911e-01   6.189991e-14   5.122810e-04   1.576129e-15   1464
  5.264571e-01   5.843733e-14   4.571373e-04   1.289019e-15   1824
  5.281889e-01   6.198089e-14   3.634473e-04   1.614977e-15   1416
  5.296954e-01   6.095715e-14   5.323525e-04   1.628299e-15   1392
  5.313218e-01   5.879894e-14   4.912467e-04   1.496552e-15   1464
  5.333061e-01   5.413898e-14   4.802698e-04   1.446649e-15   1524
  5.348395e-01   5.678031e-14   4.425765e-04   1.429396e-15   1686
  5.366116e-01   5.637592e-14   5.269753e-04   1.405852e-15   1800
  5.381347e-01   5.972468e-14   4.183682e-04   1.728510e-15   1344
  5.398246e-01   5.874835e-14   4.881086e-04   1.569896e-15   1656
  5.415187e-01   5.708124e-14   3.897299e-04   1.408043e-15   1488
  5.429907e-01   5.770879e-14   3.890952e-04   1.467323e-15   1536
  5.450417e-01   5.453340e-14   4.322407e-04   1.331347e-15   1760
  5.466309e-01   5.439022e-14   4.807835e-04   1.248709e-15   1824
  5.484686e-01   5.647709e-14   4.034669e-04   1.400973e-15   1560
  5.502369e-01   5.419598e-14   4.634195e-04   1.248796e-15   1926
  5.519000e-01   5.432024e-14   3.295522e-04   1.504594e-15   1272
  5.534180e-01   5.143091e-14   5.538121e-04   1.191846e-15   1848
  5.554133e-01   5.414226e-14   4.474326e-04   1.189026e-15   1908
  5.569309e-01   5.112405e-14   4.364115e-04   1.310926e-15   1488
  5.585322e-01   4.911767e-14   4.921783e-04   1.208847e-15   1800
  5.602682e-01   4.974165e-14   4.926635e-04   1.195772e-15   1752
  5.619310e-01   4.784556e-14   5.238690e-04   1.265529e-15   1368
  5.635951e-01   5.035565e-14   4.923362e-04   1.058246e-15   2016
  5.654253e-01   5.093589e-14   5.200281e-04   1.266550e-15   1542
  5.671144e-01   4.728161e-14   5.092480e-04   1.061546e-15   2184
  5.689840e-01   4.921709e-14   4.658463e-04   1.130749e-15   1776
  5.705991e-01   4.702969e-14   5.325328e-04   1.349041e-15   1568
  5.721386e-01   4.855195e-14   4.865284e-04   1.076364e-15   2040
  5.738138e-01   4.942920e-14   5.201423e-04   1.191796e-15   1704
  5.755673e-01   4.500581e-14   5.214047e-04   1.161292e-15   1512
  5.772206e-01   4.663816e-14   4.447597e-04   1.038425e-15   2028
  5.790782e-01   4.571615e-14   5.364945e-04   9.913432e-16   1968
  5.807766e-01   4.450778e-14   5.441935e-04   9.861320e-16   1854
  5.824386e-01   4.269206e-14   5.187839e-04   9.946471e-16   1632
  5.841419e-01   4.455640e-14   5.330949e-04   8.606639e-16   2424
  5.859073e-01   4.253141e-14   5.336494e-04   1.046614e-15   1560
  5.873997e-01   4.398312e-14   5.042981e-04   9.943969e-16   1728
  5.892030e-01   4.212623e-14   5.383151e-04   9.570109e-16   2088
  5.910182e-01   4.047703e-14   5.124183e-04   9.232263e-16   1968
  5.926879e-01   4.163502e-14   5.073434e-04   9.191155e-16   2256
  5.943623e-01   4.216656e-14   4.510844e-04   9.628959e-16   1728
  5.961102e-01   4.120922e-14   4.446730e-04   1.138662e-15   1416
  5.976587e-01   4.288412e-14   4.687744e-04   9.005864e-16   2246
  5.994119e-01   3.983011e-14   5.191625e-04   9.126643e-16   2148
  6.010893e-01   4.119154e-14   4.385384e-04   1.024470e-15   1680
  6.026682e-01   3.971679e-14   5.544042e-04   7.635764e-16   2280
  6.045659e-01   4.000752e-14   5.162727e-04   7.903665e-16   2352
  6.063384e-01   3.944208e-14   4.337978e-04   9.777269e-16   1632
  6.077406e-01   3.918498e-14   4.963799e-04   9.035286e-16   1968
  6.096649e-01   3.793885e-14   5.092860e-04   8.343185e-16   2112
  6.114492e-01   3.663150e-14   3.825636e-04   8.172501e-16   2208
  6.131831e-01   3.711658e-14   3.857391e-04   8.042044e-16   1974
  6.145516e-01   3.570841e-14   3.773577e-04   8.097758e-16   1944
  6.164004e-01   3.811036e-14   4.269369e-04   8.189397e-16   2160
  6.180028e-01   3.650710e-14   3.992823e-04   8.275328e-16   2040
  6.197345e-01   3.717594e-14   5.586051e-04   7.949453e-16   2352
  6.215106e-01   3.778363e-14   4.640665e-04   8.691500e-16   1836
  6.231317e-01   3.575256e-14   4.950444e-04   7.056314e-16   2352
  6.249518e-01   3.463073e-14   5.192346e-04   7.679900e-16   2008
  6.266203e-01   3.455540e-14   5.108010e-04   7.291947e-16   2464
  6.284808e-01   3.456114e-14   4.119834e-04   7.262073e-16   2118
  6.300068e-01   3.398306e-14   4.141467e-04   7.918496e-16   1848
  6.315775e-01   3.617226e-14   5.480513e-04   8.041596e-16   2280
  6.334747e-01   3.475245e-14   5.213278e-04   7.088821e-16   2472
  6.352475e-01   3.308987e-14   3.483875e-04   7.144085e-16   2280
  6.367358e-01   3.547961e-14   4.258450e-04   8.337512e-16   1992
  6.383407e-01   3.413310e-14   4.476942e-04   6.722536e-16   2184
  6.401915e-01   3.054403e-14   5.400739e-04   6.425793e-16   2352
  6.419748e-01   3.246755e-14   5.691414e-04   6.459097e-16   2496
  6.437210e-01   3.070986e-14   5.315847e-04   7.428286e-16   1770
  6.452872e-01   3.320691e-14   4.586736e-04   6.670628e-16   2568
  6.471700e-01   3.211525e-14   5.625819e-04   6.223730e-16   2712
  6.488816e-01   3.217491e-14   4.467713e-04   6.667380e-16   2448
  6.505906e-01   3.277073e-14   3.766053e-04   7.042536e-16   2064
  6.520083e-01   3.000532e-14   3.975154e-04   7.117890e-16   1944
  6.538465e-01   2.994515e-14   4.910776e-04   6.241303e-16   2480
  6.557218e-01   3.054758e-14   5.334543e-04   5.789595e-16   2880
  6.573828e-01   3.039034e-14   5.117233e-04   6.210229e-16   2304
  6.591177e-01   2.991055e-14   4.701472e-04   6.601059e-16   1806
  6.606561e-01   2.960374e-14   4.610710e-04   5.442466e-16   2856
  6.625838e-01   3.003594e-14   4.421809e-04   6.051412e-16   2568
  6.640509e-01   2.772885e-14   4.436302e-04   6.160550e-16   2112
  6.656475e-01   2.890390e-14   4.272941e-04   6.680980e-16   2028
  6.673605e-01   2.868686e-14   5.057904e-04   5.318582e-16   2712
  6.690998e-01   2.914077e-14   5.449093e-04   5.379392e-16   2952
  6.709691e-01   2.900950e-14   4.210349e-04   6.217504e-16   2112
  6.724803e-01   2.800920e-14   4.934314e-04   5.470133e-16   2520
  6.742956e-01   2.718254e-14   4.759244e-04   5.611233e-16   2376
  6.759489e-01   2.780605e-14   3.815168e-04   5.601703e-16   2526
  6.776650e-01   2.833516e-14   4.747876e-04   5.577604e-16   2664
  6.793642e-01   2.778977e-14   5.662862e-04   5.582051e-16   2408
  6.809929e-01   2.758553e-14   4.536173e-04   5.562999e-16   2568
  6.826540e-01   2.800976e-14   4.276796e-04   5.131797e-16   2904
  6.844561e-01   2.673973e-14   4.798687e-04   5.219202e-16   2544
  6.861681e-01   2.656704e-14   3.534563e-04   5.681928e-16   2160
  6.877835e-01   2.805090e-14   6.110852e-04   5.486491e-16   2652
  6.895681e-01   2.569598e-14   4.838537e-04   4.892501e-16   2784
  6.912854e-01   2.678597e-14   4.778196e-04   4.888885e-16   2694
  6.930647e-01   2.488469e-14   4.294263e-04   4.586181e-16   2952
  6.946107e-01   2.694484e-14   4.067448e-04   5.585810e-16   2208
  6.961857e-01   2.495396e-14   4.335098e-04   5.162497e-16   2304
  6.979438e-01   2.423259e-14   5.637316e-04   3.861255e-16   3504
  6.999941e-01   2.543026e-14   4.564735e-04   5.299633e-16   2616
  7.015932e-01   2.529758e-14   4.459377e-04   4.968746e-16   2664
  7.031336e-01   2.444534e-14   4.143151e-04   4.849920e-16   2448
  7.046858e-01   2.497676e-14   5.770045e-04   4.948652e-16   2472
  7.065119e-01   2.479701e-14   4.587514e-04   4.376612e-16   3134
  7.082307e-01   2.449612e-14   5.017392e-04   4.831312e-16   2616
  7.099467e-01   2.295271e-14   4.064282e-04   4.511681e-16   2712
  7.117121e-01   2.316057e-14   4.661143e-04   4.114343e-16   3204
  7.133994e-01   2.297785e-14   5.368237e-04   4.589414e-16   2760
  7.150019e-01   2.266892e-14   4.683701e-04   4.333084e-16   2688
  7.167690e-01   2.310982e-14   4.428424e-04   4.601864e-16   2760
  7.183316e-01   2.213739e-14   3.656620e-04   4.444061e-16   2568
  7.201311e-01   2.193770e-14   5.678551e-04   3.743641e-16   3336
  7.218583e-01   2.257703e-14   4.806270e-04   4.498052e-16   2334
  7.236024e-01   2.141386e-14   5.318655e-04   3.791191e-16   3264
  7.252322e-01   2.236320e-14   3.867069e-04   4.301350e-16   2760
  7.269038e-01   2.140614e-14   4.670323e-04   3.771199e-16   3192
  7.286057e-01   2.159128e-14   4.848795e-04   4.148681e-16   2904
  7.304158e-01   2.134957e-14   4.865095e-04   4.118419e-16   2784
  7.319309e-01   2.223355e-14   4.004063e-04   4.526707e-16   2592
  7.336545e-01   2.085529e-14   5.458110e-04   3.525945e-16   3284
  7.354862e-01   2.140818e-14   5.482421e-04   3.923516e-16   3168
  7.371250e-01   2.108506e-14   4.523390e-04   4.094570e-16   2616
  7.388477e-01   1.970263e-14   4.370713e-04   3.574167e-16   3222
  7.405235e-01   2.027340e-14   4.904075e-04   3.344627e-16   3240
  7.421464e-01   2.069089e-14   4.961262e-04   4.217786e-16   2568
  7.439914e-01   2.098722e-14   4.552202e-04   3.748053e-16   3120
  7.455341e-01   2.100389e-14   5.004475e-04   3.826338e-16   3168
  7.471932e-01   1.959518e-14   4.381038e-04   3.538422e-16   3240
  7.490082e-01   1.946127e-14   4.494836e-04   3.401592e-16   3144
  7.507715e-01   1.898623e-14   4.284362e-04   3.476522e-16   2856
  7.524381e-01   1.934346e-14   4.575871e-04   3.313199e-16   3264
  7.543240e-01   1.955978e-14   5.056132e-04   3.411272e-16   3318
  7.558082e-01   1.947950e-14   3.541030e-04   4.142605e-16   2556
  7.575771e-01   1.892616e-14   6.048733e-04   2.925252e-16   4008
  7.593679e-01   1.904570e-14   4.465021e-04   3.621474e-16   2904
  7.609000e-01   1.843554e-14   4.565641e-04   3.183478e-16   3144
  7.626441e-01   1.785233e-14   4.759726e-04   3.250502e-16   3200
  7.644490e-01   1.835575e-14   4.694243e-04   3.207153e-16   3312
  7.660670e-01   1.899414e-14   3.783351e-04   3.635079e-16   2832
  7.678735e-01   1.814606e-14   5.444478e-04   2.890751e-16   3984
  7.695508e-01   1.945442e-14   4.426103e-04   4.236273e-16   2238
  7.710821e-01   1.801525e-14   5.208763e-04   2.908310e-16   3984
  7.729819e-01   1.749357e-14   4.949876e-04   3.102187e-16   3384
  7.745602e-01   1.848276e-14   4.626797e-04   3.389444e-16   3048
  7.762081e-01   1.711157e-14   4.248302e-04   3.102030e-16   3096
  7.779294e-01   1.800957e-14   4.815324e-04   2.858101e-16   3708
  7.796408e-01   1.691492e-14   4.564274e-04   3.300497e-16   2784
  7.812306e-01   1.808350e-14   4.740872e-04   3.031272e-16   3648
  7.830363e-01   1.724996e-14   4.879380e-04   2.861982e-16   3888
  7.849582e-01   1.676933e-14   5.208881e-04   2.979236e-16   2958
  7.863930e-01   1.638698e-14   4.446264e-04   2.814877e-16   3264
  7.881221e-01   1.739820e-14   4.908549e-04   3.082873e-16   3160
  7.897556e-01   1.596036e-14   4.448554e-04   2.674419e-16   3736
  7.913039e-01   1.661868e-14   4.053674e-04   3.010943e-16   3216
  7.931298e-01   1.655146e-14   4.967559e-04   2.618350e-16   4032
  7.950340e-01   1.643798e-14   4.535292e-04   2.753623e-16   3528
  7.966578e-01   1.650942e-14   4.003367e-04   2.882709e-16   3192
  7.982809e-01   1.586776e-14   4.384400e-04   2.742396e-16   3456
  8.000418e-01   1.614046e-14   4.546161e-04   3.006246e-16   3060
  8.018067e-01   1.579728e-14   5.405908e-04   2.419688e-16   4518
  8.035265e-01   1.580318e-14   4.815963e-04   2.585051e-16   3528
  8.051074e-01   1.548195e-14   4.044568e-04   2.847185e-16   3024
  8.067928e-01   1.481672e-14   5.476184e-04   2.441287e-16   3672
  8.085097e-01   1.545519e-14   4.700229e-04   2.625110e-16   3864
  8.104158e-01   1.479878e-14   4.982178e-04   2.343621e-16   3816
  8.119748e-01   1.522880e-14   4.532681e-04   2.613527e-16   3456
  8.134695e-01   1.523216e-14   4.103104e-04   2.973633e-16   2688
  8.152303e-01   1.510398e-14   4.868254e-04   2.336960e-16   4248
  8.169761e-01   1.469420e-14   4.662855e-04   2.326454e-16   3926
  8.187297e-01   1.431235e-14   4.923174e-04   2.328485e-16   3504
  8.204236e-01   1.477310e-14   4.401391e-04   2.306120e-16   3960
  8.222939e-01   1.417058e-14   4.954941e-04   2.315002e-16   3684
  8.238979e-01   1.382199e-14   4.954609e-04   2.219356e-16   4104
  8.255014e-01   1.435645e-14   4.699173e-04   2.550664e-16   3144
  8.272241e-01   1.415729e-14   5.147213e-04   2.183090e-16   4224
  8.291182e-01   1.397473e-14   4.568598e-04   2.202376e-16   4008
  8.307364e-01   1.407673e-14   5.026181e-04   2.398674e-16   3312
  8.324026e-01   1.367638e-14   4.999111e-04   2.267747e-16   3726
  8.341747e-01   1.373132e-14   5.134700e-04   2.202767e-16   3936
  8.357483e-01   1.386692e-14   5.292866e-04   2.233979e-16   3888
  8.373814e-01   1.360101e-14   5.004911e-04   2.139112e-16   3864
  8.390804e-01   1.313710e-14   5.320643e-04   2.108066e-16   3888
  8.408304e-01   1.265344e-14   5.018185e-04   1.990487e-16   4080
  8.425581e-01   1.318669e-14   5.325821e-04   2.267947e-16   3400
  8.443209e-01   1.312995e-14   4.884316e-04   1.917035e-16   4588
  8.461032e-01   1.332610e-14   4.834464e-04   2.192509e-16   3816
  8.476608e-01   1.326581e-14   4.581060e-04   2.142687e-16   3534
  8.493098e-01   1.331912e-14   4.524863e-04   2.046825e-16   4080
  8.510347e-01   1.312109e-14   4.729764e-04   2.005755e-16   4248
  8.527671e-01   1.271034e-14   4.766165e-04   2.171155e-16   3528
  8.543656e-01   1.320480e-14   4.872753e-04   2.058266e-16   4248
  8.559814e-01   1.252898e-14   4.766042e-04   2.093377e-16   3696
  8.577808e-01   1.284799e-14   4.945438e-04   1.940628e-16   4560
  8.594872e-01   1.238554e-14   4.632233e-04   1.996082e-16   3864
  8.612397e-01   1.220298e-14   5.043791e-04   1.847687e-16   4440
  8.629007e-01   1.205609e-14   4.705976e-04   2.149243e-16   3432
  8.646460e-01   1.190306e-14   4.614307e-04   1.773268e-16   4470
  8.663629e-01   1.205340e-14   4.100586e-04   1.868312e-16   4188
  8.680505e-01   1.211113e-14   5.253427e-04   1.818248e-16   4392
  8.697265e-01   1.219729e-14   4.064025e-04   2.022653e-16   3960
  8.714695e-01   1.209628e-14   4.591166e-04   1.855607e-16   4328
  8.731579e-01   1.179625e-14   4.778042e-04   1.849586e-16   4320
  8.748643e-01   1.172997e-14   4.996345e-04   1.734513e-16   4152
  8.764467e-01   1.254912e-14   4.179518e-04   2.120554e-16   3528
  8.782362e-01   1.152969e-14   4.523689e-04   1.687343e-16   4512
  8.799104e-01   1.150339e-14   4.624323e-04   1.784600e-16   4134
  8.816110e-01   1.174361e-14   4.926455e-04   1.590623e-16   5208
  8.832465e-01   1.155792e-14   4.292145e-04   1.992478e-16   3240
  8.849385e-01   1.213145e-14   4.734040e-04   1.807106e-16   4680
  8.866607e-01   1.119467e-14   4.687083e-04   1.712746e-16   4440
  8.883848e-01   1.057654e-14   5.311226e-04   1.601705e-16   4260
  8.900384e-01   1.109100e-14   4.336102e-04   1.757931e-16   4056
  8.917415e-01   1.108420e-14   4.807328e-04   1.629575e-16   4704
  8.935289e-01   1.131382e-14   5.594147e-04   1.606543e-16   4800
  8.954185e-01   1.079595e-14   4.846897e-04   1.514169e-16   4806
  8.970513e-01   1.148322e-14   4.831585e-04   2.014038e-16   3552
  8.986064e-01   1.063151e-14   4.844541e-04   1.694561e-16   4304
  9.003622e-01   1.056084e-14   4.698109e-04   1.448068e-16   5280
  9.020984e-01   1.061564e-14   4.507040e-04   1.600368e-16   4320
  9.037419e-01   1.034289e-14   5.089629e-04   1.580683e-16   4296
  9.054750e-01   1.094951e-14   5.658401e-04   1.578999e-16   4608
  9.072277e-01   1.060627e-14   5.421052e-04   1.542992e-16   4824
  9.089629e-01   1.051205e-14   5.117857e-04   1.552389e-16   4488
  9.108250e-01   1.055455e-14   4.778070e-04   1.594070e-16   4530
  9.123625e-01   1.006294e-14   4.665391e-04   1.467695e-16   4464
  9.139010e-01   1.032578e-14   4.396785e-04   1.607142e-16   4104
  9.156673e-01   9.715263e-15   4.740652e-04   1.323240e-16   5424
  9.174048e-01   1.010891e-14   5.103023e-04   1.425198e-16   4392
  9.191730e-01   1.037293e-14   4.996065e-04   1.502656e-16   4896
  9.207787e-01   1.002584e-14   4.897165e-04   1.568214e-16   4104
  9.224542e-01   1.028588e-14   4.415951e-04   1.495337e-16   4824
  9.242220e-01   9.740802e-15   4.220615e-04   1.470799e-16   4680
  9.257621e-01   9.605608e-15   4.316766e-04   1.438153e-16   4328
  9.275497e-01   9.652005e-15   4.976114e-04   1.345673e-16   5118
  9.293459e-01   9.793082e-15   5.765145e-04   1.340951e-16   5304
  9.309669e-01   9.708528e-15   4.539783e-04   1.409791e-16   4392
  9.327330e-01   9.823198e-15   4.556524e-04   1.448918e-16   4476
  9.342775e-01   9.226286e-15   4.525170e-04   1.318358e-16   4704
  9.359960e-01   9.497862e-15   5.477178e-04   1.302990e-16   5208
  9.378023e-01   9.041238e-15   4.618178e-04   1.276165e-16   5304
  9.394666e-01   9.558809e-15   4.946712e-04   1.492962e-16   4296
  9.411731e-01   9.570462e-15   4.690760e-04   1.391705e-16   4752
  9.429662e-01   8.807850e-15   4.708758e-04   1.246973e-16   4950
  9.445778e-01   9.086141e-15   4.921918e-04   1.278144e-16   5064
  9.461898e-01   9.043928e-15   4.123928e-04   1.301150e-16   4872
  9.478198e-01   8.813404e-15   4.341367e-04   1.414060e-16   4224
  9.495602e-01   8.960879e-15   4.795584e-04   1.144914e-16   6120
  9.514124e-01   8.680947e-15   5.275753e-04   1.214717e-16   4968
  9.530925e-01   8.988440e-15   4.668582e-04   1.309331e-16   4424
  9.548307e-01   9.129679e-15   5.963123e-04   1.240356e-16   5436
  9.565477e-01   8.636935e-15   5.084086e-04   1.275111e-16   4896
  9.582076e-01   8.464576e-15   4.867456e-04   1.173280e-16   5214
  9.598077e-01   8.686416e-15   4.137593e-04   1.269351e-16   4656
  9.615856e-01   8.732165e-15   5.260613e-04   1.231759e-16   5448
  9.632845e-01   8.594663e-15   4.442976e-04   1.201870e-16   4992
  9.649480e-01   8.552167e-15   4.917143e-04   1.163852e-16   5400
  9.667765e-01   8.649755e-15   5.449716e-04   1.156417e-16   5328
  9.684613e-01   8.073534e-15   4.873046e-04   1.109918e-16   4776
  9.700464e-01   8.540313e-15   4.579033e-04   1.202358e-16   4800
  9.718074e-01   8.348803e-15   5.888402e-04   1.021976e-16   6552
  9.736499e-01   8.170661e-15   4.448607e-04   1.276789e-16   3942
  9.752465e-01   8.023571e-15   5.606963e-04   1.052152e-16   6072
  9.770144e-01   7.940958e-15   4.354574e-04   1.186297e-16   4692
  9.784966e-01   8.343599e-15   4.546106e-04   1.160916e-16   4944
  9.802329e-01   8.055620e-15   4.879373e-04   1.017301e-16   5840
  9.820155e-01   7.810670e-15   5.223166e-04   1.061926e-16   5712
  9.837706e-01   7.750108e-15   4.377350e-04   1.102444e-16   4800
  9.853717e-01   7.839090e-15   5.797155e-04   1.054856e-16   5688
  9.871255e-01   8.020101e-15   4.573834e-04   1.191271e-16   4848
  9.888635e-01   6.498558e-15   5.090949e-04   1.038227e-16   5406
  9.905131e-01   1.975473e-40   4.595406e-04   3.210487e-41   5568
  9.921693e-01   2.673360e-41   4.130962e-04   2.186307e-42   5736
  9.939592e-01   1.857616e-41   5.130390e-04   9.332492e-43   5280
  9.955835e-01   1.636345e-41   4.743420e-04   8.312441e-43   5592
  9.972555e-01   1.517077e-41   5.429960e-04   9.523418e-43   4968
  9.990231e-01   1.593795e-41   4.868684e-04   8.069694e-43   5964
  1.000748e+00   1.572469e-41   4.891308e-04   1.143203e-42   5376
  1.002315e+00   1.560812e-41   4.722860e-04   6.782179e-43   5472
  1.004131e+00   1.355884e-41   4.485360e-04   5.653785e-43   5472
  1.005792e+00   6.233164e-41   5.099708e-04   1.451468e-41   5415
  1.007402e+00   1.702426e-41   4.485810e-04   1.039148e-42   5096
  1.009144e+00   1.588159e-41   5.768639e-04   1.274652e-42   6372
  1.010906e+00   1.894610e-41   4.682720e-04   1.100955e-42   4656
  1.012485e+00   1.863387e-41   5.112031e-04   1.483179e-42   5844
  1.014184e+00   1.595453e-41   4.494662e-04   7.597387e-43   5508
  1.015984e+00   1.355924e-41   5.098811e-04   5.227203e-43   6324
  1.017751e+00   1.727769e-41   4.379885e-04   1.599320e-42   4752
  1.019366e+00   1.752599e-41   4.903645e-04   1.142335e-42   5676
  1.021114e+00   1.915925e-41   4.485894e-04   1.454281e-42   5472
  1.022773e+00   1.509110e-41   5.059962e-04   8.768974e-43   5556
  1.024555e+00   1.707262e-41   4.930836e-04   8.845724e-43   5436
  1.026276e+00   1.857214e-41   5.047054e-04   2.015340e-42   5916
  1.028042e+00   1.464516e-41   5.251158e-04   5.461519e-43   5520
  1.029633e+00   1.648634e-41   4.775682e-04   9.440335e-43   5280
  1.031263e+00   1.280885e-41   4.692535e-04   6.144481e-43   4416
  1.033102e+00   2.023251e-41   4.574075e-04   8.812953e-43   6260
  1.034829e+00   1.576809e-41   5.439134e-04   6.776418e-43   5940
  1.036394e+00   1.554996e-41   4.259730e-04   8.622769e-43   4188
  1.038117e+00   1.567224e-41   5.446427e-04   8.551497e-43   6360
  1.039928e+00   1.591225e-41   4.857983e-04   6.659032e-43   5256
  1.041610e+00   1.387417e-41   4.592395e-04   3.910183e-43   4848
  1.043051e+00   1.613196e-41   4.163245e-04   8.669852e-43   4704
  1.044826e+00   1.794119e-41   5.107218e-04   1.034514e-42   5784
  1.046631e+00   1.702302e-41   5.404027e-04   9.409265e-43   5820
  1.048373e+00   1.683385e-41   4.840851e-04   6.866414e-43   5700
  1.050126e+00   1.622170e-41   4.489220e-04   1.041585e-42   5232
  1.051881e+00   1.186287e-41   4.981175e-04   2.815228e-43   4932
  1.053436e+00   1.653964e-41   4.287490e-04   1.273806e-42   4716
  1.055070e+00   2.068992e-41   5.461338e-04   1.511560e-42   5616
  1.056750e+00   1.622584e-41   4.823163e-04   6.134853e-43   5184
  1.058484e+00   1.732934e-41   4.865387e-04   1.211267e-42   5064
  1.060119e+00   1.693470e-41   4.981922e-04   9.173526e-43   5544
  1.061933e+00   1.693174e-41   5.001009e-04   9.608520e-43   5192
  1.063583e+00   1.488012e-41   4.494186e-04   5.595586e-43   5244
  1.065317e+00   1.457105e-41   4.862760e-04   8.746700e-43   5112
  1.067042e+00   1.855711e-41   4.462536e-04   8.743230e-43   5040
  1.068625e+00   1.957903e-41   4.691536e-04   1.370553e-42   5124
  1.070473e+00   1.578468e-41   5.266881e-04   6.655519e-43   5952
  1.072179e+00   1.511961e-41   4.614857e-04   6.142666e-43   4824
  1.073726e+00   1.396357e-41   4.658121e-04   5.897543e-43   4536
  1.075516e+00   1.966173e-41   4.951157e-04   1.163405e-42   5712
  1.077355e+00   2.077317e-41   5.417917e-04   1.234387e-42   5352
  1.079089e+00   1.609661e-41   4.719205e-04   8.833285e-43   5004
  1.080639e+00   1.520451e-41   4.720490e-04   7.592908e-43   4800
  1.082304e+00   2.408877e-41   5.072809e-04   2.461693e-42   5148
  1.084148e+00   1.458401e-41   5.268770e-04   5.442599e-43   5664
  1.085815e+00   1.770052e-41   4.732118e-04   1.003906e-42   4692
  1.087355e+00   1.393491e-41   4.396196e-04   3.870054e-43   4008
  1.089151e+00   2.377563e-41   5.038991e-04   1.244307e-42   5852
  1.090977e+00   1.761988e-41   4.771455e-04   6.364766e-43   5784
  1.092599e+00   1.407832e-41   4.398451e-04   3.411024e-43   4392
  1.094269e+00   1.622935e-41   4.314460e-04   5.831070e-43   4944
  1.096021e+00   1.985590e-41   5.086676e-04   1.197843e-42   4776
  1.097674e+00   1.987834e-41   4.893660e-04   1.350725e-42   5244
  1.099467e+00   1.875428e-41   4.885027e-04   7.195885e-43   4884
  1.100972e+00   1.612553e-41   4.142882e-04   5.852921e-43   4488
  1.102723e+00   2.392496e-41   4.922838e-04   1.454855e-42   5160
  1.104485e+00   1.795820e-41   5.012137e-04   6.753722e-43   5316
  1.106182e+00   1.574326e-41   5.067620e-04   7.290625e-43   4896
  1.107837e+00   1.501121e-41   4.708705e-04   4.702791e-43   4188
  1.109505e+00   2.088108e-41   5.135922e-04   1.569232e-42   4836
  1.111208e+00   2.417139e-41   5.094880e-04   1.226295e-42   5316
  1.112933e+00   1.773634e-41   4.715930e-04   7.441417e-43   4920
  1.114546e+00   1.527145e-41   4.750945e-04   3.618987e-43   4128
  1.116277e+00   1.934459e-41   5.110912e-04   1.581432e-42   5348
  1.117980e+00   1.920702e-41   4.434734e-04   6.770503e-43   4836
  1.119607e+00   1.525218e-41   4.778570e-04   4.818977e-43   4392
  1.121359e+00   1.625916e-41   4.198363e-04   5.031913e-43   4632
  1.122936e+00   2.088090e-41   4.691003e-04   1.305851e-42   4596
  1.124747e+00   2.162772e-41   4.717453e-04   9.027344e-43   5424
  1.126539e+00   1.643362e-41   4.855768e-04   4.615375e-43   5256
  1.128385e+00   1.727184e-41   4.931611e-04   6.629872e-43   4524
  1.129923e+00   1.383077e-41   4.690936e-04   2.781246e-43   4440
  1.131645e+00   1.972818e-41   4.011353e-04   8.257469e-43   4380
  1.133330e+00   2.024191e-41   5.249545e-04   7.757472e-43   4812
  1.135123e+00   1.915077e-41   5.214039e-04   1.031689e-42   5376
  1.136763e+00   1.829138e-41   4.164623e-04   9.036340e-43   3888
  1.138335e+00   2.004196e-41   4.768975e-04   1.068892e-42   4896
  1.140088e+00   2.100152e-41   5.032049e-04   1.518277e-42   4608
  1.141929e+00   1.952490e-41   4.749944e-04   7.894797e-43   4448
  1.143531e+00   1.753894e-41   4.903240e-04   7.542747e-43   4752
  1.145220e+00   2.140912e-41   5.135838e-04   9.942383e-43   4356
  1.146995e+00   1.962047e-41   4.942288e-04   1.025664e-42   5232
  1.148760e+00   1.758923e-41   4.980587e-04   6.295019e-43   4548
  1.150472e+00   1.957807e-41   4.841761e-04   8.759344e-43   4608
  1.152143e+00   1.589658e-41   4.398349e-04   3.033723e-43   3936
  1.153720e+00   1.881830e-41   5.257306e-04   8.642092e-43   4260
  1.155493e+00   2.250376e-41   4.713251e-04   1.057003e-42   5004
  1.157113e+00   1.886867e-41   4.657489e-04   8.682775e-43   4224
  1.158890e+00   2.163871e-41   5.031939e-04   1.445290e-42   4788
  1.160616e+00   1.931632e-41   5.291946e-04   7.635082e-43   4428
  1.162298e+00   1.807464e-41   4.422133e-04   5.560309e-43   4080
  1.163917e+00   2.136362e-41   4.835200e-04   1.195998e-42   4632
  1.165621e+00   1.941633e-41   5.028239e-04   1.102235e-42   4056
  1.167413e+00   2.200955e-41   4.734174e-04   1.085464e-42   4536
  1.169050e+00   2.297095e-41   4.828546e-04   1.438692e-42   4668
  1.170843e+00   1.853543e-41   5.175340e-04   1.160060e-42   4604
  1.172589e+00   2.413992e-41   4.650093e-04   1.382538e-42   4152
  1.174201e+00   1.575332e-41   4.506678e-04   2.946408e-43   4224
  1.175909e+00   1.941781e-41   4.332835e-04   8.944733e-43   4152
  1.177615e+00   2.235403e-41   4.914860e-04   1.118138e-42   4224
  1.179275e+00   1.888767e-41   4.545253e-04   6.553757e-43   3960
  1.180873e+00   2.284795e-41   4.690415e-04   1.145820e-42   4656
  1.182619e+00   2.045644e-41   5.060863e-04   1.882825e-42   4452
  1.184409e+00   1.973545e-41   5.145201e-04   9.834052e-43   4056
  1.186074e+00   2.290448e-41   5.098269e-04   2.217907e-42   4212
  1.187762e+00   1.915901e-41   4.236875e-04   8.031173e-43   3432
  1.189472e+00   2.481357e-41   5.420199e-04   1.818680e-42   5352
  1.191144e+00   2.209416e-41   3.969648e-04   1.273033e-42   3600
  1.192963e+00   1.910339e-41   4.378593e-04   8.486004e-43   4584
  1.194552e+00   2.450684e-41   4.365700e-04   1.200711e-42   3768
  1.196188e+00   1.653653e-41   4.660449e-04   3.319234e-43   3848
  1.197821e+00   2.033355e-41   4.273101e-04   7.822787e-43   3720
  1.199674e+00   2.461221e-41   5.363373e-04   1.107964e-42   4764
  1.201309e+00   1.826060e-41   4.319005e-04   5.817078e-43   3864
  1.202988e+00   2.564537e-41   5.349608e-04   3.399213e-42   4332
  1.204820e+00   1.960125e-41   4.567279e-04   9.088331e-43   3792
  1.206456e+00   2.309919e-41   5.180648e-04   1.250329e-42   4284
  1.208191e+00   1.928275e-41   4.905502e-04   4.613415e-43   3840
  1.209832e+00   2.121769e-41   4.669396e-04   8.372381e-43   3480
  1.211499e+00   2.442683e-41   5.210148e-04   1.148498e-42   4380
  1.213302e+00   2.226542e-41   4.894021e-04   1.025913e-42   4200
  1.215072e+00   1.780940e-41   4.704049e-04   4.576323e-43   4056
  1.216717e+00   2.572744e-41   4.727759e-04   1.485708e-42   3600
  1.218257e+00   1.857956e-41   4.710469e-04   4.518444e-43   3492
  1.220057e+00   2.599895e-41   5.500764e-04   2.785636e-42   4500
  1.221894e+00   2.748816e-41   4.819412e-04   1.554159e-42   3516
  1.223472e+00   2.107157e-41   5.038249e-04   6.406676e-43   3968
  1.225242e+00   2.702161e-41   4.842193e-04   2.390324e-42   3648
  1.226808e+00   1.981771e-41   4.630474e-04   6.117990e-43   4224
  1.228583e+00   2.284677e-41   5.197289e-04   1.203219e-42   3588
  1.230249e+00   1.926960e-41   4.793892e-04   5.372443e-43   3456
  1.231925e+00   2.322042e-41   4.257569e-04   1.051179e-42   3660
  1.233657e+00   2.566879e-41   4.673180e-04   1.149812e-42   3768
  1.235272e+00   3.122117e-41   4.725964e-04   2.469819e-42   3744
  1.237006e+00   2.124264e-41   5.187522e-04   9.596773e-43   4176
  1.238850e+00   2.776378e-41   4.784920e-04   3.821636e-42   3612
  1.240375e+00   2.045091e-41   5.199888e-04   4.838115e-43   3216
  1.242119e+00   2.173246e-41   5.027406e-04   1.139036e-42   3624
  1.243874e+00   3.260321e-41   4.727415e-04   2.428271e-42   3744
  1.245569e+00   2.338609e-41   5.044114e-04   8.480991e-43   3672
  1.247242e+00   2.755251e-41   4.574137e-04   2.190878e-42   3852
  1.248969e+00   2.100743e-41   4.707839e-04   6.809489e-43   3672
  1.250806e+00   2.539243e-41   4.587010e-04   1.830580e-42   3248
  1.252340e+00   1.990469e-41   4.695129e-04   4.472310e-43   3336
  1.254015e+00   2.823351e-41   4.779221e-04   2.961073e-42   3576
  1.255728e+00   2.726977e-41   4.057129e-04   1.802633e-42   3336
  1.257472e+00   2.389241e-41   4.819158e-04   9.659940e-43   3936
  1.259194e+00   2.193282e-41   5.132539e-04   7.426380e-43   3408
  1.260901e+00   2.487306e-41   4.521849e-04   1.035132e-42   3336
  1.262560e+00   2.091706e-41   5.079072e-04   1.008296e-42   3312
  1.264219e+00   2.446055e-41   5.142616e-04   1.253849e-42   3432
  1.265985e+00   2.986376e-41   4.458442e-04   1.899678e-42   3144
  1.267597e+00   2.567663e-41   4.840083e-04   1.009266e-42   3456
  1.269411e+00   2.148900e-41   4.651874e-04   6.166744e-43   3792
  1.271049e+00   2.509176e-41   4.569446e-04   1.655190e-42   2868
  1.272819e+00   2.559540e-41   4.733929e-04   1.741547e-42   3888
  1.274473e+00   2.010204e-41   4.110524e-04   5.056514e-43   2784
  1.276101e+00   2.288172e-41   4.694335e-04   9.419790e-43   2964
  1.277880e+00   3.079850e-41   4.834244e-04   2.613162e-42   3432
  1.279573e+00   2.611925e-41   5.003929e-04   1.289691e-42   3416
  1.281287e+00   2.281039e-41   5.348762e-04   7.419463e-43   3528
  1.283040e+00   2.552524e-41   4.292762e-04   1.588949e-42   2904
  1.284592e+00   2.385839e-41   4.813445e-04   2.048253e-42   3072
  1.286396e+00   2.246220e-41   5.406051e-04   6.594364e-43   3216
  1.288199e+00   2.461359e-41   4.378327e-04   1.160485e-42   2844
  1.289782e+00   2.914104e-41   5.010192e-04   1.638767e-42   3432
  1.291408e+00   2.597687e-41   4.027010e-04   1.086306e-42   2880
  1.293224e+00   2.716227e-41   5.334351e-04   2.104544e-42   3576
  1.294934e+00   2.880016e-41   4.768162e-04   2.452428e-42   2700
  1.296572e+00   2.192535e-41   5.355829e-04   5.005931e-43   3000
  1.298287e+00   2.098088e-41   4.446934e-04   5.591345e-43   2556
  1.299953e+00   2.999138e-41   4.766228e-04   1.902920e-42   3360
  1.301675e+00   2.767150e-41   4.631149e-04   1.228716e-42   3120
  1.303530e+00   2.631571e-41   5.452330e-04   1.273340e-42   3216
  1.305127e+00   3.380460e-41   3.845380e-04   6.720527e-42   2628
  1.306923e+00   2.263596e-41   5.083038e-04   5.123350e-43   3200
  1.308561e+00   2.256116e-41   4.795357e-04   5.609022e-43   2232
  1.310215e+00   2.620449e-41   5.473750e-04   1.502215e-42   3108
  1.311862e+00   3.419047e-41   4.808374e-04   2.162935e-42   2604
  1.313547e+00   3.123568e-41   5.179979e-04   2.752310e-42   3096
  1.315401e+00   2.516995e-41   4.719641e-04   1.286624e-42   3084
  1.317009e+00   2.393714e-41   4.816320e-04   6.620141e-43   2664
  1.318667e+00   2.350405e-41   4.247239e-04   5.659566e-43   2232
  1.320292e+00   2.072185e-41   5.231957e-04   5.053858e-43   2808
  1.322070e+00   3.279462e-41   4.942393e-04   2.035918e-42   2592
  1.323731e+00   3.477993e-41   5.073960e-04   1.963934e-42   2952
  1.325476e+00   3.418375e-41   4.790441e-04   4.462311e-42   2772
  1.327172e+00   2.490380e-41   5.151819e-04   5.920753e-43   3036
  1.328948e+00   2.218154e-41   4.997289e-04   5.483444e-43   2136
  1.330566e+00   2.377731e-41   3.985350e-04   6.686689e-43   2496
  1.332228e+00   3.148155e-41   5.308189e-04   1.818708e-42   2228
  1.333960e+00   3.494911e-41   4.948933e-04   2.153728e-42   3048
  1.335685e+00   3.153422e-41   4.727366e-04   1.636787e-42   2676
  1.337399e+00   2.482141e-41   4.709500e-04   6.188396e-43   2784
  1.339037e+00   2.407560e-41   4.575289e-04   6.977066e-43   1920
  1.340680e+00   2.201851e-41   4.882940e-04   5.730958e-43   2400
  1.342460e+00   2.521304e-41   4.478664e-04   7.419573e-43   2532
  1.344301e+00   3.379889e-41   4.974724e-04   1.870861e-42   2544
  1.345957e+00   3.905264e-41   5.204236e-04   3.287333e-42   2772
  1.347589e+00   2.377207e-41   4.874611e-04   6.520231e-43   2160
  1.349209e+00   2.423170e-41   5.250420e-04   6.199383e-43   2304
  1.351084e+00   2.456950e-41   5.137807e-04   6.323797e-43   2328
  1.352765e+00   2.492995e-41   4.926073e-04   6.672653e-43   2304
  1.354322e+00   2.827736e-41   4.658284e-04   1.063791e-42   1908
  1.356093e+00   4.630815e-41   5.209991e-04   2.949824e-42   2736
  1.357799e+00   2.589807e-41   4.936463e-04   6.883440e-43   2448
  1.359613e+00   2.563415e-41   4.615326e-04   6.985568e-43   2040
  1.361255e+00   2.423600e-41   4.805496e-04   6.064826e-43   2120
  1.362833e+00   2.601206e-41   3.984242e-04   6.993034e-43   2040
  1.364532e+00   2.668708e-41   4.943170e-04   7.607263e-43   2208
  1.366455e+00   3.826772e-41   4.438218e-04   2.480262e-42   2208
  1.368013e+00   4.244408e-41   4.918393e-04   7.193991e-42   2196
  1.369622e+00   2.333525e-41   4.326531e-04   6.826982e-43   1848
  1.371260e+00   2.528721e-41   4.906859e-04   6.480343e-43   2124
  1.373092e+00   2.686798e-41   5.147189e-04   7.487520e-43   2328
  1.374881e+00   2.674591e-41   5.240287e-04   7.864751e-43   1920
  1.376620e+00   3.028100e-41   4.810523e-04   1.953754e-42   1548
  1.378167e+00   5.482823e-41   5.276994e-04   5.607440e-42   2388
  1.379991e+00   2.740833e-41   4.883236e-04   7.416771e-43   2160
  1.381662e+00   2.565260e-41   4.444671e-04   8.499359e-43   1704
  1.383263e+00   2.932383e-41   5.007315e-04   9.595457e-43   1776
  1.384777e+00   2.458299e-41   4.683711e-04   6.539117e-43   1800
  1.386692e+00   2.895956e-41   5.406913e-04   9.407506e-43   1700
  1.388481e+00   5.669321e-41   4.868276e-04   7.663919e-42   2292
  1.390146e+00   2.935291e-41   4.519205e-04   8.397382e-43   1704
  1.391718e+00   2.741442e-41   5.053229e-04   8.270499e-43   1728
  1.393439e+00   2.759579e-41   4.676878e-04   8.101672e-43   1728
  1.395126e+00   3.118473e-41   4.672479e-04   1.060861e-42   1680
  1.396921e+00   2.629231e-41   5.382835e-04   7.886364e-43   1704
  1.398708e+00   2.604992e-41   4.227137e-04   7.829263e-43   1752
  1.400307e+00   6.455878e-41   5.025262e-04   1.418907e-41   1872
  1.402036e+00   3.026695e-41   4.925311e-04   1.117464e-42   1500
  1.403790e+00   2.970421e-41   4.312830e-04   9.172196e-43   1656
  1.405494e+00   2.889332e-41   4.624173e-04   8.313519e-43   1464
  1.407008e+00   3.061452e-41   4.050313e-04   9.912286e-43   1488
  1.408865e+00   2.917330e-41   4.888426e-04   8.739382e-43   1680
  1.410562e+00   4.301004e-41   5.107180e-04   4.786423e-42   1692
  1.412151e+00   3.360312e-41   4.890383e-04   1.362395e-42   1128
  1.413913e+00   2.739831e-41   4.709016e-04   9.756145e-43   1536
  1.415632e+00   2.863191e-41   4.908676e-04   9.594734e-43   1616
  1.417373e+00   3.092739e-41   4.733501e-04   1.009951e-42   1476
  1.419127e+00   2.885484e-41   5.209335e-04   1.093214e-42   1176
  1.420693e+00   2.870822e-41   5.596875e-04   8.163969e-43   1656
  1.422399e+00   3.962065e-41   4.916336e-04   4.311472e-42   891
  1.424157e+00   2.883090e-41   5.240858e-04   8.674109e-43   1596
  1.425870e+00   3.312557e-41   4.570168e-04   1.188313e-42   1422
  1.427560e+00   3.095029e-41   4.382484e-04   1.169292e-42   1254
  1.429149e+00   2.999587e-41   4.477206e-04   1.222656e-42   918
  1.430852e+00   2.963733e-41   4.900032e-04   9.810906e-43   1614
  1.432567e+00   2.688951e-41   4.232714e-04   1.145582e-42   798
  1.434273e+00   2.851633e-41   5.425837e-04   9.292367e-43   1458
  1.436002e+00   3.467138e-41   4.968256e-04   1.217456e-42   1374
  1.437711e+00   3.209130e-41   4.243221e-04   1.472729e-42   984
  1.439407e+00   3.241405e-41   5.838085e-04   1.403752e-42   1062
  1.441134e+00   3.396336e-41   4.948879e-04   1.245285e-42   1246
  1.442811e+00   2.762047e-41   4.588833e-04   9.330483e-43   1072
  1.444603e+00   2.970792e-41   4.969413e-04   1.135657e-42   1110
  1.446258e+00   3.367758e-41   5.383636e-04   1.140799e-42   1254
  1.447998e+00   3.119944e-41   5.109355e-04   1.325532e-42   1032
  1.449895e+00   3.481562e-41   4.733780e-04   1.608494e-42   786
  1.451337e+00   3.033659e-41   4.853147e-04   1.290228e-42   1152
  1.453026e+00   3.124529e-41   5.289446e-04   1.249608e-42   1086
  1.454785e+00   3.259398e-41   4.772261e-04   1.315236e-42   912
  1.456411e+00   3.661257e-41   4.783749e-04   1.468016e-42   1062
  1.458071e+00   3.475889e-41   4.768243e-04   1.549968e-42   912
  1.459989e+00   3.023918e-41   5.322923e-04   1.460213e-42   750
  1.461484e+00   3.199656e-41   5.128675e-04   1.027991e-42   1200
  1.463214e+00   3.106891e-41   4.644419e-04   1.270910e-42   918
  1.464934e+00   3.111388e-41   4.820751e-04   1.293434e-42   876
  1.466681e+00   3.557352e-41   4.212369e-04   1.491852e-42   870
  1.468211e+00   3.414186e-41   4.913058e-04   1.496855e-42   768
  1.470005e+00   2.784636e-41   4.503077e-04   1.134519e-42   830
  1.471666e+00   3.457278e-41   4.662337e-04   1.313319e-42   1080
  1.473387e+00   3.656843e-41   5.245740e-04   1.615859e-42   840
  1.475121e+00   2.962907e-41   5.051070e-04   1.123144e-42   798
  1.477088e+00   4.019125e-41   4.009113e-04   2.332729e-42   792
  1.478613e+00   3.277620e-41   4.675924e-04   1.663925e-42   726
  1.480213e+00   2.994206e-41   5.239634e-04   1.330333e-42   864
  1.481966e+00   3.620602e-41   4.485006e-04   1.611618e-42   900
  1.483743e+00   3.441945e-41   4.984474e-04   1.932566e-42   726
  1.485268e+00   3.954185e-41   4.313846e-04   2.157048e-42   576
  1.487302e+00   3.346848e-41   4.489324e-04   1.505336e-42   840
  1.488733e+00   3.441913e-41   4.660199e-04   1.976532e-42   750
  1.490428e+00   3.380161e-41   4.674350e-04   2.068421e-42   720
  1.492027e+00   3.457677e-41   4.728813e-04   1.929806e-42   702
  1.493895e+00   3.261607e-41   5.164499e-04   1.271587e-42   696
  1.495432e+00   3.915041e-41   4.618675e-04   2.805973e-42   480
  1.497243e+00   3.496671e-41   4.376385e-04   1.626518e-42   830
  1.498847e+00   3.529665e-41   5.091155e-04   1.680288e-42   756
  1.500643e+00   3.402578e-41   4.888404e-04   1.647412e-42   624
  1.502229e+00   4.511373e-41   5.165284e-04   2.726132e-42   582
  1.504104e+00   3.868005e-41   3.964472e-04   2.175822e-42   576
  1.505725e+00   3.452409e-41   5.309724e-04   1.829569e-42   624
  1.507388e+00   3.546405e-41   4.336450e-04   1.925437e-42   702
  1.509034e+00   3.573069e-41   4.988077e-04   2.334305e-42   624
  1.510988e+00   3.718504e-41   4.825630e-04   1.737176e-42   672
  1.512580e+00   4.233593e-41   3.612436e-04   3.157899e-42   342
  1.514329e+00   4.028674e-41   4.516021e-04   2.378836e-42   660
  1.515937e+00   3.730372e-41   4.642274e-04   2.251476e-42   576
  1.517597e+00   3.165496e-41   4.513226e-04   1.385786e-42   600
  1.519276e+00   3.217312e-41   5.220166e-04   1.446924e-42   510
  1.521163e+00   4.079998e-41   4.890514e-04   2.095563e-42   600
  1.522619e+00   3.591104e-41   3.895108e-04   2.730490e-42   216
  1.524315e+00   3.692116e-41   4.741021e-04   1.684139e-42   758
  1.526291e+00   3.253497e-41   5.190411e-04   1.731880e-42   576
  1.528024e+00   3.876212e-41   4.406517e-04   2.223566e-42   528
  1.529587e+00   3.352210e-41   3.034519e-04   2.676688e-42   318
  1.531266e+00   4.757903e-41   5.242157e-04   3.234261e-42   540
  1.533252e+00   3.511339e-41   3.706126e-04   2.267009e-42   384
  1.534598e+00   3.271202e-41   5.120576e-04   1.631064e-42   576
  1.536349e+00   3.481038e-41   4.184460e-04   3.624683e-42   414
  1.538006e+00   4.078959e-41   4.672675e-04   2.361277e-42   504
  1.539775e+00   3.995454e-41   5.129507e-04   2.916614e-42   312
  1.541474e+00   4.320797e-41   4.647396e-04   2.673843e-42   414
  1.543160e+00   2.783568e-41   4.293448e-04   1.397347e-42   432
  1.544729e+00   3.593044e-41   5.686055e-04   2.321758e-42   504
  1.546545e+00   3.530696e-41   5.476310e-04   2.233594e-42   432
  1.548245e+00   5.369832e-41   4.485920e-04   4.741580e-42   354
  1.549977e+00   5.734135e-41   6.527560e-04   5.184940e-42   200
  1.551463e+00   3.762438e-41   4.631515e-04   1.956832e-42   480
  1.553470e+00   3.736155e-41   5.292520e-04   1.945688e-42   552
  1.555311e+00   3.100232e-41   3.296817e-04   1.746434e-42   366
  1.556730e+00   4.772196e-41   3.509628e-04   3.999808e-42   240
  1.558291e+00   4.755833e-41   4.906603e-04   3.012580e-42   288
  1.560489e+00   4.120689e-41   3.372103e-04   2.661523e-42   366
  1.561910e+00   3.711557e-41   5.467244e-04   2.152718e-42   408
  1.563496e+00   4.344318e-41   4.109956e-04   3.345473e-42   360
  1.565137e+00   4.144828e-41   3.831167e-04   3.629895e-42   324
  1.566729e+00   4.396783e-41   4.524730e-04   4.095108e-42   174
  1.568624e+00   4.707932e-41   5.198279e-04   4.630076e-42   264
  1.570404e+00   4.120696e-41   4.741086e-04   2.369202e-42   456
  1.572178e+00   3.520866e-41   4.767346e-04   1.936784e-42   360
  1.573637e+00   4.077741e-41   5.251690e-04   2.988484e-42   270
  1.575423e+00   4.053952e-41   5.743787e-04   3.399251e-42   240
  1.577661e+00   7.161046e-41   4.185669e-04   9.946730e-42   120
  1.578762e+00   3.375307e-41   4.369696e-04   2.189629e-42   320
  1.580538e+00   4.231483e-41   5.406748e-04   2.091319e-42   462
  1.582398e+00   3.887524e-41   3.145683e-04   3.062992e-42   276
  1.584014e+00   4.232152e-41   3.568730e-04   4.162152e-42   144
  1.585571e+00   5.760411e-41   3.747862e-04   6.853456e-42   120
  1.587640e+00   4.175600e-41   2.838118e-04   3.660352e-42   294
  1.589204e+00   4.149134e-41   5.034972e-04   2.318541e-42   384
  1.590663e+00   4.445902e-41   3.333119e-04   3.738779e-42   216
  1.592060e+00   6.078750e-41   3.095363e-04   4.812006e-42   168
  1.593638e+00   5.971138e-41   3.682988e-04   6.375598e-42   102
  1.595919e+00   4.618687e-41   5.587821e-04   5.608402e-42   168
  1.597518e+00   3.902969e-41   4.890688e-04   1.979756e-42   384
  1.599271e+00   4.982410e-41   4.969061e-04   5.045367e-42   300
  1.600903e+00   4.861914e-41   5.320788e-04   4.925595e-42   144
  1.602742e+00   7.596812e-41   5.449239e-04   8.727389e-42   102
  1.604949e+00   7.322313e-41   1.289956e-04   9.804896e-42   56
  1.606006e+00   3.723919e-41   4.199761e-04   2.303229e-42   288
  1.607665e+00   5.017682e-41   5.465449e-04   2.978072e-42   360
  1.609470e+00   6.478810e-41   2.931840e-04   6.842241e-42   126
  1.610992e+00   6.424094e-41   1.443964e-04   1.186153e-41   72
  1.612650e+00   5.869247e-41   7.650143e-05   9.131130e-42   48
  1.614814e+00   4.161024e-41   3.094846e-04   4.320434e-42   240
  1.616236e+00   6.050523e-41   4.591937e-04   5.936306e-42   306
  1.617691e+00   8.348921e-41   2.552095e-04   9.637238e-42   120
  1.619368e+00   6.829207e-41   6.281048e-04   8.776662e-42   96
  1.620587e+00   9.352526e-41   0.000000e+00   2.017752e-41   24
  1.623325e+00   4.575151e-41   5.439228e-04   7.123777e-42   120
  1.624667e+00   4.149639e-41   4.703935e-04   2.657153e-42   318
  1.626308e+00   6.580485e-41   5.026794e-04   5.323649e-42   168
  1.628106e+00   6.661088e-41   5.394313e-04   9.867196e-42   72
  1.630075e+00   9.893009e-41   0.000000e+00   1.680020e-41   24
  1.632193e+00   1.820071e-41   2.618418e-04   3.772734e-42   14
  1.633200e+00   4.652735e-41   4.129830e-04   3.016864e-42   288
  1.634765e+00   7.436349e-41   4.968411e-04   8.770896e-42   204
  1.636571e+00   8.126077e-41   7.538327e-05   1.163369e-41   48
  1.638002e+00   1.154765e-40   0.000000e+00   2.872782e-41   24
  1.639659e+00   8.852601e-41   0.000000e+00   4.051541e-41   6
  1.642039e+00   4.920690e-41   3.087683e-04   3.221210e-42   216
  1.643266e+00   6.530118e-41   4.111948e-04   5.576542e-42   192
  1.644767e+00   7.704455e-41   7.500762e-05   1.127067e-41   48
  1.646341e+00   7.069001e-41   5.993235e-04   1.423810e-41   30
  1.650794e+00   4.793739e-41   1.239342e-04   6.377625e-42   96
  1.651708e+00   5.687375e-41   4.061000e-04   4.162901e-42   228
  1.653445e+00   9.744218e-41   5.310492e-04   1.000229e-41   72
  1.655533e+00   6.258536e-41   0.000000e+00   1.297398e-41   6
  1.660288e+00   6.012258e-41   4.009709e-04   6.042194e-42   248
  1.661805e+00   8.486301e-41   4.589321e-04   9.557939e-42   72
  1.663636e+00   9.340656e-41   2.543132e-08   4.064101e-41   6
  1.669168e+00   5.747303e-41   2.849355e-04   5.273813e-42   180
  1.670272e+00   7.144855e-41   3.876996e-04   9.859319e-42   72
  1.671847e+00   6.046180e-41   0.000000e+00   1.575183e-41   6
  1.677997e+00   6.076998e-41   1.219250e-04   6.702982e-42   96
  1.678732e+00   6.805107e-41   3.347351e-04   1.082771e-41   96
  1.680165e+00   3.614692e-41   0.000000e+00   1.270621e-41   6
  1.687272e+00   7.451958e-41   3.203674e-04   6.987871e-42   140
  1.688588e+00   1.217156e-40   0.000000e+00   4.263870e-41   6
  1.696205e+00   8.453711e-41   2.151411e-04   6.996450e-42   96
  1.697114e+00   1.199150e-40   0.000000e+00   3.057298e-41   6
  1.705164e+00   8.360349e-41   1.294251e-04   1.129509e-41   60
  1.705743e+00   1.524675e-40   0.000000e+00   3.988947e-41   6
  1.714199e+00   1.355278e-40   1.312104e-04   2.554986e-41   38
  1.723205e+00   6.523877e-41   6.749794e-05   1.172993e-41   18
  1.732226e+00   1.716977e-40   2.543132e-08   3.165559e-41   6
