# power spectrum of pi_k
# redshift z=99.196868
# k              Pk             sigma(k)       sigma(Pk)      count
  1.570796e-02   1.041690e-10   0.000000e+00   4.198872e-11   6
  2.221441e-02   4.735812e-11   0.000000e+00   9.453757e-12   12
  2.720699e-02   2.910953e-11   2.980232e-10   5.923671e-12   8
  3.141593e-02   8.183834e-11   0.000000e+00   8.806398e-12   6
  3.512407e-02   4.947776e-11   5.619580e-10   1.577307e-11   24
  3.847649e-02   6.289776e-11   5.619580e-10   1.059674e-11   24
  4.442883e-02   2.345235e-11   0.000000e+00   1.055585e-11   12
  4.712389e-02   2.548152e-11   6.357829e-10   4.694014e-12   30
  4.967294e-02   3.016575e-11   0.000000e+00   6.647967e-12   24
  5.209742e-02   2.631679e-11   9.733398e-10   6.523492e-12   24
  5.441398e-02   2.960812e-11   5.960464e-10   6.001649e-12   8
  5.663587e-02   2.427709e-11   7.947286e-10   3.016061e-12   24
  5.877382e-02   2.221913e-11   0.000000e+00   3.122385e-12   48
  6.283185e-02   2.504798e-11   0.000000e+00   1.101309e-11   6
  6.476559e-02   1.963810e-11   7.947286e-10   2.757546e-12   48
  6.664324e-02   1.783203e-11   7.492773e-10   1.854496e-12   36
  6.846942e-02   2.513957e-11   7.947286e-10   5.256890e-12   24
  7.024815e-02   1.444285e-11   1.123916e-09   2.486398e-12   24
  7.198293e-02   1.266328e-11   0.000000e+00   1.722043e-12   48
  7.367688e-02   1.924239e-11   1.123916e-09   2.738976e-12   24
  7.695299e-02   1.464687e-11   1.123916e-09   2.303945e-12   24
  7.853982e-02   9.779507e-12   0.000000e+00   1.600725e-12   30
  8.009521e-02   1.019782e-11   0.000000e+00   1.126331e-12   72
  8.162097e-02   9.707816e-12   1.192093e-09   1.976386e-12   32
  8.458997e-02   1.236972e-11   0.000000e+00   1.434755e-12   72
  8.603606e-02   7.352980e-12   0.000000e+00   1.074983e-12   48
  8.885766e-02   3.736982e-12   0.000000e+00   1.111598e-12   12
  9.023538e-02   7.224405e-12   0.000000e+00   1.083541e-12   48
  9.159238e-02   6.247635e-12   0.000000e+00   6.219121e-13   48
  9.292956e-02   8.116387e-12   1.123916e-09   1.023860e-12   48
  9.424778e-02   9.562825e-12   1.271566e-09   1.676321e-12   30
  9.554781e-02   8.289205e-12   0.000000e+00   1.864425e-12   24
  9.683039e-02   8.406930e-12   2.369423e-09   8.452438e-13   72
  9.934588e-02   4.798742e-12   0.000000e+00   9.108986e-13   24
  1.005800e-01   7.243530e-12   0.000000e+00   7.176981e-13   96
  1.017992e-01   5.502232e-12   0.000000e+00   7.306475e-13   48
  1.030040e-01   4.537816e-12   1.946680e-09   1.114658e-12   24
  1.041948e-01   3.244135e-12   1.946680e-09   6.661805e-13   24
  1.053722e-01   7.680413e-12   0.000000e+00   9.376635e-13   72
  1.065366e-01   5.677460e-12   0.000000e+00   8.739878e-13   48
  1.088280e-01   4.861339e-12   1.192093e-09   1.451153e-12   8
  1.099557e-01   7.053205e-12   1.412851e-09   8.417244e-13   54
  1.110721e-01   4.725195e-12   0.000000e+00   8.264066e-13   84
  1.121773e-01   5.146715e-12   0.000000e+00   7.383396e-13   48
  1.132717e-01   3.177384e-12   1.589457e-09   5.668103e-13   24
  1.143557e-01   4.196117e-12   2.119276e-09   4.979238e-13   72
  1.154295e-01   5.486380e-12   0.000000e+00   6.245385e-13   96
  1.175476e-01   7.377673e-12   0.000000e+00   8.046696e-13   48
  1.185925e-01   4.008855e-12   0.000000e+00   3.756588e-13   48
  1.196283e-01   3.456178e-12   0.000000e+00   6.724463e-13   24
  1.206552e-01   3.908942e-12   0.000000e+00   4.208721e-13   72
  1.226831e-01   4.012928e-12   0.000000e+00   4.749243e-13   72
  1.236846e-01   3.882423e-12   0.000000e+00   4.425398e-13   96
  1.256637e-01   5.250636e-12   0.000000e+00   2.307561e-12   6
  1.266416e-01   4.301456e-12   0.000000e+00   4.164391e-13   96
  1.276121e-01   4.381700e-12   1.589457e-09   4.682985e-13   96
  1.285752e-01   2.925291e-12   0.000000e+00   6.955362e-13   24
  1.295312e-01   3.220113e-12   1.589457e-09   4.011972e-13   48
  1.304801e-01   3.216526e-12   0.000000e+00   3.251151e-13   96
  1.314222e-01   3.724112e-12   0.000000e+00   5.016684e-13   48
  1.332865e-01   3.233709e-12   1.498555e-09   6.068316e-13   36
  1.342089e-01   3.219886e-12   2.753021e-09   4.065405e-13   48
  1.351250e-01   3.526755e-12   3.114687e-09   3.165775e-13   120
  1.360350e-01   3.129311e-12   0.000000e+00   4.131847e-13   56
  1.369388e-01   1.738166e-12   1.589457e-09   3.041402e-13   24
  1.378368e-01   2.489628e-12   0.000000e+00   2.215246e-13   96
  1.387290e-01   2.608346e-12   0.000000e+00   3.365861e-13   48
  1.404963e-01   3.091651e-12   2.247832e-09   5.734819e-13   24
  1.413717e-01   3.333465e-12   0.000000e+00   3.335338e-13   102
  1.422417e-01   3.396287e-12   1.589457e-09   5.119818e-13   48
  1.431064e-01   3.082167e-12   0.000000e+00   3.070861e-13   72
  1.439659e-01   2.777099e-12   0.000000e+00   2.805215e-13   48
  1.448203e-01   2.940824e-12   0.000000e+00   5.448571e-13   48
  1.456697e-01   2.483876e-12   3.596531e-09   2.183002e-13   120
  1.473538e-01   3.848773e-12   2.247832e-09   6.442447e-13   24
  1.481886e-01   2.199793e-12   2.119276e-09   1.850796e-13   144
  1.490188e-01   2.233510e-12   2.543132e-09   2.147432e-13   120
  1.498444e-01   1.716099e-12   2.247832e-09   2.404589e-13   48
  1.514821e-01   2.520697e-12   2.247832e-09   3.361687e-13   48
  1.522944e-01   2.032541e-12   2.247832e-09   2.121030e-13   96
  1.544390e-01   2.615890e-12   3.768959e-04   3.211839e-13   72
  1.555009e-01   1.898618e-12   1.998073e-09   1.449726e-13   108
  1.562923e-01   2.228325e-12   0.000000e+00   2.387599e-13   72
  1.570796e-01   1.336894e-12   0.000000e+00   2.486601e-13   30
  1.578631e-01   2.226060e-12   0.000000e+00   1.768845e-13   168
  1.586427e-01   2.172965e-12   0.000000e+00   2.371601e-13   48
  1.601904e-01   1.468904e-12   0.000000e+00   1.721363e-13   72
  1.609587e-01   1.906967e-12   0.000000e+00   1.837960e-13   96
  1.617234e-01   1.853835e-12   4.238553e-09   2.847627e-13   72
  1.624844e-01   2.158279e-12   0.000000e+00   2.288385e-13   72
  1.637639e-01   1.902189e-12   3.480039e-04   1.393624e-13   104
  1.647465e-01   1.792836e-12   2.997109e-09   1.307560e-13   144
  1.669779e-01   1.221159e-12   5.026305e-09   1.147148e-13   96
  1.677152e-01   1.338538e-12   0.000000e+00   1.383224e-13   96
  1.688876e-01   1.803456e-12   3.580185e-04   1.677797e-13   120
  1.699076e-01   1.486591e-12   0.000000e+00   1.352292e-13   120
  1.706322e-01   1.771177e-12   0.000000e+00   1.919812e-13   72
  1.720721e-01   1.743246e-12   0.000000e+00   2.308945e-13   48
  1.727876e-01   1.854428e-12   3.912510e-09   2.115921e-13   78
  1.737029e-01   1.910480e-12   3.205713e-04   1.510903e-13   168
  1.756204e-01   1.737233e-12   3.670694e-09   1.500956e-13   144
  1.763215e-01   1.782493e-12   2.997109e-09   1.271718e-13   144
  1.783549e-01   1.586784e-12   1.846233e-04   1.349318e-13   156
  1.790983e-01   1.151328e-12   3.893359e-09   2.145047e-13   48
  1.797859e-01   1.421980e-12   2.543132e-09   1.394907e-13   120
  1.804708e-01   1.016662e-12   0.000000e+00   1.070492e-13   48
  1.816818e-01   1.502242e-12   2.825996e-04   1.019665e-13   216
  1.831848e-01   1.323837e-12   0.000000e+00   1.634765e-13   48
  1.838570e-01   1.213645e-12   2.247832e-09   1.067603e-13   96
  1.848128e-01   1.379525e-12   3.302618e-04   1.211394e-13   168
  1.858591e-01   1.099588e-12   2.247832e-09   1.572815e-13   48
  1.865217e-01   1.443831e-12   0.000000e+00   1.440839e-13   96
  1.871820e-01   1.390379e-12   0.000000e+00   2.530881e-13   48
  1.884956e-01   1.600900e-12   2.543132e-09   1.595143e-13   30
  1.891489e-01   1.010703e-12   0.000000e+00   8.207246e-14   96
  1.899298e-01   1.242133e-12   2.595564e-04   8.417373e-14   240
  1.909339e-01   1.702342e-12   2.800239e-04   2.345584e-13   32
  1.917401e-01   9.620712e-13   0.000000e+00   7.129696e-14   168
  1.923825e-01   1.137656e-12   0.000000e+00   1.115198e-13   120
  1.936608e-01   8.931954e-13   4.738846e-09   1.003802e-13   72
  1.942968e-01   1.452004e-12   2.119276e-09   1.333860e-13   144
  1.949307e-01   1.036163e-12   0.000000e+00   1.060284e-13   96
  1.955626e-01   1.363901e-12   0.000000e+00   1.091851e-13   96
  1.968202e-01   1.321754e-12   0.000000e+00   1.593924e-13   72
  1.974460e-01   1.107102e-12   3.178914e-09   1.072804e-13   96
  1.986918e-01   1.061749e-12   0.000000e+00   1.955241e-13   24
  1.993117e-01   1.229107e-12   0.000000e+00   9.072986e-14   192
  2.000418e-01   1.157797e-12   2.376333e-04   8.537775e-14   132
  2.011601e-01   1.228817e-12   0.000000e+00   1.110948e-13   96
  2.017724e-01   8.950311e-13   0.000000e+00   9.021905e-14   96
  2.023829e-01   1.167060e-12   2.543132e-09   9.947554e-14   120
  2.035985e-01   1.219786e-12   0.000000e+00   1.675601e-13   48
  2.045948e-01   7.808148e-13   2.879924e-04   5.115043e-14   222
  2.054083e-01   1.006061e-12   0.000000e+00   9.525669e-14   120
  2.060080e-01   1.121795e-12   3.893359e-09   2.260469e-13   24
  2.068812e-01   1.163136e-12   2.972500e-04   6.154893e-14   312
  2.087838e-01   1.257885e-12   2.786838e-04   1.401112e-13   72
  2.095704e-01   8.706140e-13   3.893359e-09   1.173938e-13   96
  2.103781e-01   1.052593e-12   2.838009e-04   7.957749e-14   192
  2.113290e-01   9.768873e-13   3.596531e-09   9.908889e-14   120
  2.119120e-01   9.678556e-13   0.000000e+00   9.942466e-14   144
  2.130732e-01   8.541530e-13   0.000000e+00   1.223380e-13   48
  2.138985e-01   8.405923e-13   2.853717e-04   4.894920e-14   336
  2.148032e-01   9.444141e-13   0.000000e+00   1.292188e-13   48
  2.159488e-01   8.442579e-13   0.000000e+00   7.384193e-14   192
  2.165193e-01   9.098607e-13   0.000000e+00   1.111888e-13   48
  2.181411e-01   8.953911e-13   1.980854e-04   1.084058e-13   56
  2.189475e-01   8.650579e-13   2.544090e-04   4.785377e-14   336
  2.199115e-01   8.530686e-13   2.825702e-09   1.214639e-13   54
  2.207512e-01   7.694435e-13   2.794324e-04   4.724646e-14   240
  2.224945e-01   7.631763e-13   2.675587e-04   5.651721e-14   228
  2.232521e-01   9.037407e-13   2.997109e-09   1.154300e-13   72
  2.239875e-01   8.896615e-13   2.595385e-04   6.606105e-14   144
  2.249038e-01   7.173989e-13   0.000000e+00   7.000956e-14   96
  2.254517e-01   7.380077e-13   3.596531e-09   4.628174e-14   240
  2.265435e-01   6.624089e-13   3.178914e-09   1.272904e-13   24
  2.272424e-01   7.739676e-13   2.451321e-04   4.610862e-14   336
  2.281713e-01   7.264189e-13   0.000000e+00   8.550351e-14   72
  2.290193e-01   8.595458e-13   2.666265e-04   6.203905e-14   168
  2.297877e-01   5.622082e-13   0.000000e+00   4.975526e-14   72
  2.308590e-01   8.612359e-13   0.000000e+00   7.894838e-14   96
  2.316886e-01   7.330027e-13   2.646263e-04   5.214362e-14   216
  2.324566e-01   5.506125e-13   0.000000e+00   4.097902e-14   96
  2.335157e-01   6.673527e-13   3.178914e-09   4.490489e-14   192
  2.340434e-01   6.524609e-13   2.997109e-09   5.088676e-14   144
  2.350953e-01   6.893495e-13   0.000000e+00   8.927100e-14   48
  2.358236e-01   7.087047e-13   2.551309e-04   4.811747e-14   246
  2.368131e-01   8.643538e-13   2.352347e-04   6.693642e-14   168
  2.377046e-01   6.742093e-13   6.229375e-09   6.731616e-14   120
  2.382231e-01   5.613981e-13   0.000000e+00   3.836612e-14   240
  2.392566e-01   3.969288e-13   0.000000e+00   8.062095e-14   24
  2.400800e-01   6.376035e-13   2.517980e-04   3.980968e-14   360
  2.411056e-01   5.906860e-13   2.507265e-04   4.398487e-14   120
  2.418210e-01   6.943329e-13   0.000000e+00   5.576294e-14   144
  2.423307e-01   6.795295e-13   0.000000e+00   5.997432e-14   96
  2.438532e-01   6.474321e-13   0.000000e+00   5.199747e-14   144
  2.443586e-01   6.931943e-13   0.000000e+00   5.919248e-14   132
  2.450688e-01   6.286563e-13   2.474633e-04   4.603440e-14   176
  2.460999e-01   6.196166e-13   2.498881e-04   3.150705e-14   312
  2.473693e-01   8.741422e-13   0.000000e+00   1.330029e-13   96
  2.478675e-01   5.896073e-13   0.000000e+00   5.144569e-14   144
  2.486319e-01   6.187395e-13   2.473817e-04   3.437121e-14   312
  2.498505e-01   7.238668e-13   0.000000e+00   7.176176e-14   48
  2.503437e-01   5.391135e-13   3.178914e-09   4.021980e-14   192
  2.513274e-01   1.787981e-13   0.000000e+00   5.510504e-14   6
  2.519810e-01   5.151590e-13   2.307253e-04   2.835799e-14   288
  2.530395e-01   4.969685e-13   2.437763e-04   3.528463e-14   192
  2.537699e-01   4.738180e-13   7.476104e-09   3.032781e-14   216
  2.542556e-01   5.955233e-13   0.000000e+00   8.081499e-14   72
  2.554657e-01   4.853261e-13   2.414611e-04   3.741849e-14   192
  2.562693e-01   6.326718e-13   1.792979e-04   3.737467e-14   288
  2.571504e-01   5.424542e-13   0.000000e+00   1.047207e-13   24
  2.578312e-01   5.822642e-13   2.362101e-04   2.519070e-14   456
  2.590624e-01   3.692804e-13   0.000000e+00   5.429560e-14   48
  2.598231e-01   5.268293e-13   2.326575e-04   3.860410e-14   240
  2.606974e-01   5.901119e-13   2.351266e-04   3.763231e-14   216
  2.614326e-01   4.636176e-13   0.000000e+00   5.686175e-14   72
  2.619041e-01   4.807444e-13   8.123736e-09   3.791182e-14   168
  2.632353e-01   5.572682e-13   1.747662e-04   3.374307e-14   288
  2.639818e-01   5.439840e-13   2.312456e-04   3.732551e-14   168
  2.651809e-01   6.137723e-13   0.000000e+00   4.243153e-14   192
  2.656458e-01   4.914554e-13   2.997109e-09   3.490753e-14   144
  2.665730e-01   6.039340e-13   2.997109e-09   7.500897e-14   36
  2.673593e-01   4.080930e-13   2.111764e-04   2.089943e-14   342
  2.681111e-01   4.825550e-13   2.168525e-04   3.655202e-14   144
  2.690776e-01   4.580008e-13   2.274240e-04   2.350298e-14   384
  2.702500e-01   5.358563e-13   6.229375e-09   4.875642e-14   120
  2.708303e-01   5.367294e-13   2.027960e-04   3.328414e-14   264
  2.716161e-01   4.576916e-13   1.005261e-08   3.334867e-14   192
  2.723561e-01   5.026239e-13   2.185515e-04   3.833358e-14   152
  2.729753e-01   4.574122e-13   5.994218e-09   4.128591e-14   144
  2.742778e-01   3.819693e-13   1.414487e-04   2.794254e-14   216
  2.748807e-01   4.921635e-13   1.890132e-04   2.684841e-14   312
  2.759419e-01   4.222117e-13   2.190625e-04   2.345278e-14   240
  2.765672e-01   5.081464e-13   3.178914e-09   5.258526e-14   96
  2.777541e-01   4.585040e-13   2.094396e-04   3.694935e-14   144
  2.784857e-01   4.370936e-13   2.058607e-04   2.107123e-14   456
  2.796723e-01   3.490543e-13   0.000000e+00   2.279161e-14   120
  2.801131e-01   3.787907e-13   0.000000e+00   3.478416e-14   144
  2.809926e-01   2.826142e-13   4.495664e-09   4.668778e-14   24
  2.815564e-01   4.356140e-13   1.978798e-04   2.198004e-14   336
  2.825316e-01   4.060719e-13   2.182345e-04   3.192486e-14   198
  2.834454e-01   3.999851e-13   2.122205e-04   2.092534e-14   432
  2.844833e-01   4.142376e-13   6.357829e-09   4.210646e-14   48
  2.850248e-01   4.622247e-13   1.873540e-04   2.386111e-14   384
  2.859970e-01   4.416122e-13   2.156842e-04   3.630149e-14   144
  2.868780e-01   4.286093e-13   2.141460e-04   2.458707e-14   264
  2.879317e-01   3.430108e-13   0.000000e+00   3.295633e-14   48
  2.886387e-01   4.006274e-13   2.036179e-04   2.415855e-14   276
  2.893208e-01   3.554809e-13   1.845741e-04   2.926047e-14   192
  2.902325e-01   3.738827e-13   2.074207e-04   1.569994e-14   552
  2.913393e-01   2.614804e-13   5.086263e-09   2.293033e-14   120
  2.919972e-01   4.077964e-13   2.099609e-04   2.748497e-14   216
  2.926069e-01   3.588396e-13   5.086263e-09   2.812483e-14   120
  2.936961e-01   4.127942e-13   2.067600e-04   2.109113e-14   408
  2.947075e-01   3.813951e-13   4.495664e-09   5.104876e-14   24
  2.953347e-01   3.328689e-13   2.088648e-04   1.866279e-14   384
  2.962106e-01   3.293368e-13   2.040684e-04   2.278603e-14   240
  2.969712e-01   3.205382e-13   2.055628e-04   2.179523e-14   168
  2.980376e-01   2.869985e-13   0.000000e+00   2.776045e-14   120
  2.987251e-01   3.466568e-13   2.142884e-04   1.753001e-14   350
  2.998430e-01   3.424159e-13   3.527601e-04   1.789729e-14   384
  3.005110e-01   3.685606e-13   0.000000e+00   3.309815e-14   144
  3.017401e-01   2.922275e-13   4.238553e-09   1.693632e-14   288
  3.023819e-01   3.031930e-13   2.019242e-04   1.450808e-14   336
  3.032549e-01   3.679074e-13   1.838353e-04   2.695893e-14   168
  3.037776e-01   3.237074e-13   1.204945e-08   1.911415e-14   336
  3.048586e-01   2.897604e-13   1.908100e-04   1.778046e-14   288
  3.055078e-01   2.950550e-13   1.797918e-04   1.800189e-14   264
  3.066072e-01   3.206109e-13   0.000000e+00   1.990955e-14   240
  3.070093e-01   3.145565e-13   0.000000e+00   2.619457e-14   96
  3.084525e-01   3.404587e-13   2.445048e-04   1.724248e-14   360
  3.091260e-01   3.313084e-13   1.802420e-04   2.774249e-14   168
  3.099770e-01   3.211141e-13   1.964825e-04   1.414072e-14   456
  3.110018e-01   2.934610e-13   5.651403e-09   2.643548e-14   108
  3.115782e-01   3.079315e-13   1.971449e-04   2.217475e-14   264
  3.122973e-01   2.884279e-13   1.758853e-04   1.826977e-14   264
  3.132820e-01   3.277260e-13   1.659735e-04   1.981531e-14   312
  3.145081e-01   3.201641e-13   1.233364e-04   2.039051e-14   270
  3.150220e-01   2.924801e-13   1.565911e-04   1.999889e-14   240
  3.159458e-01   2.981569e-13   1.937229e-04   1.443173e-14   384
  3.165067e-01   2.563167e-13   6.357829e-09   1.709274e-14   192
  3.175962e-01   3.102861e-13   1.554368e-04   2.189041e-14   240
  3.182281e-01   2.893471e-13   1.918342e-04   1.543882e-14   336
  3.194167e-01   2.996270e-13   1.931178e-04   1.334717e-14   480
  3.203808e-01   2.993940e-13   4.238553e-09   3.504508e-14   72
  3.209194e-01   3.049303e-13   1.883074e-04   1.907803e-14   240
  3.216520e-01   2.707844e-13   1.769831e-04   1.578526e-14   312
  3.224917e-01   2.576707e-13   1.912763e-04   1.786783e-14   240
  3.237607e-01   2.813677e-13   1.453205e-04   1.365501e-14   408
  3.242630e-01   2.643240e-13   1.330785e-04   1.517463e-14   336
  3.252448e-01   2.777697e-13   1.689770e-04   1.980119e-14   264
  3.257273e-01   3.356149e-13   0.000000e+00   2.790254e-14   144
  3.270696e-01   2.724944e-13   2.342121e-04   1.288936e-14   464
  3.277768e-01   2.101291e-13   1.862466e-04   1.501906e-14   168
  3.284751e-01   3.355322e-13   1.696301e-04   1.773877e-14   336
  3.297371e-01   2.604413e-13   1.782296e-04   1.312641e-14   414
  3.304484e-01   2.896951e-13   1.855264e-04   1.813636e-14   216
  3.313598e-01   2.581945e-13   4.495664e-09   2.563026e-14   96
  3.317320e-01   2.551189e-13   1.101208e-08   1.150701e-14   384
  3.330355e-01   2.697663e-13   1.851680e-04   1.335902e-14   492
  3.337341e-01   2.107198e-13   1.810784e-04   1.279672e-14   240
  3.345237e-01   2.133087e-13   1.838580e-04   1.216964e-14   312
  3.356141e-01   2.616748e-13   1.837975e-04   2.066313e-14   192
  3.363048e-01   2.569145e-13   1.781220e-04   1.162843e-14   504
  3.372212e-01   2.443207e-13   1.179198e-04   1.229224e-14   408
  3.379427e-01   2.803022e-13   3.612619e-04   2.192282e-14   168
  3.388456e-01   2.213454e-13   1.716026e-04   1.414868e-14   288
  3.396033e-01   2.282052e-13   1.790820e-04   1.523640e-14   288
  3.403794e-01   2.481337e-13   1.801128e-04   1.211582e-14   432
  3.415052e-01   2.593459e-13   1.703267e-04   1.735087e-14   216
  3.421068e-01   2.394351e-13   1.699674e-04   1.135636e-14   360
  3.431777e-01   2.543208e-13   1.658865e-04   1.432582e-14   312
  3.441442e-01   2.682809e-13   0.000000e+00   4.238832e-14   48
  3.447014e-01   2.321715e-13   1.778543e-04   1.152238e-14   432
  3.456992e-01   2.170274e-13   2.966627e-04   1.011489e-14   414
  3.462885e-01   2.204166e-13   6.776666e-09   1.226814e-14   312
  3.473878e-01   2.386223e-13   2.603051e-04   1.003931e-14   528
  3.481296e-01   2.373968e-13   1.366381e-04   1.478214e-14   264
  3.490209e-01   2.146370e-13   1.620153e-04   1.060013e-14   480
  3.501854e-01   2.197586e-13   0.000000e+00   1.162714e-14   288
  3.506883e-01   2.290467e-13   1.740804e-04   1.870917e-14   168
  3.516084e-01   2.219008e-13   2.755688e-04   9.260060e-15   504
  3.526429e-01   2.391303e-13   4.238553e-09   1.702816e-14   144
  3.532937e-01   2.078201e-13   1.769812e-04   9.539312e-15   464
  3.542716e-01   1.863906e-13   2.597299e-04   8.736467e-15   432
  3.547358e-01   2.430405e-13   4.495664e-09   1.691220e-14   192
  3.559351e-01   1.970983e-13   1.925466e-04   8.786879e-15   396
  3.566434e-01   2.090552e-13   1.729600e-04   1.250875e-14   288
  3.573592e-01   2.122371e-13   1.708549e-04   1.155959e-14   336
  3.585027e-01   1.960388e-13   1.081887e-04   8.487592e-15   432
  3.592283e-01   2.098933e-13   2.804101e-04   1.030078e-14   360
  3.600431e-01   2.072721e-13   1.658667e-04   9.950420e-15   384
  3.612003e-01   1.725761e-13   1.464092e-04   1.328380e-14   198
  3.617579e-01   1.998110e-13   1.664197e-04   7.643988e-15   552
  3.627976e-01   1.645857e-13   2.329761e-04   8.669499e-15   432
  3.636656e-01   2.153532e-13   8.899106e-09   1.619908e-14   168
  3.643942e-01   1.972631e-13   2.888052e-04   8.789885e-15   480
  3.653579e-01   1.472134e-13   0.000000e+00   1.336299e-14   120
  3.657917e-01   1.809971e-13   2.358836e-04   1.088613e-14   336
  3.668502e-01   1.966290e-13   1.664122e-04   6.876988e-15   672
  3.678969e-01   1.932210e-13   2.420693e-04   8.729491e-15   528
  3.683844e-01   1.825775e-13   7.266090e-09   1.161756e-14   168
  3.695106e-01   1.888621e-13   2.700266e-04   8.274241e-15   456
  3.701979e-01   2.093134e-13   1.649075e-04   1.867004e-14   168
  3.709113e-01   1.912215e-13   1.646115e-04   9.276896e-15   504
  3.720973e-01   1.799675e-13   2.118297e-04   9.979891e-15   336
  3.728144e-01   2.029907e-13   1.527042e-04   1.118972e-14   312
  3.736099e-01   1.908608e-13   1.492023e-04   8.366845e-15   504
  3.746568e-01   1.810209e-13   1.035207e-04   7.665416e-15   432
  3.751490e-01   1.647567e-13   1.599738e-04   9.484709e-15   312
  3.761721e-01   1.720848e-13   1.639809e-04   7.891460e-15   384
  3.772403e-01   1.953398e-13   1.393208e-04   1.806307e-14   126
  3.778999e-01   1.774653e-13   2.446141e-04   8.858109e-15   492
  3.787423e-01   1.803303e-13   1.566756e-04   7.399209e-15   528
  3.797950e-01   1.694379e-13   1.591488e-04   7.322421e-15   480
  3.804477e-01   1.784959e-13   2.198632e-04   8.255258e-15   432
  3.813922e-01   1.869907e-13   1.728933e-04   8.445145e-15   440
  3.824891e-01   1.644024e-13   8.597912e-05   9.477757e-15   312
  3.829007e-01   1.800877e-13   1.288469e-04   9.812237e-15   480
  3.837450e-01   1.637352e-13   2.522797e-04   8.447659e-15   408
  3.849786e-01   1.635377e-13   1.510870e-04   8.121626e-15   360
  3.854998e-01   1.595283e-13   1.457935e-04   7.950048e-15   408
  3.864656e-01   1.601545e-13   1.483633e-04   7.247486e-15   456
  3.875531e-01   1.693587e-13   1.417988e-04   9.991387e-15   264
  3.881567e-01   1.544602e-13   1.538873e-04   8.269235e-15   384
  3.890354e-01   1.626795e-13   2.590801e-04   6.393352e-15   672
  3.900512e-01   1.559550e-13   1.549634e-04   1.018542e-14   240
  3.906373e-01   1.634389e-13   1.572490e-04   9.466979e-15   264
  3.914646e-01   1.422305e-13   1.939407e-04   6.123448e-15   624
  3.926991e-01   1.746222e-13   0.000000e+00   1.345208e-14   150
  3.931386e-01   1.648321e-13   2.173259e-04   7.230459e-15   600
  3.940655e-01   1.411157e-13   1.499928e-04   5.890483e-15   672
  3.951151e-01   1.541561e-13   1.410788e-04   8.967052e-15   336
  3.956998e-01   1.554468e-13   1.534526e-04   7.776478e-15   408
  3.966340e-01   1.442751e-13   1.530911e-04   7.103789e-15   408
  3.976732e-01   1.366139e-13   7.741108e-05   6.984927e-15   360
  3.983137e-01   1.535193e-13   2.842286e-04   7.142389e-15   456
  3.990874e-01   1.411603e-13   1.545652e-04   6.376798e-15   384
  4.000722e-01   1.689347e-13   1.426833e-04   8.457057e-15   348
  4.006044e-01   1.439539e-13   1.759003e-04   5.985668e-15   576
  4.016040e-01   1.480233e-13   1.448308e-04   6.820500e-15   504
  4.026266e-01   1.432437e-13   2.042754e-04   6.555321e-15   432
  4.035193e-01   1.312014e-13   2.779157e-04   5.213955e-15   576
  4.041559e-01   1.404945e-13   0.000000e+00   8.128283e-15   264
  4.051657e-01   1.414376e-13   2.211515e-04   4.888191e-15   768
  4.060439e-01   1.666165e-13   2.977401e-04   1.116616e-14   240
  4.067421e-01   1.333684e-13   2.625786e-04   1.018919e-14   192
  4.077592e-01   1.328386e-13   1.932899e-04   5.533538e-15   504
  4.085134e-01   1.246176e-13   2.604655e-04   5.132184e-15   590
  4.092368e-01   1.285806e-13   2.918373e-04   6.358328e-15   384
  4.101438e-01   1.347938e-13   2.438900e-04   6.045760e-15   504
  4.112389e-01   1.412289e-13   2.347064e-04   5.185224e-15   648
  4.123011e-01   1.340577e-13   6.374317e-05   5.828135e-15   504
  4.127294e-01   1.381780e-13   1.454101e-04   7.088312e-15   312
  4.134855e-01   1.196449e-13   2.095003e-04   4.533713e-15   576
  4.145236e-01   1.263297e-13   1.457924e-04   7.915436e-15   240
  4.151287e-01   1.232224e-13   1.473162e-04   5.003884e-15   552
  4.159853e-01   1.340994e-13   1.383265e-04   5.327034e-15   600
  4.172054e-01   1.240902e-13   1.689549e-04   4.517195e-15   600
  4.179389e-01   1.361956e-13   2.705679e-04   8.033015e-15   312
  4.186695e-01   1.326854e-13   2.356379e-04   5.819668e-15   480
  4.195820e-01   1.359648e-13   1.470154e-04   5.501959e-15   576
  4.203854e-01   1.294130e-13   2.367268e-04   6.538847e-15   408
  4.210983e-01   1.305445e-13   2.761527e-04   8.062235e-15   216
  4.220194e-01   1.080836e-13   2.115019e-04   4.839685e-15   516
  4.230063e-01   1.294793e-13   2.017943e-04   5.073175e-15   744
  4.240243e-01   1.199267e-13   1.347808e-04   5.521819e-15   462
  4.245995e-01   1.286523e-13   1.369852e-04   6.273841e-15   432
  4.254918e-01   1.286051e-13   1.270838e-04   4.555210e-15   648
  4.265409e-01   1.295724e-13   1.859472e-04   5.345807e-15   528
  4.273836e-01   1.099483e-13   2.239269e-04   4.592663e-15   600
  4.282256e-01   1.094886e-13   2.823132e-04   8.306500e-15   240
  4.290411e-01   1.119897e-13   2.162492e-04   4.058825e-15   720
  4.299890e-01   1.265907e-13   1.710922e-04   4.468355e-15   720
  4.310398e-01   1.033018e-13   0.000000e+00   7.604459e-15   144
  4.315927e-01   1.082346e-13   2.205891e-04   3.869648e-15   720
  4.323793e-01   1.318350e-13   1.322696e-04   7.187895e-15   384
  4.333641e-01   1.131135e-13   1.466278e-04   4.361147e-15   672
  4.342984e-01   1.137681e-13   2.567292e-04   5.952265e-15   336
  4.347447e-01   1.273826e-13   0.000000e+00   7.765235e-15   288
  4.358374e-01   1.096322e-13   2.031840e-04   3.814205e-15   776
  4.368489e-01   1.201788e-13   1.738547e-04   4.555954e-15   720
  4.376985e-01   1.150192e-13   1.400528e-04   5.947879e-15   432
  4.383780e-01   1.109111e-13   1.996629e-04   5.913654e-15   504
  4.391339e-01   1.047054e-13   1.398922e-04   4.638913e-15   528
  4.401917e-01   1.105841e-13   1.905949e-04   5.127992e-15   438
  4.410618e-01   9.987734e-14   2.218350e-04   4.019485e-15   624
  4.417176e-01   1.166683e-13   2.717180e-04   6.336406e-15   312
  4.426191e-01   1.089612e-13   1.463948e-04   3.901427e-15   696
  4.435512e-01   1.048083e-13   1.324608e-04   4.447453e-15   552
  4.445207e-01   9.734704e-14   1.024805e-04   3.981334e-15   516
  4.451205e-01   1.015974e-13   2.046970e-04   4.150205e-15   528
  4.458506e-01   1.019952e-13   1.331200e-04   4.733215e-15   528
  4.468878e-01   1.023803e-13   1.755583e-04   3.613570e-15   864
  4.475918e-01   9.142683e-14   2.404788e-04   4.256277e-15   408
  4.482965e-01   1.001735e-13   2.382549e-04   6.710737e-15   192
  4.492953e-01   1.037485e-13   1.971674e-04   3.808031e-15   720
  4.501385e-01   9.095586e-14   1.817980e-04   3.223669e-15   696
  4.511404e-01   1.021200e-13   1.963435e-04   3.669017e-15   720
  4.520570e-01   9.587409e-14   2.661201e-04   4.569529e-15   432
  4.525916e-01   8.995280e-14   1.566487e-04   5.478753e-15   264
  4.535534e-01   1.005450e-13   2.163249e-04   3.681544e-15   672
  4.544137e-01   9.842475e-14   2.214835e-04   3.908055e-15   600
  4.554346e-01   9.646314e-14   1.296784e-04   6.160372e-15   270
  4.559493e-01   9.598086e-14   1.952021e-04   4.260843e-15   528
  4.567673e-01   1.053080e-13   1.336675e-04   3.981220e-15   840
  4.578890e-01   9.817660e-14   2.555961e-04   3.400025e-15   888
  4.589254e-01   9.521294e-14   1.904380e-04   3.706621e-15   744
  4.598014e-01   1.040298e-13   9.785730e-05   5.129661e-15   456
  4.602370e-01   8.967028e-14   1.337280e-04   4.252366e-15   360
  4.609825e-01   9.267536e-14   1.158678e-04   4.346273e-15   384
  4.621264e-01   9.803284e-14   1.858509e-04   3.491887e-15   816
  4.629847e-01   9.733422e-14   2.696437e-04   3.271434e-15   824
  4.640279e-01   9.435836e-14   1.253432e-04   5.145323e-15   360
  4.645865e-01   1.067281e-13   1.849595e-04   4.361504e-15   624
  4.653553e-01   8.280137e-14   1.249856e-04   4.045619e-15   360
  4.663795e-01   9.373440e-14   1.700172e-04   3.095383e-15   876
  4.673045e-01   8.761551e-14   2.019296e-04   3.608519e-15   696
  4.682373e-01   9.845155e-14   1.303928e-04   5.279568e-15   336
  4.687264e-01   9.756196e-14   1.302463e-04   4.529786e-15   504
  4.695341e-01   9.072003e-14   1.313750e-04   3.297849e-15   672
  4.707324e-01   8.451651e-14   2.615370e-04   3.132010e-15   720
  4.715635e-01   8.251153e-14   1.975633e-04   3.273926e-15   774
  4.724808e-01   8.935314e-14   1.130801e-04   4.266820e-15   384
  4.729612e-01   8.824982e-14   2.176147e-04   3.895180e-15   528
  4.737068e-01   8.958815e-14   2.073989e-04   3.211368e-15   744
  4.749062e-01   9.047362e-14   1.710601e-04   3.207540e-15   768
  4.757025e-01   8.777307e-14   1.920278e-04   3.635420e-15   552
  4.766960e-01   8.182949e-14   2.092886e-04   3.118270e-15   696
  4.774351e-01   9.078426e-14   2.543221e-04   4.763940e-15   408
  4.780218e-01   8.400070e-14   1.098692e-04   3.781643e-15   504
  4.789519e-01   8.150580e-14   1.973758e-04   2.894919e-15   888
  4.798671e-01   7.879770e-14   2.051305e-04   3.090911e-15   648
  4.808184e-01   8.079163e-14   2.033722e-04   3.349631e-15   648
  4.817134e-01   8.328733e-14   2.192851e-04   2.930590e-15   792
  4.826614e-01   8.019317e-14   3.208291e-04   3.258766e-15   600
  4.833600e-01   7.772986e-14   2.174285e-04   3.693412e-15   456
  4.840953e-01   8.390246e-14   1.059654e-04   3.229653e-15   648
  4.850397e-01   7.728330e-14   2.066479e-04   2.457399e-15   936
  4.860593e-01   7.815117e-14   1.269084e-04   3.715141e-15   384
  4.869469e-01   7.937371e-40   0.000000e+00   5.467676e-40   198
  4.876318e-01   5.183295e-41   3.219776e-04   1.279615e-41   1224
  4.883707e-01   5.488325e-41   2.344988e-04   1.337160e-41   420
  4.892446e-01   2.128676e-41   2.269458e-04   4.744033e-42   792
  4.900991e-01   8.603838e-42   1.876648e-04   1.396941e-42   680
  4.910742e-01   1.239245e-41   1.723226e-04   1.405365e-42   600
  4.918588e-01   9.307770e-42   2.499151e-04   8.267805e-43   840
  4.929064e-01   1.167367e-41   1.179983e-04   2.324266e-42   432
  4.933067e-01   1.574212e-41   1.105800e-04   1.976579e-42   720
  4.941771e-01   6.116388e-42   2.214723e-04   4.049309e-43   960
  4.952596e-01   5.250393e-42   1.974263e-04   3.181828e-43   528
  4.960507e-01   9.304237e-42   2.018074e-04   1.552824e-42   624
  4.969923e-01   8.189706e-42   1.586192e-04   7.187408e-43   816
  4.979269e-01   4.435567e-42   2.608527e-04   2.899016e-43   696
  4.989597e-01   1.109811e-41   1.438612e-08   2.868627e-42   240
  4.993481e-01   1.071628e-41   1.538310e-04   2.078452e-42   672
  5.002149e-01   8.664494e-42   2.749181e-04   8.963911e-43   864
  5.011872e-01   9.073466e-42   2.109550e-04   1.004532e-42   816
  5.020636e-01   7.210706e-42   1.207434e-04   6.503957e-43   648
  5.030076e-01   1.897906e-41   1.234217e-04   4.888256e-42   843
  5.038089e-01   1.166001e-41   2.220660e-04   2.088708e-42   780
  5.047639e-01   1.613693e-41   1.191565e-04   4.658808e-42   216
  5.053529e-01   7.855517e-42   2.873328e-04   1.057646e-42   1056
  5.062588e-01   3.700088e-41   2.350705e-04   1.379695e-41   228
  5.070976e-01   1.289744e-41   2.926687e-04   1.698731e-42   924
  5.079587e-01   6.462551e-42   1.085637e-04   5.848546e-43   696
  5.088706e-01   5.604519e-42   1.932122e-04   3.065362e-43   996
  5.098035e-01   6.714818e-42   1.140687e-04   6.937851e-43   576
  5.107740e-01   6.672166e-42   1.760574e-04   4.825426e-43   552
  5.114815e-01   1.204821e-41   2.102064e-04   2.385634e-42   516
  5.121995e-01   7.475277e-42   3.056837e-04   7.372632e-43   744
  5.130199e-01   1.207806e-41   1.499561e-04   1.927516e-42   576
  5.137336e-01   7.798626e-42   1.543428e-04   8.421247e-43   792
  5.147477e-01   8.641448e-42   1.764424e-04   9.222433e-43   792
  5.154909e-01   7.423900e-42   1.902913e-04   5.406438e-43   720
  5.164960e-01   7.579465e-42   2.168883e-04   7.944400e-43   656
  5.174379e-01   5.463707e-42   2.368308e-04   3.592660e-43   816
  5.184034e-01   7.031252e-42   1.276952e-04   6.298357e-43   492
  5.189522e-01   4.618267e-42   1.836985e-04   2.948074e-43   552
  5.199822e-01   8.813729e-42   3.194294e-04   1.105488e-42   780
  5.206511e-01   7.477407e-42   1.962217e-04   7.233818e-43   528
  5.213718e-01   7.105290e-42   2.290504e-04   7.165280e-43   600
  5.224340e-01   1.317005e-41   1.903590e-04   1.401148e-42   900
  5.231662e-01   1.051410e-41   1.053860e-04   1.053727e-42   696
  5.241734e-01   5.651151e-42   2.664725e-04   3.200059e-43   696
  5.251479e-01   6.817167e-42   1.081054e-04   7.322921e-43   552
  5.259673e-01   5.353389e-42   1.257166e-04   2.701324e-43   708
  5.268258e-01   8.580039e-42   2.075652e-04   1.018905e-42   876
  5.277190e-01   1.583453e-41   1.102130e-04   2.867996e-42   216
  5.283184e-01   1.022452e-41   3.014475e-04   1.040093e-42   1032
  5.292161e-01   8.362459e-42   3.356286e-04   7.409125e-43   600
  5.301478e-01   5.552548e-42   1.601495e-04   3.221739e-43   600
  5.308585e-01   5.005248e-42   2.828090e-04   2.391368e-43   528
  5.316987e-01   8.334164e-42   1.552497e-04   7.876499e-43   732
  5.325837e-01   6.563676e-42   1.146378e-04   7.163635e-43   336
  5.336024e-01   1.040645e-41   1.633817e-04   1.243469e-42   912
  5.343638e-01   1.907726e-41   1.639857e-04   5.998119e-42   624
  5.351957e-01   7.755173e-42   1.381873e-04   4.867813e-43   768
  5.361666e-01   8.393397e-42   2.493171e-04   6.947898e-43   792
  5.371196e-01   9.127407e-42   1.236011e-04   9.862080e-43   660
  5.377977e-01   6.516122e-42   1.821461e-04   4.733478e-43   504
  5.384990e-01   5.592382e-42   2.975919e-04   4.000643e-43   480
  5.395501e-01   5.303729e-42   2.752337e-04   2.018182e-43   912
  5.403731e-01   1.569263e-41   3.065154e-04   3.676993e-42   432
  5.411504e-01   1.139567e-41   1.820016e-04   1.512105e-42   564
  5.418405e-01   1.029723e-41   1.742006e-04   1.058417e-42   600
  5.428119e-01   7.596326e-42   2.428192e-04   6.693909e-43   876
  5.435417e-01   6.331673e-42   1.091788e-04   5.466079e-43   264
  5.445477e-01   1.507320e-41   2.118499e-04   1.929877e-42   560
  5.453563e-01   8.459097e-42   1.439565e-04   7.871563e-43   840
  5.463378e-01   5.793438e-42   2.219395e-04   3.088855e-43   1008
  5.472454e-01   1.131974e-41   9.928084e-05   2.464974e-42   456
  5.480744e-01   2.096229e-41   1.286043e-04   4.991708e-42   576
  5.488407e-01   8.746105e-42   1.976142e-04   9.500863e-43   612
  5.498512e-01   1.076822e-41   1.765015e-04   8.953729e-43   780
  5.506755e-01   5.731784e-42   2.022627e-04   2.972993e-43   648
  5.515194e-01   6.208675e-42   9.425702e-05   3.478182e-43   312
  5.520587e-01   6.407842e-42   2.394916e-04   3.770619e-43   528
  5.529931e-01   6.064581e-42   3.127641e-04   3.221191e-43   720
  5.538866e-01   7.963664e-42   3.137436e-04   6.663831e-43   576
  5.549699e-01   5.366140e-42   2.706443e-04   2.521247e-43   444
  5.556439e-01   1.375740e-41   2.654148e-04   1.359006e-42   996
  5.564699e-01   1.095310e-41   2.217012e-04   1.140872e-42   432
  5.572506e-01   8.374901e-42   2.427192e-04   8.981896e-43   504
  5.579250e-01   1.264542e-41   1.094306e-04   2.562070e-42   504
  5.588852e-01   7.871224e-42   2.153608e-04   6.472172e-43   876
  5.597541e-01   8.231430e-42   2.478597e-04   5.724830e-43   504
  5.606589e-01   6.045579e-42   1.580720e-04   2.965262e-43   696
  5.614066e-01   9.222061e-42   1.351349e-04   1.694213e-42   492
  5.624240e-01   1.457357e-41   1.934522e-04   2.519614e-42   432
  5.631776e-01   1.010580e-41   1.811468e-04   1.629958e-42   768
  5.640708e-01   6.409998e-42   2.256427e-04   4.626875e-43   648
  5.649237e-01   6.314169e-42   1.472076e-04   2.944652e-43   456
  5.659038e-01   6.279796e-42   2.024344e-04   2.983341e-43   552
  5.665845e-01   1.179418e-41   1.387487e-04   1.202655e-42   648
  5.675213e-01   9.482496e-42   2.261525e-04   1.008975e-42   840
  5.684363e-01   9.208716e-42   1.078474e-04   8.397325e-43   432
  5.693524e-01   1.129737e-41   1.320946e-04   1.393349e-42   600
  5.699896e-01   1.056179e-41   1.407382e-04   9.445080e-43   432
  5.710598e-01   8.212745e-42   1.401185e-04   6.206043e-43   560
  5.717846e-01   1.079444e-41   2.217929e-04   1.178390e-42   840
  5.726922e-01   7.355001e-42   1.313712e-04   5.589457e-43   504
  5.734129e-01   6.419879e-42   2.681208e-04   3.102023e-43   696
  5.744289e-01   7.336665e-42   1.464380e-04   5.928185e-43   384
  5.752203e-01   8.133625e-42   2.145144e-04   7.700929e-43   576
  5.761776e-01   7.061083e-42   1.323876e-04   6.624692e-43   360
  5.769491e-01   8.312810e-42   1.971572e-04   9.423308e-43   828
  5.777814e-01   1.420148e-41   1.756051e-04   2.036896e-42   372
  5.785440e-01   1.277087e-41   2.681827e-04   1.992354e-42   576
  5.795542e-01   1.606068e-41   1.123146e-04   2.109459e-42   636
  5.802740e-01   8.054514e-42   2.165136e-04   5.067769e-43   648
  5.812477e-01   1.140933e-41   1.760019e-04   1.611823e-42   576
  5.819467e-01   7.961190e-42   2.839096e-04   7.504907e-43   528
  5.828762e-01   7.387765e-42   1.213831e-04   4.942442e-43   360
  5.836457e-01   6.054294e-42   2.792266e-04   2.604873e-43   672
  5.846504e-01   1.351286e-41   1.430245e-04   1.313447e-42   804
  5.854866e-01   7.417758e-42   1.577731e-04   6.407558e-43   408
  5.864116e-01   7.894434e-42   9.752092e-05   6.941409e-43   384
  5.870345e-01   6.459927e-42   2.231653e-04   3.423637e-43   480
  5.879130e-01   1.175433e-41   1.441975e-04   2.809756e-42   432
  5.887557e-01   1.133131e-41   2.657252e-04   1.062292e-42   648
  5.897530e-01   1.019199e-41   1.648813e-04   1.077336e-42   624
  5.904826e-01   9.300212e-42   1.499734e-04   8.997403e-43   456
  5.914788e-01   1.195350e-41   2.048770e-04   1.309941e-42   588
  5.921465e-01   7.041956e-42   1.307107e-04   4.015337e-43   600
  5.931212e-01   8.556795e-42   2.038766e-04   9.368693e-43   708
  5.938912e-01   1.565212e-41   1.284383e-04   1.994586e-42   360
  5.947420e-01   8.195337e-42   1.476433e-04   5.921792e-43   552
  5.955576e-01   7.261092e-42   1.035752e-04   4.986746e-43   288
  5.963856e-01   6.859232e-42   1.947498e-04   3.557511e-43   528
  5.971636e-01   1.885397e-41   1.313872e-04   4.268157e-42   456
  5.980328e-01   7.163468e-42   2.329780e-04   4.050206e-43   608
  5.989070e-01   6.810667e-42   1.127174e-04   3.782736e-43   504
  5.998623e-01   9.008687e-42   2.419978e-04   6.570357e-43   540
  6.006113e-01   1.205440e-41   2.597778e-04   1.078256e-42   360
  6.014188e-01   1.210796e-41   1.176407e-04   1.221884e-42   540
  6.021329e-01   7.229307e-42   1.010085e-04   3.391777e-43   576
  6.031714e-01   1.127333e-41   2.342044e-04   1.278400e-42   588
  6.041588e-01   1.111110e-41   3.231314e-04   1.124285e-42   672
  6.050070e-01   7.463140e-42   2.469721e-04   3.602135e-43   552
  6.056908e-01   6.234877e-42   2.470970e-04   4.373700e-43   144
  6.065633e-01   1.357242e-41   2.099342e-04   2.392333e-42   600
  6.073906e-01   9.078100e-42   2.630934e-04   9.274920e-43   504
  6.083088e-01   8.187228e-42   2.702501e-04   4.951331e-43   336
  6.092745e-01   7.895558e-42   3.037623e-04   4.100510e-43   600
  6.101395e-01   1.018364e-41   1.960382e-04   1.339281e-42   636
  6.110731e-01   1.540386e-41   1.576165e-04   2.155498e-42   384
  6.117276e-01   1.174506e-41   2.198564e-04   1.109204e-42   504
  6.126710e-01   7.085990e-42   9.227064e-05   6.620424e-43   240
  6.134155e-01   1.268530e-41   2.167569e-04   1.440708e-42   744
  6.143088e-01   7.756934e-42   1.480120e-04   5.912989e-43   648
  6.151027e-01   8.577587e-42   9.825476e-05   9.350615e-43   120
  6.160331e-01   1.523545e-41   1.543455e-04   2.404527e-42   564
  6.167362e-01   1.095009e-41   2.424089e-04   9.815836e-43   432
  6.176746e-01   6.407462e-42   1.881572e-04   3.348281e-43   480
  6.183811e-01   6.237918e-42   1.384885e-04   2.861249e-43   456
  6.192152e-01   1.421591e-41   2.291780e-04   2.059877e-42   444
  6.201616e-01   8.142499e-42   3.506544e-04   5.363700e-43   528
  6.209930e-01   7.153010e-42   2.604238e-04   5.043324e-43   264
  6.217998e-01   1.072890e-41   2.668956e-04   1.326369e-42   444
  6.228852e-01   1.084322e-41   2.923449e-04   1.049397e-42   696
  6.237861e-01   1.350964e-41   1.563558e-04   1.382963e-42   384
  6.244450e-01   8.705871e-42   1.975687e-04   5.877853e-43   432
  6.254698e-01   1.900921e-41   1.365107e-04   4.813060e-42   488
  6.261352e-01   1.425276e-41   2.057386e-04   1.404427e-42   480
  6.270999e-01   7.587591e-42   2.294412e-04   3.361639e-43   480
  6.278471e-01   9.639996e-42   9.626648e-05   8.367852e-43   240
  6.286954e-01   1.114643e-41   2.248709e-04   9.563921e-43   600
  6.294955e-01   7.181791e-42   1.959519e-04   4.040394e-43   288
  6.303474e-01   8.052772e-42   1.884914e-04   4.021158e-43   480
  6.312103e-01   7.778946e-42   3.352926e-04   3.682609e-43   504
  6.320598e-01   6.410868e-42   1.438614e-04   3.971647e-43   216
  6.331433e-01   1.336851e-41   2.355240e-04   1.431686e-42   504
  6.339871e-01   1.761513e-41   1.894329e-04   2.544888e-42   456
  6.349107e-01   8.571629e-42   1.086430e-04   7.006575e-43   384
  6.355225e-01   1.475481e-41   2.205061e-04   1.904587e-42   480
  6.363918e-01   9.014598e-42   1.936290e-04   4.890629e-43   504
  6.371972e-01   9.819559e-42   1.228262e-04   6.392711e-43   312
  6.380652e-01   1.239701e-41   1.979302e-04   1.718659e-42   492
  6.388334e-01   9.735950e-42   1.855135e-04   1.093705e-42   312
  6.398223e-01   8.858705e-42   3.013519e-04   4.248341e-43   576
  6.406929e-01   7.689998e-42   2.781722e-04   4.762876e-43   336
  6.414159e-01   6.903978e-42   2.141797e-04   4.217758e-43   240
  6.424183e-01   8.662631e-42   2.839481e-04   4.115995e-43   468
  6.432837e-01   7.125341e-42   1.777925e-04   6.005308e-43   192
  6.441896e-01   1.134365e-41   1.783224e-04   1.548903e-42   324
  6.448535e-01   1.487574e-41   1.294235e-04   1.626239e-42   600
  6.457583e-01   1.874950e-41   2.099764e-04   3.369907e-42   456
  6.464302e-01   1.179944e-41   9.444737e-05   1.120428e-42   336
  6.475438e-01   1.074801e-41   2.828021e-04   7.039937e-43   612
  6.483539e-01   8.669175e-42   2.373399e-04   8.897345e-43   144
  6.491201e-01   8.890511e-42   2.770366e-04   4.130592e-43   552
  6.501620e-01   8.056909e-42   1.091004e-04   6.165438e-43   264
  6.507507e-01   8.060171e-42   2.525953e-04   5.038378e-43   336
  6.516793e-01   9.197486e-42   1.669063e-04   5.776215e-43   384
  6.524847e-01   7.107361e-42   9.395175e-05   7.763202e-43   216
  6.533762e-01   1.010586e-41   1.991971e-04   5.862518e-43   344
  6.541891e-01   9.392430e-42   2.972114e-04   4.366919e-43   408
  6.551797e-01   1.431806e-41   2.283876e-04   2.246747e-42   264
  6.560575e-01   2.258117e-41   3.183837e-04   2.935217e-42   612
  6.569345e-01   1.222301e-41   1.638646e-04   9.473417e-43   408
  6.578364e-01   1.441046e-41   1.641001e-04   2.489409e-42   444
  6.584991e-01   9.754065e-42   9.177996e-05   8.797354e-43   120
  6.593870e-01   9.199925e-42   2.535712e-04   5.603060e-43   336
  6.600460e-01   8.614359e-42   8.811499e-05   6.148040e-43   288
  6.609366e-01   9.516568e-42   2.742154e-04   4.283552e-43   552
  6.621610e-01   1.077411e-41   0.000000e+00   1.118108e-42   72
  6.627906e-01   9.555398e-42   2.723657e-04   4.562682e-43   504
  6.635259e-01   8.476391e-42   8.764464e-05   6.182010e-43   216
  6.644787e-01   9.418465e-42   1.564835e-04   5.963014e-43   312
  6.653340e-01   7.852715e-42   1.781811e-04   4.599133e-43   336
  6.661492e-01   1.528573e-41   2.469789e-04   2.568470e-42   204
  6.669611e-01   2.384610e-41   2.870270e-04   3.393036e-42   504
  6.678221e-01   2.148910e-41   2.733322e-04   3.264703e-42   396
  6.686501e-01   9.734907e-42   2.506599e-04   6.164840e-43   312
  6.696540e-01   9.600078e-42   1.531800e-04   7.116291e-43   216
  6.703613e-01   7.389492e-42   8.313373e-05   7.689886e-43   168
  6.712208e-01   9.531365e-42   2.099173e-04   4.017496e-43   588
  6.722017e-01   1.068091e-41   2.849381e-04   8.599519e-43   240
  6.729637e-01   7.588552e-42   2.516481e-04   4.899398e-43   264
  6.738575e-01   1.024593e-41   3.112147e-04   6.522046e-43   288
  6.746505e-01   9.641313e-42   1.554077e-04   5.612611e-43   288
  6.756555e-01   9.884651e-42   1.459525e-04   5.393596e-43   288
  6.763322e-01   1.164219e-41   1.690738e-04   9.097996e-43   192
  6.771836e-01   6.720922e-42   1.799115e-04   4.069636e-43   264
  6.779946e-01   3.248196e-41   2.959295e-04   4.205094e-42   372
  6.788675e-01   1.389478e-41   3.196167e-04   1.254698e-42   360
  6.799329e-01   9.993865e-42   1.352648e-04   8.674252e-43   144
  6.804835e-01   1.265678e-41   1.878769e-04   8.322443e-43   296
  6.813527e-01   9.606992e-42   2.024276e-04   6.278278e-43   288
  6.823478e-01   1.126992e-41   3.025230e-04   5.613243e-43   480
  6.832061e-01   9.196117e-42   2.513677e-04   7.435073e-43   192
  6.840407e-01   1.101780e-41   2.696262e-04   7.407751e-43   192
  6.847993e-01   7.544759e-42   1.718359e-04   4.670900e-43   288
  6.858544e-01   1.073795e-41   1.495808e-04   1.366649e-42   108
  6.863859e-01   1.079913e-41   1.438036e-04   6.603553e-43   240
  6.873243e-01   9.021526e-42   2.682690e-04   4.480535e-43   384
  6.882884e-01   2.813434e-41   3.272578e-04   1.104370e-41   108
  6.891409e-01   3.300607e-41   1.918773e-04   5.181870e-42   348
  6.900373e-01   1.461269e-41   2.002507e-04   1.886977e-42   312
  6.908379e-01   1.503825e-41   1.945855e-04   1.596436e-42   96
  6.915741e-01   1.293248e-41   2.590555e-04   7.264972e-43   384
  6.923987e-01   9.662766e-42   1.781778e-04   8.906057e-43   144
  6.932053e-01   9.739275e-42   2.737780e-04   4.700685e-43   408
  6.942079e-01   1.117549e-41   1.221243e-04   1.044254e-42   144
  6.951550e-01   1.098640e-41   2.347853e-04   9.054436e-43   192
  6.957167e-01   1.153826e-41   2.642552e-04   8.661525e-43   144
  6.966323e-01   1.212699e-41   2.148492e-04   1.086209e-42   144
  6.974962e-01   1.231319e-41   2.625805e-04   5.972117e-43   336
  6.985541e-01   1.182697e-41   1.942763e-04   9.211530e-43   240
  6.992249e-01   1.038214e-41   8.821915e-05   1.161606e-42   96
  7.001605e-01   2.194202e-41   2.587043e-04   3.059980e-42   372
  7.011070e-01   1.180759e-41   3.077232e-04   1.243082e-42   132
  7.019384e-01   1.036444e-41   1.904154e-04   6.787972e-43   264
  7.026821e-01   1.492914e-41   1.462304e-04   1.335577e-42   168
  7.034759e-01   1.249676e-41   2.337943e-04   1.053174e-42   216
  7.041771e-01   1.119572e-41   1.430383e-04   8.080071e-43   216
  7.051983e-01   1.143623e-41   2.624157e-04   1.473150e-42   96
  7.061249e-01   1.848151e-41   1.712023e-04   1.764073e-42   120
  7.069747e-01   1.276099e-41   2.176463e-04   8.556234e-43   216
  7.076747e-01   1.210385e-41   9.511215e-05   9.917087e-43   200
  7.086015e-01   1.095865e-41   2.462045e-04   6.553597e-43   288
  7.097902e-01   1.219725e-41   6.478119e-05   1.010124e-42   144
  7.102908e-01   7.404753e-42   2.015951e-04   4.992004e-43   168
  7.113130e-01   1.319234e-41   2.268765e-04   1.304625e-42   159
  7.121109e-01   1.553692e-41   2.380480e-04   1.423785e-42   174
  7.128831e-01   1.345843e-41   2.158536e-04   1.744784e-42   144
  7.138943e-01   1.052331e-41   1.246398e-04   7.162536e-43   222
  7.145705e-01   9.591772e-42   1.257726e-04   6.744416e-43   168
  7.157386e-01   4.979233e-42   2.758677e-04   1.238647e-42   30
  7.162211e-01   7.972143e-42   2.435709e-04   8.256315e-43   72
  7.171298e-01   1.258461e-41   2.173841e-04   7.060118e-43   258
  7.181290e-01   1.012873e-41   1.361533e-04   7.175985e-43   264
  7.186286e-01   1.475542e-41   1.468278e-08   1.943976e-42   72
  7.196697e-01   1.091656e-41   2.698616e-04   8.434015e-43   174
  7.206123e-01   1.378961e-41   2.873527e-04   1.295731e-42   168
  7.213701e-01   1.158400e-41   8.991328e-09   1.904349e-42   48
  7.221837e-01   1.158434e-41   1.622748e-04   9.278882e-43   150
  7.231270e-01   1.412226e-41   2.985162e-04   1.349113e-42   168
  7.240729e-01   1.199911e-41   1.818422e-04   1.054144e-42   144
  7.249427e-01   9.143663e-42   1.698820e-04   1.001572e-42   102
  7.255906e-01   8.313732e-42   2.514545e-04   8.755274e-43   96
  7.266185e-01   1.076152e-41   2.495518e-04   9.117781e-43   120
  7.273797e-01   1.247372e-41   2.676508e-04   1.049531e-42   168
  7.282031e-01   1.700481e-41   1.976389e-04   1.651604e-42   126
  7.289046e-01   1.509676e-41   1.490593e-04   1.436373e-42   168
  7.298711e-01   1.705557e-41   2.390167e-04   2.614012e-42   72
  7.307158e-01   1.211297e-41   2.993022e-04   9.719330e-43   168
  7.314557e-01   1.200227e-41   8.205344e-05   1.663911e-42   78
  7.324696e-01   1.392009e-41   1.347256e-04   2.027320e-42   60
  7.332860e-01   1.548877e-41   2.185468e-04   1.742687e-42   96
  7.341327e-01   1.302724e-41   2.651884e-04   1.135492e-42   168
  7.349284e-01   1.249796e-41   1.678009e-04   1.421498e-42   86
  7.357634e-01   9.286874e-42   1.499742e-04   7.594780e-43   120
  7.369601e-01   9.498426e-42   1.069515e-04   7.922768e-43   168
  7.376055e-01   1.233143e-41   0.000000e+00   1.539022e-42   48
  7.384747e-01   1.271752e-41   1.948541e-04   1.483916e-42   120
  7.389742e-01   1.683740e-41   1.421539e-04   1.660649e-42   126
  7.401935e-01   1.747741e-41   2.500091e-04   2.042554e-42   96
  7.409848e-01   1.562677e-41   7.209028e-05   1.931002e-42   96
  7.416089e-01   1.134573e-41   8.477105e-09   1.188024e-42   72
  7.429385e-01   1.344857e-41   8.991328e-09   2.794793e-42   24
  7.437683e-01   1.402468e-41   1.483601e-04   1.602409e-42   120
  7.444157e-01   1.193178e-41   2.164118e-04   1.247864e-42   126
  7.451355e-01   1.255157e-41   1.804085e-04   1.674055e-42   96
  7.459766e-01   1.191203e-41   3.117986e-04   1.404332e-42   72
  7.469132e-01   1.158175e-41   1.348634e-04   8.728856e-43   144
  7.476836e-01   1.368949e-41   7.778603e-05   1.839947e-42   72
  7.484533e-01   1.460393e-41   1.553665e-04   1.805355e-42   54
  7.491306e-01   1.260359e-41   1.369149e-04   1.110312e-42   108
  7.505382e-01   1.365339e-41   1.342120e-04   1.863533e-42   72
  7.509765e-01   1.356625e-41   7.744493e-05   1.604812e-42   72
  7.520162e-01   1.450967e-41   1.557344e-08   2.449536e-42   24
  7.529998e-01   8.711169e-42   1.638381e-04   8.238405e-43   48
  7.535971e-01   1.282050e-41   1.248023e-04   1.373114e-42   102
  7.544963e-01   1.241334e-41   2.822510e-04   8.628250e-43   168
  7.556711e-01   1.151002e-41   1.539331e-04   1.482257e-42   72
  7.561064e-01   1.313350e-41   0.000000e+00   1.789708e-42   48
  7.570195e-01   1.309352e-41   2.647743e-04   9.389660e-43   120
  7.582245e-01   1.206050e-41   1.627091e-04   1.346485e-42   96
  7.593627e-01   1.683732e-41   1.438612e-08   2.197414e-42   30
  7.607153e-01   1.045783e-41   7.644796e-05   1.058106e-42   72
  7.613097e-01   1.261019e-41   8.991328e-09   2.213772e-42   24
  7.620733e-01   9.746994e-42   1.133148e-04   9.859954e-43   56
  7.629285e-01   1.364060e-41   1.617059e-04   1.154001e-42   96
  7.639519e-01   1.029438e-41   1.785629e-04   1.039994e-42   144
  7.647411e-01   1.171316e-41   1.013810e-04   1.587459e-42   54
  7.658874e-01   1.487157e-41   1.518795e-04   1.727349e-42   108
  7.670409e-01   2.358486e-41   8.041947e-05   2.855819e-42   48
  7.681392e-01   1.537744e-41   3.028050e-04   1.589539e-42   72
  7.707744e-01   1.729385e-41   2.000642e-04   1.907752e-42   78
  7.715046e-01   9.124731e-42   1.507735e-04   9.904995e-43   72
  7.723570e-01   1.906155e-41   1.505863e-04   2.322846e-42   72
  7.732482e-01   1.585201e-41   3.633813e-04   1.798133e-42   96
  7.739527e-01   1.303728e-41   1.502759e-04   2.037323e-42   72
  7.748024e-01   1.256489e-41   0.000000e+00   3.493290e-42   24
  7.756510e-01   2.147162e-41   2.998733e-04   2.434556e-42   72
  7.775680e-01   2.017662e-41   1.904287e-04   3.619981e-42   30
  7.779804e-01   1.335405e-41   0.000000e+00   1.963217e-42   24
  7.801973e-01   1.116589e-41   1.581267e-04   1.401888e-42   48
  7.808927e-01   1.595056e-41   3.402886e-04   1.647592e-42   120
  7.818296e-01   1.416527e-41   1.487821e-04   1.425825e-42   72
  7.827758e-01   9.953551e-42   1.486022e-04   1.533458e-42   36
  7.834261e-01   1.795698e-41   2.937071e-04   1.715072e-42   78
  7.852411e-01   2.414684e-41   1.571111e-04   3.417968e-42   48
  7.875942e-01   2.506962e-41   1.271566e-08   1.037773e-41   24
  7.892707e-01   1.576138e-41   1.094089e-04   3.863756e-42   56
  7.901149e-01   1.557383e-41   1.683597e-04   1.518797e-42   102
  7.911888e-01   1.798482e-41   1.198844e-08   2.174658e-42   72
  7.918122e-01   2.238422e-41   8.991328e-09   4.612572e-42   24
  7.929021e-01   2.035357e-41   1.555930e-04   3.043273e-42   48
  7.949223e-01   2.782184e-41   0.000000e+00   3.457883e-42   24
  7.974016e-01   1.071061e-41   0.000000e+00   4.095743e-42   6
  7.981748e-01   2.154723e-41   0.000000e+00   4.039610e-42   24
  7.986898e-01   1.109114e-41   1.456409e-04   1.338642e-42   72
  7.996307e-01   1.206083e-41   2.717068e-04   1.202428e-42   84
  8.006440e-01   1.799305e-41   0.000000e+00   4.656059e-42   24
  8.009521e-01   1.295615e-41   1.271566e-08   2.295653e-42   24
  8.024909e-01   8.251349e-42   1.557344e-08   1.438506e-42   24
  8.046403e-01   2.304951e-41   0.000000e+00   1.242525e-41   6
  8.073954e-01   1.334774e-41   1.528000e-04   2.090515e-42   48
  8.080572e-01   1.336803e-41   2.878503e-04   2.112652e-42   72
  8.089220e-01   1.967279e-41   1.525117e-04   2.620801e-42   48
  8.102934e-01   1.298137e-41   0.000000e+00   1.912612e-42   24
  8.121184e-01   8.348795e-42   0.000000e+00   1.847930e-42   6
  8.162097e-01   2.790628e-41   0.000000e+00   6.665280e-42   8
  8.165120e-01   2.306422e-41   8.991328e-09   3.296623e-42   48
  8.172369e-01   1.650053e-41   1.479045e-04   2.084591e-42   60
  8.183231e-01   1.860290e-41   0.000000e+00   3.863702e-42   24
  8.198293e-01   4.955411e-42   0.000000e+00   9.530640e-43   6
  8.253784e-01   1.490204e-41   0.000000e+00   3.099249e-42   24
  8.258266e-01   2.193221e-41   1.493898e-04   3.458407e-42   48
  8.265733e-01   2.100670e-41   0.000000e+00   5.142935e-42   24
  8.277664e-01   6.660693e-42   0.000000e+00   1.431075e-42   6
  8.345448e-01   1.948167e-41   1.393664e-04   3.058398e-42   36
  8.350375e-01   1.857712e-41   0.000000e+00   2.472495e-42   24
  8.359234e-01   1.104678e-41   0.000000e+00   3.183284e-42   6
  8.436361e-01   3.346030e-41   1.266552e-04   4.038863e-42   32
  8.442939e-01   1.845535e-41   0.000000e+00   5.326137e-42   6
  8.525822e-01   9.549618e-42   0.000000e+00   2.242416e-42   12
  8.528715e-01   3.362177e-41   0.000000e+00   8.441301e-42   6
  8.616502e-01   2.198058e-41   0.000000e+00   6.926819e-42   6
