# power spectrum of phi
# redshift z=9.995116
# k              Pk             sigma(k)       sigma(Pk)      count
  7.853982e-03   3.406201e-10   0.000000e+00   1.373112e-10   6
  1.110721e-02   1.880870e-10   0.000000e+00   3.753528e-11   12
  1.360350e-02   1.338941e-10   1.490116e-10   2.731575e-11   8
  1.570796e-02   4.274158e-10   0.000000e+00   4.595356e-11   6
  1.756204e-02   2.838627e-10   2.809790e-10   9.046740e-11   24
  1.923825e-02   3.884245e-10   2.809790e-10   6.558380e-11   24
  2.221441e-02   1.601945e-10   0.000000e+00   7.198739e-11   12
  2.356194e-02   1.791363e-10   3.178914e-10   3.280259e-11   30
  2.483647e-02   2.185124e-10   0.000000e+00   4.810662e-11   24
  2.604871e-02   1.918576e-10   4.866699e-10   4.765233e-11   24
  2.720699e-02   2.160515e-10   2.980232e-10   4.370517e-11   8
  2.831793e-02   1.784247e-10   3.973643e-10   2.229083e-11   24
  2.938691e-02   1.628907e-10   0.000000e+00   2.294226e-11   48
  3.141593e-02   1.848864e-10   0.000000e+00   8.135913e-11   6
  3.238280e-02   1.431938e-10   3.973643e-10   2.012866e-11   48
  3.332162e-02   1.302757e-10   3.746387e-10   1.360521e-11   36
  3.423471e-02   1.818064e-10   3.973643e-10   3.815462e-11   24
  3.512407e-02   1.051781e-10   5.619580e-10   1.794126e-11   24
  3.599147e-02   9.215077e-11   0.000000e+00   1.246628e-11   48
  3.683844e-02   1.379527e-10   5.619580e-10   1.962909e-11   24
  3.847649e-02   1.079734e-10   5.619580e-10   1.691843e-11   24
  3.926991e-02   7.194238e-11   0.000000e+00   1.181681e-11   30
  4.004761e-02   7.648279e-11   0.000000e+00   8.404908e-12   72
  4.081049e-02   7.417682e-11   5.960464e-10   1.517496e-11   32
  4.229499e-02   9.502475e-11   0.000000e+00   1.100849e-11   72
  4.301803e-02   5.793795e-11   0.000000e+00   8.491518e-12   48
  4.442883e-02   2.971134e-11   0.000000e+00   8.809309e-12   12
  4.545694e-02   5.484865e-11   3.392498e-04   5.061342e-12   96
  4.646478e-02   6.725244e-11   5.619580e-10   8.525043e-12   48
  4.712389e-02   8.046345e-11   6.357829e-10   1.407309e-11   30
  4.825487e-02   7.356933e-11   2.776864e-04   6.949052e-12   96
  4.967294e-02   4.295178e-11   0.000000e+00   8.180625e-12   24
  5.049322e-02   5.942464e-11   2.873674e-04   4.803093e-12   144
  5.150200e-02   4.098969e-11   9.733398e-10   1.000541e-11   24
  5.253894e-02   6.039647e-11   2.549103e-04   6.845927e-12   96
  5.326830e-02   5.336955e-11   0.000000e+00   8.209096e-12   48
  5.490511e-02   6.434514e-11   1.890362e-04   7.322334e-12   62
  5.573699e-02   4.640099e-11   2.658311e-04   5.517787e-12   132
  5.663587e-02   3.060892e-11   7.947286e-10   5.419304e-12   24
  5.748465e-02   4.775578e-11   2.656931e-04   4.055553e-12   168
  5.903504e-02   5.465389e-11   2.612221e-04   4.563040e-12   96
  6.019922e-02   3.704813e-11   2.223241e-04   3.518915e-12   96
  6.162770e-02   3.823428e-11   2.478098e-04   3.148749e-12   168
  6.283185e-02   5.460764e-11   0.000000e+00   2.385231e-11   6
  6.332082e-02   4.249941e-11   0.000000e+00   4.182827e-12   96
  6.390236e-02   4.053362e-11   1.926248e-04   4.007222e-12   120
  6.508191e-02   3.221759e-11   2.236718e-04   2.530253e-12   144
  6.571112e-02   3.598911e-11   0.000000e+00   4.911610e-12   48
  6.690679e-02   3.249704e-11   2.282370e-04   3.443237e-12   84
  6.756250e-02   3.567854e-11   1.557344e-09   3.185575e-12   120
  6.815306e-02   2.737036e-11   2.071087e-04   3.156834e-12   80
  6.906710e-02   2.568914e-11   2.102834e-04   1.876144e-12   144
  7.024815e-02   3.311492e-11   1.123916e-09   6.146612e-12   24
  7.082503e-02   3.547993e-11   2.029143e-04   2.983111e-12   150
  7.172508e-02   3.148197e-11   2.105350e-04   2.293836e-12   120
  7.271349e-02   2.863146e-11   1.918583e-04   2.441600e-12   168
  7.367688e-02   3.975702e-11   1.123916e-09   6.548223e-12   24
  7.428300e-02   2.404322e-11   2.066893e-04   1.535220e-12   264
  7.492221e-02   1.978610e-11   1.123916e-09   2.786762e-12   48
  7.601180e-02   2.433988e-11   1.914474e-04   1.987457e-12   144
  7.721950e-02   2.861031e-11   1.884480e-04   3.455182e-12   72
  7.790872e-02   2.298925e-11   1.938424e-04   1.455001e-12   180
  7.887219e-02   2.388043e-11   1.404521e-04   1.759138e-12   198
  7.932133e-02   2.607419e-11   0.000000e+00   2.909506e-12   48
  8.031473e-02   2.022266e-11   1.901059e-04   1.536592e-12   168
  8.105195e-02   2.317030e-11   1.902639e-04   2.129582e-12   144
  8.216723e-02   2.153912e-11   2.673312e-04   1.133115e-12   248
  8.367327e-02   1.469281e-11   1.843033e-04   1.036592e-12   192
  8.469881e-02   1.887474e-11   2.846833e-04   1.230479e-12   240
  8.531608e-02   2.062132e-11   0.000000e+00   2.245265e-12   72
  8.625752e-02   2.100372e-11   1.737259e-04   1.855349e-12   126
  8.685144e-02   2.172800e-11   1.602857e-04   1.699691e-12   168
  8.798545e-02   2.027509e-11   1.752705e-04   1.123411e-12   288
  8.917744e-02   1.782858e-11   9.231163e-05   1.542576e-12   156
  8.979471e-02   1.527457e-11   1.552950e-04   1.320588e-12   168
  9.073079e-02   1.572880e-11   2.662258e-04   9.740440e-13   264
  9.159238e-02   1.365818e-11   0.000000e+00   1.665494e-12   48
  9.223262e-02   1.422429e-11   2.649592e-04   9.331258e-13   264
  9.315043e-02   1.447451e-11   1.561767e-04   1.208817e-12   144
  9.384360e-02   1.552849e-11   3.195296e-04   1.763326e-12   78
  9.485335e-02   1.270991e-11   2.077074e-04   7.068264e-13   336
  9.580557e-02   1.163025e-11   1.580315e-04   7.904379e-13   200
  9.643092e-02   1.102633e-11   3.094279e-04   8.363984e-13   192
  9.727517e-02   1.341285e-11   1.552787e-04   9.425994e-13   240
  9.805078e-02   1.444460e-11   3.111877e-04   1.007209e-12   168
  9.884759e-02   1.161286e-11   2.491457e-04   1.004813e-12   120
  9.980457e-02   1.246358e-11   1.947292e-04   6.579239e-13   324
  1.007331e-01   1.086080e-11   1.530902e-04   7.298547e-13   192
  1.013651e-01   1.194233e-11   2.745589e-04   8.433195e-13   168
  1.024401e-01   9.221513e-12   2.261345e-04   4.921531e-13   342
  1.034094e-01   1.234593e-11   1.820838e-04   6.464289e-13   336
  1.043919e-01   1.342019e-11   1.393419e-04   1.434682e-12   72
  1.050544e-01   1.067841e-11   2.228587e-04   7.047739e-13   288
  1.058235e-01   1.032414e-11   1.451409e-04   7.420031e-13   264
  1.068977e-01   9.075025e-12   1.908961e-04   4.992144e-13   384
  1.078598e-01   9.414432e-12   2.291250e-04   7.094390e-13   240
  1.082597e-01   9.302074e-12   0.000000e+00   1.120869e-12   48
  1.094162e-01   9.377192e-12   1.875538e-04   4.729937e-13   392
  1.102985e-01   8.663305e-12   2.058309e-04   4.946062e-13   294
  1.112472e-01   8.594101e-12   1.337793e-04   6.521021e-13   228
  1.118712e-01   9.915742e-12   2.031635e-04   6.431598e-13   216
  1.126476e-01   8.336178e-12   1.237531e-04   4.456467e-13   336
  1.135979e-01   8.695134e-12   1.470390e-04   4.871663e-13   360
  1.143824e-01   9.184824e-12   2.240245e-04   5.684765e-13   240
  1.151999e-01   8.796715e-12   2.650723e-04   6.307281e-13   168
  1.159625e-01   7.555621e-12   2.086441e-04   4.275725e-13   312
  1.168709e-01   7.701578e-12   1.305768e-04   3.865886e-13   336
  1.178523e-01   8.128949e-12   1.781309e-04   4.979629e-13   294
  1.185923e-01   9.114463e-12   2.374121e-04   5.638615e-13   288
  1.191585e-01   6.450303e-12   1.485567e-04   4.201806e-13   264
  1.201682e-01   7.462475e-12   2.551823e-04   3.677926e-13   480
  1.210124e-01   8.202964e-12   1.248343e-04   4.865084e-13   240
  1.220474e-01   8.070866e-12   1.262294e-04   4.669967e-13   276
  1.228640e-01   7.274635e-12   2.770985e-04   3.076702e-13   488
  1.238341e-01   7.990693e-12   1.220401e-04   6.968548e-13   240
  1.243972e-01   7.447654e-12   2.369704e-04   3.791170e-13   360
  1.251868e-01   6.309788e-12   8.431050e-05   4.643330e-13   198
  1.262022e-01   6.088516e-12   2.848886e-04   2.632452e-13   480
  1.269457e-01   6.073948e-12   1.051538e-04   3.673303e-13   288
  1.279739e-01   6.961504e-12   2.222711e-04   3.367165e-13   480
  1.288986e-01   6.857978e-12   1.369471e-04   3.049899e-13   480
  1.298482e-01   6.038953e-12   1.771183e-04   3.963594e-13   288
  1.304406e-01   6.921739e-12   1.889527e-04   4.000649e-13   288
  1.313724e-01   6.242667e-12   3.284945e-04   3.055507e-13   456
  1.323107e-01   6.924221e-12   3.093653e-04   3.511049e-13   360
  1.329156e-01   6.164356e-12   1.854426e-04   3.848857e-13   180
  1.337910e-01   5.146769e-12   2.019696e-04   2.214511e-13   486
  1.346784e-01   5.846844e-12   2.686846e-04   2.672809e-13   504
  1.355806e-01   6.146258e-12   2.087544e-04   2.867675e-13   456
  1.363287e-01   5.667482e-12   1.734380e-04   3.341522e-13   296
  1.373170e-01   5.408655e-12   1.711431e-04   2.357613e-13   528
  1.380603e-01   5.429775e-12   1.688738e-04   2.720652e-13   336
  1.391551e-01   5.270765e-12   1.873127e-04   2.190375e-13   600
  1.399564e-01   4.370836e-12   1.097378e-04   2.634925e-13   264
  1.407594e-01   5.069381e-12   1.186684e-04   2.501461e-13   360
  1.415791e-01   4.943141e-12   2.375857e-04   2.184946e-13   630
  1.424823e-01   5.757636e-12   1.226395e-04   2.714872e-13   432
  1.432835e-01   5.443016e-12   2.362954e-04   2.742500e-13   408
  1.442670e-01   4.736799e-12   1.568384e-04   2.560318e-13   324
  1.449986e-01   4.495039e-12   2.235139e-04   1.696583e-13   744
  1.458811e-01   4.075648e-12   1.786845e-04   2.282217e-13   336
  1.467243e-01   4.841798e-12   2.456455e-04   2.075840e-13   528
  1.476489e-01   4.040616e-12   1.253358e-04   2.313708e-13   408
  1.482619e-01   3.873940e-12   2.133217e-04   1.866752e-13   408
  1.492748e-01   3.976107e-12   1.761040e-04   1.858858e-13   470
  1.500126e-01   4.302936e-12   2.115578e-04   2.016749e-13   528
  1.510428e-01   3.578039e-12   1.762850e-04   1.381507e-13   624
  1.518017e-01   4.053661e-12   1.341363e-04   1.949316e-13   504
  1.525845e-01   3.435914e-12   1.868418e-04   1.441411e-13   552
  1.533610e-01   3.650493e-12   9.082694e-05   1.850927e-13   336
  1.543334e-01   3.912300e-12   1.933348e-04   1.804741e-13   528
  1.550866e-01   3.620588e-12   2.201153e-04   1.461066e-13   564
  1.559689e-01   3.250437e-12   2.025929e-04   1.561649e-13   528
  1.569254e-01   3.708489e-12   3.145317e-04   1.598185e-13   582
  1.577952e-01   3.431431e-12   2.421419e-04   1.423309e-13   624
  1.585560e-01   3.298872e-12   2.768148e-04   1.696015e-13   432
  1.594636e-01   3.409185e-12   3.079082e-04   1.157715e-13   816
  1.603976e-01   3.392731e-12   1.403307e-04   1.976775e-13   312
  1.610085e-01   2.910553e-12   2.274371e-04   1.260755e-13   552
  1.619938e-01   3.057772e-12   1.432453e-04   1.151675e-13   744
  1.627075e-01   3.193245e-12   1.338202e-04   1.757177e-13   408
  1.636288e-01   2.830012e-12   1.917702e-04   1.204020e-13   632
  1.645859e-01   3.158228e-12   3.256744e-04   1.232809e-13   750
  1.653644e-01   3.468725e-12   2.240398e-04   1.929992e-13   312
  1.662320e-01   2.906727e-12   3.307635e-04   1.016836e-13   876
  1.670902e-01   2.457837e-12   2.159690e-04   1.002509e-13   552
  1.680571e-01   2.744316e-12   1.786055e-04   1.089815e-13   696
  1.687158e-01   2.840431e-12   1.971466e-04   1.289381e-13   576
  1.696122e-01   2.587808e-12   2.087308e-04   1.215647e-13   576
  1.703773e-01   2.687194e-12   2.797000e-04   1.063223e-13   648
  1.713020e-01   2.708783e-12   2.799621e-04   1.027504e-13   672
  1.723228e-01   2.606310e-12   1.187495e-04   1.262433e-13   480
  1.729762e-01   2.407017e-12   1.838980e-04   8.834487e-14   726
  1.738175e-01   2.681719e-12   2.083803e-04   1.016917e-13   792
  1.747288e-01   2.471483e-12   2.890786e-04   9.359383e-14   768
  1.756892e-01   2.578263e-12   2.362529e-04   9.983125e-14   672
  1.765698e-01   2.436756e-12   1.584735e-04   9.794424e-14   608
  1.772072e-01   2.251454e-12   1.521394e-04   9.003816e-14   624
  1.781167e-01   2.199417e-12   1.977038e-04   8.057607e-14   684
  1.790012e-01   2.234837e-12   2.920315e-04   8.076451e-14   768
  1.798244e-01   2.337213e-12   2.334772e-04   8.140805e-14   744
  1.808054e-01   2.173885e-12   1.470111e-04   7.763401e-14   750
  1.815203e-01   2.102676e-12   2.185124e-04   9.948472e-14   600
  1.822935e-01   2.225572e-12   2.320208e-04   9.500195e-14   600
  1.832487e-01   2.179575e-12   2.673896e-04   7.139721e-14   1008
  1.840073e-01   2.222237e-12   1.483035e-04   8.555823e-14   696
  1.848478e-01   2.287195e-12   1.959155e-04   1.010645e-13   624
  1.856929e-01   2.109799e-12   3.048693e-04   8.210112e-14   840
  1.866529e-01   2.244577e-12   2.074390e-04   8.245962e-14   816
  1.874316e-01   1.937354e-12   1.377859e-04   6.679843e-14   744
  1.882180e-01   1.987353e-12   2.435827e-04   8.766643e-14   510
  1.891680e-01   2.068126e-12   2.338594e-04   6.808278e-14   1020
  1.900521e-01   2.059388e-12   1.887014e-04   7.082512e-14   912
  1.909236e-01   2.093781e-12   2.795717e-04   7.722546e-14   752
  1.916443e-01   1.976217e-12   2.319791e-04   8.320277e-14   888
  1.926277e-01   1.928157e-12   1.496952e-04   7.092828e-14   768
  1.934322e-01   1.831381e-12   2.720094e-04   6.754035e-14   720
  1.943579e-01   1.860037e-12   2.397841e-04   6.355380e-14   1056
  1.951791e-01   1.859460e-12   1.658928e-04   8.639834e-14   504
  1.958519e-01   1.555597e-12   2.590449e-04   6.085931e-14   774
  1.968141e-01   1.820835e-12   2.491327e-04   5.832706e-14   1272
  1.977179e-01   1.843605e-12   1.632211e-04   7.565877e-14   744
  1.985606e-01   1.675514e-12   2.665297e-04   6.544882e-14   768
  1.993337e-01   1.730655e-12   2.254494e-04   6.297558e-14   840
  2.002020e-01   1.724790e-12   1.528486e-04   5.827020e-14   924
  2.010380e-01   1.647549e-12   2.694718e-04   5.619818e-14   936
  2.018597e-01   1.507265e-12   1.872727e-04   5.085353e-14   840
  2.026874e-01   1.613787e-12   2.226454e-04   5.175016e-14   1008
  2.037393e-01   1.467149e-12   2.513459e-04   5.683471e-14   696
  2.043993e-01   1.504146e-12   2.234032e-04   5.469685e-14   974
  2.053799e-01   1.590408e-12   2.967054e-04   4.932252e-14   1152
  2.062324e-01   1.481298e-12   1.161016e-04   5.301553e-14   816
  2.068954e-01   1.460985e-12   2.554105e-04   5.354611e-14   816
  2.077874e-01   1.469111e-12   2.255389e-04   4.780425e-14   1152
  2.087282e-01   1.432521e-12   2.030624e-04   4.905732e-14   912
  2.095836e-01   1.494004e-12   2.467207e-04   4.987293e-14   1056
  2.103161e-01   1.405942e-12   2.109904e-04   6.648503e-14   624
  2.113011e-01   1.343545e-12   2.635547e-04   4.185394e-14   1260
  2.121511e-01   1.366039e-12   1.589650e-04   4.783272e-14   894
  2.129814e-01   1.436413e-12   2.723637e-04   4.309587e-14   1176
  2.138121e-01   1.285200e-12   2.254364e-04   5.337554e-14   840
  2.147575e-01   1.287274e-12   2.562414e-04   3.486244e-14   1440
  2.157503e-01   1.177819e-12   1.440604e-04   4.036518e-14   864
  2.165030e-01   1.296581e-12   2.472147e-04   4.214990e-14   1056
  2.172522e-01   1.351396e-12   1.457545e-04   6.172391e-14   624
  2.181621e-01   1.174725e-12   2.699122e-04   3.107499e-14   1496
  2.190322e-01   1.202392e-12   1.905676e-04   5.129005e-14   936
  2.198068e-01   1.120434e-12   2.758819e-04   3.838862e-14   966
  2.206402e-01   1.152779e-12   1.955564e-04   4.107739e-14   936
  2.215157e-01   1.209570e-12   2.418927e-04   3.569053e-14   1248
  2.224120e-01   1.102093e-12   1.705236e-04   3.682196e-14   1044
  2.232472e-01   1.034361e-12   2.641465e-04   3.158160e-14   1392
  2.239086e-01   1.065997e-12   2.034461e-04   4.439622e-14   600
  2.248549e-01   9.868131e-13   2.311362e-04   2.738358e-14   1416
  2.257421e-01   1.036012e-12   2.487899e-04   3.142199e-14   1152
  2.266411e-01   9.867469e-13   2.386748e-04   3.375650e-14   936
  2.273653e-01   9.868504e-13   2.559904e-04   3.572173e-14   870
  2.282258e-01   1.055263e-12   2.146378e-04   3.187365e-14   1368
  2.291807e-01   1.011755e-12   2.821927e-04   2.720217e-14   1632
  2.299968e-01   1.107347e-12   1.225122e-04   4.028528e-14   816
  2.308802e-01   9.556327e-13   2.795000e-04   2.876429e-14   1200
  2.316509e-01   9.746509e-13   2.672350e-04   2.921707e-14   1184
  2.324339e-01   1.044018e-12   2.028139e-04   3.484442e-14   984
  2.333945e-01   9.123442e-13   2.476149e-04   2.574501e-14   1572
  2.342654e-01   9.943595e-13   1.363658e-04   4.068637e-14   840
  2.350770e-01   8.532424e-13   3.171241e-04   2.544525e-14   1392
  2.359338e-01   8.946342e-13   2.328323e-04   3.090975e-14   1158
  2.366987e-01   9.582328e-13   2.120118e-04   3.028997e-14   1272
  2.376196e-01   9.640063e-13   2.160591e-04   3.026518e-14   1320
  2.384846e-01   8.732463e-13   2.114113e-04   2.888915e-14   1104
  2.393076e-01   8.710256e-13   2.392880e-04   2.698431e-14   1392
  2.401714e-01   7.983514e-13   2.588141e-04   2.464962e-14   1296
  2.410610e-01   7.968033e-13   2.702447e-04   2.341757e-14   1392
  2.418958e-01   7.967071e-13   1.982461e-04   2.610490e-14   1104
  2.426681e-01   7.976946e-13   2.497099e-04   2.284864e-14   1320
  2.437682e-01   8.179516e-13   1.906998e-04   2.508799e-14   1422
  2.444709e-01   8.523851e-13   2.375058e-04   3.045090e-14   1212
  2.452781e-01   7.765576e-13   2.595297e-04   2.433430e-14   1280
  2.461073e-01   8.197856e-13   2.702412e-04   2.520880e-14   1272
  2.469020e-01   8.272836e-13   2.338669e-04   2.213659e-14   1680
  2.478440e-01   6.995822e-13   2.209608e-04   2.531630e-14   1152
  2.487113e-01   7.489883e-13   2.558804e-04   2.045779e-14   1512
  2.496229e-01   7.141403e-13   1.080317e-04   2.691233e-14   912
  2.503436e-01   7.194564e-13   2.723258e-04   1.906731e-14   1680
  2.513021e-01   6.665969e-13   2.412486e-04   1.951966e-14   1518
  2.520125e-01   7.632077e-13   2.233503e-04   2.573611e-14   1056
  2.527608e-01   7.150642e-13   2.255221e-04   1.976987e-14   1344
  2.537281e-01   8.198889e-13   2.421615e-04   2.233952e-14   1680
  2.546033e-01   6.876488e-13   2.386250e-04   2.038701e-14   1656
  2.555597e-01   7.109471e-13   2.028350e-04   2.832282e-14   1140
  2.562777e-01   6.638131e-13   2.348675e-04   2.074457e-14   1368
  2.571225e-01   6.500444e-13   2.671632e-04   1.842935e-14   1656
  2.579812e-01   6.626929e-13   2.736324e-04   2.039250e-14   1448
  2.589160e-01   6.314605e-13   2.570597e-04   1.808406e-14   1422
  2.597793e-01   7.020199e-13   2.837834e-04   2.155589e-14   1512
  2.605177e-01   7.014435e-13   2.163481e-04   2.332975e-14   1296
  2.613720e-01   6.548664e-13   1.975401e-04   1.905728e-14   1824
  2.622956e-01   6.279246e-13   2.561405e-04   1.847142e-14   1464
  2.632286e-01   5.722479e-13   2.285687e-04   1.481285e-14   1824
  2.640944e-01   6.437166e-13   1.817236e-04   1.910159e-14   1416
  2.648477e-01   5.650434e-13   2.661762e-04   1.748253e-14   1392
  2.656609e-01   5.808322e-13   2.456233e-04   1.759504e-14   1464
  2.666530e-01   5.381109e-13   2.401349e-04   1.644841e-14   1524
  2.674197e-01   5.791109e-13   2.212883e-04   1.806756e-14   1686
  2.683058e-01   5.782036e-13   2.634877e-04   1.664969e-14   1800
  2.690674e-01   6.592215e-13   2.091841e-04   2.443349e-14   1344
  2.699123e-01   5.624324e-13   2.440543e-04   1.700510e-14   1656
  2.707594e-01   5.721924e-13   1.948649e-04   1.647412e-14   1488
  2.714953e-01   5.869577e-13   1.945476e-04   1.648964e-14   1536
  2.725208e-01   5.276292e-13   2.161203e-04   1.583874e-14   1760
  2.733154e-01   4.800630e-13   2.403917e-04   1.313467e-14   1824
  2.742343e-01   5.583200e-13   2.017335e-04   1.663430e-14   1560
  2.751185e-01   5.642462e-13   2.317098e-04   1.776455e-14   1926
  2.759500e-01   5.655144e-13   1.647761e-04   2.018459e-14   1272
  2.767090e-01   5.178050e-13   2.769061e-04   1.525005e-14   1848
  2.777066e-01   5.058469e-13   2.237163e-04   1.371524e-14   1908
  2.784654e-01   5.305820e-13   2.182057e-04   1.706883e-14   1488
  2.792661e-01   4.578252e-13   2.460891e-04   1.385101e-14   1800
  2.801341e-01   4.636455e-13   2.463318e-04   1.320354e-14   1752
  2.809655e-01   4.616432e-13   2.619345e-04   1.442264e-14   1368
  2.817976e-01   4.537178e-13   2.461681e-04   1.145348e-14   2016
  2.827127e-01   4.964090e-13   2.600140e-04   1.536597e-14   1542
  2.835572e-01   4.636338e-13   2.546240e-04   1.320019e-14   2184
  2.844920e-01   4.858709e-13   2.329232e-04   1.375681e-14   1776
  2.852996e-01   4.414882e-13   2.662664e-04   1.328446e-14   1568
  2.860693e-01   4.590950e-13   2.432642e-04   1.319773e-14   2040
  2.869069e-01   4.711162e-13   2.600711e-04   1.379977e-14   1704
  2.877836e-01   4.064224e-13   2.607023e-04   1.233178e-14   1512
  2.886103e-01   4.190430e-13   2.223798e-04   1.068797e-14   2028
  2.895391e-01   4.188209e-13   2.682472e-04   1.093337e-14   1968
  2.903883e-01   3.904708e-13   2.720967e-04   1.139448e-14   1854
  2.912193e-01   4.430651e-13   2.593919e-04   1.388607e-14   1632
  2.920709e-01   4.268904e-13   2.665475e-04   1.145635e-14   2424
  2.929536e-01   4.182376e-13   2.668247e-04   1.296223e-14   1560
  2.936998e-01   4.169181e-13   2.521491e-04   1.181789e-14   1728
  2.946015e-01   3.950845e-13   2.691575e-04   1.172799e-14   2088
  2.955091e-01   3.498323e-13   2.562092e-04   9.522666e-15   1968
  2.963439e-01   3.695302e-13   2.536717e-04   1.110238e-14   2256
  2.971811e-01   3.657148e-13   2.255422e-04   1.026171e-14   1728
  2.980551e-01   3.663246e-13   2.223365e-04   1.186601e-14   1416
  2.988294e-01   3.855395e-13   2.343872e-04   9.693962e-15   2246
  2.997060e-01   3.903332e-13   2.595813e-04   1.171345e-14   2148
  3.005447e-01   3.872051e-13   2.192692e-04   1.327933e-14   1680
  3.013341e-01   3.678722e-13   2.772021e-04   9.162945e-15   2280
  3.022829e-01   3.699270e-13   2.581363e-04   9.955471e-15   2352
  3.031692e-01   3.233234e-13   2.168989e-04   9.076157e-15   1632
  3.038703e-01   3.578143e-13   2.481900e-04   1.019028e-14   1968
  3.048324e-01   3.147286e-13   2.546430e-04   9.651485e-15   2112
  3.057246e-01   3.389500e-13   1.912818e-04   9.779700e-15   2208
  3.065916e-01   3.264575e-13   1.928696e-04   9.292786e-15   1974
  3.072758e-01   3.445634e-13   1.886789e-04   1.007279e-14   1944
  3.082002e-01   3.514737e-13   2.134684e-04   9.624413e-15   2160
  3.090014e-01   3.326438e-13   1.996412e-04   9.758624e-15   2040
  3.098672e-01   3.453211e-13   2.793025e-04   9.981340e-15   2352
  3.107553e-01   3.366163e-13   2.320332e-04   9.617724e-15   1836
  3.115659e-01   3.080805e-13   2.475222e-04   8.524052e-15   2352
  3.124759e-01   2.854695e-13   2.596173e-04   7.961772e-15   2008
  3.133101e-01   3.070968e-13   2.554005e-04   7.910609e-15   2464
  3.142404e-01   2.919440e-13   2.059917e-04   7.996685e-15   2118
  3.150034e-01   3.145977e-13   2.070733e-04   1.085249e-14   1848
  3.157888e-01   3.584062e-13   2.740257e-04   1.081381e-14   2280
  3.167373e-01   3.238951e-13   2.606639e-04   8.702978e-15   2472
  3.176238e-01   2.686135e-13   1.741937e-04   7.606821e-15   2280
  3.183679e-01   3.173815e-13   2.129225e-04   9.923890e-15   1992
  3.191704e-01   2.953368e-13   2.238471e-04   8.313672e-15   2184
  3.200957e-01   2.611510e-13   2.700370e-04   7.156351e-15   2352
  3.209874e-01   2.865768e-13   2.845707e-04   7.346957e-15   2496
  3.218605e-01   2.728936e-13   2.657923e-04   8.712210e-15   1770
  3.226436e-01   3.130008e-13   2.293368e-04   8.787683e-15   2568
  3.235850e-01   3.014601e-13   2.812910e-04   8.605641e-15   2712
  3.244408e-01   3.007515e-13   2.233856e-04   8.544971e-15   2448
  3.252953e-01   2.821785e-13   1.883027e-04   8.510520e-15   2064
  3.260041e-01   2.835002e-13   1.987577e-04   9.371923e-15   1944
  3.269232e-01   2.615557e-13   2.455388e-04   7.405268e-15   2480
  3.278609e-01   2.467667e-13   2.667271e-04   6.234009e-15   2880
  3.286914e-01   2.512106e-13   2.558616e-04   7.689543e-15   2304
  3.295589e-01   2.512347e-13   2.350736e-04   7.838101e-15   1806
  3.303280e-01   2.739922e-13   2.305355e-04   7.820848e-15   2856
  3.312919e-01   2.839921e-13   2.210905e-04   8.194189e-15   2568
  3.320255e-01   2.584909e-13   2.218151e-04   8.356547e-15   2112
  3.328238e-01   2.691457e-13   2.136470e-04   9.469857e-15   2028
  3.336802e-01   2.382379e-13   2.528952e-04   6.736915e-15   2712
  3.345499e-01   2.481346e-13   2.724546e-04   6.458953e-15   2952
  3.354846e-01   2.272042e-13   2.105175e-04   6.487023e-15   2112
  3.362401e-01   2.267691e-13   2.467157e-04   6.148628e-15   2520
  3.371478e-01   2.125260e-13   2.379622e-04   5.759234e-15   2376
  3.379744e-01   2.454108e-13   1.907584e-04   6.733085e-15   2526
  3.388325e-01   2.613993e-13   2.373938e-04   7.653621e-15   2664
  3.396821e-01   2.657587e-13   2.831431e-04   8.628062e-15   2408
  3.404964e-01   2.294978e-13   2.268086e-04   7.104140e-15   2568
  3.413270e-01   2.354914e-13   2.138398e-04   5.841085e-15   2904
  3.422280e-01   2.268073e-13   2.399343e-04   6.236642e-15   2544
  3.430840e-01   2.255773e-13   1.767281e-04   7.013265e-15   2160
  3.438918e-01   2.291106e-13   3.055426e-04   6.478733e-15   2652
  3.447840e-01   1.919681e-13   2.419268e-04   4.957081e-15   2784
  3.456427e-01   2.353607e-13   2.389098e-04   6.510551e-15   2694
  3.465323e-01   2.189434e-13   2.147131e-04   6.306151e-15   2952
  3.473054e-01   2.237814e-13   2.033724e-04   7.196767e-15   2208
  3.480928e-01   2.404131e-13   2.167549e-04   7.465690e-15   2304
  3.489719e-01   2.026693e-13   2.818658e-04   4.955537e-15   3504
  3.499970e-01   2.031916e-13   2.282367e-04   5.646629e-15   2616
  3.507966e-01   1.916507e-13   2.229689e-04   5.468372e-15   2664
  3.515668e-01   1.893406e-13   2.071576e-04   5.505353e-15   2448
  3.523429e-01   1.972501e-13   2.885022e-04   5.530052e-15   2472
  3.532560e-01   1.984715e-13   2.293757e-04   5.220741e-15   3134
  3.541153e-01   2.171034e-13   2.508696e-04   6.509980e-15   2616
  3.549734e-01   2.054540e-13   2.032141e-04   6.477131e-15   2712
  3.558561e-01   2.029193e-13   2.330572e-04   5.631684e-15   3204
  3.566997e-01   1.904704e-13   2.684118e-04   5.569247e-15   2760
  3.575009e-01   1.787470e-13   2.341850e-04   5.359702e-15   2688
  3.583845e-01   1.829723e-13   2.214212e-04   4.959540e-15   2760
  3.591658e-01   1.693194e-13   1.828310e-04   5.346163e-15   2568
  3.600656e-01   1.672012e-13   2.839276e-04   4.209756e-15   3336
  3.609291e-01   1.861754e-13   2.403135e-04   5.763127e-15   2334
  3.618012e-01   1.907032e-13   2.659328e-04   5.672104e-15   3264
  3.626161e-01   2.083401e-13   1.933534e-04   7.552473e-15   2760
  3.634519e-01   1.725640e-13   2.335162e-04   4.817029e-15   3192
  3.643028e-01   1.880150e-13   2.424398e-04   5.958290e-15   2904
  3.652079e-01   1.701407e-13   2.432547e-04   4.986717e-15   2784
  3.659655e-01   1.829182e-13   2.002031e-04   5.312968e-15   2592
  3.668273e-01   1.582716e-13   2.729055e-04   4.605280e-15   3284
  3.677431e-01   1.566293e-13   2.741210e-04   4.345908e-15   3168
  3.685625e-01   1.615774e-13   2.261695e-04   4.562441e-15   2616
  3.694239e-01   1.564797e-13   2.185356e-04   4.970400e-15   3222
  3.702618e-01   1.780538e-13   2.452038e-04   5.128852e-15   3240
  3.710732e-01   1.828263e-13   2.480631e-04   6.027903e-15   2568
  3.719957e-01   1.843051e-13   2.276101e-04   6.233642e-15   3120
  3.727671e-01   1.686686e-13   2.502238e-04   5.165810e-15   3168
  3.735966e-01   1.618252e-13   2.190519e-04   5.408993e-15   3240
  3.745041e-01   1.505013e-13   2.247418e-04   4.216317e-15   3144
  3.753858e-01   1.463556e-13   2.142181e-04   4.108811e-15   2856
  3.762191e-01   1.470323e-13   2.287935e-04   3.727556e-15   3264
  3.771620e-01   1.561584e-13   2.528066e-04   4.645303e-15   3318
  3.779041e-01   1.810048e-13   1.770515e-04   6.911533e-15   2556
  3.787885e-01   1.530295e-13   3.024366e-04   4.532539e-15   4008
  3.796839e-01   1.636760e-13   2.232510e-04   5.323593e-15   2904
  3.804500e-01   1.387491e-13   2.282820e-04   3.988291e-15   3144
  3.813221e-01   1.521125e-13   2.379863e-04   4.647569e-15   3200
  3.822245e-01   1.316480e-13   2.347121e-04   3.872934e-15   3312
  3.830335e-01   1.363375e-13   1.891675e-04   3.891473e-15   2832
  3.839368e-01   1.365627e-13   2.722239e-04   3.558938e-15   3984
  3.847754e-01   1.435554e-13   2.213052e-04   4.849613e-15   2238
  3.855410e-01   1.576314e-13   2.604381e-04   4.921262e-15   3984
  3.864910e-01   1.469341e-13   2.474938e-04   4.549773e-15   3384
  3.872801e-01   1.629320e-13   2.313398e-04   5.245510e-15   3048
  3.881040e-01   1.291813e-13   2.124151e-04   4.022152e-15   3096
  3.889647e-01   1.423817e-13   2.407662e-04   3.912076e-15   3708
  3.898204e-01   1.303136e-13   2.282137e-04   4.242876e-15   2784
  3.906153e-01   1.363413e-13   2.370436e-04   3.862131e-15   3648
  3.915182e-01   1.278507e-13   2.439690e-04   3.699785e-15   3888
  3.924791e-01   1.203535e-13   2.604441e-04   4.188151e-15   2958
  3.931965e-01   1.419824e-13   2.223132e-04   4.122664e-15   3264
  3.940610e-01   1.565614e-13   2.454274e-04   5.283130e-15   3160
  3.948778e-01   1.296467e-13   2.224277e-04   3.878080e-15   3736
  3.956519e-01   1.312804e-13   2.026837e-04   4.926342e-15   3216
  3.965649e-01   1.346639e-13   2.483780e-04   3.721284e-15   4032
  3.975170e-01   1.173831e-13   2.267646e-04   3.218614e-15   3528
  3.983289e-01   1.246444e-13   2.001684e-04   3.776070e-15   3192
  3.991405e-01   1.150782e-13   2.192200e-04   3.401702e-15   3456
  4.000209e-01   1.075051e-13   2.273080e-04   3.135470e-15   3060
  4.009034e-01   1.275781e-13   2.702954e-04   3.500396e-15   4518
  4.017633e-01   1.286769e-13   2.407982e-04   4.337688e-15   3528
  4.025537e-01   1.515586e-13   2.022284e-04   5.441633e-15   3024
  4.033964e-01   1.209659e-13   2.738092e-04   3.676175e-15   3672
  4.042548e-01   1.222223e-13   2.350114e-04   3.587424e-15   3864
  4.052079e-01   1.164915e-13   2.491089e-04   3.385488e-15   3816
  4.059874e-01   1.039165e-13   2.266341e-04   3.131331e-15   3456
  4.067347e-01   1.133057e-13   2.051552e-04   3.613637e-15   2688
  4.076152e-01   1.014225e-13   2.434127e-04   2.528532e-15   4248
  4.084881e-01   1.232634e-13   2.331428e-04   3.923946e-15   3926
  4.093648e-01   1.263722e-13   2.461587e-04   4.362752e-15   3504
  4.102118e-01   1.240509e-13   2.200696e-04   3.658769e-15   3960
  4.111470e-01   1.129148e-13   2.477470e-04   3.476995e-15   3684
  4.119490e-01   1.032480e-13   2.477304e-04   3.171109e-15   4104
  4.127507e-01   1.082510e-13   2.349586e-04   3.123181e-15   3144
  4.136121e-01   1.043901e-13   2.573606e-04   3.033280e-15   4224
  4.145591e-01   9.327570e-14   2.284299e-04   2.611715e-15   4008
  4.153682e-01   9.615090e-14   2.513090e-04   2.648259e-15   3312
  4.162013e-01   1.068973e-13   2.499555e-04   3.529789e-15   3726
  4.170874e-01   1.100827e-13   2.567350e-04   3.702621e-15   3936
  4.178742e-01   1.248577e-13   2.646433e-04   4.346932e-15   3888
  4.186907e-01   1.036459e-13   2.502456e-04   3.429025e-15   3864
  4.195402e-01   1.083553e-13   2.660321e-04   3.458443e-15   3888
  4.204152e-01   9.458801e-14   2.509093e-04   2.907052e-15   4080
  4.212790e-01   1.049049e-13   2.662911e-04   3.358205e-15   3400
  4.221604e-01   9.366442e-14   2.442158e-04   2.668294e-15   4588
  4.230516e-01   8.702146e-14   2.417232e-04   2.679995e-15   3816
  4.238304e-01   9.122147e-14   2.290530e-04   2.947605e-15   3534
  4.246549e-01   1.133456e-13   2.262432e-04   3.499323e-15   4080
  4.255174e-01   1.055341e-13   2.364882e-04   3.100826e-15   4248
  4.263835e-01   1.120498e-13   2.383083e-04   4.159324e-15   3528
  4.271828e-01   9.964352e-14   2.436376e-04   2.892308e-15   4248
  4.279907e-01   9.463424e-14   2.383021e-04   3.052765e-15   3696
  4.288904e-01   8.615240e-14   2.472719e-04   2.419731e-15   4560
  4.297436e-01   9.151652e-14   2.316116e-04   2.574645e-15   3864
  4.306199e-01   8.254267e-14   2.521896e-04   2.383105e-15   4440
  4.314503e-01   8.974133e-14   2.352988e-04   3.218176e-15   3432
  4.323230e-01   1.012268e-13   2.307154e-04   3.216115e-15   4470
  4.331814e-01   1.009511e-13   2.050293e-04   3.058276e-15   4188
  4.340252e-01   9.107593e-14   2.626714e-04   2.870378e-15   4392
  4.348633e-01   1.016818e-13   2.032013e-04   3.298441e-15   3960
  4.357347e-01   9.206086e-14   2.295583e-04   2.816097e-15   4328
  4.365790e-01   8.300392e-14   2.389021e-04   2.350784e-15   4320
  4.374322e-01   8.505262e-14   2.498172e-04   2.571132e-15   4152
  4.382234e-01   9.467924e-14   2.089759e-04   3.365493e-15   3528
  4.391181e-01   7.606546e-14   2.261844e-04   2.126025e-15   4512
  4.399552e-01   9.541805e-14   2.312162e-04   3.376608e-15   4134
  4.408055e-01   1.020889e-13   2.463227e-04   3.095162e-15   5208
  4.416233e-01   9.456038e-14   2.146072e-04   3.329323e-15   3240
  4.424693e-01   9.497907e-14   2.367020e-04   2.864442e-15   4680
  4.433303e-01   8.601237e-14   2.343542e-04   2.822631e-15   4440
  4.441924e-01   8.235512e-14   2.655613e-04   2.645060e-15   4260
  4.450192e-01   7.481209e-14   2.168051e-04   2.389926e-15   4056
  4.458707e-01   7.184658e-14   2.403664e-04   2.059339e-15   4704
  4.467645e-01   8.085583e-14   2.797073e-04   2.448791e-15   4800
  4.477092e-01   8.209185e-14   2.423449e-04   2.677081e-15   4806
  4.485256e-01   1.158446e-13   2.415792e-04   4.049274e-15   3552
  4.493032e-01   8.271178e-14   2.422270e-04   3.074678e-15   4304
  4.501811e-01   8.773545e-14   2.349055e-04   2.693863e-15   5280
  4.510492e-01   7.943391e-14   2.253520e-04   2.484350e-15   4320
  4.518710e-01   8.102207e-14   2.544815e-04   2.519226e-15   4296
  4.527375e-01   7.155530e-14   2.829200e-04   2.040944e-15   4608
  4.536139e-01   7.643707e-14   2.710526e-04   2.114744e-15   4824
  4.544815e-01   6.548101e-14   2.558929e-04   2.058675e-15   4488
  4.554125e-01   8.087456e-14   2.389035e-04   2.556406e-15   4530
  4.561813e-01   8.444172e-14   2.332695e-04   3.049512e-15   4464
  4.569505e-01   8.245821e-14   2.198393e-04   2.717491e-15   4104
  4.578337e-01   7.842390e-14   2.370326e-04   2.233121e-15   5424
  4.587024e-01   8.390288e-14   2.551511e-04   3.035360e-15   4392
  4.595865e-01   7.573175e-14   2.498032e-04   2.332361e-15   4896
  4.603893e-01   6.732519e-14   2.448582e-04   2.176119e-15   4104
  4.612271e-01   7.798197e-14   2.207975e-04   2.384294e-15   4824
  4.621110e-01   5.805655e-14   2.110308e-04   1.733840e-15   4680
  4.628810e-01   6.627202e-14   2.158383e-04   2.136434e-15   4328
  4.637748e-01   7.811659e-14   2.488057e-04   2.631805e-15   5118
  4.646730e-01   8.059509e-14   2.882572e-04   2.728516e-15   5304
  4.654835e-01   9.405526e-14   2.269892e-04   3.209001e-15   4392
  4.663665e-01   7.250102e-14   2.278262e-04   2.477618e-15   4476
  4.671387e-01   7.075013e-14   2.262585e-04   2.455363e-15   4704
  4.679980e-01   6.708868e-14   2.738589e-04   1.986803e-15   5208
  4.689011e-01   6.670170e-14   2.309089e-04   2.176520e-15   5304
  4.697333e-01   6.048350e-14   2.473356e-04   1.866155e-15   4296
  4.705865e-01   6.262539e-14   2.345380e-04   1.836375e-15   4752
  4.714831e-01   7.333180e-14   2.354379e-04   2.326361e-15   4950
  4.722889e-01   7.478621e-14   2.460959e-04   2.542033e-15   5064
  4.730949e-01   7.948026e-14   2.061964e-04   2.653947e-15   4872
  4.739099e-01   7.327130e-14   2.170683e-04   2.771625e-15   4224
  4.747801e-01   7.045791e-14   2.397792e-04   2.136826e-15   6120
  4.757062e-01   6.230693e-14   2.637876e-04   2.025043e-15   4968
  4.765463e-01   6.780804e-14   2.334291e-04   2.220560e-15   4424
  4.774153e-01   6.329506e-14   2.981561e-04   2.198686e-15   5436
  4.782738e-01   5.744949e-14   2.542043e-04   1.739813e-15   4896
  4.791038e-01   6.077928e-14   2.433728e-04   2.266977e-15   5214
  4.799038e-01   7.927007e-14   2.068797e-04   2.861331e-15   4656
  4.807928e-01   7.569656e-14   2.630307e-04   2.551882e-15   5448
  4.816422e-01   6.948513e-14   2.221488e-04   2.821366e-15   4992
  4.824740e-01   7.394984e-14   2.458572e-04   2.567189e-15   5400
  4.833882e-01   6.536180e-14   2.724858e-04   2.095037e-15   5328
  4.842306e-01   6.567876e-14   2.436523e-04   2.169717e-15   4776
  4.850232e-01   5.075274e-14   2.289517e-04   1.746358e-15   4800
  4.859037e-01   5.813246e-14   2.944201e-04   1.655287e-15   6552
  4.868249e-01   6.996581e-14   2.224303e-04   2.855852e-15   3942
  4.876233e-01   6.832636e-14   2.803482e-04   2.227482e-15   6072
  4.885072e-01   8.119373e-14   2.177287e-04   3.107778e-15   4692
  4.892483e-01   6.184597e-14   2.273053e-04   2.257698e-15   4944
  4.901164e-01   6.305246e-14   2.439686e-04   2.053944e-15   5840
  4.910077e-01   6.026074e-14   2.611583e-04   2.048195e-15   5712
  4.918853e-01   6.157173e-14   2.188675e-04   2.167578e-15   4800
  4.926859e-01   5.405024e-14   2.898577e-04   1.693368e-15   5688
  4.935628e-01   5.299892e-14   2.286917e-04   1.804666e-15   4848
  4.944318e-01   4.206626e-14   2.545475e-04   1.591518e-15   5406
  4.952565e-01   1.033075e-15   2.297703e-04   1.477708e-17   5568
  4.960847e-01   9.968983e-16   2.065481e-04   1.412117e-17   5736
  4.969796e-01   1.026745e-15   2.565195e-04   1.504787e-17   5280
  4.977918e-01   9.758461e-16   2.371710e-04   1.354112e-17   5592
  4.986277e-01   9.769868e-16   2.714980e-04   1.465950e-17   4968
  4.995115e-01   1.025896e-15   2.434342e-04   1.426116e-17   5964
  5.003738e-01   9.742272e-16   2.445654e-04   1.350570e-17   5376
  5.011573e-01   9.351427e-16   2.361430e-04   1.331635e-17   5472
  5.020656e-01   9.645762e-16   2.242680e-04   1.343453e-17   5472
  5.028962e-01   9.321582e-16   2.549854e-04   1.346051e-17   5415
  5.037011e-01   8.993463e-16   2.242905e-04   1.298061e-17   5096
  5.045719e-01   8.583622e-16   2.884319e-04   1.179036e-17   6372
  5.054529e-01   9.204331e-16   2.341360e-04   1.461775e-17   4656
  5.062424e-01   9.050992e-16   2.556015e-04   1.236438e-17   5844
  5.070918e-01   8.977942e-16   2.247331e-04   1.280215e-17   5508
  5.079922e-01   8.921873e-16   2.549406e-04   1.199946e-17   6324
  5.088755e-01   8.233764e-16   2.189942e-04   1.289186e-17   4752
  5.096830e-01   8.919941e-16   2.451822e-04   1.261223e-17   5676
  5.105570e-01   8.606682e-16   2.242947e-04   1.240476e-17   5472
  5.113866e-01   8.241739e-16   2.529981e-04   1.176316e-17   5556
  5.122777e-01   8.293716e-16   2.465418e-04   1.186167e-17   5436
  5.131379e-01   8.215806e-16   2.523527e-04   1.197142e-17   5916
  5.140212e-01   8.056502e-16   2.625579e-04   1.145175e-17   5520
  5.148166e-01   7.829233e-16   2.387841e-04   1.178674e-17   5280
  5.156315e-01   8.181988e-16   2.346268e-04   1.303766e-17   4416
  5.165510e-01   7.770802e-16   2.287038e-04   1.063837e-17   6260
  5.174147e-01   7.646951e-16   2.719567e-04   1.099368e-17   5940
  5.181970e-01   7.627035e-16   2.129865e-04   1.294943e-17   4188
  5.190583e-01   7.304968e-16   2.723213e-04   9.824567e-18   6360
  5.199639e-01   7.429742e-16   2.428992e-04   1.132396e-17   5256
  5.208050e-01   7.516244e-16   2.296198e-04   1.215041e-17   4848
  5.215257e-01   6.928221e-16   2.081623e-04   1.095219e-17   4704
  5.224129e-01   7.006000e-16   2.553609e-04   1.040637e-17   5784
  5.233155e-01   6.807230e-16   2.702014e-04   9.881464e-18   5820
  5.241867e-01   6.997730e-16   2.420426e-04   1.045709e-17   5700
  5.250631e-01   6.977925e-16   2.244610e-04   1.059100e-17   5232
  5.259407e-01   6.777271e-16   2.490588e-04   1.046613e-17   4932
  5.267180e-01   6.715263e-16   2.143745e-04   1.126552e-17   4716
  5.275348e-01   6.783331e-16   2.730669e-04   1.006867e-17   5616
  5.283752e-01   6.289978e-16   2.411581e-04   9.708392e-18   5184
  5.292421e-01   6.171640e-16   2.432694e-04   9.637164e-18   5064
  5.300596e-01   6.168324e-16   2.490961e-04   9.567469e-18   5544
  5.309663e-01   6.152073e-16   2.500505e-04   9.261366e-18   5192
  5.317913e-01   6.110983e-16   2.247093e-04   9.513920e-18   5244
  5.326587e-01   5.892676e-16   2.431380e-04   9.411381e-18   5112
  5.335210e-01   6.035695e-16   2.231268e-04   9.261508e-18   5040
  5.343123e-01   5.910746e-16   2.345768e-04   9.109782e-18   5124
  5.352365e-01   5.823361e-16   2.633440e-04   8.800337e-18   5952
  5.360896e-01   5.780896e-16   2.307429e-04   9.177002e-18   4824
  5.368629e-01   5.613159e-16   2.329060e-04   9.634311e-18   4536
  5.377581e-01   5.568804e-16   2.475578e-04   8.493464e-18   5712
  5.386775e-01   5.819185e-16   2.708958e-04   8.984062e-18   5352
  5.395447e-01   5.444083e-16   2.359603e-04   8.442699e-18   5004
  5.403194e-01   5.224259e-16   2.360245e-04   8.277256e-18   4800
  5.411519e-01   5.402953e-16   2.536404e-04   8.640911e-18   5148
  5.420742e-01   5.354168e-16   2.634385e-04   8.024569e-18   5664
  5.429076e-01   4.993961e-16   2.366059e-04   8.430521e-18   4692
  5.436776e-01   5.151579e-16   2.198098e-04   9.004347e-18   4008
  5.445757e-01   4.959471e-16   2.519496e-04   7.234234e-18   5852
  5.454887e-01   4.927377e-16   2.385727e-04   7.705740e-18   5784
  5.462996e-01   4.895896e-16   2.199226e-04   8.496082e-18   4392
  5.471343e-01   4.911636e-16   2.157230e-04   8.274719e-18   4944
  5.480105e-01   4.714435e-16   2.543338e-04   7.808051e-18   4776
  5.488369e-01   4.542863e-16   2.446830e-04   7.187729e-18   5244
  5.497337e-01   4.600257e-16   2.442514e-04   7.139066e-18   4884
  5.504862e-01   4.389695e-16   2.071441e-04   7.251252e-18   4488
  5.513613e-01   4.502955e-16   2.461419e-04   7.397166e-18   5160
  5.522424e-01   4.720128e-16   2.506068e-04   7.227734e-18   5316
  5.530912e-01   4.166537e-16   2.533810e-04   6.954199e-18   4896
  5.539186e-01   4.601333e-16   2.354353e-04   8.248303e-18   4188
  5.547525e-01   4.046262e-16   2.567961e-04   6.752139e-18   4836
  5.556040e-01   4.366145e-16   2.547440e-04   6.760458e-18   5316
  5.564664e-01   4.120291e-16   2.357965e-04   6.261591e-18   4920
  5.572730e-01   4.439950e-16   2.375472e-04   7.856559e-18   4128
  5.581384e-01   3.987399e-16   2.555456e-04   6.275933e-18   5348
  5.589901e-01   4.138316e-16   2.217367e-04   6.936307e-18   4836
  5.598033e-01   4.009823e-16   2.389285e-04   7.482116e-18   4392
  5.606793e-01   3.921154e-16   2.099182e-04   6.810411e-18   4632
  5.614679e-01   3.838840e-16   2.345502e-04   6.283305e-18   4596
  5.623735e-01   3.888687e-16   2.358727e-04   6.298528e-18   5424
  5.632695e-01   3.572128e-16   2.427884e-04   5.632233e-18   5256
  5.641926e-01   3.727589e-16   2.465806e-04   6.322399e-18   4524
  5.649613e-01   3.743562e-16   2.345468e-04   6.704386e-18   4440
  5.658223e-01   3.655059e-16   2.005677e-04   6.168178e-18   4380
  5.666649e-01   3.555035e-16   2.624772e-04   6.039075e-18   4812
  5.675617e-01   3.605087e-16   2.607020e-04   5.698797e-18   5376
  5.683817e-01   3.329250e-16   2.082312e-04   6.259329e-18   3888
  5.691674e-01   3.584463e-16   2.384488e-04   6.005855e-18   4896
  5.700441e-01   3.405447e-16   2.516025e-04   5.958172e-18   4608
  5.709645e-01   3.585415e-16   2.374972e-04   6.060314e-18   4448
  5.717656e-01   3.049766e-16   2.451620e-04   5.186529e-18   4752
  5.726098e-01   3.376710e-16   2.567919e-04   6.149578e-18   4356
  5.734975e-01   3.257874e-16   2.471144e-04   5.477932e-18   5232
  5.743802e-01   3.069612e-16   2.490294e-04   5.373906e-18   4548
  5.752360e-01   3.131500e-16   2.420880e-04   5.345899e-18   4608
  5.760714e-01   3.088577e-16   2.199174e-04   5.996161e-18   3936
  5.768601e-01   3.118692e-16   2.628653e-04   5.834870e-18   4260
  5.777463e-01   3.005676e-16   2.356625e-04   5.231491e-18   5004
  5.785566e-01   3.071533e-16   2.328745e-04   5.832340e-18   4224
  5.794451e-01   2.967248e-16   2.515970e-04   5.292649e-18   4788
  5.803082e-01   3.051171e-16   2.645973e-04   5.595305e-18   4428
  5.811490e-01   2.800189e-16   2.211067e-04   5.364716e-18   4080
  5.819585e-01   2.953635e-16   2.417600e-04   4.897645e-18   4632
  5.828107e-01   2.768209e-16   2.514119e-04   5.408089e-18   4056
  5.837066e-01   2.734966e-16   2.367087e-04   4.794001e-18   4536
  5.845252e-01   2.906759e-16   2.414273e-04   5.148814e-18   4668
  5.854216e-01   2.525975e-16   2.587670e-04   4.614861e-18   4604
  5.862946e-01   2.729065e-16   2.325046e-04   5.088538e-18   4152
  5.871003e-01   2.692152e-16   2.253339e-04   5.073718e-18   4224
  5.879544e-01   2.524834e-16   2.166417e-04   4.832999e-18   4152
  5.888077e-01   2.783252e-16   2.457430e-04   5.122416e-18   4224
  5.896373e-01   2.601157e-16   2.272627e-04   4.877891e-18   3960
  5.904364e-01   2.514394e-16   2.345207e-04   4.388602e-18   4656
  5.913093e-01   2.431047e-16   2.530431e-04   4.428160e-18   4452
  5.922043e-01   2.363874e-16   2.572601e-04   4.655127e-18   4056
  5.930372e-01   2.429886e-16   2.549134e-04   4.686635e-18   4212
  5.938810e-01   2.572244e-16   2.118438e-04   5.340879e-18   3432
  5.947361e-01   2.343019e-16   2.710099e-04   4.042689e-18   5352
  5.955718e-01   2.407365e-16   1.984824e-04   5.037228e-18   3600
  5.964815e-01   2.295335e-16   2.189297e-04   4.236859e-18   4584
  5.972758e-01   2.375010e-16   2.182850e-04   4.868979e-18   3768
  5.980940e-01   2.236604e-16   2.330224e-04   4.561709e-18   3848
  5.989107e-01   2.288422e-16   2.136550e-04   4.834277e-18   3720
  5.998368e-01   2.106595e-16   2.681687e-04   3.789729e-18   4764
  6.006544e-01   2.228343e-16   2.159502e-04   4.129445e-18   3864
  6.014940e-01   2.275017e-16   2.674804e-04   4.282365e-18   4332
  6.024099e-01   2.153427e-16   2.283640e-04   4.164158e-18   3792
  6.032282e-01   2.022063e-16   2.590324e-04   3.829011e-18   4284
  6.040954e-01   2.051573e-16   2.452751e-04   4.607043e-18   3840
  6.049162e-01   1.869453e-16   2.334698e-04   3.952272e-18   3480
  6.057497e-01   1.981355e-16   2.605074e-04   3.562307e-18   4380
  6.066508e-01   2.041723e-16   2.447011e-04   3.996866e-18   4200
  6.075361e-01   2.073628e-16   2.352025e-04   3.993842e-18   4056
  6.083583e-01   1.910300e-16   2.363879e-04   4.241794e-18   3600
  6.091287e-01   1.938862e-16   2.355235e-04   3.978780e-18   3492
  6.100287e-01   1.838238e-16   2.750382e-04   3.614871e-18   4500
  6.109470e-01   2.008079e-16   2.409706e-04   4.301715e-18   3516
  6.117362e-01   2.011896e-16   2.519124e-04   4.149004e-18   3968
  6.126208e-01   1.843730e-16   2.421097e-04   3.967069e-18   3648
  6.134038e-01   1.818885e-16   2.315237e-04   3.720719e-18   4224
  6.142915e-01   1.682352e-16   2.598645e-04   3.719967e-18   3588
  6.151244e-01   1.799116e-16   2.396946e-04   3.948131e-18   3456
  6.159625e-01   1.645968e-16   2.128784e-04   3.630510e-18   3660
  6.168286e-01   1.719279e-16   2.336590e-04   3.589622e-18   3768
  6.176358e-01   1.768433e-16   2.362982e-04   3.705174e-18   3744
  6.185028e-01   1.666599e-16   2.593761e-04   3.379285e-18   4176
  6.194250e-01   1.826267e-16   2.392460e-04   3.917393e-18   3612
  6.201873e-01   1.655937e-16   2.599944e-04   3.837124e-18   3216
  6.210597e-01   1.615282e-16   2.513703e-04   3.661072e-18   3624
  6.219368e-01   1.595364e-16   2.363707e-04   3.321954e-18   3744
  6.227845e-01   1.659430e-16   2.522057e-04   3.611704e-18   3672
  6.236208e-01   1.610831e-16   2.287068e-04   3.499265e-18   3852
  6.244844e-01   1.654835e-16   2.353920e-04   3.617180e-18   3672
  6.254030e-01   1.589023e-16   2.293505e-04   4.046866e-18   3248
  6.261702e-01   1.381067e-16   2.347565e-04   3.177180e-18   3336
  6.270076e-01   1.394556e-16   2.389611e-04   3.076675e-18   3576
  6.278638e-01   1.512740e-16   2.028565e-04   3.400060e-18   3336
  6.287362e-01   1.504502e-16   2.409579e-04   3.159650e-18   3936
  6.295969e-01   1.519596e-16   2.566269e-04   3.445815e-18   3408
  6.304507e-01   1.510305e-16   2.260925e-04   3.603259e-18   3336
  6.312802e-01   1.177951e-16   2.539536e-04   2.833956e-18   3312
  6.321094e-01   1.398686e-16   2.571308e-04   3.510140e-18   3432
  6.329927e-01   1.445998e-16   2.229221e-04   3.713476e-18   3144
  6.337985e-01   1.355166e-16   2.420042e-04   3.156072e-18   3456
  6.347053e-01   1.328756e-16   2.325937e-04   2.800912e-18   3792
  6.355244e-01   1.413183e-16   2.284723e-04   3.663530e-18   2868
  6.364094e-01   1.228534e-16   2.366964e-04   2.573600e-18   3888
  6.372365e-01   1.162937e-16   2.055262e-04   2.929805e-18   2784
  6.380507e-01   1.245260e-16   2.347167e-04   3.441468e-18   2964
  6.389401e-01   1.285959e-16   2.417122e-04   2.993474e-18   3432
  6.397867e-01   1.238428e-16   2.501965e-04   2.843268e-18   3416
  6.406434e-01   1.267774e-16   2.674381e-04   2.943572e-18   3528
  6.415202e-01   1.314512e-16   2.146381e-04   3.325882e-18   2904
  6.422958e-01   1.134748e-16   2.406723e-04   2.870379e-18   3072
  6.431978e-01   1.107762e-16   2.703026e-04   2.634922e-18   3216
  6.440996e-01   1.118477e-16   2.189164e-04   2.985248e-18   2844
  6.448912e-01   1.126526e-16   2.505096e-04   2.817384e-18   3432
  6.457040e-01   1.270886e-16   2.013505e-04   3.368919e-18   2880
  6.466118e-01   1.145184e-16   2.667176e-04   2.861096e-18   3576
  6.474671e-01   1.221327e-16   2.384081e-04   3.379540e-18   2700
  6.482861e-01   1.053480e-16   2.677915e-04   2.723990e-18   3000
  6.491436e-01   9.948686e-17   2.223467e-04   2.774482e-18   2556
  6.499763e-01   1.108140e-16   2.383114e-04   2.758884e-18   3360
  6.508373e-01   1.109332e-16   2.315574e-04   2.775057e-18   3120
  6.517650e-01   1.105244e-16   2.726165e-04   2.956081e-18   3216
  6.525636e-01   1.151839e-16   1.922690e-04   3.133820e-18   2628
  6.534614e-01   9.762291e-17   2.541519e-04   2.576475e-18   3200
  6.542803e-01   9.240067e-17   2.397679e-04   2.621725e-18   2232
  6.551074e-01   9.136179e-17   2.736875e-04   2.648689e-18   3108
  6.559309e-01   1.177762e-16   2.404187e-04   3.486324e-18   2604
  6.567735e-01   1.083740e-16   2.589990e-04   2.792146e-18   3096
  6.577005e-01   1.004916e-16   2.359820e-04   2.759035e-18   3084
  6.585047e-01   9.220140e-17   2.408160e-04   2.617880e-18   2664
  6.593337e-01   9.608148e-17   2.123619e-04   3.081934e-18   2232
  6.601458e-01   7.789974e-17   2.615978e-04   2.307455e-18   2808
  6.610352e-01   9.828878e-17   2.471197e-04   3.010105e-18   2592
  6.618655e-01   1.073071e-16   2.536980e-04   3.022690e-18   2952
  6.627380e-01   8.845451e-17   2.395220e-04   2.517104e-18   2772
  6.635862e-01   8.825616e-17   2.575909e-04   2.444867e-18   3036
  6.644738e-01   8.635778e-17   2.498645e-04   2.831317e-18   2136
  6.652829e-01   7.322430e-17   1.992675e-04   2.393327e-18   2496
  6.661138e-01   9.235195e-17   2.654094e-04   3.031479e-18   2228
  6.669802e-01   9.861605e-17   2.474467e-04   2.873348e-18   3048
  6.678426e-01   8.964237e-17   2.363683e-04   2.826169e-18   2676
  6.686995e-01   7.766382e-17   2.354750e-04   2.283765e-18   2784
  6.695185e-01   8.070835e-17   2.287645e-04   2.645511e-18   1920
  6.703399e-01   7.061376e-17   2.441470e-04   2.146185e-18   2400
  6.712300e-01   7.070761e-17   2.239332e-04   2.196958e-18   2532
  6.721505e-01   8.555142e-17   2.487362e-04   2.793309e-18   2544
  6.729786e-01   9.388604e-17   2.602118e-04   2.926927e-18   2772
  6.737945e-01   7.266734e-17   2.437306e-04   2.651204e-18   2160
  6.746047e-01   7.859345e-17   2.625210e-04   2.603086e-18   2304
  6.755422e-01   7.002821e-17   2.568904e-04   2.469437e-18   2328
  6.763826e-01   5.870065e-17   2.463036e-04   2.043381e-18   2304
  6.771610e-01   6.180672e-17   2.329142e-04   2.222966e-18   1908
  6.780465e-01   9.107310e-17   2.604996e-04   3.119568e-18   2736
  6.788994e-01   8.040833e-17   2.468231e-04   2.866784e-18   2448
  6.798065e-01   7.613840e-17   2.307663e-04   2.555101e-18   2040
  6.806273e-01   5.385909e-17   2.402748e-04   2.139372e-18   2120
  6.814166e-01   6.908553e-17   1.992121e-04   2.458126e-18   2040
  6.822662e-01   5.549981e-17   2.471585e-04   2.284763e-18   2208
  6.832277e-01   8.068651e-17   2.219109e-04   3.023791e-18   2208
  6.840064e-01   9.297450e-17   2.459196e-04   3.342289e-18   2196
  6.848112e-01   5.111947e-17   2.163266e-04   2.018989e-18   1848
  6.856301e-01   6.610101e-17   2.453429e-04   2.612297e-18   2124
  6.865460e-01   5.792483e-17   2.573595e-04   1.966155e-18   2328
  6.874404e-01   5.776992e-17   2.620143e-04   2.409558e-18   1920
  6.883100e-01   5.278088e-17   2.405262e-04   2.212712e-18   1548
  6.890833e-01   7.726242e-17   2.638497e-04   2.734358e-18   2388
  6.899956e-01   5.506531e-17   2.441618e-04   2.304972e-18   2160
  6.908310e-01   5.568655e-17   2.222335e-04   2.395578e-18   1704
  6.916314e-01   5.183050e-17   2.503658e-04   2.333351e-18   1776
  6.923886e-01   5.042499e-17   2.341856e-04   2.224815e-18   1800
  6.933460e-01   4.473883e-17   2.703456e-04   1.885240e-18   1700
  6.942403e-01   6.983547e-17   2.434138e-04   2.938429e-18   2292
  6.950731e-01   5.700697e-17   2.259603e-04   2.619797e-18   1704
  6.958590e-01   5.646187e-17   2.526614e-04   2.544374e-18   1728
  6.967197e-01   4.494622e-17   2.338439e-04   2.056008e-18   1728
  6.975632e-01   5.586832e-17   2.336239e-04   2.566886e-18   1680
  6.984603e-01   3.535551e-17   2.691417e-04   1.683528e-18   1704
  6.993542e-01   3.806829e-17   2.113568e-04   1.518372e-18   1752
  7.001534e-01   6.126160e-17   2.512631e-04   3.040213e-18   1872
  7.010180e-01   5.134712e-17   2.462655e-04   2.695292e-18   1500
  7.018952e-01   4.474878e-17   2.156415e-04   2.224368e-18   1656
  7.027470e-01   4.530384e-17   2.312087e-04   1.927093e-18   1464
  7.035040e-01   3.009753e-17   2.025156e-04   1.657610e-18   1488
  7.044325e-01   3.741779e-17   2.444213e-04   1.554926e-18   1680
  7.052811e-01   4.683481e-17   2.553590e-04   2.445822e-18   1692
  7.060753e-01   4.198240e-17   2.445192e-04   2.491602e-18   1128
  7.069565e-01   3.936921e-17   2.354508e-04   1.972570e-18   1536
  7.078161e-01   3.117796e-17   2.454338e-04   1.721438e-18   1616
  7.086864e-01   3.027033e-17   2.366751e-04   1.663205e-18   1476
  7.095637e-01   3.045566e-17   2.604667e-04   2.141109e-18   1176
  7.103467e-01   3.113941e-17   2.798437e-04   1.361248e-18   1656
  7.111995e-01   3.712838e-17   2.458168e-04   3.095674e-18   891
  7.120785e-01   2.888034e-17   2.620429e-04   1.330938e-18   1596
  7.129351e-01   2.450492e-17   2.285084e-04   1.513918e-18   1422
  7.137799e-01   2.672700e-17   2.191242e-04   1.337494e-18   1254
  7.145746e-01   1.884315e-17   2.238603e-04   9.960904e-19   918
  7.154260e-01   2.677185e-17   2.450016e-04   1.155165e-18   1614
  7.162836e-01   2.153948e-17   2.116357e-04   1.512943e-18   798
  7.171363e-01   1.968957e-17   2.712918e-04   1.014775e-18   1458
  7.180010e-01   2.122962e-17   2.484128e-04   9.647918e-19   1374
  7.188557e-01   1.680023e-17   2.121611e-04   1.104633e-18   984
  7.197034e-01   1.966438e-17   2.919043e-04   9.755886e-19   1062
  7.205669e-01   2.317594e-17   2.474440e-04   1.148923e-18   1246
  7.214055e-01   1.333908e-17   2.294417e-04   7.043402e-19   1072
  7.223013e-01   1.451794e-17   2.484706e-04   8.938991e-19   1110
  7.231291e-01   2.053440e-17   2.691818e-04   1.068021e-18   1254
  7.239992e-01   1.552820e-17   2.554678e-04   8.810958e-19   1032
  7.249475e-01   1.798076e-17   2.366890e-04   1.349025e-18   786
  7.256685e-01   1.691964e-17   2.426573e-04   7.855080e-19   1152
  7.265129e-01   1.383160e-17   2.644723e-04   7.984876e-19   1086
  7.273926e-01   9.552638e-18   2.386131e-04   3.595408e-19   912
  7.282057e-01   2.136027e-17   2.391874e-04   1.034847e-18   1062
  7.290355e-01   1.064616e-17   2.384121e-04   4.352265e-19   912
  7.299945e-01   9.631357e-18   2.661461e-04   5.800968e-19   750
  7.307419e-01   1.558247e-17   2.564338e-04   7.169167e-19   1200
  7.316069e-01   1.094126e-17   2.322209e-04   6.062127e-19   918
  7.324668e-01   8.817073e-18   2.410375e-04   4.750623e-19   876
  7.333405e-01   1.584175e-17   2.106185e-04   7.527880e-19   870
  7.341057e-01   1.125415e-17   2.456529e-04   5.374805e-19   768
  7.350026e-01   7.436250e-18   2.251539e-04   3.880481e-19   830
  7.358332e-01   1.131174e-17   2.331169e-04   5.534612e-19   1080
  7.366934e-01   9.612153e-18   2.622870e-04   4.638671e-19   840
  7.375605e-01   7.898345e-18   2.525535e-04   3.639243e-19   798
  7.385438e-01   1.375983e-17   2.004556e-04   7.428964e-19   792
  7.393065e-01   8.239120e-18   2.337962e-04   4.213752e-19   726
  7.401066e-01   5.999089e-18   2.619817e-04   2.091640e-19   864
  7.409831e-01   9.326474e-18   2.242503e-04   5.183494e-19   900
  7.418717e-01   7.089352e-18   2.492237e-04   2.912311e-19   726
  7.426340e-01   6.852647e-18   2.156923e-04   3.021037e-19   576
  7.436510e-01   9.182986e-18   2.244662e-04   4.670140e-19   840
  7.443665e-01   7.102630e-18   2.330099e-04   3.641839e-19   750
  7.452141e-01   6.387486e-18   2.337175e-04   2.781739e-19   720
  7.460137e-01   7.989258e-18   2.364407e-04   4.234184e-19   702
  7.469474e-01   7.161604e-18   2.582250e-04   3.263971e-19   696
  7.477159e-01   7.153582e-18   2.309338e-04   3.760880e-19   480
  7.486215e-01   7.084592e-18   2.188193e-04   4.207491e-19   830
  7.494233e-01   6.736692e-18   2.545577e-04   3.309156e-19   756
  7.503217e-01   6.324908e-18   2.444202e-04   2.971403e-19   624
  7.511146e-01   5.465674e-18   2.582642e-04   3.103098e-19   582
  7.520520e-01   6.576614e-18   1.982236e-04   3.312802e-19   576
  7.528627e-01   5.356078e-18   2.654862e-04   2.404432e-19   624
  7.536941e-01   6.031810e-18   2.168225e-04   2.783942e-19   702
  7.545169e-01   5.641225e-18   2.494039e-04   2.877029e-19   624
  7.554942e-01   5.810551e-18   2.412815e-04   2.544379e-19   672
  7.562902e-01   4.392113e-18   1.806218e-04   2.424610e-19   342
  7.571647e-01   5.580801e-18   2.258010e-04   2.815014e-19   660
  7.579685e-01   4.644112e-18   2.321137e-04   2.482472e-19   576
  7.587987e-01   4.842331e-18   2.256613e-04   2.472398e-19   600
  7.596378e-01   4.306136e-18   2.610083e-04   2.581603e-19   510
  7.605817e-01   5.067829e-18   2.445257e-04   2.203739e-19   600
  7.613097e-01   3.928304e-18   1.947554e-04   2.583560e-19   216
  7.621574e-01   4.154644e-18   2.370511e-04   1.875698e-19   758
  7.631457e-01   3.909476e-18   2.595205e-04   2.065542e-19   576
  7.640119e-01   4.546155e-18   2.203259e-04   2.214791e-19   528
  7.647935e-01   4.394396e-18   1.517259e-04   3.174516e-19   318
  7.656331e-01   4.805902e-18   2.621079e-04   2.382881e-19   540
  7.666261e-01   2.159998e-18   1.853063e-04   1.075412e-19   384
  7.672989e-01   3.950891e-18   2.560288e-04   2.001623e-19   576
  7.681747e-01   3.040447e-18   2.092230e-04   1.788229e-19   414
  7.690029e-01   4.450459e-18   2.336337e-04   2.489708e-19   504
  7.698874e-01   3.606264e-18   2.564753e-04   1.915299e-19   312
  7.707371e-01   3.731058e-18   2.323698e-04   2.148831e-19   414
  7.715801e-01   3.043755e-18   2.146724e-04   1.651238e-19   432
  7.723646e-01   3.176336e-18   2.843028e-04   1.513049e-19   504
  7.732727e-01   3.438748e-18   2.738155e-04   2.013681e-19   432
  7.741226e-01   3.354426e-18   2.242960e-04   1.855440e-19   354
  7.749886e-01   4.091632e-18   3.263780e-04   3.584177e-19   200
  7.757313e-01   2.954838e-18   2.315757e-04   1.441493e-19   480
  7.767349e-01   3.030564e-18   2.646260e-04   1.482511e-19   552
  7.776554e-01   3.320081e-18   1.648409e-04   2.414343e-19   366
  7.783648e-01   3.106211e-18   1.754814e-04   2.667054e-19   240
  7.791457e-01   3.435017e-18   2.453301e-04   1.801117e-19   288
  7.802446e-01   2.886191e-18   1.686051e-04   1.553497e-19   366
  7.809550e-01   2.416843e-18   2.733622e-04   1.242904e-19   408
  7.817480e-01   2.722966e-18   2.054978e-04   1.852468e-19   360
  7.825685e-01   2.945331e-18   1.915583e-04   1.636730e-19   324
  7.833643e-01   2.774847e-18   2.262365e-04   2.165005e-19   174
  7.843121e-01   2.789804e-18   2.599139e-04   1.719907e-19   264
  7.852018e-01   2.489791e-18   2.370543e-04   1.320878e-19   456
  7.860890e-01   2.519820e-18   2.383673e-04   1.239121e-19   360
  7.868184e-01   2.302372e-18   2.625845e-04   1.366593e-19   270
  7.877116e-01   2.924988e-18   2.871894e-04   1.793751e-19   240
  7.888307e-01   3.008780e-18   2.092834e-04   2.728903e-19   120
  7.893808e-01   1.662135e-18   2.184848e-04   9.424397e-20   320
  7.902688e-01   2.291282e-18   2.703374e-04   1.159855e-19   462
  7.911989e-01   2.508686e-18   1.572842e-04   1.636480e-19   276
  7.920070e-01   2.214502e-18   1.784365e-04   2.079015e-19   144
  7.927854e-01   3.402388e-18   1.873931e-04   3.042382e-19   120
  7.938201e-01   1.618804e-18   1.419059e-04   9.499541e-20   294
  7.946021e-01   2.137825e-18   2.517486e-04   1.208395e-19   384
  7.953317e-01   2.189276e-18   1.666559e-04   1.671312e-19   216
  7.960300e-01   2.657864e-18   1.547682e-04   1.950531e-19   168
  7.968189e-01   2.410766e-18   1.841494e-04   2.329943e-19   102
  7.979594e-01   2.325720e-18   2.793910e-04   1.736770e-19   168
  7.987590e-01   2.017765e-18   2.445344e-04   1.072465e-19   384
  7.996356e-01   2.143653e-18   2.484531e-04   1.385269e-19   300
  8.004513e-01   2.203229e-18   2.660394e-04   1.347340e-19   144
  8.013710e-01   2.265566e-18   2.724619e-04   2.167368e-19   102
  8.024745e-01   2.798061e-18   6.449779e-05   2.898721e-19   56
  8.030032e-01   1.639593e-18   2.099880e-04   1.015423e-19   288
  8.038324e-01   1.723020e-18   2.732724e-04   8.364037e-20   360
  8.047352e-01   2.192918e-18   1.465920e-04   1.747753e-19   126
  8.054959e-01   2.346339e-18   7.219820e-05   2.803614e-19   72
  8.063251e-01   2.178008e-18   3.825072e-05   3.683033e-19   48
  8.074069e-01   1.577815e-18   1.547423e-04   9.335587e-20   240
  8.081179e-01   1.696513e-18   2.295968e-04   9.196594e-20   306
  8.088457e-01   1.575217e-18   1.276047e-04   1.263234e-19   120
  8.096841e-01   2.121427e-18   3.140524e-04   2.404446e-19   96
  8.102934e-01   1.784958e-18   0.000000e+00   3.456664e-19   24
  8.116625e-01   1.464348e-18   2.719614e-04   1.134552e-19   120
  8.123333e-01   1.674513e-18   2.351967e-04   9.538747e-20   318
  8.131540e-01   1.768648e-18   2.513397e-04   1.481276e-19   168
  8.140529e-01   1.960899e-18   2.697157e-04   2.589108e-19   72
  8.150375e-01   2.350120e-18   0.000000e+00   5.342692e-19   24
  8.160963e-01   2.064702e-18   1.309209e-04   4.399787e-19   14
  8.166001e-01   1.415730e-18   2.064915e-04   1.027057e-19   288
  8.173825e-01   1.440560e-18   2.484205e-04   1.015058e-19   204
  8.182854e-01   1.606676e-18   3.769163e-05   2.155064e-19   48
  8.190012e-01   2.743867e-18   0.000000e+00   4.969402e-19   24
  8.198293e-01   1.430104e-18   0.000000e+00   4.179056e-19   6
  8.210197e-01   1.403436e-18   1.543841e-04   1.067327e-19   216
  8.216331e-01   1.964411e-18   2.055974e-04   1.469900e-19   192
  8.223835e-01   1.536957e-18   3.750381e-05   1.881948e-19   48
  8.231707e-01   1.363968e-18   2.996618e-04   2.416202e-19   30
  8.253970e-01   1.401514e-18   6.196711e-05   1.101319e-19   96
  8.258541e-01   1.386052e-18   2.030500e-04   8.085905e-20   228
  8.267225e-01   1.675412e-18   2.655246e-04   1.999927e-19   72
  8.277664e-01   4.296306e-18   0.000000e+00   2.031496e-18   6
  8.301440e-01   1.531138e-18   2.004855e-04   9.174525e-20   248
  8.309027e-01   1.530582e-18   2.294661e-04   2.097686e-19   72
  8.318179e-01   1.106787e-18   1.271566e-08   2.779647e-19   6
  8.345842e-01   1.373545e-18   1.424677e-04   8.350168e-20   180
  8.351359e-01   1.670532e-18   1.938498e-04   2.522904e-19   72
  8.359234e-01   2.080309e-18   0.000000e+00   3.950185e-19   6
  8.389986e-01   1.328853e-18   6.096248e-05   1.124590e-19   96
  8.393661e-01   1.589880e-18   1.673676e-04   1.417364e-19   96
  8.400824e-01   1.340837e-18   0.000000e+00   3.483184e-19   6
  8.436361e-01   1.409183e-18   1.601837e-04   9.052750e-20   140
  8.442939e-01   2.232453e-18   0.000000e+00   5.481712e-19   6
  8.481027e-01   1.206803e-18   1.075705e-04   1.018840e-19   96
  8.485572e-01   6.759933e-19   0.000000e+00   1.690725e-19   6
  8.525822e-01   1.718690e-18   6.471255e-05   2.073600e-19   60
  8.528715e-01   2.127076e-18   0.000000e+00   6.644499e-19   6
  8.570997e-01   8.925682e-19   6.560518e-05   1.279825e-19   38
  8.616024e-01   7.789040e-19   3.374897e-05   1.404086e-19   18
  8.661129e-01   3.315145e-19   1.271566e-08   1.015347e-19   6
