# power spectrum of pi_k
# redshift z=48.519767
# k              Pk             sigma(k)       sigma(Pk)      count
  7.853982e-03   1.472612e-10   0.000000e+00   5.935885e-11   6
  1.110721e-02   8.128696e-11   0.000000e+00   1.622660e-11   12
  1.360350e-02   5.806968e-11   1.490116e-10   1.181909e-11   8
  1.570796e-02   1.844042e-10   0.000000e+00   1.984280e-11   6
  1.756204e-02   1.228252e-10   2.809790e-10   3.915537e-11   24
  1.923825e-02   1.685496e-10   2.809790e-10   2.839924e-11   24
  2.221441e-02   6.968949e-11   0.000000e+00   3.136585e-11   12
  2.356194e-02   7.814900e-11   3.178914e-10   1.439022e-11   30
  2.483647e-02   9.459967e-11   0.000000e+00   2.084693e-11   24
  2.604871e-02   8.360621e-11   4.866699e-10   2.072606e-11   24
  2.720699e-02   9.465993e-11   2.980232e-10   1.918562e-11   8
  2.831793e-02   7.790031e-11   3.973643e-10   9.680006e-12   24
  2.938691e-02   7.128600e-11   0.000000e+00   1.001856e-11   48
  3.141593e-02   8.018416e-11   0.000000e+00   3.525614e-11   6
  3.238280e-02   6.262561e-11   3.973643e-10   8.792820e-12   48
  3.332162e-02   5.678772e-11   3.746387e-10   5.907977e-12   36
  3.423471e-02   7.988952e-11   3.973643e-10   1.670785e-11   24
  3.512407e-02   4.596239e-11   5.619580e-10   7.909921e-12   24
  3.599147e-02   4.036074e-11   0.000000e+00   5.487304e-12   48
  3.683844e-02   6.143147e-11   5.619580e-10   8.744326e-12   24
  3.847649e-02   4.734529e-11   5.619580e-10   7.445927e-12   24
  3.926991e-02   3.185098e-11   0.000000e+00   5.213765e-12   30
  4.004761e-02   3.354101e-11   0.000000e+00   3.702649e-12   72
  4.081049e-02   3.230332e-11   5.960464e-10   6.579625e-12   32
  4.229499e-02   4.204242e-11   0.000000e+00   4.874630e-12   72
  4.301803e-02   2.535547e-11   0.000000e+00   3.707271e-12   48
  4.442883e-02   1.321324e-11   0.000000e+00   3.930150e-12   12
  4.545694e-02   2.431143e-11   3.392498e-04   2.253154e-12   96
  4.646478e-02   2.992368e-11   5.619580e-10   3.775806e-12   48
  4.712389e-02   3.572466e-11   6.357829e-10   6.261106e-12   30
  4.825487e-02   3.208258e-11   2.776864e-04   3.012906e-12   96
  4.967294e-02   1.887842e-11   0.000000e+00   3.583932e-12   24
  5.049322e-02   2.649762e-11   2.873674e-04   2.148345e-12   144
  5.150200e-02   1.832849e-11   9.733398e-10   4.500759e-12   24
  5.253894e-02   2.698324e-11   2.549103e-04   3.076581e-12   96
  5.326830e-02   2.353806e-11   0.000000e+00   3.623145e-12   48
  5.490511e-02   2.854107e-11   1.890362e-04   3.219221e-12   62
  5.573699e-02   2.069133e-11   2.658311e-04   2.499761e-12   132
  5.663587e-02   1.356756e-11   7.947286e-10   2.419355e-12   24
  5.748465e-02   2.118757e-11   2.656931e-04   1.798334e-12   168
  5.903504e-02   2.458814e-11   2.612221e-04   2.053975e-12   96
  6.019922e-02   1.651169e-11   2.223241e-04   1.558932e-12   96
  6.162770e-02   1.721005e-11   2.478098e-04   1.418817e-12   168
  6.283185e-02   2.326536e-11   0.000000e+00   1.022293e-11   6
  6.332082e-02   1.898470e-11   0.000000e+00   1.840599e-12   96
  6.390236e-02   1.811126e-11   1.926248e-04   1.784913e-12   120
  6.508191e-02   1.437426e-11   2.236718e-04   1.136619e-12   144
  6.571112e-02   1.663523e-11   0.000000e+00   2.242152e-12   48
  6.690679e-02   1.461765e-11   2.282370e-04   1.576316e-12   84
  6.756250e-02   1.607742e-11   1.557344e-09   1.442425e-12   120
  6.815306e-02   1.241209e-11   2.071087e-04   1.424821e-12   80
  6.906710e-02   1.170488e-11   2.102834e-04   8.585442e-13   144
  7.024815e-02   1.457113e-11   1.123916e-09   2.702676e-12   24
  7.082503e-02   1.590106e-11   2.029143e-04   1.327137e-12   150
  7.172508e-02   1.419675e-11   2.105350e-04   1.035960e-12   120
  7.271349e-02   1.273100e-11   1.918583e-04   1.075693e-12   168
  7.367688e-02   1.884909e-11   1.123916e-09   3.152586e-12   24
  7.428300e-02   1.099080e-11   2.066893e-04   6.971665e-13   264
  7.492221e-02   8.640771e-12   1.123916e-09   1.211126e-12   48
  7.601180e-02   1.114147e-11   1.914474e-04   9.192955e-13   144
  7.721950e-02   1.343911e-11   1.884480e-04   1.646421e-12   72
  7.790872e-02   1.053560e-11   1.938424e-04   6.729085e-13   180
  7.887219e-02   1.095688e-11   1.404521e-04   8.179797e-13   198
  7.932133e-02   1.148830e-11   0.000000e+00   1.258156e-12   48
  8.031473e-02   9.132843e-12   1.901059e-04   6.876941e-13   168
  8.105195e-02   1.067641e-11   1.902639e-04   9.747126e-13   144
  8.216723e-02   9.835993e-12   2.673312e-04   5.136350e-13   248
  8.367327e-02   6.846622e-12   1.843033e-04   4.812101e-13   192
  8.469881e-02   8.794824e-12   2.846833e-04   5.782346e-13   240
  8.531608e-02   9.472364e-12   0.000000e+00   1.026857e-12   72
  8.625752e-02   9.655929e-12   1.737259e-04   8.419612e-13   126
  8.685144e-02   1.014053e-11   1.602857e-04   8.008091e-13   168
  8.798545e-02   9.301311e-12   1.752705e-04   5.194612e-13   288
  8.917744e-02   8.305029e-12   9.231163e-05   7.076582e-13   156
  8.979471e-02   7.017633e-12   1.552950e-04   6.116565e-13   168
  9.073079e-02   7.310359e-12   2.662258e-04   4.474522e-13   264
  9.159238e-02   6.757710e-12   0.000000e+00   8.325277e-13   48
  9.223262e-02   6.735022e-12   2.649592e-04   4.409735e-13   264
  9.315043e-02   6.755014e-12   1.561767e-04   5.605378e-13   144
  9.384360e-02   7.403410e-12   3.195296e-04   8.444201e-13   78
  9.485335e-02   5.913513e-12   2.077074e-04   3.259021e-13   336
  9.580557e-02   5.405300e-12   1.580315e-04   3.665768e-13   200
  9.643092e-02   5.214083e-12   3.094279e-04   3.971167e-13   192
  9.727517e-02   6.380459e-12   1.552787e-04   4.535445e-13   240
  9.805078e-02   6.690977e-12   3.111877e-04   4.609537e-13   168
  9.884759e-02   5.449469e-12   2.491457e-04   4.683994e-13   120
  9.980457e-02   5.944318e-12   1.947292e-04   3.167428e-13   324
  1.007331e-01   5.264665e-12   1.530902e-04   3.591409e-13   192
  1.013651e-01   5.853508e-12   2.745589e-04   4.235160e-13   168
  1.024401e-01   4.310543e-12   2.261345e-04   2.372109e-13   342
  1.034094e-01   5.839805e-12   1.820838e-04   2.994418e-13   336
  1.043919e-01   6.371666e-12   1.393419e-04   7.058793e-13   72
  1.050544e-01   5.051957e-12   2.228587e-04   3.363144e-13   288
  1.058235e-01   4.968934e-12   1.451409e-04   3.601072e-13   264
  1.068977e-01   4.353105e-12   1.908961e-04   2.354121e-13   384
  1.078598e-01   4.507618e-12   2.291250e-04   3.371649e-13   240
  1.082597e-01   4.727966e-12   0.000000e+00   5.773481e-13   48
  1.094162e-01   4.593806e-12   1.875538e-04   2.314877e-13   392
  1.102985e-01   4.191077e-12   2.058309e-04   2.380858e-13   294
  1.112472e-01   4.118961e-12   1.337793e-04   3.060184e-13   228
  1.118712e-01   4.848333e-12   2.031635e-04   3.166632e-13   216
  1.126476e-01   4.003824e-12   1.237531e-04   2.115288e-13   336
  1.135979e-01   4.221352e-12   1.470390e-04   2.410967e-13   360
  1.143824e-01   4.537923e-12   2.240245e-04   2.800125e-13   240
  1.151999e-01   4.120723e-12   2.650723e-04   2.887940e-13   168
  1.159625e-01   3.785247e-12   2.086441e-04   2.151659e-13   312
  1.168709e-01   3.741079e-12   1.305768e-04   1.902225e-13   336
  1.178523e-01   4.010897e-12   1.781309e-04   2.436253e-13   294
  1.185923e-01   4.485162e-12   2.374121e-04   2.761720e-13   288
  1.191585e-01   3.136775e-12   1.485567e-04   2.047749e-13   264
  1.201682e-01   3.615313e-12   2.551823e-04   1.830136e-13   480
  1.210124e-01   3.991736e-12   1.248343e-04   2.383865e-13   240
  1.220474e-01   3.903502e-12   1.262294e-04   2.282857e-13   276
  1.228640e-01   3.630476e-12   2.770985e-04   1.521687e-13   488
  1.238341e-01   4.103316e-12   1.220401e-04   3.620295e-13   240
  1.243972e-01   3.713340e-12   2.369704e-04   1.843039e-13   360
  1.251868e-01   3.113271e-12   8.431050e-05   2.309163e-13   198
  1.262022e-01   3.004201e-12   2.848886e-04   1.305541e-13   480
  1.269457e-01   2.994327e-12   1.051538e-04   1.811532e-13   288
  1.279739e-01   3.420906e-12   2.222711e-04   1.621485e-13   480
  1.288986e-01   3.462437e-12   1.369471e-04   1.468701e-13   480
  1.298482e-01   3.004027e-12   1.771183e-04   2.008552e-13   288
  1.304406e-01   3.370507e-12   1.889527e-04   1.919054e-13   288
  1.313724e-01   3.185636e-12   3.284945e-04   1.540347e-13   456
  1.323107e-01   3.516466e-12   3.093653e-04   1.735755e-13   360
  1.329156e-01   3.119701e-12   1.854426e-04   1.936798e-13   180
  1.337910e-01   2.620701e-12   2.019696e-04   1.115984e-13   486
  1.346784e-01   2.922212e-12   2.686846e-04   1.312358e-13   504
  1.355806e-01   3.095147e-12   2.087544e-04   1.465586e-13   456
  1.363287e-01   2.949507e-12   1.734380e-04   1.724421e-13   296
  1.373170e-01   2.766231e-12   1.711431e-04   1.214741e-13   528
  1.380603e-01   2.772488e-12   1.688738e-04   1.399738e-13   336
  1.391551e-01   2.746798e-12   1.873127e-04   1.136902e-13   600
  1.399564e-01   2.276319e-12   1.097378e-04   1.348299e-13   264
  1.407594e-01   2.654798e-12   1.186684e-04   1.300511e-13   360
  1.415791e-01   2.520664e-12   2.375857e-04   1.097782e-13   630
  1.424823e-01   2.882457e-12   1.226395e-04   1.367358e-13   432
  1.432835e-01   2.733271e-12   2.362954e-04   1.295727e-13   408
  1.442670e-01   2.467221e-12   1.568384e-04   1.331500e-13   324
  1.449986e-01   2.325094e-12   2.235139e-04   8.739169e-14   744
  1.458811e-01   2.221997e-12   1.786845e-04   1.238748e-13   336
  1.467243e-01   2.518756e-12   2.456455e-04   1.097955e-13   528
  1.476489e-01   2.108215e-12   1.253358e-04   1.127673e-13   408
  1.482619e-01   2.039753e-12   2.133217e-04   1.007261e-13   408
  1.492748e-01   2.074456e-12   1.761040e-04   9.356071e-14   470
  1.500126e-01   2.191305e-12   2.115578e-04   9.946823e-14   528
  1.510428e-01   1.858684e-12   1.762850e-04   6.904746e-14   624
  1.518017e-01   2.107053e-12   1.341363e-04   9.754120e-14   504
  1.525845e-01   1.811090e-12   1.868418e-04   7.799900e-14   552
  1.533610e-01   1.965753e-12   9.082694e-05   9.895348e-14   336
  1.543334e-01   2.079885e-12   1.933348e-04   9.105874e-14   528
  1.550866e-01   1.937146e-12   2.201153e-04   7.678113e-14   564
  1.559689e-01   1.813429e-12   2.025929e-04   8.722382e-14   528
  1.569254e-01   1.978949e-12   3.145317e-04   8.643106e-14   582
  1.577952e-01   1.805397e-12   2.421419e-04   7.180858e-14   624
  1.585560e-01   1.742152e-12   2.768148e-04   8.766139e-14   432
  1.594636e-01   1.794235e-12   3.079082e-04   6.113694e-14   816
  1.603976e-01   1.835116e-12   1.403307e-04   1.015841e-13   312
  1.610085e-01   1.597129e-12   2.274371e-04   7.090862e-14   552
  1.619938e-01   1.653669e-12   1.432453e-04   6.135789e-14   744
  1.627075e-01   1.791571e-12   1.338202e-04   9.744827e-14   408
  1.636288e-01   1.543891e-12   1.917702e-04   6.255005e-14   632
  1.645859e-01   1.770151e-12   3.256744e-04   6.546576e-14   750
  1.653644e-01   1.716281e-12   2.240398e-04   9.109517e-14   312
  1.662320e-01   1.594781e-12   3.307635e-04   5.475398e-14   876
  1.670902e-01   1.294759e-12   2.159690e-04   5.370654e-14   552
  1.680571e-01   1.562772e-12   1.786055e-04   6.138340e-14   696
  1.687158e-01   1.554047e-12   1.971466e-04   6.644467e-14   576
  1.696122e-01   1.381277e-12   2.087308e-04   6.388418e-14   576
  1.703773e-01   1.537522e-12   2.797000e-04   6.063946e-14   648
  1.713020e-01   1.513930e-12   2.799621e-04   5.552962e-14   672
  1.723228e-01   1.457556e-12   1.187495e-04   6.926409e-14   480
  1.729762e-01   1.352808e-12   1.838980e-04   4.839605e-14   726
  1.738175e-01   1.483698e-12   2.083803e-04   5.206297e-14   792
  1.747288e-01   1.357800e-12   2.890786e-04   4.967636e-14   768
  1.756892e-01   1.410743e-12   2.362529e-04   5.278419e-14   672
  1.765698e-01   1.362225e-12   1.584735e-04   5.283220e-14   608
  1.772072e-01   1.288683e-12   1.521394e-04   5.075123e-14   624
  1.781167e-01   1.282602e-12   1.977038e-04   4.642602e-14   684
  1.790012e-01   1.295119e-12   2.920315e-04   4.449990e-14   768
  1.798244e-01   1.339327e-12   2.334772e-04   4.586556e-14   744
  1.808054e-01   1.242975e-12   1.470111e-04   4.284207e-14   750
  1.815203e-01   1.162349e-12   2.185124e-04   5.068254e-14   600
  1.822935e-01   1.222903e-12   2.320208e-04   4.947298e-14   600
  1.832487e-01   1.249833e-12   2.673896e-04   3.833983e-14   1008
  1.840073e-01   1.252185e-12   1.483035e-04   4.722683e-14   696
  1.848478e-01   1.281894e-12   1.959155e-04   5.218109e-14   624
  1.856929e-01   1.230588e-12   3.048693e-04   4.539229e-14   840
  1.866529e-01   1.296112e-12   2.074390e-04   4.462138e-14   816
  1.874316e-01   1.153975e-12   1.377859e-04   3.948958e-14   744
  1.882180e-01   1.181534e-12   2.435827e-04   4.952498e-14   510
  1.891680e-01   1.197030e-12   2.338594e-04   3.826725e-14   1020
  1.900521e-01   1.169759e-12   1.887014e-04   3.718402e-14   912
  1.909236e-01   1.197280e-12   2.795717e-04   4.259306e-14   752
  1.916443e-01   1.161347e-12   2.319791e-04   4.454639e-14   888
  1.926277e-01   1.095065e-12   1.496952e-04   3.847730e-14   768
  1.934322e-01   1.103847e-12   2.720094e-04   3.957784e-14   720
  1.943579e-01   1.085953e-12   2.397841e-04   3.461680e-14   1056
  1.951791e-01   1.089243e-12   1.658928e-04   4.737113e-14   504
  1.958519e-01   9.997876e-13   2.590449e-04   3.774264e-14   774
  1.968141e-01   1.044272e-12   2.491327e-04   3.176027e-14   1272
  1.977179e-01   1.062924e-12   1.632211e-04   4.047519e-14   744
  1.985606e-01   9.679549e-13   2.665297e-04   3.456509e-14   768
  1.993337e-01   1.015959e-12   2.254494e-04   3.353856e-14   840
  2.002020e-01   1.049434e-12   1.528486e-04   3.358427e-14   924
  2.010380e-01   1.000529e-12   2.694718e-04   3.264609e-14   936
  2.018597e-01   9.201996e-13   1.872727e-04   3.006905e-14   840
  2.026874e-01   1.009499e-12   2.226454e-04   3.140793e-14   1008
  2.037393e-01   9.126965e-13   2.513459e-04   3.365280e-14   696
  2.043993e-01   8.732464e-13   2.234032e-04   2.785273e-14   974
  2.053799e-01   9.543401e-13   2.967054e-04   2.721442e-14   1152
  2.062324e-01   9.302340e-13   1.161016e-04   3.098908e-14   816
  2.068954e-01   8.432548e-13   2.554105e-04   2.760933e-14   816
  2.077874e-01   8.890930e-13   2.255389e-04   2.554188e-14   1152
  2.087282e-01   8.825866e-13   2.030624e-04   2.798803e-14   912
  2.095836e-01   9.239959e-13   2.467207e-04   2.769289e-14   1056
  2.103161e-01   8.885964e-13   2.109904e-04   3.547883e-14   624
  2.113011e-01   8.301243e-13   2.635547e-04   2.477935e-14   1260
  2.121511e-01   8.509636e-13   1.589650e-04   2.843775e-14   894
  2.129814e-01   8.855349e-13   2.723637e-04   2.393516e-14   1176
  2.138121e-01   7.583192e-13   2.254364e-04   2.802443e-14   840
  2.147575e-01   8.146757e-13   2.562414e-04   2.061917e-14   1440
  2.157503e-01   7.346319e-13   1.440604e-04   2.367734e-14   864
  2.165030e-01   8.185601e-13   2.472147e-04   2.602697e-14   1056
  2.172522e-01   8.221886e-13   1.457545e-04   3.321247e-14   624
  2.181621e-01   7.770089e-13   2.699122e-04   1.995288e-14   1496
  2.190322e-01   7.669036e-13   1.905676e-04   2.881278e-14   936
  2.198068e-01   7.277935e-13   2.758819e-04   2.335121e-14   966
  2.206402e-01   7.177496e-13   1.955564e-04   2.323122e-14   936
  2.215157e-01   7.325013e-13   2.418927e-04   2.005003e-14   1248
  2.224120e-01   6.782308e-13   1.705236e-04   1.974896e-14   1044
  2.232472e-01   6.893227e-13   2.641465e-04   1.939923e-14   1392
  2.239086e-01   6.440725e-13   2.034461e-04   2.463574e-14   600
  2.248549e-01   6.576280e-13   2.311362e-04   1.694845e-14   1416
  2.257421e-01   6.750187e-13   2.487899e-04   1.937005e-14   1152
  2.266411e-01   6.581333e-13   2.386748e-04   2.073190e-14   936
  2.273653e-01   6.599371e-13   2.559904e-04   2.228438e-14   870
  2.282258e-01   6.882054e-13   2.146378e-04   1.987568e-14   1368
  2.291807e-01   6.559755e-13   2.821927e-04   1.686149e-14   1632
  2.299968e-01   6.708020e-13   1.225122e-04   2.350251e-14   816
  2.308802e-01   6.494172e-13   2.795000e-04   1.846053e-14   1200
  2.316509e-01   6.524047e-13   2.672350e-04   1.859722e-14   1184
  2.324339e-01   6.691539e-13   2.028139e-04   2.149190e-14   984
  2.333945e-01   6.176655e-13   2.476149e-04   1.599377e-14   1572
  2.342654e-01   6.673851e-13   1.363658e-04   2.364308e-14   840
  2.350770e-01   5.943001e-13   3.171241e-04   1.552169e-14   1392
  2.359338e-01   5.814657e-13   2.328323e-04   1.788285e-14   1158
  2.366987e-01   6.129908e-13   2.120118e-04   1.712691e-14   1272
  2.376196e-01   6.171145e-13   2.160591e-04   1.676176e-14   1320
  2.384846e-01   5.858305e-13   2.114113e-04   1.808918e-14   1104
  2.393076e-01   5.713247e-13   2.392880e-04   1.601635e-14   1392
  2.401714e-01   5.503931e-13   2.588141e-04   1.570565e-14   1296
  2.410610e-01   5.641797e-13   2.702447e-04   1.500494e-14   1392
  2.418958e-01   5.627627e-13   1.982461e-04   1.688345e-14   1104
  2.426681e-01   5.406862e-13   2.497099e-04   1.428237e-14   1320
  2.437682e-01   5.470285e-13   1.906998e-04   1.454510e-14   1422
  2.444709e-01   5.338740e-13   2.375058e-04   1.562603e-14   1212
  2.452781e-01   5.215712e-13   2.595297e-04   1.403642e-14   1280
  2.461073e-01   5.627788e-13   2.702412e-04   1.570199e-14   1272
  2.469020e-01   5.666158e-13   2.338669e-04   1.394975e-14   1680
  2.478440e-01   4.923902e-13   2.209608e-04   1.466132e-14   1152
  2.487113e-01   5.155131e-13   2.558804e-04   1.253569e-14   1512
  2.496229e-01   5.043897e-13   1.080317e-04   1.701785e-14   912
  2.503436e-01   5.272048e-13   2.723258e-04   1.215853e-14   1680
  2.513021e-01   4.615973e-13   2.412486e-04   1.159752e-14   1518
  2.520125e-01   5.204898e-13   2.233503e-04   1.526272e-14   1056
  2.527608e-01   4.971257e-13   2.255221e-04   1.264166e-14   1344
  2.537281e-01   5.554953e-13   2.421615e-04   1.333599e-14   1680
  2.546033e-01   4.884828e-13   2.386250e-04   1.232273e-14   1656
  2.555597e-01   4.723960e-13   2.028350e-04   1.513798e-14   1140
  2.562777e-01   4.741578e-13   2.348675e-04   1.335933e-14   1368
  2.571225e-01   4.780076e-13   2.671632e-04   1.198494e-14   1656
  2.579812e-01   4.905390e-13   2.736324e-04   1.359958e-14   1448
  2.589160e-01   4.672211e-13   2.570597e-04   1.185184e-14   1422
  2.597793e-01   4.797683e-13   2.837834e-04   1.226291e-14   1512
  2.605177e-01   4.793364e-13   2.163481e-04   1.368989e-14   1296
  2.613720e-01   4.514113e-13   1.975401e-04   1.084441e-14   1824
  2.622956e-01   4.528871e-13   2.561405e-04   1.150624e-14   1464
  2.632286e-01   4.260545e-13   2.285687e-04   9.407785e-15   1824
  2.640944e-01   4.566618e-13   1.817236e-04   1.189292e-14   1416
  2.648477e-01   4.425320e-13   2.661762e-04   1.180490e-14   1392
  2.656609e-01   4.314164e-13   2.456233e-04   1.104089e-14   1464
  2.666530e-01   3.977041e-13   2.401349e-04   1.066676e-14   1524
  2.674197e-01   4.171244e-13   2.212883e-04   1.053882e-14   1686
  2.683058e-01   4.152990e-13   2.634877e-04   1.034151e-14   1800
  2.690674e-01   4.438383e-13   2.091841e-04   1.301635e-14   1344
  2.699123e-01   4.298285e-13   2.440543e-04   1.146387e-14   1656
  2.707594e-01   4.206860e-13   1.948649e-04   1.040031e-14   1488
  2.714953e-01   4.262619e-13   1.945476e-04   1.076942e-14   1536
  2.725208e-01   4.004527e-13   2.161203e-04   9.872220e-15   1760
  2.733154e-01   3.948800e-13   2.403917e-04   9.061298e-15   1824
  2.742343e-01   4.164404e-13   2.017335e-04   1.039536e-14   1560
  2.751185e-01   4.012534e-13   2.317098e-04   9.405728e-15   1926
  2.759500e-01   4.020498e-13   1.647761e-04   1.123878e-14   1272
  2.767090e-01   3.785018e-13   2.769061e-04   8.817135e-15   1848
  2.777066e-01   3.962739e-13   2.237163e-04   8.754652e-15   1908
  2.784654e-01   3.786032e-13   2.182057e-04   9.760008e-15   1488
  2.792661e-01   3.590992e-13   2.460891e-04   8.861007e-15   1800
  2.801341e-01   3.636271e-13   2.463318e-04   8.742893e-15   1752
  2.809655e-01   3.513101e-13   2.619345e-04   9.279414e-15   1368
  2.817976e-01   3.670463e-13   2.461681e-04   7.702021e-15   2016
  2.827127e-01   3.745094e-13   2.600140e-04   9.397353e-15   1542
  2.835572e-01   3.472056e-13   2.546240e-04   7.851457e-15   2184
  2.844920e-01   3.621702e-13   2.329232e-04   8.312859e-15   1776
  2.852996e-01   3.443773e-13   2.662664e-04   9.713615e-15   1568
  2.860693e-01   3.558571e-13   2.432642e-04   8.006356e-15   2040
  2.869069e-01   3.622758e-13   2.600711e-04   8.722858e-15   1704
  2.877836e-01   3.283496e-13   2.607023e-04   8.456531e-15   1512
  2.886103e-01   3.404461e-13   2.223798e-04   7.538073e-15   2028
  2.895391e-01   3.347948e-13   2.682472e-04   7.288176e-15   1968
  2.903883e-01   3.234150e-13   2.720967e-04   7.214516e-15   1854
  2.912193e-01   3.164331e-13   2.593919e-04   7.422996e-15   1632
  2.920709e-01   3.271279e-13   2.665475e-04   6.382969e-15   2424
  2.929536e-01   3.145193e-13   2.668247e-04   7.758842e-15   1560
  2.936998e-01   3.232073e-13   2.521491e-04   7.290642e-15   1728
  2.946015e-01   3.098023e-13   2.691575e-04   7.075658e-15   2088
  2.955091e-01   2.952041e-13   2.562092e-04   6.713932e-15   1968
  2.963439e-01   3.047452e-13   2.536717e-04   6.822026e-15   2256
  2.971811e-01   3.085447e-13   2.255422e-04   7.035184e-15   1728
  2.980551e-01   3.019440e-13   2.223365e-04   8.267703e-15   1416
  2.988294e-01   3.157446e-13   2.343872e-04   6.596988e-15   2246
  2.997060e-01   2.952985e-13   2.595813e-04   6.779840e-15   2148
  3.005447e-01   3.052111e-13   2.192692e-04   7.628220e-15   1680
  3.013341e-01   2.936718e-13   2.772021e-04   5.632530e-15   2280
  3.022829e-01   2.963036e-13   2.581363e-04   5.903192e-15   2352
  3.031692e-01   2.898719e-13   2.168989e-04   7.145211e-15   1632
  3.038703e-01   2.906917e-13   2.481900e-04   6.669645e-15   1968
  3.048324e-01   2.785361e-13   2.546430e-04   6.189416e-15   2112
  3.057246e-01   2.741417e-13   1.912818e-04   6.200521e-15   2208
  3.065916e-01   2.753025e-13   1.928696e-04   5.974796e-15   1974
  3.072758e-01   2.681995e-13   1.886789e-04   6.091778e-15   1944
  3.082002e-01   2.852770e-13   2.134684e-04   6.125480e-15   2160
  3.090014e-01   2.728543e-13   1.996412e-04   6.200326e-15   2040
  3.098672e-01   2.795399e-13   2.793025e-04   6.026859e-15   2352
  3.107553e-01   2.835250e-13   2.320332e-04   6.472289e-15   1836
  3.115659e-01   2.674179e-13   2.475222e-04   5.339797e-15   2352
  3.124759e-01   2.578553e-13   2.596173e-04   5.696869e-15   2008
  3.133101e-01   2.607987e-13   2.554005e-04   5.489810e-15   2464
  3.142404e-01   2.593640e-13   2.059917e-04   5.470030e-15   2118
  3.150034e-01   2.564103e-13   2.070733e-04   6.008604e-15   1848
  3.157888e-01   2.770102e-13   2.740257e-04   6.225719e-15   2280
  3.167373e-01   2.646840e-13   2.606639e-04   5.430133e-15   2472
  3.176238e-01   2.484526e-13   1.741937e-04   5.345189e-15   2280
  3.183679e-01   2.692636e-13   2.129225e-04   6.317248e-15   1992
  3.191704e-01   2.586142e-13   2.238471e-04   5.139655e-15   2184
  3.200957e-01   2.317139e-13   2.700370e-04   4.892314e-15   2352
  3.209874e-01   2.480962e-13   2.845707e-04   4.951211e-15   2496
  3.218605e-01   2.342096e-13   2.657923e-04   5.629379e-15   1770
  3.226436e-01   2.548857e-13   2.293368e-04   5.154215e-15   2568
  3.235850e-01   2.467323e-13   2.812910e-04   4.822598e-15   2712
  3.244408e-01   2.483036e-13   2.233856e-04   5.197230e-15   2448
  3.252953e-01   2.504688e-13   1.883027e-04   5.417611e-15   2064
  3.260041e-01   2.321203e-13   1.987577e-04   5.591864e-15   1944
  3.269232e-01   2.296117e-13   2.455388e-04   4.780794e-15   2480
  3.278609e-01   2.327282e-13   2.667271e-04   4.411105e-15   2880
  3.286914e-01   2.319074e-13   2.558616e-04   4.814551e-15   2304
  3.295589e-01   2.301372e-13   2.350736e-04   5.147132e-15   1806
  3.303280e-01   2.289631e-13   2.305355e-04   4.262488e-15   2856
  3.312919e-01   2.333449e-13   2.210905e-04   4.733985e-15   2568
  3.320255e-01   2.146428e-13   2.218151e-04   4.788704e-15   2112
  3.328238e-01   2.246858e-13   2.136470e-04   5.293313e-15   2028
  3.336802e-01   2.196488e-13   2.528952e-04   4.118527e-15   2712
  3.345499e-01   2.250969e-13   2.724546e-04   4.185266e-15   2952
  3.354846e-01   2.212220e-13   2.105175e-04   4.717623e-15   2112
  3.362401e-01   2.148565e-13   2.467157e-04   4.203624e-15   2520
  3.371478e-01   2.078900e-13   2.379622e-04   4.289467e-15   2376
  3.379744e-01   2.152342e-13   1.907584e-04   4.318484e-15   2526
  3.388325e-01   2.205117e-13   2.373938e-04   4.375903e-15   2664
  3.396821e-01   2.175296e-13   2.831431e-04   4.464968e-15   2408
  3.404964e-01   2.120147e-13   2.268086e-04   4.320933e-15   2568
  3.413270e-01   2.161838e-13   2.138398e-04   3.939819e-15   2904
  3.422280e-01   2.064207e-13   2.399343e-04   4.015311e-15   2544
  3.430840e-01   2.060247e-13   1.767281e-04   4.471562e-15   2160
  3.438918e-01   2.163147e-13   3.055426e-04   4.295039e-15   2652
  3.447840e-01   1.963582e-13   2.419268e-04   3.733964e-15   2784
  3.456427e-01   2.074712e-13   2.389098e-04   3.796623e-15   2694
  3.465323e-01   1.930746e-13   2.147131e-04   3.607481e-15   2952
  3.473054e-01   2.077500e-13   2.033724e-04   4.332670e-15   2208
  3.480928e-01   1.963113e-13   2.167549e-04   4.064513e-15   2304
  3.489719e-01   1.875445e-13   2.818658e-04   3.011805e-15   3504
  3.499970e-01   1.959195e-13   2.282367e-04   4.060482e-15   2616
  3.507966e-01   1.938425e-13   2.229689e-04   3.826282e-15   2664
  3.515668e-01   1.881820e-13   2.071576e-04   3.761026e-15   2448
  3.523429e-01   1.925381e-13   2.885022e-04   3.812103e-15   2472
  3.532560e-01   1.918224e-13   2.293757e-04   3.405609e-15   3134
  3.541153e-01   1.905179e-13   2.508696e-04   3.759186e-15   2616
  3.549734e-01   1.789378e-13   2.032141e-04   3.547990e-15   2712
  3.558561e-01   1.808798e-13   2.330572e-04   3.240926e-15   3204
  3.566997e-01   1.780290e-13   2.684118e-04   3.544360e-15   2760
  3.575009e-01   1.751370e-13   2.341850e-04   3.372924e-15   2688
  3.583845e-01   1.791457e-13   2.214212e-04   3.547510e-15   2760
  3.591658e-01   1.704804e-13   1.828310e-04   3.450145e-15   2568
  3.600656e-01   1.695417e-13   2.839276e-04   2.906463e-15   3336
  3.609291e-01   1.754747e-13   2.403135e-04   3.541123e-15   2334
  3.618012e-01   1.677641e-13   2.659328e-04   2.990616e-15   3264
  3.626161e-01   1.764772e-13   1.933534e-04   3.517824e-15   2760
  3.634519e-01   1.664691e-13   2.335162e-04   2.941550e-15   3192
  3.643028e-01   1.689994e-13   2.424398e-04   3.301082e-15   2904
  3.652079e-01   1.664263e-13   2.432547e-04   3.220377e-15   2784
  3.659655e-01   1.746219e-13   2.002031e-04   3.563062e-15   2592
  3.668273e-01   1.616155e-13   2.729055e-04   2.773480e-15   3284
  3.677431e-01   1.655687e-13   2.741210e-04   3.034857e-15   3168
  3.685625e-01   1.643498e-13   2.261695e-04   3.179076e-15   2616
  3.694239e-01   1.540223e-13   2.185356e-04   2.847431e-15   3222
  3.702618e-01   1.604401e-13   2.452038e-04   2.702341e-15   3240
  3.710732e-01   1.642131e-13   2.480631e-04   3.381226e-15   2568
  3.719957e-01   1.658165e-13   2.276101e-04   3.074005e-15   3120
  3.727671e-01   1.655676e-13   2.502238e-04   3.056592e-15   3168
  3.735966e-01   1.545709e-13   2.190519e-04   2.906422e-15   3240
  3.745041e-01   1.530599e-13   2.247418e-04   2.697078e-15   3144
  3.753858e-01   1.492050e-13   2.142181e-04   2.744829e-15   2856
  3.762191e-01   1.525468e-13   2.287935e-04   2.629604e-15   3264
  3.771620e-01   1.541399e-13   2.528066e-04   2.712921e-15   3318
  3.779041e-01   1.564397e-13   1.770515e-04   3.390924e-15   2556
  3.787885e-01   1.494300e-13   3.024366e-04   2.367444e-15   4008
  3.796839e-01   1.521464e-13   2.232510e-04   2.941213e-15   2904
  3.804500e-01   1.456945e-13   2.282820e-04   2.543114e-15   3144
  3.813221e-01   1.423510e-13   2.379863e-04   2.621770e-15   3200
  3.822245e-01   1.439405e-13   2.347121e-04   2.533849e-15   3312
  3.830335e-01   1.499046e-13   1.891675e-04   2.884023e-15   2832
  3.839368e-01   1.440928e-13   2.722239e-04   2.324103e-15   3984
  3.847754e-01   1.542921e-13   2.213052e-04   3.363892e-15   2238
  3.855410e-01   1.443728e-13   2.604381e-04   2.387831e-15   3984
  3.864910e-01   1.401955e-13   2.474938e-04   2.507412e-15   3384
  3.872801e-01   1.498244e-13   2.313398e-04   2.810307e-15   3048
  3.881040e-01   1.359238e-13   2.124151e-04   2.502999e-15   3096
  3.889647e-01   1.441856e-13   2.407662e-04   2.320586e-15   3708
  3.898204e-01   1.349825e-13   2.282137e-04   2.644503e-15   2784
  3.906153e-01   1.447196e-13   2.370436e-04   2.474495e-15   3648
  3.915182e-01   1.378283e-13   2.439690e-04   2.342965e-15   3888
  3.924791e-01   1.327989e-13   2.604441e-04   2.388943e-15   2958
  3.931965e-01   1.326596e-13   2.223132e-04   2.275239e-15   3264
  3.940610e-01   1.417619e-13   2.454274e-04   2.573614e-15   3160
  3.948778e-01   1.286515e-13   2.224277e-04   2.178605e-15   3736
  3.956519e-01   1.330972e-13   2.026837e-04   2.483307e-15   3216
  3.965649e-01   1.335729e-13   2.483780e-04   2.135179e-15   4032
  3.975170e-01   1.314746e-13   2.267646e-04   2.191511e-15   3528
  3.983289e-01   1.327742e-13   2.001684e-04   2.347701e-15   3192
  3.991405e-01   1.269451e-13   2.192200e-04   2.220844e-15   3456
  4.000209e-01   1.282362e-13   2.273080e-04   2.387002e-15   3060
  4.009034e-01   1.279456e-13   2.702954e-04   2.005571e-15   4518
  4.017633e-01   1.275343e-13   2.407982e-04   2.123749e-15   3528
  4.025537e-01   1.280871e-13   2.022284e-04   2.439666e-15   3024
  4.033964e-01   1.204375e-13   2.738092e-04   2.014810e-15   3672
  4.042548e-01   1.246470e-13   2.350114e-04   2.134365e-15   3864
  4.052079e-01   1.201665e-13   2.491089e-04   1.943864e-15   3816
  4.059874e-01   1.214819e-13   2.266341e-04   2.090651e-15   3456
  4.067347e-01   1.224923e-13   2.051552e-04   2.375171e-15   2688
  4.076152e-01   1.212110e-13   2.434127e-04   1.877673e-15   4248
  4.084881e-01   1.197623e-13   2.331428e-04   1.962947e-15   3926
  4.093648e-01   1.171339e-13   2.461587e-04   1.975265e-15   3504
  4.102118e-01   1.208287e-13   2.200696e-04   1.921535e-15   3960
  4.111470e-01   1.151635e-13   2.477470e-04   1.920701e-15   3684
  4.119490e-01   1.118362e-13   2.477304e-04   1.826616e-15   4104
  4.127507e-01   1.169544e-13   2.349586e-04   2.087147e-15   3144
  4.136121e-01   1.140044e-13   2.573606e-04   1.782847e-15   4224
  4.145591e-01   1.118979e-13   2.284299e-04   1.770126e-15   4008
  4.153682e-01   1.139326e-13   2.513090e-04   1.951492e-15   3312
  4.162013e-01   1.114572e-13   2.499555e-04   1.898952e-15   3726
  4.170874e-01   1.117755e-13   2.567350e-04   1.828014e-15   3936
  4.178742e-01   1.141842e-13   2.646433e-04   1.912898e-15   3888
  4.186907e-01   1.110081e-13   2.502456e-04   1.800509e-15   3864
  4.195402e-01   1.077639e-13   2.660321e-04   1.779546e-15   3888
  4.204152e-01   1.032083e-13   2.509093e-04   1.666982e-15   4080
  4.212790e-01   1.079471e-13   2.662911e-04   1.871444e-15   3400
  4.221604e-01   1.066731e-13   2.442158e-04   1.596830e-15   4588
  4.230516e-01   1.073409e-13   2.417232e-04   1.788916e-15   3816
  4.238304e-01   1.070973e-13   2.290530e-04   1.743122e-15   3534
  4.246549e-01   1.096080e-13   2.262432e-04   1.717628e-15   4080
  4.255174e-01   1.079556e-13   2.364882e-04   1.678687e-15   4248
  4.263835e-01   1.054425e-13   2.383083e-04   1.870341e-15   3528
  4.271828e-01   1.078065e-13   2.436376e-04   1.694094e-15   4248
  4.279907e-01   1.020689e-13   2.383021e-04   1.713322e-15   3696
  4.288904e-01   1.041278e-13   2.472719e-04   1.573465e-15   4560
  4.297436e-01   1.018404e-13   2.316116e-04   1.657558e-15   3864
  4.306199e-01   9.912770e-14   2.521896e-04   1.515696e-15   4440
  4.314503e-01   9.873117e-14   2.352988e-04   1.808849e-15   3432
  4.323230e-01   9.853813e-14   2.307154e-04   1.506730e-15   4470
  4.331814e-01   1.000444e-13   2.050293e-04   1.576033e-15   4188
  4.340252e-01   9.953172e-14   2.626714e-04   1.516594e-15   4392
  4.348633e-01   1.013208e-13   2.032013e-04   1.726564e-15   3960
  4.357347e-01   9.994809e-14   2.295583e-04   1.563167e-15   4328
  4.365790e-01   9.666256e-14   2.389021e-04   1.526402e-15   4320
  4.374322e-01   9.659374e-14   2.498172e-04   1.461278e-15   4152
  4.382234e-01   1.036015e-13   2.089759e-04   1.803910e-15   3528
  4.391181e-01   9.425488e-14   2.261844e-04   1.390260e-15   4512
  4.399552e-01   9.570466e-14   2.312162e-04   1.540085e-15   4134
  4.408055e-01   9.838355e-14   2.463227e-04   1.375306e-15   5208
  4.416233e-01   9.640529e-14   2.146072e-04   1.682710e-15   3240
  4.424693e-01   1.006820e-13   2.367020e-04   1.525531e-15   4680
  4.433303e-01   9.318782e-14   2.343542e-04   1.464394e-15   4440
  4.441924e-01   8.788326e-14   2.655613e-04   1.364187e-15   4260
  4.450192e-01   9.127735e-14   2.168051e-04   1.487518e-15   4056
  4.458707e-01   9.068065e-14   2.403664e-04   1.341086e-15   4704
  4.467645e-01   9.403601e-14   2.797073e-04   1.390344e-15   4800
  4.477092e-01   8.982305e-14   2.423449e-04   1.290833e-15   4806
  4.485256e-01   9.858861e-14   2.415792e-04   1.763152e-15   3552
  4.493032e-01   8.828200e-14   2.422270e-04   1.442376e-15   4304
  4.501811e-01   8.893066e-14   2.349055e-04   1.249257e-15   5280
  4.510492e-01   8.850793e-14   2.253520e-04   1.353845e-15   4320
  4.518710e-01   8.676006e-14   2.544815e-04   1.351487e-15   4296
  4.527375e-01   9.019932e-14   2.829200e-04   1.311029e-15   4608
  4.536139e-01   8.852095e-14   2.710526e-04   1.297839e-15   4824
  4.544815e-01   8.638657e-14   2.558929e-04   1.312908e-15   4488
  4.554125e-01   8.875811e-14   2.389035e-04   1.377480e-15   4530
  4.561813e-01   8.449712e-14   2.332695e-04   1.269085e-15   4464
  4.569505e-01   8.686899e-14   2.198393e-04   1.367441e-15   4104
  4.578337e-01   8.240753e-14   2.370326e-04   1.137337e-15   5424
  4.587024e-01   8.504851e-14   2.551511e-04   1.252972e-15   4392
  4.595865e-01   8.687625e-14   2.498032e-04   1.288059e-15   4896
  4.603893e-01   8.361828e-14   2.448582e-04   1.324293e-15   4104
  4.612271e-01   8.672476e-14   2.207975e-04   1.306732e-15   4824
  4.621110e-01   8.058755e-14   2.110308e-04   1.232205e-15   4680
  4.628810e-01   8.020999e-14   2.158383e-04   1.221543e-15   4328
  4.637748e-01   8.126799e-14   2.488057e-04   1.147874e-15   5118
  4.646730e-01   8.328436e-14   2.882572e-04   1.182394e-15   5304
  4.654835e-01   8.439813e-14   2.269892e-04   1.286369e-15   4392
  4.663665e-01   8.241509e-14   2.278262e-04   1.242947e-15   4476
  4.671387e-01   7.808819e-14   2.262585e-04   1.150179e-15   4704
  4.679980e-01   7.998369e-14   2.738589e-04   1.109298e-15   5208
  4.689011e-01   7.624906e-14   2.309089e-04   1.111578e-15   5304
  4.697333e-01   7.959280e-14   2.473356e-04   1.237128e-15   4296
  4.705865e-01   8.048865e-14   2.345380e-04   1.191698e-15   4752
  4.714831e-01   7.533567e-14   2.354379e-04   1.087747e-15   4950
  4.722889e-01   7.750561e-14   2.460959e-04   1.119445e-15   5064
  4.730949e-01   7.760060e-14   2.061964e-04   1.154758e-15   4872
  4.739099e-01   7.566003e-14   2.170683e-04   1.262344e-15   4224
  4.747801e-01   7.667291e-14   2.397792e-04   1.018205e-15   6120
  4.757062e-01   7.337660e-14   2.637876e-04   1.052296e-15   4968
  4.765463e-01   7.661521e-14   2.334291e-04   1.154360e-15   4424
  4.774153e-01   7.693124e-14   2.981561e-04   1.096324e-15   5436
  4.782738e-01   7.319259e-14   2.542043e-04   1.092689e-15   4896
  4.791038e-01   7.122840e-14   2.433728e-04   1.027614e-15   5214
  4.799038e-01   7.538651e-14   2.068797e-04   1.135270e-15   4656
  4.807928e-01   7.552393e-14   2.630307e-04   1.102384e-15   5448
  4.816422e-01   7.361780e-14   2.221488e-04   1.095383e-15   4992
  4.824740e-01   7.415498e-14   2.458572e-04   1.078465e-15   5400
  4.833882e-01   7.416585e-14   2.724858e-04   1.026230e-15   5328
  4.842306e-01   6.945533e-14   2.436523e-04   1.000506e-15   4776
  4.850232e-01   7.147709e-14   2.289517e-04   1.032215e-15   4800
  4.859037e-01   7.106075e-14   2.944201e-04   8.979976e-16   6552
  4.868249e-01   7.106972e-14   2.224303e-04   1.179970e-15   3942
  4.876233e-01   6.893887e-14   2.803482e-04   9.321761e-16   6072
  4.885072e-01   7.035107e-14   2.177287e-04   1.115346e-15   4692
  4.892483e-01   7.136205e-14   2.273053e-04   1.020309e-15   4944
  4.901164e-01   6.905421e-14   2.439686e-04   8.974726e-16   5840
  4.910077e-01   6.720206e-14   2.611583e-04   9.637662e-16   5712
  4.918853e-01   6.706084e-14   2.188675e-04   1.000763e-15   4800
  4.926859e-01   6.732676e-14   2.898577e-04   9.499438e-16   5688
  4.935628e-01   6.789111e-14   2.286917e-04   1.017176e-15   4848
  4.944318e-01   5.517106e-14   2.545475e-04   9.089716e-16   5406
  4.952565e-01   5.067592e-18   2.297703e-04   7.854774e-20   5568
  4.960847e-01   5.199571e-18   2.065481e-04   8.111521e-20   5736
  4.969796e-01   5.095903e-18   2.565195e-04   8.303879e-20   5280
  4.977918e-01   5.039860e-18   2.371710e-04   7.800600e-20   5592
  4.986277e-01   4.863060e-18   2.714980e-04   7.790438e-20   4968
  4.995115e-01   4.905335e-18   2.434342e-04   7.273246e-20   5964
  5.003738e-01   5.020716e-18   2.445654e-04   7.607610e-20   5376
  5.011573e-01   5.024342e-18   2.361430e-04   7.908097e-20   5472
  5.020656e-01   4.743678e-18   2.242680e-04   7.116376e-20   5472
  5.028962e-01   4.714261e-18   2.549854e-04   7.932085e-20   5415
  5.037011e-01   4.580671e-18   2.242905e-04   7.167871e-20   5096
  5.045719e-01   4.397846e-18   2.884319e-04   6.311528e-20   6372
  5.054529e-01   4.677779e-18   2.341360e-04   7.990061e-20   4656
  5.062424e-01   4.666160e-18   2.556015e-04   6.833305e-20   5844
  5.070918e-01   4.434804e-18   2.247331e-04   6.667226e-20   5508
  5.079922e-01   4.620403e-18   2.549406e-04   6.447447e-20   6324
  5.088755e-01   4.416373e-18   2.189942e-04   7.123839e-20   4752
  5.096830e-01   4.246225e-18   2.451822e-04   6.244225e-20   5676
  5.105570e-01   4.386261e-18   2.242947e-04   6.753159e-20   5472
  5.113866e-01   4.415429e-18   2.529981e-04   6.686402e-20   5556
  5.122777e-01   4.159768e-18   2.465418e-04   6.074474e-20   5436
  5.131379e-01   4.292351e-18   2.523527e-04   6.396644e-20   5916
  5.140212e-01   4.283207e-18   2.625579e-04   6.504495e-20   5520
  5.148166e-01   3.953922e-18   2.387841e-04   6.072275e-20   5280
  5.156315e-01   4.286322e-18   2.346268e-04   6.786811e-20   4416
  5.165510e-01   4.029965e-18   2.287038e-04   5.549248e-20   6260
  5.174147e-01   4.120415e-18   2.719567e-04   5.839716e-20   5940
  5.181970e-01   4.085088e-18   2.129865e-04   6.745496e-20   4188
  5.190583e-01   4.068081e-18   2.723213e-04   5.546836e-20   6360
  5.199639e-01   3.905706e-18   2.428992e-04   5.669889e-20   5256
  5.208050e-01   3.915199e-18   2.296198e-04   6.280734e-20   4848
  5.215257e-01   3.739651e-18   2.081623e-04   5.707889e-20   4704
  5.224129e-01   3.904631e-18   2.553609e-04   5.503663e-20   5784
  5.233155e-01   3.713826e-18   2.702014e-04   5.299769e-20   5820
  5.241867e-01   3.826591e-18   2.420426e-04   5.304446e-20   5700
  5.250631e-01   3.754484e-18   2.244610e-04   5.606654e-20   5232
  5.259407e-01   3.891911e-18   2.490588e-04   5.691819e-20   4932
  5.267180e-01   3.704848e-18   2.143745e-04   5.695033e-20   4716
  5.275348e-01   3.973515e-18   2.730669e-04   5.941633e-20   5616
  5.283752e-01   3.592699e-18   2.411581e-04   5.299168e-20   5184
  5.292421e-01   3.538309e-18   2.432694e-04   5.281778e-20   5064
  5.300596e-01   3.602244e-18   2.490961e-04   5.178619e-20   5544
  5.309663e-01   3.502748e-18   2.500505e-04   5.016085e-20   5192
  5.317913e-01   3.546561e-18   2.247093e-04   5.255394e-20   5244
  5.326587e-01   3.450592e-18   2.431380e-04   5.033234e-20   5112
  5.335210e-01   3.580607e-18   2.231268e-04   5.524765e-20   5040
  5.343123e-01   3.589068e-18   2.345768e-04   5.288698e-20   5124
  5.352365e-01   3.434252e-18   2.633440e-04   4.808094e-20   5952
  5.360896e-01   3.536049e-18   2.307429e-04   5.249651e-20   4824
  5.368629e-01   3.369122e-18   2.329060e-04   5.185465e-20   4536
  5.377581e-01   3.352652e-18   2.475578e-04   4.582528e-20   5712
  5.386775e-01   3.432556e-18   2.708958e-04   5.002046e-20   5352
  5.395447e-01   3.442879e-18   2.359603e-04   4.995173e-20   5004
  5.403194e-01   3.423414e-18   2.360245e-04   5.177324e-20   4800
  5.411519e-01   3.295116e-18   2.536404e-04   4.724929e-20   5148
  5.420742e-01   3.285325e-18   2.634385e-04   4.580997e-20   5664
  5.429076e-01   3.181907e-18   2.366059e-04   4.826821e-20   4692
  5.436776e-01   3.233760e-18   2.198098e-04   5.246143e-20   4008
  5.445757e-01   3.281075e-18   2.519496e-04   4.488410e-20   5852
  5.454887e-01   3.116019e-18   2.385727e-04   4.327646e-20   5784
  5.462996e-01   3.283591e-18   2.199226e-04   5.316371e-20   4392
  5.471343e-01   3.200205e-18   2.157230e-04   4.805484e-20   4944
  5.480105e-01   3.046434e-18   2.543338e-04   4.536016e-20   4776
  5.488369e-01   2.989218e-18   2.446830e-04   4.267525e-20   5244
  5.497337e-01   3.022883e-18   2.442514e-04   4.261101e-20   4884
  5.504862e-01   3.033247e-18   2.071441e-04   4.737916e-20   4488
  5.513613e-01   3.105291e-18   2.461419e-04   4.534067e-20   5160
  5.522424e-01   3.055676e-18   2.506068e-04   4.336067e-20   5316
  5.530912e-01   3.044726e-18   2.533810e-04   4.725060e-20   4896
  5.539186e-01   3.041719e-18   2.354353e-04   5.059292e-20   4188
  5.547525e-01   2.843115e-18   2.567961e-04   4.167622e-20   4836
  5.556040e-01   2.969735e-18   2.547440e-04   4.154562e-20   5316
  5.564664e-01   2.941472e-18   2.357965e-04   4.291066e-20   4920
  5.572730e-01   3.075890e-18   2.375472e-04   5.106135e-20   4128
  5.581384e-01   2.935486e-18   2.555456e-04   4.287071e-20   5348
  5.589901e-01   2.869968e-18   2.217367e-04   4.309417e-20   4836
  5.598033e-01   2.842568e-18   2.389285e-04   4.588461e-20   4392
  5.606793e-01   2.864313e-18   2.099182e-04   4.470131e-20   4632
  5.614679e-01   2.911032e-18   2.345502e-04   4.651816e-20   4596
  5.623735e-01   2.783577e-18   2.358727e-04   4.029671e-20   5424
  5.632695e-01   2.671855e-18   2.427884e-04   3.798115e-20   5256
  5.641926e-01   2.734446e-18   2.465806e-04   4.278315e-20   4524
  5.649613e-01   2.779988e-18   2.345468e-04   4.554366e-20   4440
  5.658223e-01   2.713459e-18   2.005677e-04   4.121530e-20   4380
  5.666649e-01   2.705161e-18   2.624772e-04   4.176835e-20   4812
  5.675617e-01   2.716967e-18   2.607020e-04   4.011095e-20   5376
  5.683817e-01   2.595407e-18   2.082312e-04   4.323916e-20   3888
  5.691674e-01   2.718106e-18   2.384488e-04   4.043826e-20   4896
  5.700441e-01   2.668211e-18   2.516025e-04   4.111388e-20   4608
  5.709645e-01   2.714311e-18   2.374972e-04   4.225511e-20   4448
  5.717656e-01   2.484901e-18   2.451620e-04   3.807676e-20   4752
  5.726098e-01   2.657890e-18   2.567919e-04   4.354895e-20   4356
  5.734975e-01   2.632001e-18   2.471144e-04   3.996755e-20   5232
  5.743802e-01   2.465741e-18   2.490294e-04   4.000322e-20   4548
  5.752360e-01   2.502962e-18   2.420880e-04   3.801392e-20   4608
  5.760714e-01   2.570018e-18   2.199174e-04   4.503308e-20   3936
  5.768601e-01   2.497802e-18   2.628653e-04   4.211032e-20   4260
  5.777463e-01   2.469216e-18   2.356625e-04   3.778668e-20   5004
  5.785566e-01   2.584895e-18   2.328745e-04   4.433651e-20   4224
  5.794451e-01   2.498413e-18   2.515970e-04   3.988540e-20   4788
  5.803082e-01   2.524429e-18   2.645973e-04   4.226356e-20   4428
  5.811490e-01   2.394652e-18   2.211067e-04   4.106902e-20   4080
  5.819585e-01   2.525482e-18   2.417600e-04   3.837548e-20   4632
  5.828107e-01   2.351128e-18   2.514119e-04   4.117086e-20   4056
  5.837066e-01   2.394390e-18   2.367087e-04   4.010521e-20   4536
  5.845252e-01   2.461630e-18   2.414273e-04   3.999373e-20   4668
  5.854216e-01   2.298150e-18   2.587670e-04   3.821492e-20   4604
  5.862946e-01   2.330954e-18   2.325046e-04   3.924457e-20   4152
  5.871003e-01   2.355983e-18   2.253339e-04   3.967387e-20   4224
  5.879544e-01   2.279992e-18   2.166417e-04   3.902494e-20   4152
  5.888077e-01   2.443488e-18   2.457430e-04   4.153318e-20   4224
  5.896373e-01   2.381055e-18   2.272627e-04   4.239829e-20   3960
  5.904364e-01   2.283064e-18   2.345207e-04   3.705304e-20   4656
  5.913093e-01   2.218698e-18   2.530431e-04   3.686164e-20   4452
  5.922043e-01   2.184561e-18   2.572601e-04   3.832444e-20   4056
  5.930372e-01   2.220917e-18   2.549134e-04   3.738737e-20   4212
  5.938810e-01   2.318825e-18   2.118438e-04   4.440967e-20   3432
  5.947361e-01   2.253046e-18   2.710099e-04   3.475205e-20   5352
  5.955718e-01   2.262619e-18   1.984824e-04   4.265026e-20   3600
  5.964815e-01   2.167015e-18   2.189297e-04   3.636684e-20   4584
  5.972758e-01   2.230859e-18   2.182850e-04   4.060228e-20   3768
  5.980940e-01   2.166524e-18   2.330224e-04   4.092256e-20   3848
  5.989107e-01   2.129133e-18   2.136550e-04   4.090228e-20   3720
  5.998368e-01   2.056917e-18   2.681687e-04   3.324941e-20   4764
  6.006544e-01   2.205732e-18   2.159502e-04   3.946995e-20   3864
  6.014940e-01   2.233565e-18   2.674804e-04   3.836671e-20   4332
  6.024099e-01   2.142685e-18   2.283640e-04   3.932473e-20   3792
  6.032282e-01   1.978910e-18   2.590324e-04   3.382253e-20   4284
  6.040954e-01   1.979113e-18   2.452751e-04   3.841470e-20   3840
  6.049162e-01   1.912772e-18   2.334698e-04   3.894889e-20   3480
  6.057497e-01   1.988448e-18   2.605074e-04   3.346872e-20   4380
  6.066508e-01   2.021231e-18   2.447011e-04   3.578150e-20   4200
  6.075361e-01   2.118512e-18   2.352025e-04   3.659868e-20   4056
  6.083583e-01   1.965589e-18   2.363879e-04   3.826748e-20   3600
  6.091287e-01   1.988994e-18   2.355235e-04   3.849978e-20   3492
  6.100287e-01   1.903267e-18   2.750382e-04   3.319079e-20   4500
  6.109470e-01   2.052221e-18   2.409706e-04   3.873899e-20   3516
  6.117362e-01   2.117983e-18   2.519124e-04   4.074365e-20   3968
  6.126208e-01   1.955626e-18   2.421097e-04   3.789380e-20   3648
  6.134038e-01   1.932941e-18   2.315237e-04   3.781243e-20   4224
  6.142915e-01   1.793820e-18   2.598645e-04   3.592817e-20   3588
  6.151244e-01   1.895569e-18   2.396946e-04   3.749959e-20   3456
  6.159625e-01   1.777157e-18   2.128784e-04   3.433236e-20   3660
  6.168286e-01   1.900192e-18   2.336590e-04   3.684915e-20   3768
  6.176358e-01   1.917499e-18   2.362982e-04   3.659582e-20   3744
  6.185028e-01   1.831743e-18   2.593761e-04   3.316519e-20   4176
  6.194250e-01   1.924698e-18   2.392460e-04   3.791475e-20   3612
  6.201873e-01   1.863401e-18   2.599944e-04   3.885202e-20   3216
  6.210597e-01   1.795465e-18   2.513703e-04   3.691219e-20   3624
  6.219368e-01   1.800250e-18   2.363707e-04   3.487280e-20   3744
  6.227845e-01   1.871192e-18   2.522057e-04   3.763798e-20   3672
  6.236208e-01   1.826428e-18   2.287068e-04   3.563960e-20   3852
  6.244844e-01   1.843396e-18   2.353920e-04   3.501031e-20   3672
  6.254030e-01   1.840244e-18   2.293505e-04   4.338886e-20   3248
  6.261702e-01   1.633483e-18   2.347565e-04   3.507866e-20   3336
  6.270076e-01   1.618997e-18   2.389611e-04   3.249930e-20   3576
  6.278638e-01   1.753893e-18   2.028565e-04   3.568649e-20   3336
  6.287362e-01   1.743520e-18   2.409579e-04   3.364007e-20   3936
  6.295969e-01   1.805486e-18   2.566269e-04   3.689690e-20   3408
  6.304507e-01   1.791400e-18   2.260925e-04   3.936834e-20   3336
  6.312802e-01   1.414154e-18   2.539536e-04   3.115779e-20   3312
  6.321094e-01   1.630656e-18   2.571308e-04   3.502142e-20   3432
  6.329927e-01   1.731205e-18   2.229221e-04   3.803655e-20   3144
  6.337985e-01   1.659975e-18   2.420042e-04   3.535996e-20   3456
  6.347053e-01   1.645243e-18   2.325937e-04   3.274112e-20   3792
  6.355244e-01   1.718194e-18   2.284723e-04   4.007291e-20   2868
  6.364094e-01   1.545905e-18   2.366964e-04   2.933044e-20   3888
  6.372365e-01   1.468942e-18   2.055262e-04   3.437039e-20   2784
  6.380507e-01   1.563315e-18   2.347167e-04   3.989278e-20   2964
  6.389401e-01   1.597543e-18   2.417122e-04   3.473807e-20   3432
  6.397867e-01   1.571596e-18   2.501965e-04   3.373103e-20   3416
  6.406434e-01   1.558848e-18   2.674381e-04   3.370835e-20   3528
  6.415202e-01   1.681544e-18   2.146381e-04   3.976091e-20   2904
  6.422958e-01   1.450583e-18   2.406723e-04   3.345333e-20   3072
  6.431978e-01   1.454153e-18   2.703026e-04   3.255445e-20   3216
  6.440996e-01   1.436000e-18   2.189164e-04   3.541081e-20   2844
  6.448912e-01   1.456180e-18   2.505096e-04   3.290837e-20   3432
  6.457040e-01   1.614259e-18   2.013505e-04   3.948009e-20   2880
  6.466118e-01   1.459629e-18   2.667176e-04   3.316305e-20   3576
  6.474671e-01   1.553612e-18   2.384081e-04   4.032460e-20   2700
  6.482861e-01   1.396404e-18   2.677915e-04   3.163844e-20   3000
  6.491436e-01   1.316162e-18   2.223467e-04   3.287169e-20   2556
  6.499763e-01   1.474973e-18   2.383114e-04   3.348649e-20   3360
  6.508373e-01   1.457422e-18   2.315574e-04   3.281330e-20   3120
  6.517650e-01   1.457840e-18   2.726165e-04   3.562207e-20   3216
  6.525636e-01   1.552076e-18   1.922690e-04   3.995666e-20   2628
  6.534614e-01   1.371855e-18   2.541519e-04   3.444713e-20   3200
  6.542803e-01   1.268974e-18   2.397679e-04   3.420632e-20   2232
  6.551074e-01   1.252641e-18   2.736875e-04   3.224497e-20   3108
  6.559309e-01   1.547702e-18   2.404187e-04   4.276381e-20   2604
  6.567735e-01   1.461905e-18   2.589990e-04   3.506273e-20   3096
  6.577005e-01   1.363603e-18   2.359820e-04   3.222095e-20   3084
  6.585047e-01   1.286131e-18   2.408160e-04   3.314090e-20   2664
  6.593337e-01   1.356203e-18   2.123619e-04   3.858056e-20   2232
  6.601458e-01   1.126458e-18   2.615978e-04   2.817144e-20   2808
  6.610352e-01   1.350575e-18   2.471197e-04   3.811781e-20   2592
  6.618655e-01   1.490428e-18   2.536980e-04   3.864645e-20   2952
  6.627380e-01   1.271486e-18   2.395220e-04   3.482504e-20   2772
  6.635862e-01   1.268130e-18   2.575909e-04   3.208967e-20   3036
  6.644738e-01   1.193590e-18   2.498645e-04   3.635508e-20   2136
  6.652829e-01   1.147355e-18   1.992675e-04   3.338117e-20   2496
  6.661138e-01   1.368032e-18   2.654094e-04   4.043449e-20   2228
  6.669802e-01   1.413954e-18   2.474467e-04   3.944868e-20   3048
  6.678426e-01   1.277147e-18   2.363683e-04   3.687876e-20   2676
  6.686995e-01   1.147467e-18   2.354750e-04   2.961438e-20   2784
  6.695185e-01   1.180175e-18   2.287645e-04   3.614527e-20   1920
  6.703399e-01   1.088532e-18   2.441470e-04   3.044977e-20   2400
  6.712300e-01   1.053222e-18   2.239332e-04   2.883249e-20   2532
  6.721505e-01   1.234614e-18   2.487362e-04   3.620749e-20   2544
  6.729786e-01   1.362723e-18   2.602118e-04   3.810194e-20   2772
  6.737945e-01   1.106473e-18   2.437306e-04   3.785022e-20   2160
  6.746047e-01   1.187567e-18   2.625210e-04   3.569247e-20   2304
  6.755422e-01   1.084581e-18   2.568904e-04   3.461741e-20   2328
  6.763826e-01   9.388808e-19   2.463036e-04   2.846903e-20   2304
  6.771610e-01   9.615130e-19   2.329142e-04   3.090695e-20   1908
  6.780465e-01   1.319037e-18   2.604996e-04   4.196640e-20   2736
  6.788994e-01   1.195498e-18   2.468231e-04   3.801855e-20   2448
  6.798065e-01   1.222546e-18   2.307663e-04   3.874675e-20   2040
  6.806273e-01   8.818591e-19   2.402748e-04   3.209419e-20   2120
  6.814166e-01   1.091750e-18   1.992121e-04   3.416174e-20   2040
  6.822662e-01   9.007400e-19   2.471585e-04   3.304363e-20   2208
  6.832277e-01   1.218635e-18   2.219109e-04   4.064821e-20   2208
  6.840064e-01   1.390993e-18   2.459196e-04   4.418635e-20   2196
  6.848112e-01   8.385468e-19   2.163266e-04   2.848521e-20   1848
  6.856301e-01   1.043033e-18   2.453429e-04   3.657300e-20   2124
  6.865460e-01   9.596312e-19   2.573595e-04   3.149479e-20   2328
  6.874404e-01   9.180043e-19   2.620143e-04   3.293001e-20   1920
  6.883100e-01   8.790405e-19   2.405262e-04   3.295773e-20   1548
  6.890833e-01   1.193390e-18   2.638497e-04   3.861042e-20   2388
  6.899956e-01   9.044996e-19   2.441618e-04   3.427620e-20   2160
  6.908310e-01   9.473326e-19   2.222335e-04   3.856267e-20   1704
  6.916314e-01   8.823953e-19   2.503658e-04   3.579385e-20   1776
  6.923886e-01   8.697986e-19   2.341856e-04   3.236568e-20   1800
  6.933460e-01   7.596026e-19   2.703456e-04   2.880107e-20   1700
  6.942403e-01   1.097981e-18   2.434138e-04   4.032850e-20   2292
  6.950731e-01   9.339513e-19   2.259603e-04   3.865455e-20   1704
  6.958590e-01   9.128953e-19   2.526614e-04   3.679776e-20   1728
  6.967197e-01   7.777572e-19   2.338439e-04   3.325736e-20   1728
  6.975632e-01   9.867162e-19   2.336239e-04   3.950091e-20   1680
  6.984603e-01   6.307111e-19   2.691417e-04   2.561923e-20   1704
  6.993542e-01   7.017018e-19   2.113568e-04   2.525255e-20   1752
  7.001534e-01   9.507004e-19   2.512631e-04   3.973147e-20   1872
  7.010180e-01   8.787320e-19   2.462655e-04   3.974828e-20   1500
  7.018952e-01   7.564348e-19   2.156415e-04   3.221824e-20   1656
  7.027470e-01   8.409547e-19   2.312087e-04   3.320120e-20   1464
  7.035040e-01   5.833087e-19   2.025156e-04   3.016693e-20   1488
  7.044325e-01   6.600150e-19   2.444213e-04   2.582453e-20   1680
  7.052811e-01   7.549925e-19   2.553590e-04   3.230126e-20   1692
  7.060753e-01   7.365757e-19   2.445192e-04   3.772099e-20   1128
  7.069565e-01   7.316417e-19   2.354508e-04   3.334764e-20   1536
  7.078161e-01   5.893526e-19   2.454338e-04   3.192810e-20   1616
  7.086864e-01   5.971923e-19   2.366751e-04   2.828933e-20   1476
  7.095637e-01   5.664846e-19   2.604667e-04   3.236865e-20   1176
  7.103467e-01   6.057998e-19   2.798437e-04   2.455705e-20   1656
  7.111995e-01   6.723073e-19   2.458168e-04   4.641953e-20   891
  7.120785e-01   5.292909e-19   2.620429e-04   2.095289e-20   1596
  7.129351e-01   5.036246e-19   2.285084e-04   2.625828e-20   1422
  7.137799e-01   5.169601e-19   2.191242e-04   2.424852e-20   1254
  7.145746e-01   4.012284e-19   2.238603e-04   1.847970e-20   918
  7.154260e-01   5.339117e-19   2.450016e-04   2.037736e-20   1614
  7.162836e-01   4.142386e-19   2.116357e-04   2.502988e-20   798
  7.171363e-01   3.986694e-19   2.712918e-04   1.768407e-20   1458
  7.180010e-01   4.418178e-19   2.484128e-04   1.778825e-20   1374
  7.188557e-01   3.536858e-19   2.121611e-04   1.915186e-20   984
  7.197034e-01   4.062752e-19   2.919043e-04   1.804589e-20   1062
  7.205669e-01   4.698714e-19   2.474440e-04   2.106254e-20   1246
  7.214055e-01   2.984097e-19   2.294417e-04   1.576068e-20   1072
  7.223013e-01   3.171412e-19   2.484706e-04   1.844837e-20   1110
  7.231291e-01   4.066963e-19   2.691818e-04   1.704210e-20   1254
  7.239992e-01   3.408013e-19   2.554678e-04   1.893578e-20   1032
  7.249475e-01   3.751296e-19   2.366890e-04   2.443876e-20   786
  7.256685e-01   3.675102e-19   2.426573e-04   1.551255e-20   1152
  7.265129e-01   3.002315e-19   2.644723e-04   1.465543e-20   1086
  7.273926e-01   2.098057e-19   2.386131e-04   8.103737e-21   912
  7.282057e-01   4.610821e-19   2.391874e-04   2.109692e-20   1062
  7.290355e-01   2.634712e-19   2.384121e-04   1.052437e-20   912
  7.299945e-01   2.213425e-19   2.661461e-04   1.179142e-20   750
  7.307419e-01   3.464018e-19   2.564338e-04   1.484424e-20   1200
  7.316069e-01   2.639263e-19   2.322209e-04   1.489923e-20   918
  7.324668e-01   2.234019e-19   2.410375e-04   1.112904e-20   876
  7.333405e-01   3.421896e-19   2.106185e-04   1.540120e-20   870
  7.341057e-01   2.742536e-19   2.456529e-04   1.305967e-20   768
  7.350026e-01   1.751248e-19   2.251539e-04   8.297419e-21   830
  7.358332e-01   2.647992e-19   2.331169e-04   1.229724e-20   1080
  7.366934e-01   2.413988e-19   2.622870e-04   1.163268e-20   840
  7.375605e-01   1.841745e-19   2.525535e-04   8.309372e-21   798
  7.385438e-01   3.259469e-19   2.004556e-04   1.734007e-20   792
  7.393065e-01   1.986923e-19   2.337962e-04   1.009490e-20   726
  7.401066e-01   1.521892e-19   2.619817e-04   5.255936e-21   864
  7.409831e-01   2.157065e-19   2.242503e-04   1.184305e-20   900
  7.418717e-01   1.635998e-19   2.492237e-04   6.630039e-21   726
  7.426340e-01   1.733330e-19   2.156923e-04   7.782185e-21   576
  7.436510e-01   2.051517e-19   2.244662e-04   1.041051e-20   840
  7.443665e-01   1.699191e-19   2.330099e-04   9.380148e-21   750
  7.452141e-01   1.512472e-19   2.337175e-04   6.939521e-21   720
  7.460137e-01   2.021106e-19   2.364407e-04   1.119657e-20   702
  7.469474e-01   1.733358e-19   2.582250e-04   8.204142e-21   696
  7.477159e-01   1.749899e-19   2.309338e-04   1.028896e-20   480
  7.486215e-01   1.703221e-19   2.188193e-04   9.002753e-21   830
  7.494233e-01   1.569414e-19   2.545577e-04   7.209850e-21   756
  7.503217e-01   1.551454e-19   2.444202e-04   7.799880e-21   624
  7.511146e-01   1.438748e-19   2.582642e-04   8.271230e-21   582
  7.520520e-01   1.763697e-19   1.982236e-04   1.027197e-20   576
  7.528627e-01   1.304150e-19   2.654862e-04   6.292160e-21   624
  7.536941e-01   1.468751e-19   2.168225e-04   7.345159e-21   702
  7.545169e-01   1.350326e-19   2.494039e-04   6.763032e-21   624
  7.554942e-01   1.474466e-19   2.412815e-04   7.008956e-21   672
  7.562902e-01   1.031638e-19   1.806218e-04   6.071898e-21   342
  7.571647e-01   1.387201e-19   2.258010e-04   8.151116e-21   660
  7.579685e-01   1.040004e-19   2.321137e-04   6.787509e-21   576
  7.587987e-01   1.157011e-19   2.256613e-04   6.941974e-21   600
  7.596378e-01   1.032106e-19   2.610083e-04   6.312281e-21   510
  7.605817e-01   1.260193e-19   2.445257e-04   6.310610e-21   600
  7.613097e-01   9.093652e-20   1.947554e-04   6.051639e-21   216
  7.621574e-01   1.009919e-19   2.370511e-04   4.761502e-21   758
  7.631457e-01   8.892610e-20   2.595205e-04   5.311197e-21   576
  7.640119e-01   1.114687e-19   2.203259e-04   5.612873e-21   528
  7.647935e-01   9.625303e-20   1.517259e-04   7.182085e-21   318
  7.656331e-01   1.177676e-19   2.621079e-04   5.956840e-21   540
  7.666261e-01   5.184441e-20   1.853063e-04   3.114760e-21   384
  7.672989e-01   9.770469e-20   2.560288e-04   5.527827e-21   576
  7.681747e-01   7.036674e-20   2.092230e-04   3.969072e-21   414
  7.690029e-01   1.015681e-19   2.336337e-04   5.927606e-21   504
  7.698874e-01   9.290880e-20   2.564753e-04   4.984327e-21   312
  7.707371e-01   8.896681e-20   2.323698e-04   6.224098e-21   414
  7.715801e-01   6.006431e-20   2.146724e-04   3.327331e-21   432
  7.723646e-01   7.292823e-20   2.843028e-04   4.081523e-21   504
  7.732727e-01   8.160054e-20   2.738155e-04   4.769754e-21   432
  7.741226e-01   7.273748e-20   2.242960e-04   4.028902e-21   354
  7.749886e-01   8.210594e-20   3.263780e-04   6.310253e-21   200
  7.757313e-01   5.923359e-20   2.315757e-04   3.469684e-21   480
  7.767349e-01   6.038051e-20   2.646260e-04   3.243831e-21   552
  7.776554e-01   6.189410e-20   1.648409e-04   4.376242e-21   366
  7.783648e-01   7.753204e-20   1.754814e-04   7.747353e-21   240
  7.791457e-01   7.589116e-20   2.453301e-04   4.185820e-21   288
  7.802446e-01   5.763925e-20   1.686051e-04   3.715334e-21   366
  7.809550e-01   4.482972e-20   2.733622e-04   2.559865e-21   408
  7.817480e-01   5.171232e-20   2.054978e-04   3.751620e-21   360
  7.825685e-01   5.698738e-20   1.915583e-04   3.417323e-21   324
  7.833643e-01   5.815068e-20   2.262365e-04   4.550503e-21   174
  7.843121e-01   5.254730e-20   2.599139e-04   3.851417e-21   264
  7.852018e-01   4.491037e-20   2.370543e-04   2.931726e-21   456
  7.860890e-01   4.569317e-20   2.383673e-04   2.834866e-21   360
  7.868184e-01   4.256761e-20   2.625845e-04   3.357967e-21   270
  7.877116e-01   5.632847e-20   2.871894e-04   4.331252e-21   240
  7.888307e-01   7.142014e-20   2.092834e-04   5.815847e-21   120
  7.893808e-01   2.218164e-20   2.184848e-04   1.427161e-21   320
  7.902688e-01   3.923986e-20   2.703374e-04   1.931882e-21   462
  7.911989e-01   4.036682e-20   1.572842e-04   2.498939e-21   276
  7.920070e-01   4.510026e-20   1.784365e-04   3.842594e-21   144
  7.927854e-01   6.027040e-20   1.873931e-04   6.065781e-21   120
  7.938201e-01   2.561479e-20   1.419059e-04   1.421156e-21   294
  7.946021e-01   3.292383e-20   2.517486e-04   2.081376e-21   384
  7.953317e-01   2.907858e-20   1.666559e-04   1.909295e-21   216
  7.960300e-01   4.746174e-20   1.547682e-04   3.900284e-21   168
  7.968189e-01   3.842231e-20   1.841494e-04   3.865003e-21   102
  7.979594e-01   3.019458e-20   2.793910e-04   2.525954e-21   168
  7.987590e-01   2.787468e-20   2.445344e-04   1.636863e-21   384
  7.996356e-01   3.175605e-20   2.484531e-04   2.619380e-21   300
  8.004513e-01   3.247985e-20   2.660394e-04   2.245434e-21   144
  8.013710e-01   3.601535e-20   2.724619e-04   3.599410e-21   102
  8.024745e-01   4.025808e-20   6.449779e-05   4.522180e-21   56
  8.030032e-01   1.748734e-20   2.099880e-04   1.148190e-21   288
  8.038324e-01   2.160472e-20   2.732724e-04   1.010207e-21   360
  8.047352e-01   2.262245e-20   1.465920e-04   1.657455e-21   126
  8.054959e-01   2.285957e-20   7.219820e-05   2.623859e-21   72
  8.063251e-01   3.787050e-20   3.825072e-05   4.552898e-21   48
  8.074069e-01   1.481295e-20   1.547423e-04   1.122519e-21   240
  8.081179e-01   2.165596e-20   2.295968e-04   1.225652e-21   306
  8.088457e-01   2.403446e-20   1.276047e-04   2.154039e-21   120
  8.096841e-01   3.145813e-20   3.140524e-04   3.460756e-21   96
  8.102934e-01   3.851716e-20   0.000000e+00   5.013336e-21   24
  8.116625e-01   1.212226e-20   2.719614e-04   1.260817e-21   120
  8.123333e-01   1.436103e-20   2.351967e-04   8.453307e-22   318
  8.131540e-01   2.118358e-20   2.513397e-04   1.335904e-21   168
  8.140529e-01   2.778526e-20   2.697157e-04   2.586581e-21   72
  8.150375e-01   2.076656e-20   0.000000e+00   3.005281e-21   24
  8.160963e-01   1.970739e-20   1.309209e-04   4.843022e-21   14
  8.166001e-01   9.872097e-21   2.064915e-04   5.771020e-22   288
  8.173825e-01   1.383959e-20   2.484205e-04   1.122889e-21   204
  8.182854e-01   2.334834e-20   3.769163e-05   3.068140e-21   48
  8.190012e-01   4.229345e-20   0.000000e+00   8.287895e-21   24
  8.198293e-01   1.736806e-20   0.000000e+00   4.011043e-21   6
  8.210197e-01   8.574482e-21   1.543841e-04   6.355116e-22   216
  8.216331e-01   1.389544e-20   2.055974e-04   9.888182e-22   192
  8.223835e-01   1.092451e-20   3.750381e-05   2.005032e-21   48
  8.231707e-01   2.623006e-20   2.996618e-04   3.548169e-21   30
  8.253970e-01   8.334523e-21   6.196711e-05   8.090197e-22   96
  8.258541e-01   7.806121e-21   2.030500e-04   4.813767e-22   228
  8.267225e-01   1.565138e-20   2.655246e-04   1.961424e-21   72
  8.277664e-01   2.062379e-20   0.000000e+00   8.823112e-21   6
  8.301440e-01   7.828998e-21   2.004855e-04   4.909234e-22   248
  8.309027e-01   9.483207e-21   2.294661e-04   1.037716e-21   72
  8.318179e-01   9.551754e-21   1.271566e-08   2.846741e-21   6
  8.345842e-01   5.623780e-21   1.424677e-04   3.958327e-22   180
  8.351359e-01   8.924910e-21   1.938498e-04   8.671483e-22   72
  8.359234e-01   6.329874e-21   0.000000e+00   1.929847e-21   6
  8.389986e-01   4.533337e-21   6.096248e-05   4.765122e-22   96
  8.393661e-01   5.560323e-21   1.673676e-04   5.631422e-22   96
  8.400824e-01   2.265067e-20   0.000000e+00   2.605174e-21   6
  8.436361e-01   4.234267e-21   1.601837e-04   3.504638e-22   140
  8.442939e-01   3.376387e-21   0.000000e+00   1.021167e-21   6
  8.481027e-01   3.536921e-21   1.075705e-04   3.786505e-22   96
  8.485572e-01   4.328121e-21   0.000000e+00   9.338364e-22   6
  8.525822e-01   3.584211e-21   6.471255e-05   4.047022e-22   60
  8.528715e-01   4.304708e-21   0.000000e+00   1.196133e-21   6
  8.570997e-01   1.541991e-21   6.560518e-05   2.207774e-22   38
  8.616024e-01   1.701872e-21   3.374897e-05   4.512902e-22   18
  8.661129e-01   4.968355e-22   1.271566e-08   2.022808e-22   6
