# power spectrum of pi_k
# redshift z=9.995116
# k              Pk             sigma(k)       sigma(Pk)      count
  7.853982e-03   1.350245e-10   0.000000e+00   5.442872e-11   6
  1.110721e-02   7.460195e-11   0.000000e+00   1.489060e-11   12
  1.360350e-02   5.319206e-11   1.490116e-10   1.083693e-11   8
  1.570796e-02   1.693554e-10   0.000000e+00   1.821776e-11   6
  1.756204e-02   1.125993e-10   2.809790e-10   3.589171e-11   24
  1.923825e-02   1.542421e-10   2.809790e-10   2.600984e-11   24
  2.221441e-02   6.366598e-11   0.000000e+00   2.863781e-11   12
  2.356194e-02   7.128196e-11   3.178914e-10   1.309360e-11   30
  2.483647e-02   8.664146e-11   0.000000e+00   1.908590e-11   24
  2.604871e-02   7.631941e-11   4.866699e-10   1.893339e-11   24
  2.720699e-02   8.605976e-11   2.980232e-10   1.742979e-11   8
  2.831793e-02   7.098624e-11   3.973643e-10   8.838876e-12   24
  2.938691e-02   6.485329e-11   0.000000e+00   9.122162e-12   48
  3.141593e-02   7.340596e-11   0.000000e+00   3.228587e-11   6
  3.238280e-02   5.700100e-11   3.973643e-10   8.003615e-12   48
  3.332162e-02   5.176978e-11   3.746387e-10   5.396409e-12   36
  3.423471e-02   7.244734e-11   3.973643e-10   1.517147e-11   24
  3.512407e-02   4.184045e-11   5.619580e-10   7.176058e-12   24
  3.599147e-02   3.668504e-11   0.000000e+00   4.978124e-12   48
  3.683844e-02   5.534580e-11   5.619580e-10   7.876955e-12   24
  3.847649e-02   4.294590e-11   5.619580e-10   6.744483e-12   24
  3.926991e-02   2.879314e-11   0.000000e+00   4.718654e-12   30
  4.004761e-02   3.044467e-11   0.000000e+00   3.352461e-12   72
  4.081049e-02   2.946925e-11   5.960464e-10   6.015862e-12   32
  4.229499e-02   3.796989e-11   0.000000e+00   4.397580e-12   72
  4.301803e-02   2.305832e-11   0.000000e+00   3.374542e-12   48
  4.442883e-02   1.190691e-11   0.000000e+00   3.537199e-12   12
  4.545694e-02   2.193537e-11   3.392498e-04   2.029646e-12   96
  4.646478e-02   2.698423e-11   5.619580e-10   3.410855e-12   48
  4.712389e-02   3.221169e-11   6.357829e-10   5.639605e-12   30
  4.825487e-02   2.922573e-11   2.776864e-04   2.755913e-12   96
  4.967294e-02   1.716969e-11   0.000000e+00   3.263472e-12   24
  5.049322e-02   2.385130e-11   2.873674e-04   1.929258e-12   144
  5.150200e-02   1.644572e-11   9.733398e-10   4.029446e-12   24
  5.253894e-02   2.426976e-11   2.549103e-04   2.760053e-12   96
  5.326830e-02   2.131875e-11   0.000000e+00   3.280688e-12   48
  5.490511e-02   2.577765e-11   1.890362e-04   2.923415e-12   62
  5.573699e-02   1.862729e-11   2.658311e-04   2.232247e-12   132
  5.663587e-02   1.224318e-11   7.947286e-10   2.177236e-12   24
  5.748465e-02   1.913522e-11   2.656931e-04   1.622718e-12   168
  5.903504e-02   2.202895e-11   2.612221e-04   1.838762e-12   96
  6.019922e-02   1.488595e-11   2.223241e-04   1.409311e-12   96
  6.162770e-02   1.541060e-11   2.478098e-04   1.269990e-12   168
  6.283185e-02   2.154758e-11   0.000000e+00   9.446202e-12   6
  6.332082e-02   1.708829e-11   0.000000e+00   1.669490e-12   96
  6.390236e-02   1.629673e-11   1.926248e-04   1.607702e-12   120
  6.508191e-02   1.296026e-11   2.236718e-04   1.020048e-12   144
  6.571112e-02   1.468274e-11   0.000000e+00   1.988029e-12   48
  6.690679e-02   1.311691e-11   2.282370e-04   1.401482e-12   84
  6.756250e-02   1.440486e-11   1.557344e-09   1.289154e-12   120
  6.815306e-02   1.105469e-11   2.071087e-04   1.270797e-12   80
  6.906710e-02   1.041411e-11   2.102834e-04   7.625260e-13   144
  7.024815e-02   1.320355e-11   1.123916e-09   2.449887e-12   24
  7.082503e-02   1.428435e-11   2.029143e-04   1.195369e-12   150
  7.172508e-02   1.271310e-11   2.105350e-04   9.278355e-13   120
  7.271349e-02   1.148800e-11   1.918583e-04   9.760101e-13   168
  7.367688e-02   1.639780e-11   1.123916e-09   2.726766e-12   24
  7.428300e-02   9.763109e-12   2.066893e-04   6.209895e-13   264
  7.492221e-02   7.882625e-12   1.123916e-09   1.106940e-12   48
  7.601180e-02   9.887678e-12   1.914474e-04   8.109618e-13   144
  7.721950e-02   1.175929e-11   1.884480e-04   1.427386e-12   72
  7.790872e-02   9.332995e-12   1.938424e-04   5.931838e-13   180
  7.887219e-02   9.704996e-12   1.404521e-04   7.186591e-13   198
  7.932133e-02   1.041836e-11   0.000000e+00   1.156504e-12   48
  8.031473e-02   8.171463e-12   1.901059e-04   6.169394e-13   168
  8.105195e-02   9.444187e-12   1.902639e-04   8.650213e-13   144
  8.216723e-02   8.734782e-12   2.673312e-04   4.585755e-13   248
  8.367327e-02   6.010045e-12   1.843033e-04   4.228934e-13   192
  8.469881e-02   7.721717e-12   2.846833e-04   5.055928e-13   240
  8.531608e-02   8.380374e-12   0.000000e+00   9.096968e-13   72
  8.625752e-02   8.534387e-12   1.737259e-04   7.487637e-13   126
  8.685144e-02   8.900265e-12   1.602857e-04   6.990673e-13   168
  8.798545e-02   8.239180e-12   1.752705e-04   4.581311e-13   288
  8.917744e-02   7.293097e-12   9.231163e-05   6.272495e-13   156
  8.979471e-02   6.209180e-12   1.552950e-04   5.383763e-13   168
  9.073079e-02   6.414785e-12   2.662258e-04   3.957503e-13   264
  9.159238e-02   5.740858e-12   0.000000e+00   7.013268e-13   48
  9.223262e-02   5.859400e-12   2.649592e-04   3.833483e-13   264
  9.315043e-02   5.930181e-12   1.561767e-04   4.936321e-13   144
  9.384360e-02   6.380429e-12   3.195296e-04   7.252422e-13   78
  9.485335e-02   5.195264e-12   2.077074e-04   2.876989e-13   336
  9.580557e-02   4.744345e-12   1.580315e-04   3.224689e-13   200
  9.643092e-02   4.542775e-12   3.094279e-04   3.452371e-13   192
  9.727517e-02   5.526074e-12   1.552787e-04   3.902582e-13   240
  9.805078e-02   5.881741e-12   3.111877e-04   4.087106e-13   168
  9.884759e-02   4.760786e-12   2.491457e-04   4.103830e-13   120
  9.980457e-02   5.138288e-12   1.947292e-04   2.719606e-13   324
  1.007331e-01   4.519936e-12   1.530902e-04   3.060712e-13   192
  1.013651e-01   4.969427e-12   2.745589e-04   3.555535e-13   168
  1.024401e-01   3.773618e-12   2.261345e-04   2.043577e-13   342
  1.034094e-01   5.079197e-12   1.820838e-04   2.632501e-13   336
  1.043919e-01   5.527649e-12   1.393419e-04   5.988919e-13   72
  1.050544e-01   4.391225e-12   2.228587e-04   2.911200e-13   288
  1.058235e-01   4.271389e-12   1.451409e-04   3.082796e-13   264
  1.068977e-01   3.754852e-12   1.908961e-04   2.047463e-13   384
  1.078598e-01   3.890965e-12   2.291250e-04   2.928504e-13   240
  1.082597e-01   3.943603e-12   0.000000e+00   4.790801e-13   48
  1.094162e-01   3.917362e-12   1.875538e-04   1.971467e-13   392
  1.102985e-01   3.602231e-12   2.058309e-04   2.050264e-13   294
  1.112472e-01   3.557752e-12   1.337793e-04   2.677128e-13   228
  1.118712e-01   4.146394e-12   2.031635e-04   2.697929e-13   216
  1.126476e-01   3.452187e-12   1.237531e-04   1.835126e-13   336
  1.135979e-01   3.612829e-12   1.470390e-04   2.040899e-13   360
  1.143824e-01   3.851420e-12   2.240245e-04   2.378172e-13   240
  1.151999e-01   3.613801e-12   2.650723e-04   2.565085e-13   168
  1.159625e-01   3.177379e-12   2.086441e-04   1.800059e-13   312
  1.168709e-01   3.206021e-12   1.305768e-04   1.616972e-13   336
  1.178523e-01   3.404140e-12   1.781309e-04   2.077209e-13   294
  1.185923e-01   3.813293e-12   2.374121e-04   2.349817e-13   288
  1.191585e-01   2.683907e-12   1.485567e-04   1.744028e-13   264
  1.201682e-01   3.101755e-12   2.551823e-04   1.543759e-13   480
  1.210124e-01   3.415831e-12   1.248343e-04   2.031862e-13   240
  1.220474e-01   3.352644e-12   1.262294e-04   1.946221e-13   276
  1.228640e-01   3.061339e-12   2.770985e-04   1.288272e-13   488
  1.238341e-01   3.407804e-12   1.220401e-04   2.988235e-13   240
  1.243972e-01   3.135998e-12   2.369704e-04   1.576670e-13   360
  1.251868e-01   2.643201e-12   8.431050e-05   1.944756e-13   198
  1.262022e-01   2.549164e-12   2.848886e-04   1.102672e-13   480
  1.269457e-01   2.545995e-12   1.051538e-04   1.532440e-13   288
  1.279739e-01   2.910987e-12   2.222711e-04   1.392512e-13   480
  1.288986e-01   2.903779e-12   1.369471e-04   1.263168e-13   480
  1.298482e-01   2.539327e-12   1.771183e-04   1.675683e-13   288
  1.304406e-01   2.887018e-12   1.889527e-04   1.655856e-13   288
  1.313724e-01   2.652607e-12   3.284945e-04   1.292122e-13   456
  1.323107e-01   2.937163e-12   3.093653e-04   1.470288e-13   360
  1.329156e-01   2.610751e-12   1.854426e-04   1.628031e-13   180
  1.337910e-01   2.188754e-12   2.019696e-04   9.349251e-14   486
  1.346784e-01   2.466488e-12   2.686846e-04   1.115398e-13   504
  1.355806e-01   2.598154e-12   2.087544e-04   1.217890e-13   456
  1.363287e-01   2.424460e-12   1.734380e-04   1.415847e-13   296
  1.373170e-01   2.305087e-12   1.711431e-04   1.004240e-13   528
  1.380603e-01   2.310836e-12   1.688738e-04   1.159324e-13   336
  1.391551e-01   2.259394e-12   1.873127e-04   9.365305e-14   600
  1.399564e-01   1.874505e-12   1.097378e-04   1.115707e-13   264
  1.407594e-01   2.176794e-12   1.186684e-04   1.068058e-13   360
  1.415791e-01   2.097147e-12   2.375857e-04   9.180230e-14   630
  1.424823e-01   2.431898e-12   1.226395e-04   1.146252e-13   432
  1.432835e-01   2.297903e-12   2.362954e-04   1.124677e-13   408
  1.442670e-01   2.034794e-12   1.568384e-04   1.097049e-13   324
  1.449986e-01   1.923724e-12   2.235139e-04   7.235773e-14   744
  1.458811e-01   1.779198e-12   1.786845e-04   9.909691e-14   336
  1.467243e-01   2.075161e-12   2.456455e-04   8.929767e-14   528
  1.476489e-01   1.733255e-12   1.253358e-04   9.617753e-14   408
  1.482619e-01   1.664686e-12   2.133217e-04   8.116263e-14   408
  1.492748e-01   1.703637e-12   1.761040e-04   7.824964e-14   470
  1.500126e-01   1.826240e-12   2.115578e-04   8.412563e-14   528
  1.510428e-01   1.530211e-12   1.762850e-04   5.787889e-14   624
  1.518017e-01   1.736557e-12   1.341363e-04   8.195240e-14   504
  1.525845e-01   1.478854e-12   1.868418e-04   6.252706e-14   552
  1.533610e-01   1.585972e-12   9.082694e-05   7.989783e-14   336
  1.543334e-01   1.694498e-12   1.933348e-04   7.631462e-14   528
  1.550866e-01   1.566806e-12   2.201153e-04   6.259370e-14   564
  1.559689e-01   1.430427e-12   2.025929e-04   6.854267e-14   528
  1.569254e-01   1.604413e-12   3.145317e-04   6.922872e-14   582
  1.577952e-01   1.475736e-12   2.421419e-04   5.986922e-14   624
  1.585560e-01   1.419904e-12   2.768148e-04   7.214847e-14   432
  1.594636e-01   1.463700e-12   3.079082e-04   4.953635e-14   816
  1.603976e-01   1.474487e-12   1.403307e-04   8.374595e-14   312
  1.610085e-01   1.269619e-12   2.274371e-04   5.534376e-14   552
  1.619938e-01   1.331256e-12   1.432453e-04   4.967168e-14   744
  1.627075e-01   1.409045e-12   1.338202e-04   7.705129e-14   408
  1.636288e-01   1.234548e-12   1.917702e-04   5.127732e-14   632
  1.645859e-01   1.395182e-12   3.256744e-04   5.292474e-14   750
  1.653644e-01   1.456207e-12   2.240398e-04   7.886291e-14   312
  1.662320e-01   1.273445e-12   3.307635e-04   4.402075e-14   876
  1.670902e-01   1.058366e-12   2.159690e-04   4.327729e-14   552
  1.680571e-01   1.219145e-12   1.786055e-04   4.788227e-14   696
  1.687158e-01   1.240413e-12   1.971466e-04   5.486349e-14   576
  1.696122e-01   1.120916e-12   2.087308e-04   5.214917e-14   576
  1.703773e-01   1.195976e-12   2.797000e-04   4.725188e-14   648
  1.713020e-01   1.192476e-12   2.799621e-04   4.446389e-14   672
  1.723228e-01   1.150785e-12   1.187495e-04   5.499603e-14   480
  1.729762e-01   1.062471e-12   1.838980e-04   3.840957e-14   726
  1.738175e-01   1.174839e-12   2.083803e-04   4.289117e-14   792
  1.747288e-01   1.080890e-12   2.890786e-04   4.000505e-14   768
  1.756892e-01   1.126152e-12   2.362529e-04   4.267862e-14   672
  1.765698e-01   1.077300e-12   1.584735e-04   4.242523e-14   608
  1.772072e-01   1.001868e-12   1.521394e-04   3.951179e-14   624
  1.781167e-01   9.886196e-13   1.977038e-04   3.589379e-14   684
  1.790012e-01   9.995800e-13   2.920315e-04   3.516624e-14   768
  1.798244e-01   1.043191e-12   2.334772e-04   3.583663e-14   744
  1.808054e-01   9.676246e-13   1.470111e-04   3.376089e-14   750
  1.815203e-01   9.223305e-13   2.185124e-04   4.175244e-14   600
  1.822935e-01   9.729748e-13   2.320208e-04   4.030439e-14   600
  1.832487e-01   9.712947e-13   2.673896e-04   3.073325e-14   1008
  1.840073e-01   9.826171e-13   1.483035e-04   3.738038e-14   696
  1.848478e-01   1.008641e-12   1.959155e-04   4.276159e-14   624
  1.856929e-01   9.472940e-13   3.048693e-04   3.601613e-14   840
  1.866529e-01   1.005119e-12   2.074390e-04   3.565467e-14   816
  1.874316e-01   8.783353e-13   1.377859e-04   3.000219e-14   744
  1.882180e-01   8.999900e-13   2.435827e-04   3.854269e-14   510
  1.891680e-01   9.254696e-13   2.338594e-04   2.979811e-14   1020
  1.900521e-01   9.151194e-13   1.887014e-04   3.024464e-14   912
  1.909236e-01   9.315790e-13   2.795717e-04   3.355635e-14   752
  1.916443e-01   8.882710e-13   2.319791e-04   3.569886e-14   888
  1.926277e-01   8.554801e-13   1.496952e-04   3.050965e-14   768
  1.934322e-01   8.330882e-13   2.720094e-04   3.008335e-14   720
  1.943579e-01   8.359606e-13   2.397841e-04   2.765085e-14   1056
  1.951791e-01   8.373724e-13   1.658928e-04   3.755640e-14   504
  1.958519e-01   7.254550e-13   2.590449e-04   2.779112e-14   774
  1.968141e-01   8.121758e-13   2.491327e-04   2.524835e-14   1272
  1.977179e-01   8.235845e-13   1.632211e-04   3.243567e-14   744
  1.985606e-01   7.503880e-13   2.665297e-04   2.799390e-14   768
  1.993337e-01   7.794125e-13   2.254494e-04   2.695156e-14   840
  2.002020e-01   7.874112e-13   1.528486e-04   2.562330e-14   924
  2.010380e-01   7.527351e-13   2.694718e-04   2.497012e-14   936
  2.018597e-01   6.893303e-13   1.872727e-04   2.267012e-14   840
  2.026874e-01   7.457105e-13   2.226454e-04   2.347906e-14   1008
  2.037393e-01   6.770339e-13   2.513459e-04   2.551515e-14   696
  2.043993e-01   6.732120e-13   2.234032e-04   2.291410e-14   974
  2.053799e-01   7.215872e-13   2.967054e-04   2.134169e-14   1152
  2.062324e-01   6.851560e-13   1.161016e-04   2.358103e-14   816
  2.068954e-01   6.518356e-13   2.554105e-04   2.253416e-14   816
  2.077874e-01   6.697254e-13   2.255389e-04   2.049841e-14   1152
  2.087282e-01   6.581607e-13   2.030624e-04   2.163902e-14   912
  2.095836e-01   6.861037e-13   2.467207e-04   2.171989e-14   1056
  2.103161e-01   6.512660e-13   2.109904e-04   2.849112e-14   624
  2.113011e-01   6.180491e-13   2.635547e-04   1.875983e-14   1260
  2.121511e-01   6.288081e-13   1.589650e-04   2.125144e-14   894
  2.129814e-01   6.589960e-13   2.723637e-04   1.867702e-14   1176
  2.138121e-01   5.803375e-13   2.254364e-04   2.257371e-14   840
  2.147575e-01   5.968301e-13   2.562414e-04   1.547372e-14   1440
  2.157503e-01   5.431286e-13   1.440604e-04   1.791694e-14   864
  2.165030e-01   6.009078e-13   2.472147e-04   1.923031e-14   1056
  2.172522e-01   6.162441e-13   1.457545e-04   2.648129e-14   624
  2.181621e-01   5.551460e-13   2.699122e-04   1.434746e-14   1496
  2.190322e-01   5.591051e-13   1.905676e-04   2.238061e-14   936
  2.198068e-01   5.251358e-13   2.758819e-04   1.732790e-14   966
  2.206402e-01   5.300186e-13   1.955564e-04   1.775451e-14   936
  2.215157e-01   5.512328e-13   2.418927e-04   1.554844e-14   1248
  2.224120e-01   5.052095e-13   1.705236e-04   1.571784e-14   1044
  2.232472e-01   4.897683e-13   2.641465e-04   1.426228e-14   1392
  2.239086e-01   4.856466e-13   2.034461e-04   1.921334e-14   600
  2.248549e-01   4.680486e-13   2.311362e-04   1.246107e-14   1416
  2.257421e-01   4.862829e-13   2.487899e-04   1.426706e-14   1152
  2.266411e-01   4.676903e-13   2.386748e-04   1.526504e-14   936
  2.273653e-01   4.684180e-13   2.559904e-04   1.622767e-14   870
  2.282258e-01   4.948536e-13   2.146378e-04   1.445121e-14   1368
  2.291807e-01   4.729039e-13   2.821927e-04   1.224121e-14   1632
  2.299968e-01   5.065268e-13   1.225122e-04   1.793550e-14   816
  2.308802e-01   4.547974e-13   2.795000e-04   1.309669e-14   1200
  2.316509e-01   4.612267e-13   2.672350e-04   1.331130e-14   1184
  2.324339e-01   4.874336e-13   2.028139e-04   1.582611e-14   984
  2.333945e-01   4.346956e-13   2.476149e-04   1.168219e-14   1572
  2.342654e-01   4.733246e-13   1.363658e-04   1.798273e-14   840
  2.350770e-01   4.121004e-13   3.171241e-04   1.144603e-14   1392
  2.359338e-01   4.191312e-13   2.328323e-04   1.349603e-14   1158
  2.366987e-01   4.454867e-13   2.120118e-04   1.318223e-14   1272
  2.376196e-01   4.486662e-13   2.160591e-04   1.308484e-14   1320
  2.384846e-01   4.147617e-13   2.114113e-04   1.306962e-14   1104
  2.393076e-01   4.109190e-13   2.392880e-04   1.209496e-14   1392
  2.401714e-01   3.835178e-13   2.588141e-04   1.126866e-14   1296
  2.410610e-01   3.865139e-13   2.702447e-04   1.069206e-14   1392
  2.418958e-01   3.869730e-13   1.982461e-04   1.205809e-14   1104
  2.426681e-01   3.808119e-13   2.497099e-04   1.037793e-14   1320
  2.437682e-01   3.873255e-13   1.906998e-04   1.097614e-14   1422
  2.444709e-01   3.934803e-13   2.375058e-04   1.275968e-14   1212
  2.452781e-01   3.680114e-13   2.595297e-04   1.061408e-14   1280
  2.461073e-01   3.932855e-13   2.702412e-04   1.137817e-14   1272
  2.469020e-01   3.963097e-13   2.338669e-04   1.005035e-14   1680
  2.478440e-01   3.383913e-13   2.209608e-04   1.098718e-14   1152
  2.487113e-01   3.601292e-13   2.558804e-04   9.194459e-15   1512
  2.496229e-01   3.462726e-13   1.080317e-04   1.231004e-14   912
  2.503436e-01   3.545951e-13   2.723258e-04   8.710612e-15   1680
  2.513021e-01   3.215002e-13   2.412486e-04   8.637202e-15   1518
  2.520125e-01   3.629228e-13   2.233503e-04   1.120675e-14   1056
  2.527608e-01   3.442668e-13   2.255221e-04   8.959997e-15   1344
  2.537281e-01   3.917817e-13   2.421615e-04   9.919933e-15   1680
  2.546033e-01   3.332491e-13   2.386250e-04   9.002036e-15   1656
  2.555597e-01   3.358479e-13   2.028350e-04   1.209752e-14   1140
  2.562777e-01   3.231452e-13   2.348675e-04   9.486742e-15   1368
  2.571225e-01   3.213604e-13   2.671632e-04   8.512425e-15   1656
  2.579812e-01   3.286158e-13   2.736324e-04   9.448530e-15   1448
  2.589160e-01   3.123604e-13   2.570597e-04   8.297823e-15   1422
  2.597793e-01   3.343567e-13   2.837834e-04   9.289426e-15   1512
  2.605177e-01   3.350799e-13   2.163481e-04   1.017807e-14   1296
  2.613720e-01   3.138824e-13   1.975401e-04   8.217892e-15   1824
  2.622956e-01   3.067641e-13   2.561405e-04   8.230007e-15   1464
  2.632286e-01   2.830240e-13   2.285687e-04   6.680253e-15   1824
  2.640944e-01   3.135057e-13   1.817236e-04   8.610999e-15   1416
  2.648477e-01   2.857780e-13   2.661762e-04   8.060918e-15   1392
  2.656609e-01   2.887092e-13   2.456233e-04   7.989784e-15   1464
  2.666530e-01   2.663520e-13   2.401349e-04   7.581157e-15   1524
  2.674197e-01   2.816134e-13   2.212883e-04   7.802355e-15   1686
  2.683058e-01   2.815380e-13   2.634877e-04   7.421164e-15   1800
  2.690674e-01   3.125051e-13   2.091841e-04   1.033685e-14   1344
  2.699123e-01   2.814249e-13   2.440543e-04   7.873078e-15   1656
  2.707594e-01   2.823321e-13   1.948649e-04   7.463446e-15   1488
  2.714953e-01   2.883713e-13   1.945476e-04   7.545446e-15   1536
  2.725208e-01   2.638365e-13   2.161203e-04   7.168832e-15   1760
  2.733154e-01   2.478702e-13   2.403917e-04   6.097815e-15   1824
  2.742343e-01   2.776543e-13   2.017335e-04   7.531579e-15   1560
  2.751185e-01   2.739672e-13   2.317098e-04   7.455285e-15   1926
  2.759500e-01   2.742911e-13   1.647761e-04   8.621530e-15   1272
  2.767090e-01   2.533065e-13   2.769061e-04   6.571501e-15   1848
  2.777066e-01   2.559960e-13   2.237163e-04   6.202604e-15   1908
  2.784654e-01   2.581972e-13   2.182057e-04   7.395547e-15   1488
  2.792661e-01   2.312538e-13   2.460891e-04   6.220171e-15   1800
  2.801341e-01   2.343540e-13   2.463318e-04   6.041073e-15   1752
  2.809655e-01   2.304276e-13   2.619345e-04   6.522261e-15   1368
  2.817976e-01   2.327688e-13   2.461681e-04   5.258190e-15   2016
  2.827127e-01   2.471060e-13   2.600140e-04   6.858311e-15   1542
  2.835572e-01   2.291070e-13   2.546240e-04   5.762236e-15   2184
  2.844920e-01   2.402856e-13   2.329232e-04   6.028968e-15   1776
  2.852996e-01   2.225795e-13   2.662664e-04   6.256028e-15   1568
  2.860693e-01   2.310644e-13   2.432642e-04   5.888476e-15   2040
  2.869069e-01   2.358283e-13   2.600711e-04   6.157206e-15   1704
  2.877836e-01   2.082105e-13   2.607023e-04   5.717915e-15   1512
  2.886103e-01   2.154410e-13   2.223798e-04   5.017289e-15   2028
  2.895391e-01   2.139649e-13   2.682472e-04   5.054390e-15   1968
  2.903883e-01   2.012224e-13   2.720967e-04   5.071362e-15   1854
  2.912193e-01   2.147537e-13   2.593919e-04   5.788396e-15   1632
  2.920709e-01   2.125541e-13   2.665475e-04   4.821801e-15   2424
  2.929536e-01   2.080174e-13   2.668247e-04   5.673431e-15   1560
  2.936998e-01   2.090982e-13   2.521491e-04   5.191127e-15   1728
  2.946015e-01   1.994320e-13   2.691575e-04   5.134402e-15   2088
  2.955091e-01   1.820897e-13   2.562092e-04   4.441189e-15   1968
  2.963439e-01   1.904116e-13   2.536717e-04   4.934264e-15   2256
  2.971811e-01   1.906701e-13   2.255422e-04   4.723079e-15   1728
  2.980551e-01   1.883547e-13   2.223365e-04   5.462373e-15   1416
  2.988294e-01   1.984554e-13   2.343872e-04   4.431155e-15   2246
  2.997060e-01   1.930346e-13   2.595813e-04   4.997775e-15   2148
  3.005447e-01   1.957152e-13   2.192692e-04   5.663362e-15   1680
  3.013341e-01   1.864285e-13   2.772021e-04   3.991886e-15   2280
  3.022829e-01   1.877009e-13   2.581363e-04   4.319606e-15   2352
  3.031692e-01   1.736461e-13   2.168989e-04   4.478995e-15   1632
  3.038703e-01   1.829871e-13   2.481900e-04   4.589472e-15   1968
  3.048324e-01   1.665454e-13   2.546430e-04   4.301958e-15   2112
  3.057246e-01   1.740573e-13   1.912818e-04   4.459914e-15   2208
  3.065916e-01   1.691613e-13   1.928696e-04   4.118871e-15   1974
  3.072758e-01   1.728832e-13   1.886789e-04   4.407825e-15   1944
  3.082002e-01   1.794323e-13   2.134684e-04   4.270372e-15   2160
  3.090014e-01   1.702327e-13   1.996412e-04   4.333723e-15   2040
  3.098672e-01   1.763903e-13   2.793025e-04   4.375376e-15   2352
  3.107553e-01   1.752938e-13   2.320332e-04   4.355248e-15   1836
  3.115659e-01   1.620335e-13   2.475222e-04   3.791066e-15   2352
  3.124759e-01   1.523068e-13   2.596173e-04   3.689451e-15   2008
  3.133101e-01   1.608067e-13   2.554005e-04   3.692195e-15   2464
  3.142404e-01   1.551892e-13   2.059917e-04   3.667364e-15   2118
  3.150034e-01   1.594572e-13   2.070733e-04   4.480787e-15   1848
  3.157888e-01   1.795707e-13   2.740257e-04   4.663751e-15   2280
  3.167373e-01   1.659426e-13   2.606639e-04   3.870824e-15   2472
  3.176238e-01   1.449514e-13   1.741937e-04   3.465035e-15   2280
  3.183679e-01   1.649111e-13   2.129225e-04   4.388185e-15   1992
  3.191704e-01   1.554900e-13   2.238471e-04   3.657080e-15   2184
  3.200957e-01   1.384628e-13   2.700370e-04   3.288767e-15   2352
  3.209874e-01   1.510304e-13   2.845707e-04   3.373204e-15   2496
  3.218605e-01   1.422465e-13   2.657923e-04   3.834095e-15   1770
  3.226436e-01   1.592535e-13   2.293368e-04   3.767480e-15   2568
  3.235850e-01   1.536166e-13   2.812910e-04   3.614190e-15   2712
  3.244408e-01   1.548349e-13   2.233856e-04   3.760389e-15   2448
  3.252953e-01   1.494621e-13   1.883027e-04   3.775903e-15   2064
  3.260041e-01   1.453046e-13   1.987577e-04   4.127532e-15   1944
  3.269232e-01   1.378183e-13   2.455388e-04   3.289400e-15   2480
  3.278609e-01   1.343056e-13   2.667271e-04   2.872267e-15   2880
  3.286914e-01   1.350432e-13   2.558616e-04   3.414290e-15   2304
  3.295589e-01   1.358006e-13   2.350736e-04   3.579051e-15   1806
  3.303280e-01   1.409763e-13   2.305355e-04   3.245308e-15   2856
  3.312919e-01   1.452168e-13   2.210905e-04   3.490209e-15   2568
  3.320255e-01   1.321888e-13   2.218151e-04   3.515740e-15   2112
  3.328238e-01   1.390514e-13   2.136470e-04   4.039496e-15   2028
  3.336802e-01   1.274089e-13   2.528952e-04   2.914495e-15   2712
  3.345499e-01   1.330905e-13   2.724546e-04   2.897083e-15   2952
  3.354846e-01   1.248758e-13   2.105175e-04   3.004421e-15   2112
  3.362401e-01   1.234621e-13   2.467157e-04   2.797094e-15   2520
  3.371478e-01   1.173886e-13   2.379622e-04   2.718770e-15   2376
  3.379744e-01   1.287884e-13   1.907584e-04   2.963113e-15   2526
  3.388325e-01   1.351293e-13   2.373938e-04   3.245343e-15   2664
  3.396821e-01   1.356510e-13   2.831431e-04   3.556675e-15   2408
  3.404964e-01   1.228370e-13   2.268086e-04   3.072492e-15   2568
  3.413270e-01   1.262203e-13   2.138398e-04   2.620811e-15   2904
  3.422280e-01   1.207806e-13   2.399343e-04   2.737114e-15   2544
  3.430840e-01   1.212150e-13   1.767281e-04   3.159507e-15   2160
  3.438918e-01   1.245463e-13   3.055426e-04   2.952815e-15   2652
  3.447840e-01   1.079375e-13   2.419268e-04   2.337365e-15   2784
  3.456427e-01   1.231787e-13   2.389098e-04   2.750422e-15   2694
  3.465323e-01   1.147644e-13   2.147131e-04   2.669737e-15   2952
  3.473054e-01   1.198751e-13   2.033724e-04   3.070308e-15   2208
  3.480928e-01   1.225553e-13   2.167549e-04   3.085206e-15   2304
  3.489719e-01   1.088519e-13   2.818658e-04   2.150602e-15   3504
  3.499970e-01   1.109735e-13   2.282367e-04   2.584295e-15   2616
  3.507966e-01   1.069025e-13   2.229689e-04   2.511280e-15   2664
  3.515668e-01   1.050506e-13   2.071576e-04   2.509671e-15   2448
  3.523429e-01   1.084852e-13   2.885022e-04   2.521558e-15   2472
  3.532560e-01   1.089180e-13   2.293757e-04   2.322215e-15   3134
  3.541153e-01   1.131635e-13   2.508696e-04   2.733406e-15   2616
  3.549734e-01   1.067404e-13   2.032141e-04   2.673531e-15   2712
  3.558561e-01   1.070036e-13   2.330572e-04   2.379484e-15   3204
  3.566997e-01   1.021423e-13   2.684118e-04   2.412489e-15   2760
  3.575009e-01   9.803520e-14   2.341850e-04   2.329997e-15   2688
  3.583845e-01   1.008283e-13   2.214212e-04   2.281173e-15   2760
  3.591658e-01   9.385717e-14   1.828310e-04   2.362811e-15   2568
  3.600656e-01   9.348287e-14   2.839276e-04   1.923376e-15   3336
  3.609291e-01   1.002932e-13   2.403135e-04   2.537824e-15   2334
  3.618012e-01   9.929073e-14   2.659328e-04   2.290507e-15   3264
  3.626161e-01   1.070343e-13   1.933534e-04   3.003716e-15   2760
  3.634519e-01   9.387164e-14   2.335162e-04   2.062365e-15   3192
  3.643028e-01   9.875767e-14   2.424398e-04   2.502171e-15   2904
  3.652079e-01   9.333459e-14   2.432547e-04   2.190337e-15   2784
  3.659655e-01   9.990678e-14   2.002031e-04   2.408302e-15   2592
  3.668273e-01   8.799906e-14   2.729055e-04   1.978415e-15   3284
  3.677431e-01   8.865400e-14   2.741210e-04   1.964826e-15   3168
  3.685625e-01   9.013932e-14   2.261695e-04   2.070017e-15   2616
  3.694239e-01   8.573205e-14   2.185356e-04   2.087294e-15   3222
  3.702618e-01   9.405386e-14   2.452038e-04   2.112226e-15   3240
  3.710732e-01   9.648879e-14   2.480631e-04   2.522302e-15   2568
  3.719957e-01   9.672975e-14   2.276101e-04   2.543857e-15   3120
  3.727671e-01   9.271114e-14   2.502238e-04   2.209118e-15   3168
  3.735966e-01   8.751075e-14   2.190519e-04   2.291497e-15   3240
  3.745041e-01   8.395780e-14   2.247418e-04   1.860074e-15   3144
  3.753858e-01   8.164059e-14   2.142181e-04   1.861508e-15   2856
  3.762191e-01   8.309030e-14   2.287935e-04   1.720502e-15   3264
  3.771620e-01   8.535107e-14   2.528066e-04   1.955006e-15   3318
  3.779041e-01   9.365696e-14   1.770515e-04   2.767115e-15   2556
  3.787885e-01   8.289627e-14   3.024366e-04   1.841177e-15   4008
  3.796839e-01   8.745822e-14   2.232510e-04   2.226318e-15   2904
  3.804500e-01   7.845691e-14   2.282820e-04   1.755306e-15   3144
  3.813221e-01   8.122144e-14   2.379863e-04   1.965479e-15   3200
  3.822245e-01   7.513590e-14   2.347121e-04   1.700891e-15   3312
  3.830335e-01   7.881794e-14   1.891675e-04   1.836777e-15   2832
  3.839368e-01   7.737423e-14   2.722239e-04   1.589187e-15   3984
  3.847754e-01   8.191261e-14   2.213052e-04   2.176644e-15   2238
  3.855410e-01   8.290585e-14   2.604381e-04   1.957038e-15   3984
  3.864910e-01   7.890472e-14   2.474938e-04   1.874605e-15   3384
  3.872801e-01   8.710747e-14   2.313398e-04   2.198186e-15   3048
  3.881040e-01   7.247601e-14   2.124151e-04   1.748656e-15   3096
  3.889647e-01   7.897070e-14   2.407662e-04   1.685572e-15   3708
  3.898204e-01   7.266354e-14   2.282137e-04   1.843694e-15   2784
  3.906153e-01   7.755215e-14   2.370436e-04   1.732362e-15   3648
  3.915182e-01   7.310283e-14   2.439690e-04   1.656307e-15   3888
  3.924791e-01   6.876578e-14   2.604441e-04   1.737790e-15   2958
  3.931965e-01   7.551418e-14   2.223132e-04   1.686812e-15   3264
  3.940610e-01   8.236855e-14   2.454274e-04   2.111792e-15   3160
  3.948778e-01   7.096078e-14   2.224277e-04   1.624835e-15   3736
  3.956519e-01   7.196805e-14   2.026837e-04   1.982585e-15   3216
  3.965649e-01   7.362126e-14   2.483780e-04   1.578488e-15   4032
  3.975170e-01   6.806122e-14   2.267646e-04   1.428468e-15   3528
  3.983289e-01   7.064232e-14   2.001684e-04   1.658998e-15   3192
  3.991405e-01   6.612203e-14   2.192200e-04   1.519866e-15   3456
  4.000209e-01   6.394173e-14   2.273080e-04   1.469143e-15   3060
  4.009034e-01   7.006254e-14   2.702954e-04   1.490222e-15   4518
  4.017633e-01   6.954977e-14   2.407982e-04   1.698832e-15   3528
  4.025537e-01   7.745950e-14   2.022284e-04   2.163345e-15   3024
  4.033964e-01   6.626583e-14   2.738092e-04   1.535556e-15   3672
  4.042548e-01   6.721176e-14   2.350114e-04   1.533119e-15   3864
  4.052079e-01   6.498747e-14   2.491089e-04   1.450528e-15   3816
  4.059874e-01   6.093932e-14   2.266341e-04   1.388883e-15   3456
  4.067347e-01   6.396986e-14   2.051552e-04   1.583088e-15   2688
  4.076152e-01   6.066383e-14   2.434127e-04   1.182425e-15   4248
  4.084881e-01   6.643459e-14   2.331428e-04   1.600259e-15   3926
  4.093648e-01   6.652382e-14   2.461587e-04   1.715586e-15   3504
  4.102118e-01   6.722810e-14   2.200696e-04   1.512075e-15   3960
  4.111470e-01   6.215490e-14   2.477470e-04   1.453981e-15   3684
  4.119490e-01   5.847597e-14   2.477304e-04   1.342826e-15   4104
  4.127507e-01   6.187571e-14   2.349586e-04   1.415195e-15   3144
  4.136121e-01   5.898398e-14   2.573606e-04   1.292606e-15   4224
  4.145591e-01   5.523868e-14   2.284299e-04   1.163654e-15   4008
  4.153682e-01   5.742395e-14   2.513090e-04   1.240641e-15   3312
  4.162013e-01   5.950164e-14   2.499555e-04   1.467011e-15   3726
  4.170874e-01   6.002800e-14   2.567350e-04   1.455813e-15   3936
  4.178742e-01   6.523254e-14   2.646433e-04   1.708404e-15   3888
  4.186907e-01   5.846455e-14   2.502456e-04   1.402290e-15   3864
  4.195402e-01   5.897000e-14   2.660321e-04   1.429224e-15   3888
  4.204152e-01   5.392989e-14   2.509093e-04   1.251114e-15   4080
  4.212790e-01   5.806357e-14   2.662911e-04   1.415619e-15   3400
  4.221604e-01   5.433003e-14   2.442158e-04   1.160883e-15   4588
  4.230516e-01   5.228798e-14   2.417232e-04   1.206881e-15   3816
  4.238304e-01   5.325503e-14   2.290530e-04   1.246428e-15   3534
  4.246549e-01   6.054323e-14   2.262432e-04   1.397866e-15   4080
  4.255174e-01   5.815942e-14   2.364882e-04   1.282937e-15   4248
  4.263835e-01   5.937296e-14   2.383083e-04   1.639681e-15   3528
  4.271828e-01   5.618422e-14   2.436376e-04   1.238413e-15   4248
  4.279907e-01   5.293066e-14   2.383021e-04   1.272027e-15   3696
  4.288904e-01   5.108130e-14   2.472719e-04   1.047920e-15   4560
  4.297436e-01   5.271850e-14   2.316116e-04   1.155098e-15   3864
  4.306199e-01   4.883794e-14   2.521896e-04   1.046810e-15   4440
  4.314503e-01   5.094560e-14   2.352988e-04   1.375470e-15   3432
  4.323230e-01   5.408703e-14   2.307154e-04   1.267539e-15   4470
  4.331814e-01   5.465870e-14   2.050293e-04   1.248642e-15   4188
  4.340252e-01   5.133938e-14   2.626714e-04   1.164580e-15   4392
  4.348633e-01   5.525795e-14   2.032013e-04   1.377697e-15   3960
  4.357347e-01   5.206514e-14   2.295583e-04   1.177318e-15   4328
  4.365790e-01   4.829026e-14   2.389021e-04   1.031798e-15   4320
  4.374322e-01   4.914405e-14   2.498172e-04   1.098984e-15   4152
  4.382234e-01   5.362050e-14   2.089759e-04   1.419964e-15   3528
  4.391181e-01   4.559846e-14   2.261844e-04   9.413986e-16   4512
  4.399552e-01   5.158540e-14   2.312162e-04   1.328888e-15   4134
  4.408055e-01   5.441113e-14   2.463227e-04   1.202769e-15   5208
  4.416233e-01   5.171972e-14   2.146072e-04   1.343211e-15   3240
  4.424693e-01   5.278524e-14   2.367020e-04   1.187681e-15   4680
  4.433303e-01   4.849600e-14   2.343542e-04   1.165843e-15   4440
  4.441924e-01   4.591574e-14   2.655613e-04   1.092109e-15   4260
  4.450192e-01   4.440804e-14   2.168051e-04   1.058408e-15   4056
  4.458707e-01   4.320552e-14   2.403664e-04   9.083155e-16   4704
  4.467645e-01   4.725186e-14   2.797073e-04   1.067359e-15   4800
  4.477092e-01   4.617323e-14   2.423449e-04   1.065295e-15   4806
  4.485256e-01   5.877321e-14   2.415792e-04   1.575120e-15   3552
  4.493032e-01   4.561319e-14   2.422270e-04   1.204045e-15   4304
  4.501811e-01   4.784433e-14   2.349055e-04   1.071851e-15   5280
  4.510492e-01   4.504182e-14   2.253520e-04   1.029102e-15   4320
  4.518710e-01   4.535227e-14   2.544815e-04   1.060611e-15   4296
  4.527375e-01   4.288411e-14   2.829200e-04   8.982727e-16   4608
  4.536139e-01   4.443361e-14   2.710526e-04   9.303093e-16   4824
  4.544815e-01   4.013509e-14   2.558929e-04   9.197008e-16   4488
  4.554125e-01   4.581268e-14   2.389035e-04   1.085030e-15   4530
  4.561813e-01   4.501975e-14   2.332695e-04   1.161332e-15   4464
  4.569505e-01   4.529955e-14   2.198393e-04   1.084100e-15   4104
  4.578337e-01   4.360402e-14   2.370326e-04   9.138278e-16   5424
  4.587024e-01   4.512392e-14   2.551511e-04   1.173318e-15   4392
  4.595865e-01   4.355269e-14   2.498032e-04   9.970024e-16   4896
  4.603893e-01   4.026975e-14   2.448582e-04   9.497561e-16   4104
  4.612271e-01   4.433437e-14   2.207975e-04   1.024950e-15   4824
  4.621110e-01   3.652106e-14   2.110308e-04   7.970368e-16   4680
  4.628810e-01   3.897112e-14   2.158383e-04   9.190004e-16   4328
  4.637748e-01   4.231415e-14   2.488057e-04   1.001612e-15   5118
  4.646730e-01   4.404036e-14   2.882572e-04   1.061176e-15   5304
  4.654835e-01   4.892574e-14   2.269892e-04   1.254830e-15   4392
  4.663665e-01   4.103046e-14   2.278262e-04   1.001577e-15   4476
  4.671387e-01   3.986130e-14   2.262585e-04   9.874446e-16   4704
  4.679980e-01   3.925835e-14   2.738589e-04   8.350127e-16   5208
  4.689011e-01   3.812300e-14   2.309089e-04   9.074896e-16   5304
  4.697333e-01   3.688199e-14   2.473356e-04   8.241969e-16   4296
  4.705865e-01   3.816745e-14   2.345380e-04   8.320886e-16   4752
  4.714831e-01   3.997639e-14   2.354379e-04   9.265755e-16   4950
  4.722889e-01   4.082406e-14   2.460959e-04   9.902465e-16   5064
  4.730949e-01   4.218817e-14   2.061964e-04   1.046434e-15   4872
  4.739099e-01   4.014548e-14   2.170683e-04   1.111658e-15   4224
  4.747801e-01   3.959671e-14   2.397792e-04   8.750973e-16   6120
  4.757062e-01   3.601711e-14   2.637876e-04   8.397677e-16   4968
  4.765463e-01   3.879939e-14   2.334291e-04   9.415264e-16   4424
  4.774153e-01   3.714068e-14   2.981561e-04   9.226807e-16   5436
  4.782738e-01   3.485244e-14   2.542043e-04   7.730021e-16   4896
  4.791038e-01   3.462345e-14   2.433728e-04   8.893748e-16   5214
  4.799038e-01   4.169435e-14   2.068797e-04   1.084256e-15   4656
  4.807928e-01   4.083604e-14   2.630307e-04   1.001785e-15   5448
  4.816422e-01   3.806851e-14   2.221488e-04   1.076803e-15   4992
  4.824740e-01   4.019541e-14   2.458572e-04   1.035086e-15   5400
  4.833882e-01   3.732243e-14   2.724858e-04   8.585049e-16   5328
  4.842306e-01   3.624460e-14   2.436523e-04   8.953014e-16   4776
  4.850232e-01   3.181666e-14   2.289517e-04   7.579546e-16   4800
  4.859037e-01   3.436251e-14   2.944201e-04   7.134483e-16   6552
  4.868249e-01   3.819465e-14   2.224303e-04   1.141897e-15   3942
  4.876233e-01   3.645503e-14   2.803482e-04   8.574975e-16   6072
  4.885072e-01   4.129598e-14   2.177287e-04   1.181340e-15   4692
  4.892483e-01   3.518882e-14   2.273053e-04   8.838957e-16   4944
  4.901164e-01   3.510297e-14   2.439686e-04   8.150425e-16   5840
  4.910077e-01   3.400898e-14   2.611583e-04   8.483497e-16   5712
  4.918853e-01   3.457657e-14   2.188675e-04   8.957934e-16   4800
  4.926859e-01   3.241223e-14   2.898577e-04   7.448316e-16   5688
  4.935628e-01   3.161954e-14   2.286917e-04   7.687163e-16   4848
  4.944318e-01   2.552752e-14   2.545475e-04   6.922692e-16   5406
  4.952565e-01   1.095284e-16   2.297703e-04   1.525965e-18   5568
  4.960847e-01   1.081292e-16   2.065481e-04   1.512274e-18   5736
  4.969796e-01   1.094573e-16   2.565195e-04   1.569457e-18   5280
  4.977918e-01   1.052560e-16   2.371710e-04   1.427070e-18   5592
  4.986277e-01   1.042608e-16   2.714980e-04   1.513110e-18   4968
  4.995115e-01   1.080247e-16   2.434342e-04   1.447305e-18   5964
  5.003738e-01   1.052163e-16   2.445654e-04   1.421389e-18   5376
  5.011573e-01   1.021017e-16   2.361430e-04   1.431507e-18   5472
  5.020656e-01   1.026746e-16   2.242680e-04   1.384602e-18   5472
  5.028962e-01   9.984429e-17   2.549854e-04   1.432381e-18   5415
  5.037011e-01   9.668764e-17   2.242905e-04   1.352961e-18   5096
  5.045719e-01   9.247233e-17   2.884319e-04   1.220344e-18   6372
  5.054529e-01   9.868390e-17   2.341360e-04   1.509566e-18   4656
  5.062424e-01   9.807480e-17   2.556015e-04   1.304727e-18   5844
  5.070918e-01   9.603240e-17   2.247331e-04   1.314026e-18   5508
  5.079922e-01   9.683546e-17   2.549406e-04   1.249335e-18   6324
  5.088755e-01   9.018611e-17   2.189942e-04   1.350024e-18   4752
  5.096830e-01   9.415074e-17   2.451822e-04   1.276289e-18   5676
  5.105570e-01   9.284345e-17   2.242947e-04   1.292939e-18   5472
  5.113866e-01   9.040231e-17   2.529981e-04   1.248107e-18   5556
  5.122777e-01   8.898907e-17   2.465418e-04   1.213708e-18   5436
  5.131379e-01   8.926178e-17   2.523527e-04   1.240832e-18   5916
  5.140212e-01   8.820385e-17   2.625579e-04   1.217782e-18   5520
  5.148166e-01   8.422403e-17   2.387841e-04   1.200644e-18   5280
  5.156315e-01   8.929819e-17   2.346268e-04   1.341264e-18   4416
  5.165510e-01   8.455026e-17   2.287038e-04   1.106456e-18   6260
  5.174147e-01   8.414160e-17   2.719567e-04   1.137576e-18   5940
  5.181970e-01   8.390301e-17   2.129865e-04   1.346668e-18   4188
  5.190583e-01   8.129707e-17   2.723213e-04   1.046967e-18   6360
  5.199639e-01   8.127321e-17   2.428992e-04   1.160791e-18   5256
  5.208050e-01   8.213802e-17   2.296198e-04   1.269681e-18   4848
  5.215257e-01   7.639588e-17   2.081623e-04   1.134145e-18   4704
  5.224129e-01   7.801842e-17   2.553609e-04   1.072207e-18   5784
  5.233155e-01   7.561250e-17   2.702014e-04   1.043912e-18   5820
  5.241867e-01   7.758119e-17   2.420426e-04   1.076885e-18   5700
  5.250631e-01   7.722781e-17   2.244610e-04   1.115257e-18   5232
  5.259407e-01   7.650557e-17   2.490588e-04   1.109031e-18   4932
  5.267180e-01   7.458882e-17   2.143745e-04   1.148672e-18   4716
  5.275348e-01   7.709743e-17   2.730669e-04   1.103187e-18   5616
  5.283752e-01   7.096748e-17   2.411581e-04   1.035464e-18   5184
  5.292421e-01   6.949290e-17   2.432694e-04   1.025336e-18   5064
  5.300596e-01   7.016432e-17   2.490961e-04   1.022661e-18   5544
  5.309663e-01   6.953489e-17   2.500505e-04   9.924684e-19   5192
  5.317913e-01   6.950121e-17   2.247093e-04   1.023993e-18   5244
  5.326587e-01   6.685882e-17   2.431380e-04   9.901301e-19   5112
  5.335210e-01   6.901044e-17   2.231268e-04   1.028711e-18   5040
  5.343123e-01   6.809778e-17   2.345768e-04   1.000126e-18   5124
  5.352365e-01   6.642421e-17   2.633440e-04   9.489533e-19   5952
  5.360896e-01   6.681888e-17   2.307429e-04   1.001254e-18   4824
  5.368629e-01   6.447609e-17   2.329060e-04   1.036157e-18   4536
  5.377581e-01   6.411512e-17   2.475578e-04   9.120730e-19   5712
  5.386775e-01   6.646327e-17   2.708958e-04   9.752709e-19   5352
  5.395447e-01   6.361884e-17   2.359603e-04   9.372919e-19   5004
  5.403194e-01   6.186160e-17   2.360245e-04   9.326279e-19   4800
  5.411519e-01   6.225688e-17   2.536404e-04   9.301539e-19   5148
  5.420742e-01   6.213762e-17   2.634385e-04   8.885205e-19   5664
  5.429076e-01   5.849353e-17   2.366059e-04   9.274711e-19   4692
  5.436776e-01   6.018278e-17   2.198098e-04   9.959044e-19   4008
  5.445757e-01   5.876093e-17   2.519496e-04   8.159740e-19   5852
  5.454887e-01   5.769849e-17   2.385727e-04   8.476734e-19   5784
  5.462996e-01   5.849798e-17   2.199226e-04   9.628639e-19   4392
  5.471343e-01   5.820888e-17   2.157230e-04   9.251422e-19   4944
  5.480105e-01   5.563547e-17   2.543338e-04   8.678140e-19   4776
  5.488369e-01   5.390629e-17   2.446830e-04   8.040907e-19   5244
  5.497337e-01   5.436031e-17   2.442514e-04   7.959831e-19   4884
  5.504862e-01   5.293619e-17   2.071441e-04   8.362319e-19   4488
  5.513613e-01   5.417030e-17   2.461419e-04   8.397549e-19   5160
  5.522424e-01   5.574283e-17   2.506068e-04   8.148612e-19   5316
  5.530912e-01   5.120343e-17   2.533810e-04   8.176932e-19   4896
  5.539186e-01   5.484417e-17   2.354353e-04   9.470508e-19   4188
  5.547525e-01   4.901467e-17   2.567961e-04   7.690902e-19   4836
  5.556040e-01   5.227442e-17   2.547440e-04   7.679707e-19   5316
  5.564664e-01   5.015803e-17   2.357965e-04   7.403932e-19   4920
  5.572730e-01   5.361478e-17   2.375472e-04   9.096718e-19   4128
  5.581384e-01   4.916745e-17   2.555456e-04   7.463853e-19   5348
  5.589901e-01   4.998555e-17   2.217367e-04   7.946213e-19   4836
  5.598033e-01   4.879762e-17   2.389285e-04   8.577172e-19   4392
  5.606793e-01   4.824108e-17   2.099182e-04   7.963541e-19   4632
  5.614679e-01   4.786982e-17   2.345502e-04   7.657328e-19   4596
  5.623735e-01   4.747814e-17   2.358727e-04   7.316157e-19   5424
  5.632695e-01   4.418576e-17   2.427884e-04   6.659276e-19   5256
  5.641926e-01   4.588421e-17   2.465806e-04   7.496588e-19   4524
  5.649613e-01   4.635482e-17   2.345468e-04   7.972243e-19   4440
  5.658223e-01   4.524411e-17   2.005677e-04   7.288059e-19   4380
  5.666649e-01   4.426808e-17   2.624772e-04   7.210342e-19   4812
  5.675617e-01   4.474833e-17   2.607020e-04   6.856696e-19   5376
  5.683817e-01   4.172394e-17   2.082312e-04   7.452995e-19   3888
  5.691674e-01   4.465408e-17   2.384488e-04   7.116840e-19   4896
  5.700441e-01   4.289666e-17   2.516025e-04   7.121997e-19   4608
  5.709645e-01   4.461562e-17   2.374972e-04   7.273460e-19   4448
  5.717656e-01   3.889956e-17   2.451620e-04   6.342129e-19   4752
  5.726098e-01   4.246131e-17   2.567919e-04   7.439378e-19   4356
  5.734975e-01   4.146330e-17   2.471144e-04   6.691512e-19   5232
  5.743802e-01   3.892428e-17   2.490294e-04   6.553690e-19   4548
  5.752360e-01   3.969046e-17   2.420880e-04   6.465563e-19   4608
  5.760714e-01   3.977395e-17   2.199174e-04   7.375294e-19   3936
  5.768601e-01   3.951693e-17   2.628653e-04   7.103394e-19   4260
  5.777463e-01   3.834755e-17   2.356625e-04   6.335316e-19   5004
  5.785566e-01   3.964151e-17   2.328745e-04   7.216523e-19   4224
  5.794451e-01   3.826185e-17   2.515970e-04   6.559942e-19   4788
  5.803082e-01   3.909165e-17   2.645973e-04   6.906341e-19   4428
  5.811490e-01   3.629325e-17   2.211067e-04   6.655282e-19   4080
  5.819585e-01   3.831147e-17   2.417600e-04   6.112806e-19   4632
  5.828107e-01   3.579168e-17   2.514119e-04   6.729355e-19   4056
  5.837066e-01   3.575768e-17   2.367087e-04   6.144864e-19   4536
  5.845252e-01   3.755722e-17   2.414273e-04   6.406722e-19   4668
  5.854216e-01   3.340372e-17   2.587670e-04   5.881317e-19   4604
  5.862946e-01   3.529114e-17   2.325046e-04   6.289972e-19   4152
  5.871003e-01   3.516809e-17   2.253339e-04   6.368121e-19   4224
  5.879544e-01   3.334712e-17   2.166417e-04   6.147286e-19   4152
  5.888077e-01   3.640745e-17   2.457430e-04   6.487792e-19   4224
  5.896373e-01   3.436453e-17   2.272627e-04   6.291309e-19   3960
  5.904364e-01   3.318968e-17   2.345207e-04   5.611087e-19   4656
  5.913093e-01   3.215733e-17   2.530431e-04   5.645995e-19   4452
  5.922043e-01   3.138766e-17   2.572601e-04   5.947727e-19   4056
  5.930372e-01   3.214252e-17   2.549134e-04   5.879431e-19   4212
  5.938810e-01   3.408148e-17   2.118438e-04   6.891406e-19   3432
  5.947361e-01   3.160769e-17   2.710099e-04   5.222892e-19   5352
  5.955718e-01   3.211350e-17   1.984824e-04   6.439015e-19   3600
  5.964815e-01   3.072534e-17   2.189297e-04   5.474752e-19   4584
  5.972758e-01   3.182872e-17   2.182850e-04   6.214403e-19   3768
  5.980940e-01   3.028640e-17   2.330224e-04   5.988076e-19   3848
  5.989107e-01   3.044558e-17   2.136550e-04   6.230176e-19   3720
  5.998368e-01   2.852183e-17   2.681687e-04   4.909960e-19   4764
  6.006544e-01   3.034560e-17   2.159502e-04   5.544449e-19   3864
  6.014940e-01   3.079449e-17   2.674804e-04   5.585300e-19   4332
  6.024099e-01   2.929674e-17   2.283640e-04   5.556609e-19   3792
  6.032282e-01   2.730802e-17   2.590324e-04   4.971616e-19   4284
  6.040954e-01   2.758168e-17   2.452751e-04   5.899828e-19   3840
  6.049162e-01   2.571159e-17   2.334698e-04   5.374160e-19   3480
  6.057497e-01   2.695852e-17   2.605074e-04   4.718454e-19   4380
  6.066508e-01   2.775355e-17   2.447011e-04   5.224076e-19   4200
  6.075361e-01   2.852969e-17   2.352025e-04   5.263336e-19   4056
  6.083583e-01   2.627971e-17   2.363879e-04   5.552583e-19   3600
  6.091287e-01   2.677907e-17   2.355235e-04   5.403111e-19   3492
  6.100287e-01   2.537644e-17   2.750382e-04   4.798076e-19   4500
  6.109470e-01   2.763843e-17   2.409706e-04   5.633565e-19   3516
  6.117362e-01   2.788080e-17   2.519124e-04   5.617053e-19   3968
  6.126208e-01   2.562412e-17   2.421097e-04   5.302316e-19   3648
  6.134038e-01   2.540641e-17   2.315237e-04   5.118406e-19   4224
  6.142915e-01   2.348462e-17   2.598645e-04   4.991118e-19   3588
  6.151244e-01   2.503082e-17   2.396946e-04   5.293199e-19   3456
  6.159625e-01   2.301668e-17   2.128784e-04   4.833292e-19   3660
  6.168286e-01   2.419777e-17   2.336590e-04   4.922085e-19   3768
  6.176358e-01   2.470594e-17   2.362982e-04   4.990091e-19   3744
  6.185028e-01   2.335946e-17   2.593761e-04   4.556533e-19   4176
  6.194250e-01   2.538116e-17   2.392460e-04   5.268477e-19   3612
  6.201873e-01   2.356434e-17   2.599944e-04   5.260381e-19   3216
  6.210597e-01   2.281283e-17   2.513703e-04   5.014273e-19   3624
  6.219368e-01   2.263412e-17   2.363707e-04   4.582245e-19   3744
  6.227845e-01   2.356320e-17   2.522057e-04   4.991208e-19   3672
  6.236208e-01   2.292900e-17   2.287068e-04   4.811683e-19   3852
  6.244844e-01   2.337373e-17   2.353920e-04   4.816613e-19   3672
  6.254030e-01   2.282441e-17   2.293505e-04   5.690436e-19   3248
  6.261702e-01   2.001751e-17   2.347565e-04   4.511206e-19   3336
  6.270076e-01   1.999897e-17   2.389611e-04   4.242190e-19   3576
  6.278638e-01   2.163969e-17   2.028565e-04   4.685184e-19   3336
  6.287362e-01   2.160855e-17   2.409579e-04   4.406253e-19   3936
  6.295969e-01   2.189755e-17   2.566269e-04   4.740672e-19   3408
  6.304507e-01   2.183745e-17   2.260925e-04   5.047959e-19   3336
  6.312802e-01   1.702761e-17   2.539536e-04   3.975559e-19   3312
  6.321094e-01   2.004675e-17   2.571308e-04   4.741623e-19   3432
  6.329927e-01   2.092144e-17   2.229221e-04   5.029365e-19   3144
  6.337985e-01   1.973457e-17   2.420042e-04   4.450316e-19   3456
  6.347053e-01   1.945421e-17   2.325937e-04   3.979380e-19   3792
  6.355244e-01   2.049246e-17   2.284723e-04   5.114891e-19   2868
  6.364094e-01   1.807236e-17   2.366964e-04   3.626152e-19   3888
  6.372365e-01   1.713194e-17   2.055262e-04   4.200054e-19   2784
  6.380507e-01   1.839578e-17   2.347167e-04   4.971681e-19   2964
  6.389401e-01   1.879836e-17   2.417122e-04   4.246499e-19   3432
  6.397867e-01   1.821374e-17   2.501965e-04   4.076162e-19   3416
  6.406434e-01   1.849253e-17   2.674381e-04   4.193810e-19   3528
  6.415202e-01   1.953815e-17   2.146381e-04   4.840397e-19   2904
  6.422958e-01   1.681949e-17   2.406723e-04   4.119730e-19   3072
  6.431978e-01   1.659794e-17   2.703026e-04   3.856076e-19   3216
  6.440996e-01   1.656393e-17   2.189164e-04   4.309156e-19   2844
  6.448912e-01   1.662199e-17   2.505096e-04   3.992251e-19   3432
  6.457040e-01   1.872486e-17   2.013505e-04   4.877330e-19   2880
  6.466118e-01   1.690369e-17   2.667176e-04   4.104296e-19   3576
  6.474671e-01   1.803692e-17   2.384081e-04   4.891754e-19   2700
  6.482861e-01   1.580633e-17   2.677915e-04   3.892623e-19   3000
  6.491436e-01   1.487204e-17   2.223467e-04   3.999765e-19   2556
  6.499763e-01   1.657103e-17   2.383114e-04   3.965971e-19   3360
  6.508373e-01   1.643027e-17   2.315574e-04   3.941352e-19   3120
  6.517650e-01   1.649564e-17   2.726165e-04   4.274455e-19   3216
  6.525636e-01   1.744947e-17   1.922690e-04   4.639487e-19   2628
  6.534614e-01   1.499276e-17   2.541519e-04   3.889752e-19   3200
  6.542803e-01   1.401909e-17   2.397679e-04   3.895092e-19   2232
  6.551074e-01   1.384532e-17   2.736875e-04   3.852902e-19   3108
  6.559309e-01   1.757580e-17   2.404187e-04   5.093001e-19   2604
  6.567735e-01   1.629871e-17   2.589990e-04   4.112701e-19   3096
  6.577005e-01   1.511835e-17   2.359820e-04   3.888876e-19   3084
  6.585047e-01   1.406968e-17   2.408160e-04   3.862471e-19   2664
  6.593337e-01   1.475490e-17   2.123619e-04   4.522116e-19   2232
  6.601458e-01   1.200099e-17   2.615978e-04   3.337278e-19   2808
  6.610352e-01   1.485634e-17   2.471197e-04   4.416048e-19   2592
  6.618655e-01   1.629412e-17   2.536980e-04   4.480847e-19   2952
  6.627380e-01   1.362605e-17   2.395220e-04   3.812297e-19   2772
  6.635862e-01   1.361697e-17   2.575909e-04   3.641503e-19   3036
  6.644738e-01   1.305578e-17   2.498645e-04   4.201328e-19   2136
  6.652829e-01   1.168159e-17   1.992675e-04   3.659558e-19   2496
  6.661138e-01   1.444202e-17   2.654094e-04   4.565893e-19   2228
  6.669802e-01   1.518567e-17   2.474467e-04   4.375415e-19   3048
  6.678426e-01   1.366558e-17   2.363683e-04   4.188588e-19   2676
  6.686995e-01   1.206755e-17   2.354750e-04   3.386820e-19   2784
  6.695185e-01   1.249727e-17   2.287645e-04   4.008297e-19   1920
  6.703399e-01   1.114700e-17   2.441470e-04   3.280475e-19   2400
  6.712300e-01   1.098267e-17   2.239332e-04   3.273647e-19   2532
  6.721505e-01   1.317248e-17   2.487362e-04   4.140823e-19   2544
  6.729786e-01   1.452309e-17   2.602118e-04   4.333081e-19   2772
  6.737945e-01   1.142436e-17   2.437306e-04   4.108511e-19   2160
  6.746047e-01   1.233549e-17   2.625210e-04   3.962892e-19   2304
  6.755422e-01   1.107418e-17   2.568904e-04   3.769748e-19   2328
  6.763826e-01   9.373043e-18   2.463036e-04   3.119996e-19   2304
  6.771610e-01   9.790008e-18   2.329142e-04   3.397627e-19   1908
  6.780465e-01   1.406171e-17   2.604996e-04   4.733034e-19   2736
  6.788994e-01   1.253774e-17   2.468231e-04   4.273428e-19   2448
  6.798065e-01   1.227407e-17   2.307663e-04   4.021406e-19   2040
  6.806273e-01   8.640954e-18   2.402748e-04   3.353663e-19   2120
  6.814166e-01   1.101531e-17   1.992121e-04   3.758736e-19   2040
  6.822662e-01   8.918521e-18   2.471585e-04   3.573826e-19   2208
  6.832277e-01   1.262758e-17   2.219109e-04   4.539713e-19   2208
  6.840064e-01   1.457109e-17   2.459196e-04   5.032301e-19   2196
  6.848112e-01   8.198175e-18   2.163266e-04   3.012958e-19   1848
  6.856301e-01   1.053320e-17   2.453429e-04   4.003742e-19   2124
  6.865460e-01   9.351535e-18   2.573595e-04   3.139914e-19   2328
  6.874404e-01   9.231754e-18   2.620143e-04   3.658193e-19   1920
  6.883100e-01   8.558312e-18   2.405262e-04   3.470717e-19   1548
  6.890833e-01   1.220317e-17   2.638497e-04   4.165434e-19   2388
  6.899956e-01   8.863226e-18   2.441618e-04   3.649662e-19   2160
  6.908310e-01   9.093945e-18   2.222335e-04   3.841152e-19   1704
  6.916314e-01   8.489168e-18   2.503658e-04   3.703755e-19   1776
  6.923886e-01   8.281211e-18   2.341856e-04   3.425515e-19   1800
  6.933460e-01   7.313185e-18   2.703456e-04   2.974734e-19   1700
  6.942403e-01   1.111019e-17   2.434138e-04   4.472652e-19   2292
  6.950731e-01   9.178398e-18   2.259603e-04   4.101735e-19   1704
  6.958590e-01   9.011700e-18   2.526614e-04   3.914261e-19   1728
  6.967197e-01   7.360425e-18   2.338439e-04   3.322874e-19   1728
  6.975632e-01   9.301421e-18   2.336239e-04   4.052555e-19   1680
  6.984603e-01   5.839049e-18   2.691417e-04   2.653606e-19   1704
  6.993542e-01   6.406984e-18   2.113568e-04   2.472747e-19   1752
  7.001534e-01   9.638555e-18   2.512631e-04   4.542023e-19   1872
  7.010180e-01   8.390525e-18   2.462655e-04   4.249531e-19   1500
  7.018952e-01   7.262219e-18   2.156415e-04   3.476669e-19   1656
  7.027470e-01   7.686726e-18   2.312087e-04   3.199893e-19   1464
  7.035040e-01   5.168515e-18   2.025156e-04   2.862363e-19   1488
  7.044325e-01   6.147525e-18   2.444213e-04   2.513228e-19   1680
  7.052811e-01   7.453332e-18   2.553590e-04   3.604581e-19   1692
  7.060753e-01   6.847757e-18   2.445192e-04   3.830038e-19   1128
  7.069565e-01   6.727987e-18   2.354508e-04   3.318552e-19   1536
  7.078161e-01   5.276460e-18   2.454338e-04   2.905158e-19   1616
  7.086864e-01   5.222478e-18   2.366751e-04   2.754647e-19   1476
  7.095637e-01   5.105304e-18   2.604667e-04   3.349838e-19   1176
  7.103467e-01   5.346767e-18   2.798437e-04   2.321904e-19   1656
  7.111995e-01   6.204472e-18   2.458168e-04   4.867105e-19   891
  7.120785e-01   4.801112e-18   2.620429e-04   2.124590e-19   1596
  7.129351e-01   4.279163e-18   2.285084e-04   2.491542e-19   1422
  7.137799e-01   4.523740e-18   2.191242e-04   2.265817e-19   1254
  7.145746e-01   3.307690e-18   2.238603e-04   1.688303e-19   918
  7.154260e-01   4.616260e-18   2.450016e-04   1.919927e-19   1614
  7.162836e-01   3.612986e-18   2.116357e-04   2.419307e-19   798
  7.171363e-01   3.356790e-18   2.712918e-04   1.672673e-19   1458
  7.180010e-01   3.698228e-18   2.484128e-04   1.633659e-19   1374
  7.188557e-01   2.903925e-18   2.121611e-04   1.833554e-19   984
  7.197034e-01   3.378570e-18   2.919043e-04   1.639937e-19   1062
  7.205669e-01   4.013162e-18   2.474440e-04   1.959223e-19   1246
  7.214055e-01   2.342381e-18   2.294417e-04   1.319589e-19   1072
  7.223013e-01   2.527194e-18   2.484706e-04   1.559865e-19   1110
  7.231291e-01   3.503383e-18   2.691818e-04   1.707858e-19   1254
  7.239992e-01   2.742327e-18   2.554678e-04   1.607059e-19   1032
  7.249475e-01   3.117557e-18   2.366890e-04   2.292643e-19   786
  7.256685e-01   2.979213e-18   2.426573e-04   1.348913e-19   1152
  7.265129e-01   2.403852e-18   2.644723e-04   1.344389e-19   1086
  7.273926e-01   1.609639e-18   2.386131e-04   6.269807e-20   912
  7.282057e-01   3.796493e-18   2.391874e-04   1.835216e-19   1062
  7.290355e-01   1.947400e-18   2.384121e-04   8.061606e-20   912
  7.299945e-01   1.673057e-18   2.661461e-04   1.012756e-19   750
  7.307419e-01   2.770544e-18   2.564338e-04   1.278536e-19   1200
  7.316069e-01   1.981889e-18   2.322209e-04   1.174059e-19   918
  7.324668e-01   1.610067e-18   2.410375e-04   8.806799e-20   876
  7.333405e-01   2.747011e-18   2.106185e-04   1.315554e-19   870
  7.341057e-01   2.032527e-18   2.456529e-04   1.005077e-19   768
  7.350026e-01   1.275425e-18   2.251539e-04   6.737663e-20   830
  7.358332e-01   2.007416e-18   2.331169e-04   9.917243e-20   1080
  7.366934e-01   1.748038e-18   2.622870e-04   8.754454e-20   840
  7.375605e-01   1.358539e-18   2.525535e-04   6.541466e-20   798
  7.385438e-01   2.484222e-18   2.004556e-04   1.376882e-19   792
  7.393065e-01   1.471007e-18   2.337962e-04   7.976807e-20   726
  7.401066e-01   1.055693e-18   2.619817e-04   3.649332e-20   864
  7.409831e-01   1.622078e-18   2.242503e-04   9.457473e-20   900
  7.418717e-01   1.199159e-18   2.492237e-04   5.057644e-20   726
  7.426340e-01   1.207906e-18   2.156923e-04   5.516768e-20   576
  7.436510e-01   1.554094e-18   2.244662e-04   8.191983e-20   840
  7.443665e-01   1.239500e-18   2.330099e-04   6.932925e-20   750
  7.452141e-01   1.089358e-18   2.337175e-04   5.017990e-20   720
  7.460137e-01   1.439468e-18   2.364407e-04   8.230809e-20   702
  7.469474e-01   1.231979e-18   2.582250e-04   5.853028e-20   696
  7.477159e-01   1.242098e-18   2.309338e-04   7.129954e-20   480
  7.486215e-01   1.230264e-18   2.188193e-04   7.482306e-20   830
  7.494233e-01   1.154566e-18   2.545577e-04   5.755665e-20   756
  7.503217e-01   1.097244e-18   2.444202e-04   5.452700e-20   624
  7.511146e-01   9.749982e-19   2.582642e-04   5.963740e-20   582
  7.520520e-01   1.191866e-18   1.982236e-04   6.909427e-20   576
  7.528627e-01   9.171600e-19   2.654862e-04   4.572686e-20   624
  7.536941e-01   1.031840e-18   2.168225e-04   5.275480e-20   702
  7.545169e-01   9.457819e-19   2.494039e-04   4.992386e-20   624
  7.554942e-01   1.010054e-18   2.412815e-04   4.695258e-20   672
  7.562902e-01   6.976240e-19   1.806218e-04   4.099938e-20   342
  7.571647e-01   9.547426e-19   2.258010e-04   5.512296e-20   660
  7.579685e-01   7.412868e-19   2.321137e-04   4.718058e-20   576
  7.587987e-01   7.929199e-19   2.256613e-04   4.597456e-20   600
  7.596378e-01   6.976194e-19   2.610083e-04   4.541171e-20   510
  7.605817e-01   8.634522e-19   2.445257e-04   4.155033e-20   600
  7.613097e-01   6.111169e-19   1.947554e-04   4.169627e-20   216
  7.621574e-01   6.774409e-19   2.370511e-04   3.312033e-20   758
  7.631457e-01   6.114589e-19   2.595205e-04   3.631732e-20   576
  7.640119e-01   7.521238e-19   2.203259e-04   3.867759e-20   528
  7.647935e-01   6.685455e-19   1.517259e-04   5.227108e-20   318
  7.656331e-01   8.024589e-19   2.621079e-04   4.161942e-20   540
  7.666261e-01   3.224949e-19   1.853063e-04   1.782066e-20   384
  7.672989e-01   6.457954e-19   2.560288e-04   3.705392e-20   576
  7.681747e-01   4.698365e-19   2.092230e-04   2.866303e-20   414
  7.690029e-01   7.055200e-19   2.336337e-04   4.279510e-20   504
  7.698874e-01   5.918575e-19   2.564753e-04   3.197874e-20   312
  7.707371e-01   5.999102e-19   2.323698e-04   4.038447e-20   414
  7.715801e-01   4.114999e-19   2.146724e-04   2.361017e-20   432
  7.723646e-01   4.816466e-19   2.843028e-04   2.596973e-20   504
  7.732727e-01   5.396232e-19   2.738155e-04   3.331778e-20   432
  7.741226e-01   4.981743e-19   2.242960e-04   2.843163e-20   354
  7.749886e-01   5.864648e-19   3.263780e-04   5.042746e-20   200
  7.757313e-01   4.104569e-19   2.315757e-04   2.199470e-20   480
  7.767349e-01   4.146881e-19   2.646260e-04   2.173936e-20   552
  7.776554e-01   4.497071e-19   1.648409e-04   3.425985e-20   366
  7.783648e-01   4.978950e-19   1.754814e-04   5.057103e-20   240
  7.791457e-01   5.082542e-19   2.453301e-04   2.769477e-20   288
  7.802446e-01   3.996181e-19   1.686051e-04   2.537085e-20   366
  7.809550e-01   3.082873e-19   2.733622e-04   1.772505e-20   408
  7.817480e-01   3.634121e-19   2.054978e-04   2.700915e-20   360
  7.825685e-01   4.066088e-19   1.915583e-04   2.431928e-20   324
  7.833643e-01   3.930148e-19   2.262365e-04   3.081007e-20   174
  7.843121e-01   3.729789e-19   2.599139e-04   2.666281e-20   264
  7.852018e-01   3.186892e-19   2.370543e-04   1.943708e-20   456
  7.860890e-01   3.176515e-19   2.383673e-04   1.759305e-20   360
  7.868184e-01   2.866234e-19   2.625845e-04   2.001018e-20   270
  7.877116e-01   3.972192e-19   2.871894e-04   2.812463e-20   240
  7.888307e-01   4.548421e-19   2.092834e-04   3.641616e-20   120
  7.893808e-01   1.654194e-19   2.184848e-04   1.062741e-20   320
  7.902688e-01   2.809636e-19   2.703374e-04   1.422582e-20   462
  7.911989e-01   2.980117e-19   1.572842e-04   2.030421e-20   276
  7.920070e-01   3.018700e-19   1.784365e-04   2.812721e-20   144
  7.927854e-01   4.366230e-19   1.873931e-04   4.465497e-20   120
  7.938201e-01   1.794819e-19   1.419059e-04   9.670224e-21   294
  7.946021e-01   2.461231e-19   2.517486e-04   1.548103e-20   384
  7.953317e-01   2.263457e-19   1.666559e-04   1.557682e-20   216
  7.960300e-01   3.372194e-19   1.547682e-04   2.693091e-20   168
  7.968189e-01   2.807092e-19   1.841494e-04   2.856028e-20   102
  7.979594e-01   2.484451e-19   2.793910e-04   1.857659e-20   168
  7.987590e-01   2.192527e-19   2.445344e-04   1.237165e-20   384
  7.996356e-01   2.314078e-19   2.484531e-04   1.612270e-20   300
  8.004513e-01   2.407126e-19   2.660394e-04   1.487162e-20   144
  8.013710e-01   2.511017e-19   2.724619e-04   2.250189e-20   102
  8.024745e-01   3.095797e-19   6.449779e-05   2.773655e-20   56
  8.030032e-01   1.502163e-19   2.099880e-04   9.999279e-21   288
  8.038324e-01   1.673675e-19   2.732724e-04   8.110380e-21   360
  8.047352e-01   1.999031e-19   1.465920e-04   1.400793e-20   126
  8.054959e-01   2.133910e-19   7.219820e-05   2.596567e-20   72
  8.063251e-01   2.738200e-19   3.825072e-05   4.069578e-20   48
  8.074069e-01   1.364169e-19   1.547423e-04   8.779368e-21   240
  8.081179e-01   1.723465e-19   2.295968e-04   8.820997e-21   306
  8.088457e-01   1.707583e-19   1.276047e-04   1.387321e-20   120
  8.096841e-01   2.235797e-19   3.140524e-04   2.540054e-20   96
  8.102934e-01   2.363595e-19   0.000000e+00   4.199374e-20   24
  8.116625e-01   1.149902e-19   2.719614e-04   9.539647e-21   120
  8.123333e-01   1.407418e-19   2.351967e-04   8.040261e-21   318
  8.131540e-01   1.647557e-19   2.513397e-04   1.368450e-20   168
  8.140529e-01   2.126507e-19   2.697157e-04   2.391853e-20   72
  8.150375e-01   2.164676e-19   0.000000e+00   4.522630e-20   24
  8.160963e-01   1.937013e-19   1.309209e-04   2.740539e-20   14
  8.166001e-01   1.012900e-19   2.064915e-04   6.475454e-21   288
  8.173825e-01   1.235321e-19   2.484205e-04   9.922377e-21   204
  8.182854e-01   1.580439e-19   3.769163e-05   2.228552e-20   48
  8.190012e-01   3.221173e-19   0.000000e+00   6.473510e-20   24
  8.198293e-01   1.225271e-19   0.000000e+00   4.160712e-20   6
  8.210197e-01   1.048325e-19   1.543841e-04   7.771906e-21   216
  8.216331e-01   1.606824e-19   2.055974e-04   1.168378e-20   192
  8.223835e-01   1.151893e-19   3.750381e-05   1.838950e-20   48
  8.231707e-01   1.496758e-19   2.996618e-04   2.257501e-20   30
  8.253970e-01   1.049246e-19   6.196711e-05   9.321018e-21   96
  8.258541e-01   9.507184e-20   2.030500e-04   5.668879e-21   228
  8.267225e-01   1.414042e-19   2.655246e-04   1.744872e-20   72
  8.277664e-01   3.405250e-19   0.000000e+00   1.644505e-19   6
  8.301440e-01   1.060525e-19   2.004855e-04   6.188370e-21   248
  8.309027e-01   1.157032e-19   2.294661e-04   1.398205e-20   72
  8.318179e-01   1.016039e-19   1.271566e-08   2.933211e-20   6
  8.345842e-01   9.405527e-20   1.424677e-04   5.601679e-21   180
  8.351359e-01   1.218843e-19   1.938498e-04   1.507815e-20   72
  8.359234e-01   1.334908e-19   0.000000e+00   2.192839e-20   6
  8.389986e-01   8.200533e-20   6.096248e-05   6.717542e-21   96
  8.393661e-01   9.934553e-20   1.673676e-04   9.338622e-21   96
  8.400824e-01   1.379590e-19   0.000000e+00   5.216837e-20   6
  8.436361e-01   9.200369e-20   1.601837e-04   6.730286e-21   140
  8.442939e-01   1.035146e-19   0.000000e+00   1.926526e-20   6
  8.481027e-01   7.561506e-20   1.075705e-04   6.686298e-21   96
  8.485572e-01   3.281143e-20   0.000000e+00   1.024523e-20   6
  8.525822e-01   1.080161e-19   6.471255e-05   1.250842e-20   60
  8.528715e-01   1.318209e-19   0.000000e+00   3.804703e-20   6
  8.570997e-01   5.274724e-20   6.560518e-05   7.617465e-21   38
  8.616024e-01   5.334163e-20   3.374897e-05   1.129710e-20   18
  8.661129e-01   1.805411e-20   1.271566e-08   5.372307e-21   6
