# power spectrum of zeta
# redshift z=9.995116
# k              Pk             sigma(k)       sigma(Pk)      count
  1.570796e-02   9.633298e-26   0.000000e+00   3.883016e-26   6
  2.221441e-02   1.751650e-25   0.000000e+00   3.496692e-26   12
  2.720699e-02   2.424721e-25   2.980232e-10   4.934209e-26   8
  3.141593e-02   1.213040e-24   0.000000e+00   1.305319e-25   6
  3.512407e-02   1.146465e-24   5.619580e-10   3.654830e-25   24
  3.847649e-02   2.098784e-24   5.619580e-10   3.535939e-25   24
  4.442883e-02   1.389988e-24   0.000000e+00   6.256308e-25   12
  4.712389e-02   1.909742e-24   6.357829e-10   3.517983e-25   30
  4.967294e-02   2.788156e-24   0.000000e+00   6.144575e-25   24
  5.209742e-02   2.940043e-24   9.733398e-10   7.287874e-25   24
  5.441398e-02   3.932162e-24   5.960464e-10   7.970603e-25   8
  5.663587e-02   3.779875e-24   7.947286e-10   4.695922e-25   24
  5.877382e-02   4.008316e-24   0.000000e+00   5.632760e-25   48
  6.283185e-02   5.892821e-24   0.000000e+00   2.590954e-24   6
  6.476559e-02   5.212762e-24   7.947286e-10   7.319664e-25   48
  6.664324e-02   5.304438e-24   7.492773e-10   5.516511e-25   36
  6.846942e-02   8.329914e-24   7.947286e-10   1.741853e-24   24
  7.024815e-02   5.301883e-24   1.123916e-09   9.127416e-25   24
  7.198293e-02   5.125016e-24   0.000000e+00   6.969362e-25   48
  7.367688e-02   8.547830e-24   1.123916e-09   1.216704e-24   24
  7.695299e-02   7.746766e-24   1.123916e-09   1.218562e-24   24
  7.853982e-02   5.614347e-24   0.000000e+00   9.189652e-25   30
  8.009521e-02   6.334742e-24   0.000000e+00   6.996609e-25   72
  8.162097e-02   6.506015e-24   1.192093e-09   1.324541e-24   32
  8.458997e-02   9.572756e-24   0.000000e+00   1.110337e-24   72
  8.603606e-02   6.092577e-24   0.000000e+00   8.907156e-25   48
  8.885766e-02   3.526412e-24   0.000000e+00   1.048962e-24   12
  9.023538e-02   7.253327e-24   0.000000e+00   1.087879e-24   48
  9.159238e-02   6.661342e-24   0.000000e+00   6.630941e-25   48
  9.292956e-02   9.173851e-24   1.123916e-09   1.157256e-24   48
  9.424778e-02   1.143906e-23   1.271566e-09   2.005216e-24   30
  9.554781e-02   1.047707e-23   0.000000e+00   2.356525e-24   24
  9.683039e-02   1.121067e-23   2.369423e-09   1.127135e-24   72
  9.934588e-02   7.092670e-24   0.000000e+00   1.346333e-24   24
  1.005800e-01   1.124900e-23   0.000000e+00   1.114565e-24   96
  1.017992e-01   8.966909e-24   0.000000e+00   1.190726e-24   48
  1.030040e-01   7.751327e-24   1.946680e-09   1.904017e-24   24
  1.041948e-01   5.801813e-24   1.946680e-09   1.191397e-24   24
  1.053722e-01   1.436530e-23   0.000000e+00   1.753789e-24   72
  1.065366e-01   1.109438e-23   0.000000e+00   1.707869e-24   48
  1.088280e-01   1.033911e-23   1.192093e-09   3.086317e-24   8
  1.099557e-01   1.562819e-23   1.412851e-09   1.865057e-24   54
  1.110721e-01   1.089851e-23   0.000000e+00   1.906079e-24   84
  1.121773e-01   1.234655e-23   0.000000e+00   1.771216e-24   48
  1.132717e-01   7.921581e-24   1.589457e-09   1.413123e-24   24
  1.143557e-01   1.086409e-23   2.119276e-09   1.289166e-24   72
  1.154295e-01   1.474091e-23   0.000000e+00   1.678022e-24   96
  1.175476e-01   2.130383e-23   0.000000e+00   2.323571e-24   48
  1.185925e-01   1.198930e-23   0.000000e+00   1.123484e-24   48
  1.196283e-01   1.069895e-23   0.000000e+00   2.081626e-24   24
  1.206552e-01   1.251762e-23   0.000000e+00   1.347760e-24   72
  1.226831e-01   1.372910e-23   0.000000e+00   1.624820e-24   72
  1.236846e-01   1.371833e-23   0.000000e+00   1.563690e-24   96
  1.256637e-01   1.976064e-23   0.000000e+00   8.684451e-24   6
  1.266416e-01   1.669534e-23   0.000000e+00   1.616334e-24   96
  1.276121e-01   1.753146e-23   1.589457e-09   1.873692e-24   96
  1.285752e-01   1.206009e-23   0.000000e+00   2.867485e-24   24
  1.295312e-01   1.367337e-23   1.589457e-09   1.703579e-24   48
  1.304801e-01   1.406170e-23   0.000000e+00   1.421307e-24   96
  1.314222e-01   1.675516e-23   0.000000e+00   2.257057e-24   48
  1.332865e-01   1.539146e-23   1.498555e-09   2.888332e-24   36
  1.342089e-01   1.575460e-23   2.753021e-09   1.989164e-24   48
  1.351250e-01   1.773277e-23   3.114687e-09   1.591773e-24   120
  1.360350e-01   1.616349e-23   0.000000e+00   2.134179e-24   56
  1.369388e-01   9.219707e-24   1.589457e-09   1.613243e-24   24
  1.378368e-01   1.355680e-23   0.000000e+00   1.206271e-24   96
  1.387290e-01   1.457624e-23   0.000000e+00   1.880946e-24   48
  1.404963e-01   1.817940e-23   2.247832e-09   3.372165e-24   24
  1.413717e-01   2.009754e-23   0.000000e+00   2.010883e-24   102
  1.422417e-01   2.098852e-23   1.589457e-09   3.163967e-24   48
  1.431064e-01   1.951816e-23   0.000000e+00   1.944656e-24   72
  1.439659e-01   1.801592e-23   0.000000e+00   1.819831e-24   48
  1.448203e-01   1.953871e-23   0.000000e+00   3.620008e-24   48
  1.456697e-01   1.689667e-23   3.596531e-09   1.484996e-24   120
  1.473538e-01   2.742442e-23   2.247832e-09   4.590563e-24   24
  1.481886e-01   1.603615e-23   2.119276e-09   1.349201e-24   144
  1.490188e-01   1.665324e-23   2.543132e-09   1.601144e-24   120
  1.498444e-01   1.308391e-23   2.247832e-09   1.833311e-24   48
  1.514821e-01   2.008022e-23   2.247832e-09   2.677966e-24   48
  1.522944e-01   1.654469e-23   2.247832e-09   1.726498e-24   96
  1.544390e-01   2.255603e-23   3.768959e-04   2.771187e-24   72
  1.555009e-01   1.680912e-23   1.998073e-09   1.283492e-24   108
  1.562923e-01   2.013569e-23   0.000000e+00   2.157493e-24   72
  1.570796e-01   1.232743e-23   0.000000e+00   2.292882e-24   30
  1.578631e-01   2.094152e-23   0.000000e+00   1.664030e-24   168
  1.586427e-01   2.085114e-23   0.000000e+00   2.275719e-24   48
  1.601904e-01   1.465602e-23   0.000000e+00   1.717493e-24   72
  1.609587e-01   1.939584e-23   0.000000e+00   1.869397e-24   96
  1.617234e-01   1.921741e-23   4.238553e-09   2.951936e-24   72
  1.624844e-01   2.279852e-23   0.000000e+00   2.417287e-24   72
  1.637639e-01   2.072487e-23   3.480039e-04   1.520495e-24   104
  1.647465e-01   2.001631e-23   2.997109e-09   1.459840e-24   144
  1.669779e-01   1.438680e-23   5.026305e-09   1.351485e-24   96
  1.677152e-01   1.604933e-23   0.000000e+00   1.658512e-24   96
  1.688876e-01   2.219416e-23   3.580185e-04   2.058518e-24   120
  1.699076e-01   1.877158e-23   0.000000e+00   1.707575e-24   120
  1.706322e-01   2.274728e-23   0.000000e+00   2.465620e-24   72
  1.720721e-01   2.314968e-23   0.000000e+00   3.066195e-24   48
  1.727876e-01   2.503565e-23   3.912510e-09   2.856593e-24   78
  1.737029e-01   2.634519e-23   3.205713e-04   2.085894e-24   168
  1.756204e-01   2.501807e-23   3.670694e-09   2.161542e-24   144
  1.763215e-01   2.607900e-23   2.997109e-09   1.860604e-24   144
  1.783549e-01   2.431341e-23   1.846233e-04   2.068822e-24   156
  1.790983e-01   1.792178e-23   3.893359e-09   3.339019e-24   48
  1.797859e-01   2.247365e-23   2.543132e-09   2.204578e-24   120
  1.804708e-01   1.631192e-23   0.000000e+00   1.717560e-24   48
  1.816818e-01   2.476178e-23   2.825996e-04   1.682167e-24   216
  1.831848e-01   2.253596e-23   0.000000e+00   2.782897e-24   48
  1.838570e-01   2.096257e-23   2.247832e-09   1.844008e-24   96
  1.848128e-01   2.432478e-23   3.302618e-04   2.131058e-24   168
  1.858591e-01   1.982671e-23   2.247832e-09   2.835947e-24   48
  1.865217e-01   2.640431e-23   0.000000e+00   2.634957e-24   96
  1.871820e-01   2.578627e-23   0.000000e+00   4.693826e-24   48
  1.884956e-01   3.052762e-23   2.543132e-09   3.041784e-24   30
  1.891489e-01   1.954023e-23   0.000000e+00   1.586732e-24   96
  1.899298e-01   2.441880e-23   2.595564e-04   1.659428e-24   240
  1.909339e-01   3.416568e-23   2.800239e-04   4.712828e-24   32
  1.917401e-01   1.963542e-23   0.000000e+00   1.455137e-24   168
  1.923825e-01   2.353061e-23   0.000000e+00   2.306610e-24   120
  1.936608e-01   1.896888e-23   4.738846e-09   2.131785e-24   72
  1.942968e-01   3.124265e-23   2.119276e-09   2.870055e-24   144
  1.949307e-01   2.258701e-23   0.000000e+00   2.311282e-24   96
  1.955626e-01   3.011828e-23   0.000000e+00   2.411076e-24   96
  1.968202e-01   2.994552e-23   0.000000e+00   3.611178e-24   72
  1.974460e-01   2.540310e-23   3.178914e-09   2.461613e-24   96
  1.986918e-01   2.498388e-23   0.000000e+00   4.600855e-24   24
  1.993117e-01   2.928532e-23   0.000000e+00   2.161775e-24   192
  2.000418e-01   2.800216e-23   2.376333e-04   2.065690e-24   132
  2.011601e-01   3.038285e-23   0.000000e+00   2.746851e-24   96
  2.017724e-01   2.240160e-23   0.000000e+00   2.258079e-24   96
  2.023829e-01   2.956680e-23   2.543132e-09   2.520155e-24   120
  2.035985e-01   3.165532e-23   0.000000e+00   4.348440e-24   48
  2.045948e-01   2.065282e-23   2.879924e-04   1.353672e-24   222
  2.054083e-01   2.705496e-23   0.000000e+00   2.561640e-24   120
  2.060080e-01   3.052332e-23   3.893359e-09   6.150591e-24   24
  2.068812e-01   3.218123e-23   2.972500e-04   1.700253e-24   312
  2.087838e-01   3.615169e-23   2.786838e-04   4.033918e-24   72
  2.095704e-01   2.538233e-23   3.893359e-09   3.422560e-24   96
  2.103781e-01   3.113932e-23   2.838009e-04   2.353321e-24   192
  2.113290e-01   2.945633e-23   3.596531e-09   2.987852e-24   120
  2.119120e-01   2.950989e-23   0.000000e+00   3.031455e-24   144
  2.130732e-01   2.662312e-23   0.000000e+00   3.813157e-24   48
  2.138985e-01   2.662495e-23   2.853717e-04   1.551654e-24   336
  2.148032e-01   3.041159e-23   0.000000e+00   4.161045e-24   48
  2.159488e-01   2.777537e-23   0.000000e+00   2.429337e-24   192
  2.165193e-01   3.025353e-23   0.000000e+00   3.697107e-24   48
  2.181411e-01   3.070278e-23   1.980854e-04   3.720437e-24   56
  2.189475e-01   3.009006e-23   2.544090e-04   1.663417e-24   336
  2.199115e-01   3.019725e-23   2.825702e-09   4.299626e-24   54
  2.207512e-01   2.765743e-23   2.794324e-04   1.698550e-24   240
  2.224945e-01   2.832127e-23   2.675587e-04   2.101209e-24   228
  2.232521e-01   3.398976e-23   2.997109e-09   4.341332e-24   72
  2.239875e-01   3.392065e-23   2.595385e-04   2.520881e-24   144
  2.249038e-01   2.779171e-23   0.000000e+00   2.712138e-24   96
  2.254517e-01   2.887049e-23   3.596531e-09   1.810518e-24   240
  2.265435e-01   2.641991e-23   3.178914e-09   5.076923e-24   24
  2.272424e-01   3.124692e-23   2.451321e-04   1.861878e-24   336
  2.281713e-01   2.981596e-23   0.000000e+00   3.509502e-24   72
  2.290193e-01   3.578803e-23   2.666265e-04   2.582342e-24   168
  2.297877e-01   2.373698e-23   0.000000e+00   2.100716e-24   72
  2.308590e-01   3.704462e-23   0.000000e+00   3.395832e-24   96
  2.316886e-01   3.199843e-23   2.646263e-04   2.277549e-24   216
  2.324566e-01   2.434506e-23   0.000000e+00   1.811867e-24   96
  2.335157e-01   3.004676e-23   3.178914e-09   2.021789e-24   192
  2.340434e-01   2.964198e-23   2.997109e-09   2.311838e-24   144
  2.350953e-01   3.188290e-23   0.000000e+00   4.128847e-24   48
  2.358236e-01   3.319570e-23   2.551309e-04   2.253914e-24   246
  2.368131e-01   4.115283e-23   2.352347e-04   3.186461e-24   168
  2.377046e-01   3.258459e-23   6.229375e-09   3.253396e-24   120
  2.382231e-01   2.736877e-23   0.000000e+00   1.870390e-24   240
  2.392566e-01   1.968696e-23   0.000000e+00   3.998655e-24   24
  2.400800e-01   3.206378e-23   2.517980e-04   2.003552e-24   360
  2.411056e-01   3.020683e-23   2.507265e-04   2.247694e-24   120
  2.418210e-01   3.592927e-23   0.000000e+00   2.885534e-24   144
  2.423307e-01   3.545883e-23   0.000000e+00   3.129546e-24   96
  2.438532e-01   3.463596e-23   0.000000e+00   2.781731e-24   144
  2.443586e-01   3.739072e-23   0.000000e+00   3.192827e-24   132
  2.450688e-01   3.429637e-23   2.474633e-04   2.512722e-24   176
  2.460999e-01   3.437149e-23   2.498881e-04   1.746294e-24   312
  2.473693e-01   4.950395e-23   0.000000e+00   7.532151e-24   96
  2.478675e-01   3.365858e-23   0.000000e+00   2.936851e-24   144
  2.486319e-01   3.574692e-23   2.473817e-04   1.983532e-24   312
  2.498505e-01   4.265366e-23   0.000000e+00   4.228543e-24   48
  2.503437e-01   3.201742e-23   3.178914e-09   2.388614e-24   192
  2.513274e-01   1.078570e-23   0.000000e+00   3.324121e-24   6
  2.519810e-01   3.140979e-23   2.307253e-04   1.731559e-24   288
  2.530395e-01   3.079757e-23   2.437763e-04   2.185058e-24   192
  2.537699e-01   2.970507e-23   7.476104e-09   1.901341e-24   216
  2.542556e-01   3.762081e-23   0.000000e+00   5.105300e-24   72
  2.554657e-01   3.124819e-23   2.414611e-04   2.412548e-24   192
  2.562693e-01   4.125031e-23   1.792979e-04   2.437157e-24   288
  2.571504e-01   3.585142e-23   0.000000e+00   6.921111e-24   24
  2.578312e-01   3.887860e-23   2.362101e-04   1.680449e-24   456
  2.590624e-01   2.513899e-23   0.000000e+00   3.696205e-24   48
  2.598231e-01   3.628874e-23   2.326575e-04   2.657128e-24   240
  2.606974e-01   4.117134e-23   2.351266e-04   2.621102e-24   216
  2.614326e-01   3.273169e-23   0.000000e+00   4.014475e-24   72
  2.619041e-01   3.418648e-23   8.123736e-09   2.695969e-24   168
  2.632353e-01   4.043975e-23   1.747662e-04   2.449887e-24   288
  2.639818e-01   3.990830e-23   2.312456e-04   2.736099e-24   168
  2.651809e-01   4.587542e-23   0.000000e+00   3.171476e-24   192
  2.656458e-01   3.699189e-23   2.997109e-09   2.627493e-24   144
  2.665730e-01   4.609792e-23   2.997109e-09   5.725389e-24   36
  2.673593e-01   3.150624e-23   2.111764e-04   1.612157e-24   342
  2.681111e-01   3.767820e-23   2.168525e-04   2.851364e-24   144
  2.690776e-01   3.630421e-23   2.274240e-04   1.864557e-24   384
  2.702500e-01   4.321389e-23   6.229375e-09   3.931939e-24   120
  2.708303e-01   4.365012e-23   2.027960e-04   2.705598e-24   264
  2.716161e-01   3.766572e-23   1.005261e-08   2.744428e-24   192
  2.723561e-01   4.183499e-23   2.185515e-04   3.190577e-24   152
  2.729753e-01   3.840565e-23   5.994218e-09   3.466485e-24   144
  2.742778e-01   3.268319e-23   1.414487e-04   2.387582e-24   216
  2.748807e-01   4.249839e-23   1.890132e-04   2.318282e-24   312
  2.759419e-01   3.703098e-23   2.190625e-04   2.057564e-24   240
  2.765672e-01   4.496844e-23   3.178914e-09   4.653535e-24   96
  2.777541e-01   4.125937e-23   2.094396e-04   3.322378e-24   144
  2.784857e-01   3.976647e-23   2.058607e-04   1.917532e-24   456
  2.796723e-01   3.230794e-23   0.000000e+00   2.109557e-24   120
  2.801131e-01   3.528298e-23   0.000000e+00   3.240019e-24   144
  2.809926e-01   2.665836e-23   4.495664e-09   4.403952e-24   24
  2.815564e-01   4.142204e-23   1.978798e-04   2.090141e-24   336
  2.825316e-01   3.914981e-23   2.182345e-04   3.076823e-24   198
  2.834454e-01   3.908154e-23   2.122205e-04   2.044779e-24   432
  2.844833e-01   4.106198e-23   6.357829e-09   4.173872e-24   48
  2.850248e-01   4.617349e-23   1.873540e-04   2.384271e-24   384
  2.859970e-01   4.472572e-23   2.156842e-04   3.677359e-24   144
  2.868780e-01   4.395090e-23   2.141460e-04   2.521924e-24   264
  2.879317e-01   3.568690e-23   0.000000e+00   3.428782e-24   48
  2.886387e-01   4.211263e-23   2.036179e-04   2.541692e-24   276
  2.893208e-01   3.767874e-23   1.845741e-04   3.099324e-24   192
  2.902325e-01   4.015777e-23   2.074207e-04   1.685355e-24   552
  2.913393e-01   2.851843e-23   5.086263e-09   2.500902e-24   120
  2.919972e-01   4.487166e-23   2.099609e-04   3.023668e-24   216
  2.926069e-01   3.982341e-23   5.086263e-09   3.121245e-24   120
  2.936961e-01   4.649994e-23   2.067600e-04   2.374689e-24   408
  2.947075e-01   4.355591e-23   4.495664e-09   5.829847e-24   24
  2.953347e-01   3.833474e-23   2.088648e-04   2.148150e-24   384
  2.962106e-01   3.836754e-23   2.040684e-04   2.652080e-24   240
  2.969712e-01   3.774154e-23   2.055628e-04   2.565579e-24   168
  2.980376e-01   3.428189e-23   0.000000e+00   3.315978e-24   120
  2.987251e-01   4.178806e-23   2.142884e-04   2.111740e-24   350
  2.998430e-01   4.191050e-23   3.527601e-04   2.190219e-24   384
  3.005110e-01   4.550196e-23   0.000000e+00   4.086251e-24   144
  3.017401e-01   3.667054e-23   4.238553e-09   2.125275e-24   288
  3.023819e-01   3.837090e-23   2.019242e-04   1.835615e-24   336
  3.032549e-01   4.709800e-23   1.838353e-04   3.450486e-24   168
  3.037776e-01   4.172610e-23   1.204945e-08   2.463826e-24   336
  3.048586e-01   3.786872e-23   1.908100e-04   2.322491e-24   288
  3.055078e-01   3.889215e-23   1.797918e-04   2.370677e-24   264
  3.066072e-01   4.288371e-23   0.000000e+00   2.663027e-24   240
  3.070093e-01   4.229440e-23   0.000000e+00   3.522049e-24   96
  3.084525e-01   4.662769e-23   2.445048e-04   2.360756e-24   360
  3.091260e-01   4.575809e-23   1.802420e-04   3.828717e-24   168
  3.099770e-01   4.485718e-23   1.964825e-04   1.974854e-24   456
  3.110018e-01   4.154419e-23   5.651403e-09   3.742373e-24   108
  3.115782e-01   4.393583e-23   1.971449e-04   3.165810e-24   264
  3.122973e-01   4.151783e-23   1.758853e-04   2.630446e-24   264
  3.132820e-01   4.776595e-23   1.659735e-04   2.889745e-24   312
  3.145081e-01   4.740133e-23   1.233364e-04   3.020064e-24   270
  3.150220e-01   4.358768e-23   1.565911e-04   2.980634e-24   240
  3.159458e-01   4.495734e-23   1.937229e-04   2.176819e-24   384
  3.165067e-01   3.891569e-23   6.357829e-09   2.595132e-24   192
  3.175962e-01   4.774594e-23   1.554368e-04   3.366596e-24   240
  3.182281e-01   4.488872e-23   1.918342e-04   2.395328e-24   336
  3.194167e-01   4.719188e-23   1.931178e-04   2.102841e-24   480
  3.203808e-01   4.771864e-23   4.238553e-09   5.585628e-24   72
  3.209194e-01   4.892320e-23   1.883074e-04   3.060456e-24   240
  3.216520e-01   4.385547e-23   1.769831e-04   2.558417e-24   312
  3.224917e-01   4.214874e-23   1.912763e-04   2.922940e-24   240
  3.237607e-01   4.676702e-23   1.453205e-04   2.268929e-24   408
  3.242630e-01   4.419886e-23   1.330785e-04   2.536635e-24   336
  3.252448e-01   4.702550e-23   1.689770e-04   3.353258e-24   264
  3.257273e-01   5.715022e-23   0.000000e+00   4.751387e-24   144
  3.270696e-01   4.717099e-23   2.342121e-04   2.231111e-24   464
  3.277768e-01   3.669556e-23   1.862466e-04   2.623858e-24   168
  3.284751e-01   5.908911e-23   1.696301e-04   3.124490e-24   336
  3.297371e-01   4.657246e-23   1.782296e-04   2.346601e-24   414
  3.304484e-01   5.227075e-23   1.855264e-04   3.273956e-24   216
  3.313598e-01   4.709114e-23   4.495664e-09   4.674608e-24   96
  3.317320e-01   4.673999e-23   1.101208e-08   2.108184e-24   384
  3.330355e-01   5.020515e-23   1.851680e-04   2.485105e-24   492
  3.337341e-01   3.954020e-23   1.810784e-04   2.399989e-24   240
  3.345237e-01   4.041909e-23   1.838580e-04   2.305216e-24   312
  3.356141e-01   5.020728e-23   1.837975e-04   3.960038e-24   192
  3.363048e-01   4.973219e-23   1.781220e-04   2.251183e-24   504
  3.372212e-01   4.780756e-23   1.179198e-04   2.405677e-24   408
  3.379427e-01   5.529408e-23   3.612619e-04   4.319024e-24   168
  3.388456e-01   4.415551e-23   1.716026e-04   2.821094e-24   288
  3.396033e-01   4.594272e-23   1.790820e-04   3.068725e-24   288
  3.403794e-01   5.040266e-23   1.801128e-04   2.461063e-24   432
  3.415052e-01   5.339447e-23   1.703267e-04   3.572862e-24   216
  3.421068e-01   4.964445e-23   1.699674e-04   2.355382e-24   360
  3.431777e-01   5.339877e-23   1.658865e-04   3.008434e-24   312
  3.441442e-01   5.695729e-23   0.000000e+00   8.999239e-24   48
  3.447014e-01   4.960908e-23   1.778543e-04   2.462293e-24   432
  3.456992e-01   4.690767e-23   2.966627e-04   2.186826e-24   414
  3.462885e-01   4.797683e-23   6.776666e-09   2.670338e-24   312
  3.473878e-01   5.259987e-23   2.603051e-04   2.213516e-24   528
  3.481296e-01   5.278930e-23   1.366381e-04   3.288428e-24   264
  3.490209e-01   4.822414e-23   1.620153e-04   2.382304e-24   480
  3.501854e-01   5.003054e-23   0.000000e+00   2.647051e-24   288
  3.506883e-01   5.244340e-23   1.740804e-04   4.283558e-24   168
  3.516084e-01   5.136314e-23   2.755688e-04   2.145762e-24   504
  3.526429e-01   5.598905e-23   4.238553e-09   3.986907e-24   144
  3.532937e-01   4.901052e-23   1.769812e-04   2.249154e-24   464
  3.542716e-01   4.446099e-23   2.597299e-04   2.083774e-24   432
  3.547358e-01   5.827036e-23   4.495664e-09   4.054798e-24   192
  3.559351e-01   4.789895e-23   1.925466e-04   2.134682e-24   396
  3.566434e-01   5.120702e-23   1.729600e-04   3.063165e-24   288
  3.573592e-01   5.241901e-23   1.708549e-04   2.856049e-24   336
  3.585027e-01   4.903117e-23   1.081887e-04   2.122916e-24   432
  3.592283e-01   5.294597e-23   2.804101e-04   2.600316e-24   360
  3.600431e-01   5.273654e-23   1.658667e-04   2.530625e-24   384
  3.612003e-01   4.447973e-23   1.464092e-04   3.423403e-24   198
  3.617579e-01   5.180418e-23   1.664197e-04   1.980714e-24   552
  3.627976e-01   4.317541e-23   2.329761e-04   2.274056e-24   432
  3.636656e-01   5.703666e-23   8.899106e-09   4.290354e-24   168
  3.643942e-01   5.266426e-23   2.888052e-04   2.345341e-24   480
  3.653579e-01   3.972050e-23   0.000000e+00   3.605546e-24   120
  3.657917e-01   4.905819e-23   2.358836e-04   2.949227e-24   336
  3.668502e-01   5.393065e-23   1.664122e-04   1.886532e-24   672
  3.678969e-01   5.358942e-23   2.420693e-04   2.420195e-24   528
  3.683844e-01   5.091390e-23   7.266090e-09   3.239694e-24   168
  3.695106e-01   5.331609e-23   2.700266e-04   2.334606e-24   456
  3.701979e-01   5.951364e-23   1.649075e-04   5.303838e-24   168
  3.709113e-01   5.478859e-23   1.646115e-04   2.657870e-24   504
  3.720973e-01   5.223401e-23   2.118297e-04   2.895216e-24   336
  3.728144e-01   5.936422e-23   1.527042e-04   3.271995e-24   312
  3.736099e-01   5.630530e-23   1.492023e-04   2.468419e-24   504
  3.746568e-01   5.400681e-23   1.035207e-04   2.287450e-24   432
  3.751490e-01   4.940847e-23   1.599738e-04   2.845126e-24   312
  3.761721e-01   5.216526e-23   1.639809e-04   2.391364e-24   384
  3.772403e-01   5.988431e-23   1.393208e-04   5.539897e-24   126
  3.778999e-01   5.479552e-23   2.446141e-04   2.734078e-24   492
  3.787423e-01   5.618321e-23   1.566756e-04   2.305770e-24   528
  3.797950e-01   5.337304e-23   1.591488e-04   2.306255e-24   480
  3.804477e-01   5.663351e-23   2.198632e-04   2.621062e-24   432
  3.813922e-01   5.990127e-23   1.728933e-04   2.704964e-24   440
  3.824891e-01   5.327242e-23   8.597912e-05   3.071057e-24   312
  3.829007e-01   5.860486e-23   1.288469e-04   3.193684e-24   480
  3.837450e-01   5.375233e-23   2.522797e-04   2.773709e-24   408
  3.849786e-01   5.438157e-23   1.510870e-04   2.699737e-24   360
  3.854998e-01   5.333351e-23   1.457935e-04   2.656604e-24   408
  3.864656e-01   5.408834e-23   1.483633e-04   2.447701e-24   456
  3.875531e-01   5.783719e-23   1.417988e-04   3.409641e-24   264
  3.881567e-01   5.308365e-23   1.538873e-04   2.842053e-24   384
  3.890354e-01   5.642445e-23   2.590801e-04   2.217816e-24   672
  3.900512e-01   5.463347e-23   1.549634e-04   3.565801e-24   240
  3.906373e-01   5.763073e-23   1.572490e-04   3.340149e-24   264
  3.914646e-01   5.057052e-23   1.939407e-04   2.177006e-24   624
  3.926991e-01   6.287212e-23   0.000000e+00   4.843374e-24   150
  3.931386e-01   5.961096e-23   2.173259e-04   2.614643e-24   600
  3.940655e-01   5.152240e-23   1.499928e-04   2.150975e-24   672
  3.951151e-01   5.687860e-23   1.410788e-04   3.308456e-24   336
  3.956998e-01   5.770332e-23   1.534526e-04   2.886547e-24   408
  3.966340e-01   5.405923e-23   1.530911e-04   2.661451e-24   408
  3.976732e-01   5.173435e-23   7.741108e-05   2.645392e-24   360
  3.983137e-01   5.852661e-23   2.842286e-04   2.723352e-24   456
  3.990874e-01   5.422740e-23   1.545652e-04   2.450105e-24   384
  4.000722e-01   6.552590e-23   1.426833e-04   3.280003e-24   348
  4.006044e-01   5.614218e-23   1.759003e-04   2.333951e-24   576
  4.016040e-01   5.830614e-23   1.448308e-04   2.687411e-24   504
  4.026266e-01   5.700141e-23   2.042754e-04   2.607589e-24   432
  4.035193e-01   5.266876e-23   2.779157e-04   2.092288e-24   576
  4.041559e-01   5.676219e-23   0.000000e+00   3.283965e-24   264
  4.051657e-01   5.771607e-23   2.211515e-04   1.994351e-24   768
  4.060439e-01   6.857509e-23   2.977401e-04   4.594787e-24   240
  4.067421e-01   5.528985e-23   2.625786e-04   4.226322e-24   192
  4.077592e-01   5.561910e-23   1.932899e-04   2.317638e-24   504
  4.085134e-01   5.255298e-23   2.604655e-04   2.163234e-24   590
  4.092368e-01   5.462025e-23   2.918373e-04   2.701607e-24   384
  4.101438e-01   5.778309e-23   2.438900e-04   2.592961e-24   504
  4.112389e-01   6.118151e-23   2.347064e-04   2.246468e-24   648
  4.123011e-01   5.867341e-23   6.374317e-05   2.550896e-24   504
  4.127294e-01   6.072092e-23   1.454101e-04   3.115228e-24   312
  4.134855e-01   5.297339e-23   2.095003e-04   2.007756e-24   576
  4.145236e-01   5.649662e-23   1.457924e-04   3.540867e-24   240
  4.151287e-01   5.543414e-23   1.473162e-04   2.251580e-24   552
  4.159853e-01   6.082072e-23   1.383265e-04   2.416415e-24   600
  4.172054e-01   5.695922e-23   1.689549e-04   2.073964e-24   600
  4.179389e-01   6.293187e-23   2.705679e-04   3.710513e-24   312
  4.186695e-01   6.174156e-23   2.356379e-04   2.707195e-24   480
  4.195820e-01   6.383509e-23   1.470154e-04   2.583197e-24   576
  4.203854e-01   6.121598e-23   2.367268e-04   3.090755e-24   408
  4.210983e-01   6.216465e-23   2.761527e-04   3.839209e-24   216
  4.220194e-01   5.194950e-23   2.115019e-04   2.327135e-24   516
  4.230063e-01   6.279967e-23   2.017943e-04   2.460308e-24   744
  4.240243e-01   5.874089e-23   1.347808e-04   2.704878e-24   462
  4.245995e-01   6.335171e-23   1.369852e-04   3.089190e-24   432
  4.254918e-01   6.386442e-23   1.270838e-04   2.262498e-24   648
  4.265409e-01   6.497893e-23   1.859472e-04   2.680862e-24   528
  4.273836e-01   5.557404e-23   2.239269e-04   2.321431e-24   600
  4.282256e-01   5.575874e-23   2.823132e-04   4.224681e-24   240
  4.290411e-01   5.750035e-23   2.162492e-04   2.084804e-24   720
  4.299890e-01   6.556769e-23   1.710922e-04   2.314503e-24   720
  4.310398e-01   5.402464e-23   0.000000e+00   3.976970e-24   144
  4.315927e-01   5.689739e-23   2.205891e-04   2.035093e-24   720
  4.323793e-01   6.981257e-23   1.322696e-04   3.807222e-24   384
  4.333641e-01   6.043619e-23   1.466278e-04   2.330245e-24   672
  4.342984e-01   6.131166e-23   2.567292e-04   3.205636e-24   336
  4.347447e-01   6.894005e-23   0.000000e+00   4.202582e-24   288
  4.358374e-01   5.993110e-23   2.031840e-04   2.084606e-24   776
  4.368489e-01   6.630253e-23   1.738547e-04   2.513304e-24   720
  4.376985e-01   6.396198e-23   1.400528e-04   3.306370e-24   432
  4.383780e-01   6.205825e-23   1.996629e-04   3.309229e-24   504
  4.391339e-01   5.899397e-23   1.398922e-04   2.613920e-24   528
  4.401917e-01   6.290897e-23   1.905949e-04   2.918272e-24   438
  4.410618e-01   5.727197e-23   2.218350e-04   2.305355e-24   624
  4.417176e-01   6.730750e-23   2.717180e-04   3.655950e-24   312
  4.426191e-01   6.336593e-23   1.463948e-04   2.269097e-24   696
  4.435512e-01   6.146729e-23   1.324608e-04   2.608420e-24   552
  4.445207e-01   5.758790e-23   1.024805e-04   2.355334e-24   516
  4.451205e-01   6.042177e-23   2.046970e-04   2.467864e-24   528
  4.458506e-01   6.105960e-23   1.331200e-04   2.833525e-24   528
  4.468878e-01   6.186189e-23   1.755583e-04   2.184070e-24   864
  4.475918e-01   5.559607e-23   2.404788e-04   2.588397e-24   408
  4.482965e-01   6.129558e-23   2.382549e-04   4.103107e-24   192
  4.492953e-01   6.404414e-23   1.971674e-04   2.349420e-24   720
  4.501385e-01   5.657802e-23   1.817980e-04   2.005178e-24   696
  4.511404e-01   6.408938e-23   1.963435e-04   2.302726e-24   720
  4.520570e-01   6.066523e-23   2.661201e-04   2.893080e-24   432
  4.525916e-01   5.718092e-23   1.566487e-04   3.482335e-24   264
  4.535534e-01   6.447207e-23   2.163249e-04   2.360381e-24   672
  4.544137e-01   6.358859e-23   2.214835e-04   2.524259e-24   600
  4.554346e-01   6.287961e-23   1.296784e-04   4.014059e-24   270
  4.559493e-01   6.286586e-23   1.952021e-04   2.791691e-24   528
  4.567673e-01   6.946755e-23   1.336675e-04   2.626526e-24   840
  4.578890e-01   6.539959e-23   2.555961e-04   2.264596e-24   888
  4.589254e-01   6.399783e-23   1.904380e-04   2.491647e-24   744
  4.598014e-01   7.045245e-23   9.785730e-05   3.473585e-24   456
  4.602370e-01   6.096061e-23   1.337280e-04   2.890745e-24   360
  4.609825e-01   6.341568e-23   1.158678e-04   2.973271e-24   384
  4.621264e-01   6.773756e-23   1.858509e-04   2.411902e-24   816
  4.629847e-01   6.776137e-23   2.696437e-04   2.277367e-24   824
  4.640279e-01   6.628759e-23   1.253432e-04   3.614449e-24   360
  4.645865e-01   7.533730e-23   1.849595e-04   3.077662e-24   624
  4.653553e-01   5.884459e-23   1.249856e-04   2.874958e-24   360
  4.663795e-01   6.720120e-23   1.700172e-04   2.219399e-24   876
  4.673045e-01   6.331890e-23   2.019296e-04   2.608244e-24   696
  4.682373e-01   7.172201e-23   1.303928e-04   3.845809e-24   336
  4.687264e-01   7.136981e-23   1.302463e-04   3.315007e-24   504
  4.695341e-01   6.681647e-23   1.313750e-04   2.428875e-24   672
  4.707324e-01   6.288993e-23   2.615370e-04   2.330769e-24   720
  4.715635e-01   6.183177e-23   1.975633e-04   2.453574e-24   774
  4.724808e-01   6.749073e-23   1.130801e-04   3.223248e-24   384
  4.729612e-01   6.693353e-23   2.176147e-04   2.953947e-24   528
  4.737068e-01   6.837016e-23   2.073989e-04   2.450702e-24   744
  4.749062e-01   6.975236e-23   1.710601e-04   2.473075e-24   768
  4.757025e-01   6.812614e-23   1.920278e-04   2.822125e-24   552
  4.766960e-01   6.404548e-23   2.092886e-04   2.441048e-24   696
  4.774351e-01   7.148586e-23   2.543221e-04   3.751165e-24   408
  4.780218e-01   6.647600e-23   1.098692e-04   2.992665e-24   504
  4.789519e-01   6.501579e-23   1.973758e-04   2.309990e-24   888
  4.798671e-01   6.332823e-23   2.051305e-04   2.482928e-24   648
  4.808184e-01   6.543396e-23   2.033722e-04   2.711133e-24   648
  4.817134e-01   6.797613e-23   2.192851e-04   2.391622e-24   792
  4.826614e-01   6.597242e-23   3.208291e-04   2.681612e-24   600
  4.833600e-01   6.431160e-23   2.174285e-04   3.055887e-24   456
  4.840953e-01   6.984386e-23   1.059654e-04   2.688409e-24   648
  4.850397e-01   6.483947e-23   2.066479e-04   2.062044e-24   936
  4.860593e-01   6.612890e-23   1.269084e-04   3.143569e-24   384
  4.869469e-01   1.941524e-53   0.000000e+00   1.722091e-54   198
  4.876318e-01   2.179983e-53   3.219776e-04   6.684874e-55   1224
  4.883707e-01   2.326979e-53   2.344988e-04   1.127526e-54   420
  4.892446e-01   2.200354e-53   2.269458e-04   9.318283e-55   792
  4.900991e-01   2.292457e-53   1.876648e-04   9.095168e-55   680
  4.910742e-01   2.161053e-53   1.723226e-04   9.146298e-55   600
  4.918588e-01   2.114926e-53   2.499151e-04   7.968862e-55   840
  4.929064e-01   2.191739e-53   1.179983e-04   1.151895e-54   432
  4.933067e-01   2.176703e-53   1.105800e-04   8.736532e-55   720
  4.941771e-01   2.074347e-53   2.214723e-04   7.560565e-55   960
  4.952596e-01   2.028730e-53   1.974263e-04   1.247973e-54   528
  4.960507e-01   1.998611e-53   2.018074e-04   9.437597e-55   624
  4.969923e-01   2.330528e-53   1.586192e-04   8.378810e-55   816
  4.979269e-01   2.023503e-53   2.608527e-04   8.796930e-55   696
  4.989597e-01   2.106482e-53   1.438612e-08   1.285383e-54   240
  4.993481e-01   2.342636e-53   1.538310e-04   9.579358e-55   672
  5.002149e-01   2.130784e-53   2.749181e-04   7.325334e-55   864
  5.011872e-01   2.331387e-53   2.109550e-04   8.913525e-55   816
  5.020636e-01   2.140261e-53   1.207434e-04   9.438435e-55   648
  5.030076e-01   2.060455e-53   1.234217e-04   8.495784e-55   843
  5.038089e-01   2.125861e-53   2.220660e-04   7.401930e-55   780
  5.047639e-01   1.981576e-53   1.191565e-04   1.540045e-54   216
  5.053529e-01   2.072434e-53   2.873328e-04   6.750918e-55   1056
  5.062588e-01   1.775037e-53   2.350705e-04   1.046186e-54   228
  5.070976e-01   2.135569e-53   2.926687e-04   7.602200e-55   924
  5.079587e-01   2.222682e-53   1.085637e-04   9.394730e-55   696
  5.088706e-01   2.223799e-53   1.932122e-04   7.902897e-55   996
  5.098035e-01   2.414093e-53   1.140687e-04   1.131124e-54   576
  5.107740e-01   2.367044e-53   1.760574e-04   1.093034e-54   552
  5.114815e-01   2.331536e-53   2.102064e-04   1.078294e-54   516
  5.121995e-01   2.374220e-53   3.056837e-04   9.212795e-55   744
  5.130199e-01   2.385422e-53   1.499561e-04   9.920829e-55   576
  5.137336e-01   2.426962e-53   1.543428e-04   8.694577e-55   792
  5.147477e-01   2.401781e-53   1.764424e-04   9.052219e-55   792
  5.154909e-01   2.079282e-53   1.902913e-04   8.245933e-55   720
  5.164960e-01   2.277161e-53   2.168883e-04   9.890370e-55   656
  5.174379e-01   2.229748e-53   2.368308e-04   8.454096e-55   816
  5.184034e-01   2.231338e-53   1.276952e-04   1.123369e-54   492
  5.189522e-01   2.384832e-53   1.836985e-04   1.059174e-54   552
  5.199822e-01   2.244951e-53   3.194294e-04   8.149310e-55   780
  5.206511e-01   2.360022e-53   1.962217e-04   1.019684e-54   528
  5.213718e-01   2.273264e-53   2.290504e-04   9.941378e-55   600
  5.224340e-01   2.602817e-53   1.903590e-04   8.671537e-55   900
  5.231662e-01   2.375824e-53   1.053860e-04   9.396103e-55   696
  5.241734e-01   2.278137e-53   2.664725e-04   8.384919e-55   696
  5.251479e-01   2.533811e-53   1.081054e-04   1.125423e-54   552
  5.259673e-01   2.231682e-53   1.257166e-04   9.204198e-55   708
  5.268258e-01   2.298766e-53   2.075652e-04   7.624390e-55   876
  5.277190e-01   2.053045e-53   1.102130e-04   1.453414e-54   216
  5.283184e-01   2.545884e-53   3.014475e-04   8.288985e-55   1032
  5.292161e-01   2.567366e-53   3.356286e-04   1.068514e-54   600
  5.301478e-01   2.366382e-53   1.601495e-04   1.139252e-54   600
  5.308585e-01   2.457181e-53   2.828090e-04   1.266061e-54   528
  5.316987e-01   2.386017e-53   1.552497e-04   9.299127e-55   732
  5.325837e-01   2.367386e-53   1.146378e-04   1.181761e-54   336
  5.336024e-01   2.524757e-53   1.633817e-04   8.306756e-55   912
  5.343638e-01   2.424218e-53   1.639857e-04   1.019223e-54   624
  5.351957e-01   2.325583e-53   1.381873e-04   8.477020e-55   768
  5.361666e-01   2.607601e-53   2.493171e-04   1.024354e-54   792
  5.371196e-01   2.390255e-53   1.236011e-04   9.816963e-55   660
  5.377977e-01   2.754372e-53   1.821461e-04   1.252229e-54   504
  5.384990e-01   2.855731e-53   2.975919e-04   1.335611e-54   480
  5.395501e-01   2.671926e-53   2.752337e-04   9.038760e-55   912
  5.403731e-01   2.430388e-53   3.065154e-04   1.314344e-54   432
  5.411504e-01   2.700097e-53   1.820016e-04   1.264107e-54   564
  5.418405e-01   2.649007e-53   1.742006e-04   1.072951e-54   600
  5.428119e-01   2.594462e-53   2.428192e-04   9.449517e-55   876
  5.435417e-01   2.669047e-53   1.091788e-04   1.509903e-54   264
  5.445477e-01   2.684098e-53   2.118499e-04   1.151907e-54   560
  5.453563e-01   2.560038e-53   1.439565e-04   8.783140e-55   840
  5.463378e-01   2.365942e-53   2.219395e-04   8.348709e-55   1008
  5.472454e-01   2.514897e-53   9.928084e-05   1.167165e-54   456
  5.480744e-01   2.735083e-53   1.286043e-04   1.373376e-54   576
  5.488407e-01   2.712105e-53   1.976142e-04   1.145333e-54   612
  5.498512e-01   2.463614e-53   1.765015e-04   8.719750e-55   780
  5.506755e-01   2.721656e-53   2.022627e-04   1.110502e-54   648
  5.515194e-01   2.507647e-53   9.425702e-05   1.542076e-54   312
  5.520587e-01   2.582309e-53   2.394916e-04   1.183333e-54   528
  5.529931e-01   2.815208e-53   3.127641e-04   1.131280e-54   720
  5.538866e-01   2.806844e-53   3.137436e-04   1.155369e-54   576
  5.549699e-01   2.691430e-53   2.706443e-04   1.343168e-54   444
  5.556439e-01   2.723372e-53   2.654148e-04   8.322747e-55   996
  5.564699e-01   2.927375e-53   2.217012e-04   1.374119e-54   432
  5.572506e-01   2.690051e-53   2.427192e-04   1.328824e-54   504
  5.579250e-01   2.789051e-53   1.094306e-04   1.218833e-54   504
  5.588852e-01   2.685987e-53   2.153608e-04   9.344813e-55   876
  5.597541e-01   3.097231e-53   2.478597e-04   1.435161e-54   504
  5.606589e-01   2.567270e-53   1.580720e-04   9.796446e-55   696
  5.614066e-01   3.064820e-53   1.351349e-04   1.413974e-54   492
  5.624240e-01   3.190007e-53   1.934522e-04   1.529786e-54   432
  5.631776e-01   2.936886e-53   1.811468e-04   1.096103e-54   768
  5.640708e-01   2.758266e-53   2.256427e-04   1.054144e-54   648
  5.649237e-01   2.629331e-53   1.472076e-04   1.282995e-54   456
  5.659038e-01   2.692127e-53   2.024344e-04   1.125639e-54   552
  5.665845e-01   2.866870e-53   1.387487e-04   1.172343e-54   648
  5.675213e-01   2.999905e-53   2.261525e-04   1.012063e-54   840
  5.684363e-01   3.343060e-53   1.078474e-04   1.688179e-54   432
  5.693524e-01   2.661911e-53   1.320946e-04   1.015182e-54   600
  5.699896e-01   2.771704e-53   1.407382e-04   1.424049e-54   432
  5.710598e-01   2.864377e-53   1.401185e-04   1.200568e-54   560
  5.717846e-01   3.157722e-53   2.217929e-04   1.128106e-54   840
  5.726922e-01   2.884058e-53   1.313712e-04   1.287014e-54   504
  5.734129e-01   2.893670e-53   2.681208e-04   1.186192e-54   696
  5.744289e-01   3.115935e-53   1.464380e-04   1.367613e-54   384
  5.752203e-01   3.167789e-53   2.145144e-04   1.490338e-54   576
  5.761776e-01   2.907996e-53   1.323876e-04   1.635675e-54   360
  5.769491e-01   2.874544e-53   1.971572e-04   9.748418e-55   828
  5.777814e-01   2.714113e-53   1.756051e-04   1.596625e-54   372
  5.785440e-01   3.457451e-53   2.681827e-04   1.379490e-54   576
  5.795542e-01   2.962416e-53   1.123146e-04   1.211580e-54   636
  5.802740e-01   2.925421e-53   2.165136e-04   1.276491e-54   648
  5.812477e-01   2.801940e-53   1.760019e-04   1.197826e-54   576
  5.819467e-01   3.126969e-53   2.839096e-04   1.384045e-54   528
  5.828762e-01   2.848822e-53   1.213831e-04   1.452070e-54   360
  5.836457e-01   3.141426e-53   2.792266e-04   1.168317e-54   672
  5.846504e-01   3.272738e-53   1.430245e-04   1.250488e-54   804
  5.854866e-01   3.473285e-53   1.577731e-04   1.675328e-54   408
  5.864116e-01   3.318632e-53   9.752092e-05   1.736877e-54   384
  5.870345e-01   3.021192e-53   2.231653e-04   1.728702e-54   480
  5.879130e-01   3.137591e-53   1.441975e-04   1.543805e-54   432
  5.887557e-01   3.062815e-53   2.657252e-04   1.205094e-54   648
  5.897530e-01   3.025708e-53   1.648813e-04   1.311262e-54   624
  5.904826e-01   2.961042e-53   1.499734e-04   1.476916e-54   456
  5.914788e-01   3.104862e-53   2.048770e-04   1.235957e-54   588
  5.921465e-01   2.938090e-53   1.307107e-04   1.079945e-54   600
  5.931212e-01   2.918479e-53   2.038766e-04   1.063919e-54   708
  5.938912e-01   3.123919e-53   1.284383e-04   1.635201e-54   360
  5.947420e-01   3.247562e-53   1.476433e-04   1.328322e-54   552
  5.955576e-01   3.044162e-53   1.035752e-04   1.701611e-54   288
  5.963856e-01   2.623864e-53   1.947498e-04   1.137024e-54   528
  5.971636e-01   3.429373e-53   1.313872e-04   1.453910e-54   456
  5.980328e-01   2.903967e-53   2.329780e-04   1.132662e-54   608
  5.989070e-01   3.036771e-53   1.127174e-04   1.341213e-54   504
  5.998623e-01   3.283454e-53   2.419978e-04   1.402936e-54   540
  6.006113e-01   3.099673e-53   2.597778e-04   2.087529e-54   360
  6.014188e-01   3.259663e-53   1.176407e-04   1.616133e-54   540
  6.021329e-01   3.394062e-53   1.010085e-04   1.372806e-54   576
  6.031714e-01   3.122704e-53   2.342044e-04   1.386585e-54   588
  6.041588e-01   3.115787e-53   3.231314e-04   1.205878e-54   672
  6.050070e-01   3.356611e-53   2.469721e-04   1.351595e-54   552
  6.056908e-01   2.997858e-53   2.470970e-04   2.406978e-54   144
  6.065633e-01   3.013547e-53   2.099342e-04   1.255077e-54   600
  6.073906e-01   3.222753e-53   2.630934e-04   1.435088e-54   504
  6.083088e-01   3.260894e-53   2.702501e-04   1.765030e-54   336
  6.092745e-01   3.006024e-53   3.037623e-04   1.181681e-54   600
  6.101395e-01   3.044603e-53   1.960382e-04   1.108607e-54   636
  6.110731e-01   3.504040e-53   1.576165e-04   1.709027e-54   384
  6.117276e-01   2.821931e-53   2.198564e-04   1.258909e-54   504
  6.126710e-01   3.689779e-53   9.227064e-05   2.143655e-54   240
  6.134155e-01   3.414173e-53   2.167569e-04   1.350407e-54   744
  6.143088e-01   3.013122e-53   1.480120e-04   1.221709e-54   648
  6.151027e-01   3.820227e-53   9.825476e-05   3.420656e-54   120
  6.160331e-01   3.109988e-53   1.543455e-04   1.239467e-54   564
  6.167362e-01   3.498417e-53   2.424089e-04   1.614770e-54   432
  6.176746e-01   3.193816e-53   1.881572e-04   1.536726e-54   480
  6.183811e-01   3.326725e-53   1.384885e-04   1.625074e-54   456
  6.192152e-01   3.382288e-53   2.291780e-04   1.640719e-54   444
  6.201616e-01   3.187730e-53   3.506544e-04   1.406394e-54   528
  6.209930e-01   3.169921e-53   2.604238e-04   1.900460e-54   264
  6.217998e-01   3.911470e-53   2.668956e-04   1.836649e-54   444
  6.228852e-01   3.425460e-53   2.923449e-04   1.346923e-54   696
  6.237861e-01   3.630156e-53   1.563558e-04   1.734444e-54   384
  6.244450e-01   3.581534e-53   1.975687e-04   1.648088e-54   432
  6.254698e-01   3.696370e-53   1.365107e-04   1.698168e-54   488
  6.261352e-01   3.559562e-53   2.057386e-04   1.734177e-54   480
  6.270999e-01   3.011052e-53   2.294412e-04   1.393785e-54   480
  6.278471e-01   3.194107e-53   9.626648e-05   1.827206e-54   240
  6.286954e-01   3.414542e-53   2.248709e-04   1.475596e-54   600
  6.294955e-01   3.478924e-53   1.959519e-04   2.407770e-54   288
  6.303474e-01   3.297803e-53   1.884914e-04   1.640680e-54   480
  6.312103e-01   3.206355e-53   3.352926e-04   1.502819e-54   504
  6.320598e-01   3.374429e-53   1.438614e-04   2.588252e-54   216
  6.331433e-01   3.660058e-53   2.355240e-04   1.829440e-54   504
  6.339871e-01   3.304039e-53   1.894329e-04   1.420627e-54   456
  6.349107e-01   3.397551e-53   1.086430e-04   1.823622e-54   384
  6.355225e-01   3.553925e-53   2.205061e-04   1.632255e-54   480
  6.363918e-01   3.683545e-53   1.936290e-04   1.689338e-54   504
  6.371972e-01   3.345574e-53   1.228262e-04   1.959109e-54   312
  6.380652e-01   3.228568e-53   1.979302e-04   1.430113e-54   492
  6.388334e-01   3.710045e-53   1.855135e-04   1.918573e-54   312
  6.398223e-01   3.669580e-53   3.013519e-04   1.449223e-54   576
  6.406929e-01   4.215334e-53   2.781722e-04   2.252201e-54   336
  6.414159e-01   3.724407e-53   2.141797e-04   2.261721e-54   240
  6.424183e-01   3.596029e-53   2.839481e-04   1.674665e-54   468
  6.432837e-01   3.981070e-53   1.777925e-04   2.393295e-54   192
  6.441896e-01   3.715623e-53   1.783224e-04   2.240664e-54   324
  6.448535e-01   3.717135e-53   1.294235e-04   1.469084e-54   600
  6.457583e-01   4.139952e-53   2.099764e-04   1.968098e-54   456
  6.464302e-01   3.320121e-53   9.444737e-05   1.717258e-54   336
  6.475438e-01   3.906920e-53   2.828021e-04   1.726231e-54   612
  6.483539e-01   3.331312e-53   2.373399e-04   2.518847e-54   144
  6.491201e-01   3.687742e-53   2.770366e-04   1.796618e-54   552
  6.501620e-01   4.305640e-53   1.091004e-04   2.535603e-54   264
  6.507507e-01   3.577400e-53   2.525953e-04   2.115814e-54   336
  6.516793e-01   3.511135e-53   1.669063e-04   1.570574e-54   384
  6.524847e-01   3.892620e-53   9.395175e-05   2.748929e-54   216
  6.533762e-01   3.594831e-53   1.991971e-04   1.758402e-54   344
  6.541891e-01   3.994787e-53   2.972114e-04   2.406258e-54   408
  6.551797e-01   3.824384e-53   2.283876e-04   2.193056e-54   264
  6.560575e-01   3.896234e-53   3.183837e-04   1.632347e-54   612
  6.569345e-01   4.132034e-53   1.638646e-04   2.099717e-54   408
  6.578364e-01   3.843869e-53   1.641001e-04   1.948902e-54   444
  6.584991e-01   3.983556e-53   9.177996e-05   3.667688e-54   120
  6.593870e-01   3.833691e-53   2.535712e-04   2.291582e-54   336
  6.600460e-01   4.259885e-53   8.811499e-05   2.974814e-54   288
  6.609366e-01   3.443533e-53   2.742154e-04   1.450389e-54   552
  6.621610e-01   3.624667e-53   0.000000e+00   3.422993e-54   72
  6.627906e-01   3.736505e-53   2.723657e-04   1.581989e-54   504
  6.635259e-01   4.137798e-53   8.764464e-05   3.001528e-54   216
  6.644787e-01   3.950318e-53   1.564835e-04   2.098236e-54   312
  6.653340e-01   4.306720e-53   1.781811e-04   2.191845e-54   336
  6.661492e-01   3.308309e-53   2.469789e-04   2.289138e-54   204
  6.669611e-01   3.479674e-53   2.870270e-04   1.528010e-54   504
  6.678221e-01   4.190160e-53   2.733322e-04   2.173112e-54   396
  6.686501e-01   4.096858e-53   2.506599e-04   2.484608e-54   312
  6.696540e-01   3.746022e-53   1.531800e-04   2.821535e-54   216
  6.703613e-01   3.691532e-53   8.313373e-05   2.994438e-54   168
  6.712208e-01   4.421404e-53   2.099173e-04   1.923256e-54   588
  6.722017e-01   4.230755e-53   2.849381e-04   2.645782e-54   240
  6.729637e-01   3.622991e-53   2.516481e-04   2.039985e-54   264
  6.738575e-01   3.988396e-53   3.112147e-04   2.193901e-54   288
  6.746505e-01   3.951217e-53   1.554077e-04   2.429160e-54   288
  6.756555e-01   3.832845e-53   1.459525e-04   2.094109e-54   288
  6.763322e-01   3.405837e-53   1.690738e-04   2.591958e-54   192
  6.771836e-01   4.205887e-53   1.799115e-04   2.786654e-54   264
  6.779946e-01   3.958099e-53   2.959295e-04   2.048974e-54   372
  6.788675e-01   3.977817e-53   3.196167e-04   2.297359e-54   360
  6.799329e-01   5.378180e-53   1.352648e-04   4.437253e-54   144
  6.804835e-01   3.611942e-53   1.878769e-04   2.382285e-54   296
  6.813527e-01   4.539568e-53   2.024276e-04   2.618323e-54   288
  6.823478e-01   4.040903e-53   3.025230e-04   1.711106e-54   480
  6.832061e-01   3.927908e-53   2.513677e-04   2.612406e-54   192
  6.840407e-01   3.989448e-53   2.696262e-04   2.817167e-54   192
  6.847993e-01   4.482025e-53   1.718359e-04   2.687154e-54   288
  6.858544e-01   3.468827e-53   1.495808e-04   2.821042e-54   108
  6.863859e-01   4.123678e-53   1.438036e-04   2.856283e-54   240
  6.873243e-01   3.975957e-53   2.682690e-04   2.367679e-54   384
  6.882884e-01   5.356636e-53   3.272578e-04   4.679236e-54   108
  6.891409e-01   3.955979e-53   1.918773e-04   2.257613e-54   348
  6.900373e-01   4.527334e-53   2.002507e-04   2.465282e-54   312
  6.908379e-01   4.995969e-53   1.945855e-04   5.024307e-54   96
  6.915741e-01   4.170753e-53   2.590555e-04   1.779323e-54   384
  6.923987e-01   4.169658e-53   1.781778e-04   3.479912e-54   144
  6.932053e-01   4.227678e-53   2.737780e-04   1.811883e-54   408
  6.942079e-01   3.726743e-53   1.221243e-04   2.740447e-54   144
  6.951550e-01   4.528831e-53   2.347853e-04   3.259624e-54   192
  6.957167e-01   3.161953e-53   2.642552e-04   2.369081e-54   144
  6.966323e-01   4.581684e-53   2.148492e-04   3.884549e-54   144
  6.974962e-01   4.090446e-53   2.625805e-04   2.161853e-54   336
  6.985541e-01   4.474081e-53   1.942763e-04   3.180247e-54   240
  6.992249e-01   4.165988e-53   8.821915e-05   3.913315e-54   96
  7.001605e-01   4.471668e-53   2.587043e-04   2.492587e-54   372
  7.011070e-01   4.532030e-53   3.077232e-04   3.307450e-54   132
  7.019384e-01   4.714915e-53   1.904154e-04   2.984825e-54   264
  7.026821e-01   4.203129e-53   1.462304e-04   3.277973e-54   168
  7.034759e-01   4.058614e-53   2.337943e-04   2.754449e-54   216
  7.041771e-01   4.187802e-53   1.430383e-04   2.543630e-54   216
  7.051983e-01   4.714554e-53   2.624157e-04   4.718454e-54   96
  7.061249e-01   4.522210e-53   1.712023e-04   3.093151e-54   120
  7.069747e-01   4.205460e-53   2.176463e-04   2.866969e-54   216
  7.076747e-01   3.987571e-53   9.511215e-05   2.894775e-54   200
  7.086015e-01   4.406579e-53   2.462045e-04   2.277472e-54   288
  7.097902e-01   4.476355e-53   6.478119e-05   3.322169e-54   144
  7.102908e-01   4.699662e-53   2.015951e-04   3.688613e-54   168
  7.113130e-01   4.907700e-53   2.268765e-04   4.452437e-54   159
  7.121109e-01   4.238916e-53   2.380480e-04   3.445031e-54   174
  7.128831e-01   4.642363e-53   2.158536e-04   4.132326e-54   144
  7.138943e-01   4.756064e-53   1.246398e-04   2.780580e-54   222
  7.145705e-01   3.834067e-53   1.257726e-04   2.998634e-54   168
  7.157386e-01   5.999263e-53   2.758677e-04   8.969451e-54   30
  7.162211e-01   4.216424e-53   2.435709e-04   4.847900e-54   72
  7.171298e-01   5.088515e-53   2.173841e-04   3.223921e-54   258
  7.181290e-01   6.149234e-53   1.361533e-04   4.061059e-54   264
  7.186286e-01   5.193320e-53   1.468278e-08   6.111760e-54   72
  7.196697e-01   4.192391e-53   2.698616e-04   3.198553e-54   174
  7.206123e-01   4.681846e-53   2.873527e-04   3.077905e-54   168
  7.213701e-01   5.608566e-53   8.991328e-09   8.221751e-54   48
  7.221837e-01   4.469105e-53   1.622748e-04   3.059541e-54   150
  7.231270e-01   4.035115e-53   2.985162e-04   2.831057e-54   168
  7.240729e-01   4.739410e-53   1.818422e-04   3.820648e-54   144
  7.249427e-01   5.446368e-53   1.698820e-04   5.221078e-54   102
  7.255906e-01   4.965353e-53   2.514545e-04   5.061180e-54   96
  7.266185e-01   3.924236e-53   2.495518e-04   3.395322e-54   120
  7.273797e-01   3.512378e-53   2.676508e-04   2.679798e-54   168
  7.282031e-01   4.819768e-53   1.976389e-04   4.110889e-54   126
  7.289046e-01   5.701342e-53   1.490593e-04   3.716745e-54   168
  7.298711e-01   4.195913e-53   2.390167e-04   4.674880e-54   72
  7.307158e-01   4.754263e-53   2.993022e-04   3.311797e-54   168
  7.314557e-01   5.927375e-53   8.205344e-05   5.358414e-54   78
  7.324696e-01   3.977871e-53   1.347256e-04   4.912913e-54   60
  7.332860e-01   4.270033e-53   2.185468e-04   4.013656e-54   96
  7.341327e-01   4.728564e-53   2.651884e-04   4.503876e-54   168
  7.349284e-01   5.233977e-53   1.678009e-04   5.230082e-54   86
  7.357634e-01   4.817394e-53   1.499742e-04   4.069415e-54   120
  7.369601e-01   4.570961e-53   1.069515e-04   4.273595e-54   168
  7.376055e-01   3.741774e-53   0.000000e+00   4.938047e-54   48
  7.384747e-01   5.265134e-53   1.948541e-04   5.099252e-54   120
  7.389742e-01   5.391898e-53   1.421539e-04   4.067146e-54   126
  7.401935e-01   4.783918e-53   2.500091e-04   6.194293e-54   96
  7.409848e-01   4.880278e-53   7.209028e-05   4.423390e-54   96
  7.416089e-01   5.945357e-53   8.477105e-09   5.976098e-54   72
  7.429385e-01   3.687505e-53   8.991328e-09   5.484694e-54   24
  7.437683e-01   5.388158e-53   1.483601e-04   5.006455e-54   120
  7.444157e-01   5.425909e-53   2.164118e-04   4.479562e-54   126
  7.451355e-01   6.080736e-53   1.804085e-04   6.884751e-54   96
  7.459766e-01   3.447084e-53   3.117986e-04   3.280268e-54   72
  7.469132e-01   4.624151e-53   1.348634e-04   3.416507e-54   144
  7.476836e-01   5.424823e-53   7.778603e-05   5.986251e-54   72
  7.484533e-01   5.700916e-53   1.553665e-04   1.013215e-53   54
  7.491306e-01   4.872744e-53   1.369149e-04   4.841366e-54   108
  7.505382e-01   6.027668e-53   1.342120e-04   6.455953e-54   72
  7.509765e-01   4.814099e-53   7.744493e-05   5.554357e-54   72
  7.520162e-01   4.750237e-53   1.557344e-08   1.211507e-53   24
  7.529998e-01   2.840100e-53   1.638381e-04   3.360760e-54   48
  7.535971e-01   6.607331e-53   1.248023e-04   6.163156e-54   102
  7.544963e-01   5.478021e-53   2.822510e-04   4.512936e-54   168
  7.556711e-01   6.429120e-53   1.539331e-04   6.818133e-54   72
  7.561064e-01   6.828307e-53   0.000000e+00   9.538921e-54   48
  7.570195e-01   4.616562e-53   2.647743e-04   4.384386e-54   120
  7.582245e-01   5.311558e-53   1.627091e-04   5.032572e-54   96
  7.593627e-01   4.035366e-53   1.438612e-08   6.731525e-54   30
  7.607153e-01   6.660484e-53   7.644796e-05   5.569989e-54   72
  7.613097e-01   4.489763e-53   8.991328e-09   8.410972e-54   24
  7.620733e-01   5.987608e-53   1.133148e-04   1.035823e-53   56
  7.629285e-01   5.707614e-53   1.617059e-04   5.175123e-54   96
  7.639519e-01   5.402502e-53   1.785629e-04   4.291479e-54   144
  7.647411e-01   4.606388e-53   1.013810e-04   6.372188e-54   54
  7.658874e-01   5.459788e-53   1.518795e-04   5.138661e-54   108
  7.670409e-01   4.936362e-53   8.041947e-05   7.941566e-54   48
  7.681392e-01   6.980661e-53   3.028050e-04   8.472404e-54   72
  7.707744e-01   4.519577e-53   2.000642e-04   5.297321e-54   78
  7.715046e-01   3.470446e-53   1.507735e-04   3.048609e-54   72
  7.723570e-01   8.015658e-53   1.505863e-04   9.581385e-54   72
  7.732482e-01   5.889654e-53   3.633813e-04   5.701204e-54   96
  7.739527e-01   4.659291e-53   1.502759e-04   5.606051e-54   72
  7.748024e-01   5.764709e-53   0.000000e+00   1.020921e-53   24
  7.756510e-01   8.698497e-53   2.998733e-04   1.066405e-53   72
  7.775680e-01   6.069608e-53   1.904287e-04   1.040556e-53   30
  7.779804e-01   4.645901e-53   0.000000e+00   6.761790e-54   24
  7.801973e-01   7.132008e-53   1.581267e-04   9.799865e-54   48
  7.808927e-01   5.409089e-53   3.402886e-04   4.863999e-54   120
  7.818296e-01   5.097097e-53   1.487821e-04   6.494028e-54   72
  7.827758e-01   3.818501e-53   1.486022e-04   4.953803e-54   36
  7.834261e-01   5.094551e-53   2.937071e-04   4.382206e-54   78
  7.852411e-01   7.558603e-53   1.571111e-04   9.055352e-54   48
  7.875942e-01   5.396122e-53   1.271566e-08   1.213350e-53   24
  7.892707e-01   5.960501e-53   1.094089e-04   8.530507e-54   56
  7.901149e-01   5.628256e-53   1.683597e-04   5.187761e-54   102
  7.911888e-01   5.699588e-53   1.198844e-08   5.545548e-54   72
  7.918122e-01   7.599667e-53   8.991328e-09   7.661203e-54   24
  7.929021e-01   6.373647e-53   1.555930e-04   7.987027e-54   48
  7.949223e-01   4.645952e-53   0.000000e+00   9.549044e-54   24
  7.974016e-01   1.675355e-53   0.000000e+00   9.526216e-55   6
  7.981748e-01   5.590108e-53   0.000000e+00   8.699621e-54   24
  7.986898e-01   6.741966e-53   1.456409e-04   6.994432e-54   72
  7.996307e-01   5.700736e-53   2.717068e-04   5.947024e-54   84
  8.006440e-01   5.810198e-53   0.000000e+00   1.264689e-53   24
  8.009521e-01   8.122876e-53   1.271566e-08   1.898982e-53   24
  8.024909e-01   7.172779e-53   1.557344e-08   1.058260e-53   24
  8.046403e-01   8.022789e-53   0.000000e+00   3.100372e-53   6
  8.073954e-01   3.915091e-53   1.528000e-04   5.183807e-54   48
  8.080572e-01   7.211248e-53   2.878503e-04   7.695089e-54   72
  8.089220e-01   4.938039e-53   1.525117e-04   5.255611e-54   48
  8.102934e-01   6.319489e-53   0.000000e+00   1.050787e-53   24
  8.121184e-01   1.679701e-52   0.000000e+00   7.137324e-53   6
  8.162097e-01   9.087915e-53   0.000000e+00   4.494523e-53   8
  8.165120e-01   5.667107e-53   8.991328e-09   6.592057e-54   48
  8.172369e-01   6.963843e-53   1.479045e-04   1.069432e-53   60
  8.183231e-01   6.443437e-53   0.000000e+00   9.748998e-54   24
  8.198293e-01   1.748905e-53   0.000000e+00   3.454443e-54   6
  8.253784e-01   4.166263e-53   0.000000e+00   1.043843e-53   24
  8.258266e-01   7.957009e-53   1.493898e-04   1.047514e-53   48
  8.265733e-01   5.784974e-53   0.000000e+00   1.183288e-53   24
  8.277664e-01   5.403600e-53   0.000000e+00   1.025169e-53   6
  8.345448e-01   9.103332e-53   1.393664e-04   1.887976e-53   36
  8.350375e-01   5.495803e-53   0.000000e+00   1.091123e-53   24
  8.359234e-01   2.805796e-52   0.000000e+00   6.892772e-53   6
  8.436361e-01   5.627944e-53   1.266552e-04   9.869685e-54   32
  8.442939e-01   7.727478e-53   0.000000e+00   1.000957e-53   6
  8.525822e-01   5.830977e-53   0.000000e+00   1.429221e-53   12
  8.528715e-01   1.587762e-52   0.000000e+00   2.518304e-53   6
  8.616502e-01   7.575904e-53   0.000000e+00   1.722286e-53   6
