# power spectrum of zeta
# redshift z=49.722811
# k              Pk             sigma(k)       sigma(Pk)      count
  1.570796e-02   1.351657e-21   0.000000e+00   5.448297e-22   6
  2.221441e-02   1.969265e-21   0.000000e+00   3.931100e-22   12
  2.720699e-02   2.516982e-21   2.980232e-10   5.121957e-22   8
  3.141593e-02   1.208484e-20   0.000000e+00   1.300416e-21   6
  3.512407e-02   1.113900e-20   5.619580e-10   3.551015e-21   24
  3.847649e-02   2.005078e-20   5.619580e-10   3.378067e-21   24
  4.442883e-02   1.300015e-20   0.000000e+00   5.851339e-21   12
  4.712389e-02   1.773454e-20   6.357829e-10   3.266923e-21   30
  4.967294e-02   2.574441e-20   0.000000e+00   5.673586e-21   24
  5.209742e-02   2.702002e-20   9.733398e-10   6.697811e-21   24
  5.441398e-02   3.599691e-20   5.960464e-10   7.296675e-21   8
  5.663587e-02   3.448827e-20   7.947286e-10   4.284645e-21   24
  5.877382e-02   3.646859e-20   0.000000e+00   5.124816e-21   48
  6.283185e-02   5.336590e-20   0.000000e+00   2.346391e-20   6
  6.476559e-02   4.711675e-20   7.947286e-10   6.616048e-21   48
  6.664324e-02   4.786353e-20   7.492773e-10   4.977713e-21   36
  6.846942e-02   7.504824e-20   7.947286e-10   1.569320e-20   24
  7.024815e-02   4.770128e-20   1.123916e-09   8.211978e-21   24
  7.198293e-02   4.605230e-20   0.000000e+00   6.262520e-21   48
  7.367688e-02   7.672142e-20   1.123916e-09   1.092058e-20   24
  7.695299e-02   6.939247e-20   1.123916e-09   1.091540e-20   24
  7.853982e-02   5.024677e-20   0.000000e+00   8.224470e-21   30
  8.009521e-02   5.664790e-20   0.000000e+00   6.256659e-21   72
  8.162097e-02   5.813556e-20   1.192093e-09   1.183565e-20   32
  8.458997e-02   8.542301e-20   0.000000e+00   9.908157e-21   72
  8.603606e-02   5.433426e-20   0.000000e+00   7.943498e-21   48
  8.885766e-02   3.141413e-20   0.000000e+00   9.344405e-21   12
  9.023538e-02   6.458189e-20   0.000000e+00   9.686212e-21   48
  9.159238e-02   5.928293e-20   0.000000e+00   5.901237e-21   48
  9.292956e-02   8.160670e-20   1.123916e-09   1.029446e-20   48
  9.424778e-02   1.017142e-19   1.271566e-09   1.783004e-20   30
  9.554781e-02   9.312326e-20   0.000000e+00   2.094548e-20   24
  9.683039e-02   9.960614e-20   2.369423e-09   1.001453e-20   72
  9.934588e-02   6.297410e-20   0.000000e+00   1.195376e-20   24
  1.005800e-01   9.984498e-20   0.000000e+00   9.892767e-21   96
  1.017992e-01   7.956496e-20   0.000000e+00   1.056552e-20   48
  1.030040e-01   6.875880e-20   1.946680e-09   1.688974e-20   24
  1.041948e-01   5.145113e-20   1.946680e-09   1.056545e-20   24
  1.053722e-01   1.273593e-19   0.000000e+00   1.554866e-20   72
  1.065366e-01   9.833508e-20   0.000000e+00   1.513770e-20   48
  1.088280e-01   9.159711e-20   1.192093e-09   2.734256e-20   8
  1.099557e-01   1.384237e-19   1.412851e-09   1.651938e-20   54
  1.110721e-01   9.651071e-20   0.000000e+00   1.687911e-20   84
  1.121773e-01   1.093112e-19   0.000000e+00   1.568161e-20   48
  1.132717e-01   7.012053e-20   1.589457e-09   1.250873e-20   24
  1.143557e-01   9.614885e-20   2.119276e-09   1.140931e-20   72
  1.154295e-01   1.304354e-19   0.000000e+00   1.484803e-20   96
  1.175476e-01   1.884422e-19   0.000000e+00   2.055305e-20   48
  1.185925e-01   1.060334e-19   0.000000e+00   9.936100e-21   48
  1.196283e-01   9.460653e-20   0.000000e+00   1.840698e-20   24
  1.206552e-01   1.106713e-19   0.000000e+00   1.191588e-20   72
  1.226831e-01   1.213469e-19   0.000000e+00   1.436123e-20   72
  1.236846e-01   1.212348e-19   0.000000e+00   1.381900e-20   96
  1.256637e-01   1.745869e-19   0.000000e+00   7.672787e-20   6
  1.266416e-01   1.474860e-19   0.000000e+00   1.427864e-20   96
  1.276121e-01   1.548532e-19   1.589457e-09   1.655009e-20   96
  1.285752e-01   1.065126e-19   0.000000e+00   2.532512e-20   24
  1.295312e-01   1.207468e-19   1.589457e-09   1.504396e-20   48
  1.304801e-01   1.241620e-19   0.000000e+00   1.254986e-20   96
  1.314222e-01   1.479285e-19   0.000000e+00   1.992718e-20   48
  1.332865e-01   1.358601e-19   1.498555e-09   2.549524e-20   36
  1.342089e-01   1.390514e-19   2.753021e-09   1.755652e-20   48
  1.351250e-01   1.564955e-19   3.114687e-09   1.404774e-20   120
  1.360350e-01   1.426326e-19   0.000000e+00   1.883278e-20   56
  1.369388e-01   8.135050e-20   1.589457e-09   1.423452e-20   24
  1.378368e-01   1.196082e-19   0.000000e+00   1.064261e-20   96
  1.387290e-01   1.285910e-19   0.000000e+00   1.659363e-20   48
  1.404963e-01   1.603505e-19   2.247832e-09   2.974401e-20   24
  1.413717e-01   1.772547e-19   0.000000e+00   1.773543e-20   102
  1.422417e-01   1.850980e-19   1.589457e-09   2.790306e-20   48
  1.431064e-01   1.721174e-19   0.000000e+00   1.714860e-20   72
  1.439659e-01   1.588579e-19   0.000000e+00   1.604662e-20   48
  1.448203e-01   1.722725e-19   0.000000e+00   3.191755e-20   48
  1.456697e-01   1.489667e-19   3.596531e-09   1.309222e-20   120
  1.473538e-01   2.417487e-19   2.247832e-09   4.046622e-20   24
  1.481886e-01   1.413504e-19   2.119276e-09   1.189251e-20   144
  1.490188e-01   1.467800e-19   2.543132e-09   1.411232e-20   120
  1.498444e-01   1.153127e-19   2.247832e-09   1.615756e-20   48
  1.514821e-01   1.769511e-19   2.247832e-09   2.359879e-20   48
  1.522944e-01   1.457863e-19   2.247832e-09   1.521333e-20   96
  1.544390e-01   1.987244e-19   3.768959e-04   2.441482e-20   72
  1.555009e-01   1.480820e-19   1.998073e-09   1.130708e-20   108
  1.562923e-01   1.773781e-19   0.000000e+00   1.900565e-20   72
  1.570796e-01   1.085882e-19   0.000000e+00   2.019722e-20   30
  1.578631e-01   1.844571e-19   0.000000e+00   1.465711e-20   168
  1.586427e-01   1.836515e-19   0.000000e+00   2.004395e-20   48
  1.601904e-01   1.290735e-19   0.000000e+00   1.512572e-20   72
  1.609587e-01   1.708081e-19   0.000000e+00   1.646271e-20   96
  1.617234e-01   1.692286e-19   4.238553e-09   2.599477e-20   72
  1.624844e-01   2.007545e-19   0.000000e+00   2.128564e-20   72
  1.637639e-01   1.824809e-19   3.480039e-04   1.338779e-20   104
  1.647465e-01   1.762317e-19   2.997109e-09   1.285302e-20   144
  1.669779e-01   1.266510e-19   5.026305e-09   1.189749e-20   96
  1.677152e-01   1.412809e-19   0.000000e+00   1.459974e-20   96
  1.688876e-01   1.953616e-19   3.580185e-04   1.812000e-20   120
  1.699076e-01   1.652250e-19   0.000000e+00   1.502985e-20   120
  1.706322e-01   2.002109e-19   0.000000e+00   2.170124e-20   72
  1.720721e-01   2.037375e-19   0.000000e+00   2.698521e-20   48
  1.727876e-01   2.203277e-19   3.912510e-09   2.513961e-20   78
  1.737029e-01   2.318416e-19   3.205713e-04   1.835613e-20   168
  1.756204e-01   2.201423e-19   3.670694e-09   1.902012e-20   144
  1.763215e-01   2.294701e-19   2.997109e-09   1.637152e-20   144
  1.783549e-01   2.139140e-19   1.846233e-04   1.820187e-20   156
  1.790983e-01   1.576742e-19   3.893359e-09   2.937637e-20   48
  1.797859e-01   1.977150e-19   2.543132e-09   1.939507e-20   120
  1.804708e-01   1.435020e-19   0.000000e+00   1.511001e-20   48
  1.816818e-01   2.178267e-19   2.825996e-04   1.479782e-20   216
  1.831848e-01   1.982339e-19   0.000000e+00   2.447929e-20   48
  1.838570e-01   1.843886e-19   2.247832e-09   1.622005e-20   96
  1.848128e-01   2.139543e-19   3.302618e-04   1.874430e-20   168
  1.858591e-01   1.743831e-19   2.247832e-09   2.494318e-20   48
  1.865217e-01   2.322292e-19   0.000000e+00   2.317478e-20   96
  1.871820e-01   2.267875e-19   0.000000e+00   4.128170e-20   48
  1.884956e-01   2.684734e-19   2.543132e-09   2.675079e-20   30
  1.891489e-01   1.718410e-19   0.000000e+00   1.395407e-20   96
  1.899298e-01   2.147377e-19   2.595564e-04   1.459285e-20   240
  1.909339e-01   3.004400e-19   2.800239e-04   4.144273e-20   32
  1.917401e-01   1.726612e-19   0.000000e+00   1.279554e-20   168
  1.923825e-01   2.069082e-19   0.000000e+00   2.028236e-20   120
  1.936608e-01   1.667884e-19   4.738846e-09   1.874423e-20   72
  1.942968e-01   2.747022e-19   2.119276e-09   2.523507e-20   144
  1.949307e-01   1.985927e-19   0.000000e+00   2.032158e-20   96
  1.955626e-01   2.648043e-19   0.000000e+00   2.119853e-20   96
  1.968202e-01   2.632739e-19   0.000000e+00   3.174861e-20   72
  1.974460e-01   2.233332e-19   3.178914e-09   2.164144e-20   96
  1.986918e-01   2.196384e-19   0.000000e+00   4.044704e-20   24
  1.993117e-01   2.574478e-19   0.000000e+00   1.900421e-20   192
  2.000418e-01   2.461615e-19   2.376333e-04   1.815907e-20   132
  2.011601e-01   2.670801e-19   0.000000e+00   2.414616e-20   96
  2.017724e-01   1.969171e-19   0.000000e+00   1.984922e-20   96
  2.023829e-01   2.598964e-19   2.543132e-09   2.215252e-20   120
  2.035985e-01   2.782441e-19   0.000000e+00   3.822194e-20   48
  2.045948e-01   1.815289e-19   2.879924e-04   1.189814e-20   222
  2.054083e-01   2.377945e-19   0.000000e+00   2.251506e-20   120
  2.060080e-01   2.682742e-19   3.893359e-09   5.405850e-20   24
  2.068812e-01   2.828385e-19   2.972500e-04   1.494344e-20   312
  2.087838e-01   3.177163e-19   2.786838e-04   3.545168e-20   72
  2.095704e-01   2.230658e-19   3.893359e-09   3.007826e-20   96
  2.103781e-01   2.736537e-19   2.838009e-04   2.068110e-20   192
  2.113290e-01   2.588562e-19   3.596531e-09   2.625664e-20   120
  2.119120e-01   2.593227e-19   0.000000e+00   2.663937e-20   144
  2.130732e-01   2.339473e-19   0.000000e+00   3.350763e-20   48
  2.138985e-01   2.339580e-19   2.853717e-04   1.363463e-20   336
  2.148032e-01   2.672255e-19   0.000000e+00   3.656294e-20   48
  2.159488e-01   2.440537e-19   0.000000e+00   2.134585e-20   192
  2.165193e-01   2.658246e-19   0.000000e+00   3.248487e-20   48
  2.181411e-01   2.697605e-19   1.980854e-04   3.268843e-20   56
  2.189475e-01   2.643718e-19   2.544090e-04   1.461482e-20   336
  2.199115e-01   2.653073e-19   2.825702e-09   3.777569e-20   54
  2.207512e-01   2.429878e-19   2.794324e-04   1.492283e-20   240
  2.224945e-01   2.488095e-19   2.675587e-04   1.845960e-20   228
  2.232521e-01   2.986034e-19   2.997109e-09   3.813903e-20   72
  2.239875e-01   2.979909e-19   2.595385e-04   2.214576e-20   144
  2.249038e-01   2.441434e-19   0.000000e+00   2.382548e-20   96
  2.254517e-01   2.536170e-19   3.596531e-09   1.590476e-20   240
  2.265435e-01   2.320838e-19   3.178914e-09   4.459787e-20   24
  2.272424e-01   2.744821e-19   2.451321e-04   1.635528e-20   336
  2.281713e-01   2.619066e-19   0.000000e+00   3.082785e-20   72
  2.290193e-01   3.143604e-19   2.666265e-04   2.268318e-20   168
  2.297877e-01   2.085009e-19   0.000000e+00   1.845227e-20   72
  2.308590e-01   3.253851e-19   0.000000e+00   2.982763e-20   96
  2.316886e-01   2.810562e-19   2.646263e-04   2.000470e-20   216
  2.324566e-01   2.138301e-19   0.000000e+00   1.591418e-20   96
  2.335157e-01   2.639041e-19   3.178914e-09   1.775760e-20   192
  2.340434e-01   2.603460e-19   2.997109e-09   2.030491e-20   144
  2.350953e-01   2.800221e-19   0.000000e+00   3.626296e-20   48
  2.358236e-01   2.915478e-19   2.551309e-04   1.979544e-20   246
  2.368131e-01   3.614259e-19   2.352347e-04   2.798519e-20   168
  2.377046e-01   2.861701e-19   6.229375e-09   2.857254e-20   120
  2.382231e-01   2.403604e-19   0.000000e+00   1.642630e-20   240
  2.392566e-01   1.728931e-19   0.000000e+00   3.511665e-20   24
  2.400800e-01   2.815833e-19   2.517980e-04   1.759513e-20   360
  2.411056e-01   2.652706e-19   2.507265e-04   1.973883e-20   120
  2.418210e-01   3.155197e-19   0.000000e+00   2.533987e-20   144
  2.423307e-01   3.113856e-19   0.000000e+00   2.748245e-20   96
  2.438532e-01   3.041511e-19   0.000000e+00   2.442740e-20   144
  2.443586e-01   3.283386e-19   0.000000e+00   2.803713e-20   132
  2.450688e-01   3.011625e-19   2.474633e-04   2.206465e-20   176
  2.460999e-01   3.018167e-19   2.498881e-04   1.533425e-20   312
  2.473693e-01   4.346855e-19   0.000000e+00   6.613849e-20   96
  2.478675e-01   2.955475e-19   0.000000e+00   2.578775e-20   144
  2.486319e-01   3.138807e-19   2.473817e-04   1.741669e-20   312
  2.498505e-01   3.745185e-19   0.000000e+00   3.712853e-20   48
  2.503437e-01   2.811251e-19   3.178914e-09   2.097294e-20   192
  2.513274e-01   9.470104e-20   0.000000e+00   2.918658e-20   6
  2.519810e-01   2.757824e-19   2.307253e-04   1.520331e-20   288
  2.530395e-01   2.704025e-19   2.437763e-04   1.918481e-20   192
  2.537699e-01   2.608073e-19   7.476104e-09   1.669357e-20   216
  2.542556e-01   3.303040e-19   0.000000e+00   4.482363e-20   72
  2.554657e-01   2.743483e-19   2.414611e-04   2.118131e-20   192
  2.562693e-01   3.621589e-19   1.792979e-04   2.139712e-20   288
  2.571504e-01   3.147548e-19   0.000000e+00   6.076337e-20   24
  2.578312e-01   3.413283e-19   2.362101e-04   1.475324e-20   456
  2.590624e-01   2.206994e-19   0.000000e+00   3.244961e-20   48
  2.598231e-01   3.185813e-19   2.326575e-04   2.332713e-20   240
  2.606974e-01   3.614416e-19   2.351266e-04   2.301058e-20   216
  2.614326e-01   2.873469e-19   0.000000e+00   3.524251e-20   72
  2.619041e-01   3.001163e-19   8.123736e-09   2.366737e-20   168
  2.632353e-01   3.550056e-19   1.747662e-04   2.150664e-20   288
  2.639818e-01   3.503366e-19   2.312456e-04   2.401897e-20   168
  2.651809e-01   4.027122e-19   0.000000e+00   2.784044e-20   192
  2.656458e-01   3.247270e-19   2.997109e-09   2.306500e-20   144
  2.665730e-01   4.046574e-19   2.997109e-09   5.025869e-20   36
  2.673593e-01   2.765656e-19   2.111764e-04   1.415172e-20   342
  2.681111e-01   3.307404e-19   2.168525e-04   2.502939e-20   144
  2.690776e-01   3.186751e-19   2.274240e-04   1.636690e-20   384
  2.702500e-01   3.793218e-19   6.229375e-09   3.451368e-20   120
  2.708303e-01   3.831481e-19   2.027960e-04   2.374896e-20   264
  2.716161e-01   3.306152e-19   1.005261e-08   2.408953e-20   192
  2.723561e-01   3.672078e-19   2.185515e-04   2.800538e-20   152
  2.729753e-01   3.371041e-19   5.994218e-09   3.042694e-20   144
  2.742778e-01   2.868707e-19   1.414487e-04   2.095658e-20   216
  2.748807e-01   3.730188e-19   1.890132e-04   2.034813e-20   312
  2.759419e-01   3.250256e-19   2.190625e-04   1.805950e-20   240
  2.765672e-01   3.946907e-19   3.178914e-09   4.084435e-20   96
  2.777541e-01   3.621307e-19   2.094396e-04   2.916031e-20   144
  2.784857e-01   3.490244e-19   2.058607e-04   1.682989e-20   456
  2.796723e-01   2.835579e-19   0.000000e+00   1.851500e-20   120
  2.801131e-01   3.096674e-19   0.000000e+00   2.843661e-20   144
  2.809926e-01   2.339694e-19   4.495664e-09   3.865167e-20   24
  2.815564e-01   3.635417e-19   1.978798e-04   1.834418e-20   336
  2.825316e-01   3.435955e-19   2.182345e-04   2.700352e-20   198
  2.834454e-01   3.429926e-19   2.122205e-04   1.794566e-20   432
  2.844833e-01   3.603694e-19   6.357829e-09   3.663086e-20   48
  2.850248e-01   4.052267e-19   1.873540e-04   2.092478e-20   384
  2.859970e-01   3.925164e-19   2.156842e-04   3.227278e-20   144
  2.868780e-01   3.857127e-19   2.141460e-04   2.213238e-20   264
  2.879317e-01   3.131843e-19   0.000000e+00   3.009061e-20   48
  2.886387e-01   3.695728e-19   2.036179e-04   2.230542e-20   276
  2.893208e-01   3.306596e-19   1.845741e-04   2.719894e-20   192
  2.902325e-01   3.524114e-19   2.074207e-04   1.479013e-20   552
  2.913393e-01   2.502653e-19   5.086263e-09   2.194683e-20   120
  2.919972e-01   3.937716e-19   2.099609e-04   2.653422e-20   216
  2.926069e-01   3.494683e-19   5.086263e-09   2.739033e-20   120
  2.936961e-01   4.080532e-19   2.067600e-04   2.083873e-20   408
  2.947075e-01   3.822143e-19   4.495664e-09   5.115841e-20   24
  2.953347e-01   3.363951e-19   2.088648e-04   1.885046e-20   384
  2.962106e-01   3.366800e-19   2.040684e-04   2.327235e-20   240
  2.969712e-01   3.311842e-19   2.055628e-04   2.251311e-20   168
  2.980376e-01   3.008224e-19   0.000000e+00   2.909759e-20   120
  2.987251e-01   3.666863e-19   2.142884e-04   1.853033e-20   350
  2.998430e-01   3.677566e-19   3.527601e-04   1.921875e-20   384
  3.005110e-01   3.992684e-19   0.000000e+00   3.585583e-20   144
  3.017401e-01   3.217711e-19   4.238553e-09   1.864854e-20   288
  3.023819e-01   3.366891e-19   2.019242e-04   1.610678e-20   336
  3.032549e-01   4.132625e-19   1.838353e-04   3.027638e-20   168
  3.037776e-01   3.661248e-19   1.204945e-08   2.161879e-20   336
  3.048586e-01   3.322751e-19   1.908100e-04   2.037846e-20   288
  3.055078e-01   3.412530e-19   1.797918e-04   2.080115e-20   264
  3.066072e-01   3.762725e-19   0.000000e+00   2.336607e-20   240
  3.070093e-01   3.711003e-19   0.000000e+00   3.090323e-20   96
  3.084525e-01   4.091163e-19   2.445048e-04   2.071353e-20   360
  3.091260e-01   4.014841e-19   1.802420e-04   3.359340e-20   168
  3.099770e-01   3.935764e-19   1.964825e-04   1.732735e-20   456
  3.110018e-01   3.645049e-19   5.651403e-09   3.283524e-20   108
  3.115782e-01   3.854869e-19   1.971449e-04   2.777637e-20   264
  3.122973e-01   3.642695e-19   1.758853e-04   2.307903e-20   264
  3.132820e-01   4.190858e-19   1.659735e-04   2.535386e-20   312
  3.145081e-01   4.158825e-19   1.233364e-04   2.649697e-20   270
  3.150220e-01   3.824212e-19   1.565911e-04   2.615091e-20   240
  3.159458e-01   3.944350e-19   1.937229e-04   1.909841e-20   384
  3.165067e-01   3.414268e-19   6.357829e-09   2.276839e-20   192
  3.175962e-01   4.188953e-19   1.554368e-04   2.953659e-20   240
  3.182281e-01   3.938257e-19   1.918342e-04   2.101512e-20   336
  3.194167e-01   4.140281e-19   1.931178e-04   1.844883e-20   480
  3.203808e-01   4.186463e-19   4.238553e-09   4.900397e-20   72
  3.209194e-01   4.292124e-19   1.883074e-04   2.684996e-20   240
  3.216520e-01   3.847500e-19   1.769831e-04   2.244533e-20   312
  3.224917e-01   3.697743e-19   1.912763e-04   2.564318e-20   240
  3.237607e-01   4.102866e-19   1.453205e-04   1.990530e-20   408
  3.242630e-01   3.877548e-19   1.330785e-04   2.225380e-20   336
  3.252448e-01   4.125496e-19   1.689770e-04   2.941776e-20   264
  3.257273e-01   5.013709e-19   0.000000e+00   4.168325e-20   144
  3.270696e-01   4.138202e-19   2.342121e-04   1.957302e-20   464
  3.277768e-01   3.219200e-19   1.862466e-04   2.301838e-20   168
  3.284751e-01   5.183697e-19   1.696301e-04   2.741015e-20   336
  3.297371e-01   4.085615e-19   1.782296e-04   2.058579e-20   414
  3.304484e-01   4.585478e-19   1.855264e-04   2.872093e-20   216
  3.313598e-01   4.131067e-19   4.495664e-09   4.100797e-20   96
  3.317320e-01   4.100252e-19   1.101208e-08   1.849398e-20   384
  3.330355e-01   4.404191e-19   1.851680e-04   2.180031e-20   492
  3.337341e-01   3.468603e-19   1.810784e-04   2.105354e-20   240
  3.345237e-01   3.545682e-19   1.838580e-04   2.022204e-20   312
  3.356141e-01   4.404299e-19   1.837975e-04   3.473839e-20   192
  3.363048e-01   4.362601e-19   1.781220e-04   1.974779e-20   504
  3.372212e-01   4.193742e-19   1.179198e-04   2.110292e-20   408
  3.379427e-01   4.850447e-19   3.612619e-04   3.788689e-20   168
  3.388456e-01   3.873336e-19   1.716026e-04   2.474674e-20   288
  3.396033e-01   4.030091e-19   1.790820e-04   2.691882e-20   288
  3.403794e-01   4.421294e-19   1.801128e-04   2.158830e-20   432
  3.415052e-01   4.683697e-19   1.703267e-04   3.134071e-20   216
  3.421068e-01   4.354733e-19   1.699674e-04   2.066104e-20   360
  3.431777e-01   4.684023e-19   1.658865e-04   2.638932e-20   312
  3.441442e-01   4.996138e-19   0.000000e+00   7.893887e-20   48
  3.447014e-01   4.351557e-19   1.778543e-04   2.159848e-20   432
  3.456992e-01   4.114572e-19   2.966627e-04   1.918205e-20   414
  3.462885e-01   4.208339e-19   6.776666e-09   2.342315e-20   312
  3.473878e-01   4.613822e-19   2.603051e-04   1.941595e-20   528
  3.481296e-01   4.630416e-19   1.366381e-04   2.884445e-20   264
  3.490209e-01   4.229959e-19   1.620153e-04   2.089627e-20   480
  3.501854e-01   4.388376e-19   0.000000e+00   2.321833e-20   288
  3.506883e-01   4.600003e-19   1.740804e-04   3.757266e-20   168
  3.516084e-01   4.505223e-19   2.755688e-04   1.882115e-20   504
  3.526429e-01   4.910947e-19   4.238553e-09   3.497021e-20   144
  3.532937e-01   4.298825e-19   1.769812e-04   1.972785e-20   464
  3.542716e-01   3.899752e-19   2.597299e-04   1.827715e-20   432
  3.547358e-01   5.110983e-19   4.495664e-09   3.556526e-20   192
  3.559351e-01   4.201261e-19   1.925466e-04   1.872349e-20   396
  3.566434e-01   4.491397e-19   1.729600e-04   2.686719e-20   288
  3.573592e-01   4.597681e-19   1.708549e-04   2.505046e-20   336
  3.585027e-01   4.300506e-19   1.081887e-04   1.862002e-20   432
  3.592283e-01   4.643852e-19   2.804101e-04   2.280717e-20   360
  3.600431e-01   4.625462e-19   1.658667e-04   2.219583e-20   384
  3.612003e-01   3.901241e-19   1.464092e-04   3.002609e-20   198
  3.617579e-01   4.543643e-19   1.664197e-04   1.737246e-20   552
  3.627976e-01   3.786808e-19   2.329761e-04   1.994518e-20   432
  3.636656e-01   5.002520e-19   8.899106e-09   3.762945e-20   168
  3.643942e-01   4.619011e-19   2.888052e-04   2.057023e-20   480
  3.653579e-01   3.483738e-19   0.000000e+00   3.162291e-20   120
  3.657917e-01   4.302703e-19   2.358836e-04   2.586653e-20   336
  3.668502e-01   4.730020e-19   1.664122e-04   1.654594e-20   672
  3.678969e-01   4.700066e-19   2.420693e-04   2.122636e-20   528
  3.683844e-01   4.465398e-19   7.266090e-09   2.841370e-20   168
  3.695106e-01   4.676054e-19   2.700266e-04   2.047552e-20   456
  3.701979e-01   5.219588e-19   1.649075e-04   4.651684e-20   168
  3.709113e-01   4.805165e-19   1.646115e-04   2.331051e-20   504
  3.720973e-01   4.581090e-19   2.118297e-04   2.539198e-20   336
  3.728144e-01   5.206414e-19   1.527042e-04   2.869634e-20   312
  3.736099e-01   4.938118e-19   1.492023e-04   2.164866e-20   504
  3.746568e-01   4.736510e-19   1.035207e-04   2.006141e-20   432
  3.751490e-01   4.333215e-19   1.599738e-04   2.495228e-20   312
  3.761721e-01   4.574968e-19   1.639809e-04   2.097261e-20   384
  3.772403e-01   5.251912e-19   1.393208e-04   4.858543e-20   126
  3.778999e-01   4.805605e-19   2.446141e-04   2.397806e-20   492
  3.787423e-01   4.927285e-19   1.566756e-04   2.022167e-20   528
  3.797950e-01   4.680809e-19   1.591488e-04   2.022583e-20   480
  3.804477e-01   4.966735e-19   2.198632e-04   2.298660e-20   432
  3.813922e-01   5.253294e-19   1.728933e-04   2.372232e-20   440
  3.824891e-01   4.671925e-19   8.597912e-05   2.693279e-20   312
  3.829007e-01   5.139564e-19   1.288469e-04   2.800816e-20   480
  3.837450e-01   4.713986e-19   2.522797e-04   2.432494e-20   408
  3.849786e-01   4.769142e-19   1.510870e-04   2.367609e-20   360
  3.854998e-01   4.677218e-19   1.457935e-04   2.329777e-20   408
  3.864656e-01   4.743393e-19   1.483633e-04   2.146564e-20   456
  3.875531e-01   5.072132e-19   1.417988e-04   2.990145e-20   264
  3.881567e-01   4.655250e-19   1.538873e-04   2.492381e-20   384
  3.890354e-01   4.948206e-19   2.590801e-04   1.944939e-20   672
  3.900512e-01   4.791123e-19   1.549634e-04   3.127057e-20   240
  3.906373e-01   5.053956e-19   1.572490e-04   2.929160e-20   264
  3.914646e-01   4.434792e-19   1.939407e-04   1.909129e-20   624
  3.926991e-01   5.513553e-19   0.000000e+00   4.247383e-20   150
  3.931386e-01   5.227557e-19   2.173259e-04   2.292899e-20   600
  3.940655e-01   4.518216e-19   1.499928e-04   1.886281e-20   672
  3.951151e-01   4.987902e-19   1.410788e-04   2.901311e-20   336
  3.956998e-01   5.060212e-19   1.534526e-04   2.531317e-20   408
  3.966340e-01   4.740630e-19   1.530911e-04   2.333913e-20   408
  3.976732e-01   4.536733e-19   7.741108e-05   2.319820e-20   360
  3.983137e-01   5.132352e-19   2.842286e-04   2.388179e-20   456
  3.990874e-01   4.755328e-19   1.545652e-04   2.148554e-20   384
  4.000722e-01   5.746097e-19   1.426833e-04   2.876300e-20   348
  4.006044e-01   4.923209e-19   1.759003e-04   2.046684e-20   576
  4.016040e-01   5.112950e-19   1.448308e-04   2.356629e-20   504
  4.026266e-01   4.998516e-19   2.042754e-04   2.286623e-20   432
  4.035193e-01   4.618565e-19   2.779157e-04   1.834744e-20   576
  4.041559e-01   4.977508e-19   0.000000e+00   2.879727e-20   264
  4.051657e-01   5.061134e-19   2.211515e-04   1.748850e-20   768
  4.060439e-01   6.013343e-19   2.977401e-04   4.029164e-20   240
  4.067421e-01   4.848347e-19   2.625786e-04   3.706046e-20   192
  4.077592e-01   4.877200e-19   1.932899e-04   2.032321e-20   504
  4.085134e-01   4.608321e-19   2.604655e-04   1.896920e-20   590
  4.092368e-01   4.789584e-19   2.918373e-04   2.369007e-20   384
  4.101438e-01   5.066912e-19   2.438900e-04   2.273728e-20   504
  4.112389e-01   5.364893e-19   2.347064e-04   1.969886e-20   648
  4.123011e-01   5.144941e-19   6.374317e-05   2.236824e-20   504
  4.127294e-01   5.324475e-19   1.454101e-04   2.731670e-20   312
  4.134855e-01   4.645099e-19   2.095003e-04   1.760549e-20   576
  4.145236e-01   4.954023e-19   1.457924e-04   3.104882e-20   240
  4.151287e-01   4.860846e-19   1.473162e-04   1.974340e-20   552
  4.159853e-01   5.333162e-19   1.383265e-04   2.118872e-20   600
  4.172054e-01   4.994537e-19   1.689549e-04   1.818580e-20   600
  4.179389e-01   5.518243e-19   2.705679e-04   3.253600e-20   312
  4.186695e-01   5.413855e-19   2.356379e-04   2.373825e-20   480
  4.195820e-01   5.597409e-19   1.470154e-04   2.265088e-20   576
  4.203854e-01   5.367736e-19   2.367268e-04   2.710136e-20   408
  4.210983e-01   5.450907e-19   2.761527e-04   3.366410e-20   216
  4.220194e-01   4.555176e-19   2.115019e-04   2.040541e-20   516
  4.230063e-01   5.506551e-19   2.017943e-04   2.157306e-20   744
  4.240243e-01   5.150641e-19   1.347808e-04   2.371747e-20   462
  4.245995e-01   5.554927e-19   1.369852e-04   2.708723e-20   432
  4.254918e-01   5.599866e-19   1.270838e-04   1.983841e-20   648
  4.265409e-01   5.697570e-19   1.859472e-04   2.350669e-20   528
  4.273836e-01   4.872904e-19   2.239269e-04   2.035502e-20   600
  4.282256e-01   4.889085e-19   2.823132e-04   3.704322e-20   240
  4.290411e-01   5.041780e-19   2.162492e-04   1.828010e-20   720
  4.299890e-01   5.749128e-19   1.710922e-04   2.029410e-20   720
  4.310398e-01   4.736990e-19   0.000000e+00   3.487088e-20   144
  4.315927e-01   4.988870e-19   2.205891e-04   1.784407e-20   720
  4.323793e-01   6.121280e-19   1.322696e-04   3.338235e-20   384
  4.333641e-01   5.299128e-19   1.466278e-04   2.043190e-20   672
  4.342984e-01   5.375874e-19   2.567292e-04   2.810738e-20   336
  4.347447e-01   6.044731e-19   0.000000e+00   3.684865e-20   288
  4.358374e-01   5.254799e-19   2.031840e-04   1.827797e-20   776
  4.368489e-01   5.813432e-19   1.738547e-04   2.203675e-20   720
  4.376985e-01   5.608196e-19   1.400528e-04   2.899031e-20   432
  4.383780e-01   5.441265e-19   1.996629e-04   2.901531e-20   504
  4.391339e-01   5.172578e-19   1.398922e-04   2.291879e-20   528
  4.401917e-01   5.515826e-19   1.905949e-04   2.558725e-20   438
  4.410618e-01   5.021563e-19   2.218350e-04   2.021318e-20   624
  4.417176e-01   5.901459e-19   2.717180e-04   3.205503e-20   312
  4.426191e-01   5.555851e-19   1.463948e-04   1.989518e-20   696
  4.435512e-01   5.389365e-19   1.324608e-04   2.287025e-20   552
  4.445207e-01   5.049211e-19   1.024805e-04   2.065118e-20   516
  4.451205e-01   5.297670e-19   2.046970e-04   2.163779e-20   528
  4.458506e-01   5.353583e-19   1.331200e-04   2.484378e-20   528
  4.468878e-01   5.423909e-19   1.755583e-04   1.914942e-20   864
  4.475918e-01   4.874526e-19   2.404788e-04   2.269442e-20   408
  4.482965e-01   5.374234e-19   2.382549e-04   3.597497e-20   192
  4.492953e-01   5.615205e-19   1.971674e-04   2.059904e-20   720
  4.501385e-01   4.960585e-19   1.817980e-04   1.758078e-20   696
  4.511404e-01   5.619142e-19   1.963435e-04   2.018952e-20   720
  4.520570e-01   5.318909e-19   2.661201e-04   2.536548e-20   432
  4.525916e-01   5.013410e-19   1.566487e-04   3.053182e-20   264
  4.535534e-01   5.652655e-19   2.163249e-04   2.069489e-20   672
  4.544137e-01   5.575182e-19   2.214835e-04   2.213165e-20   600
  4.554346e-01   5.513006e-19   1.296784e-04   3.519350e-20   270
  4.559493e-01   5.511792e-19   1.952021e-04   2.447627e-20   528
  4.567673e-01   6.090584e-19   1.336675e-04   2.302813e-20   840
  4.578890e-01   5.733908e-19   2.555961e-04   1.985484e-20   888
  4.589254e-01   5.610993e-19   1.904380e-04   2.184544e-20   744
  4.598014e-01   6.176885e-19   9.785730e-05   3.045449e-20   456
  4.602370e-01   5.344686e-19   1.337280e-04   2.534444e-20   360
  4.609825e-01   5.559922e-19   1.158678e-04   2.606793e-20   384
  4.621264e-01   5.938822e-19   1.858509e-04   2.114610e-20   816
  4.629847e-01   5.940895e-19   2.696437e-04   1.996653e-20   824
  4.640279e-01   5.811668e-19   1.253432e-04   3.168915e-20   360
  4.645865e-01   6.605078e-19   1.849595e-04   2.698291e-20   624
  4.653553e-01   5.159095e-19   1.249856e-04   2.520569e-20   360
  4.663795e-01   5.891731e-19   1.700172e-04   1.945814e-20   876
  4.673045e-01   5.551345e-19   2.019296e-04   2.286720e-20   696
  4.682373e-01   6.288054e-19   1.303928e-04   3.371720e-20   336
  4.687264e-01   6.257167e-19   1.302463e-04   2.906348e-20   504
  4.695341e-01   5.857953e-19   1.313750e-04   2.129450e-20   672
  4.707324e-01   5.513687e-19   2.615370e-04   2.043432e-20   720
  4.715635e-01   5.420905e-19   1.975633e-04   2.151093e-20   774
  4.724808e-01   5.917023e-19   1.130801e-04   2.825874e-20   384
  4.729612e-01   5.868165e-19   2.176147e-04   2.589770e-20   528
  4.737068e-01   5.994106e-19   2.073989e-04   2.148564e-20   744
  4.749062e-01   6.115267e-19   1.710601e-04   2.168173e-20   768
  4.757025e-01   5.972683e-19   1.920278e-04   2.474183e-20   552
  4.766960e-01   5.614914e-19   2.092886e-04   2.140085e-20   696
  4.774351e-01   6.267206e-19   2.543221e-04   3.288668e-20   408
  4.780218e-01   5.827981e-19   1.098692e-04   2.623683e-20   504
  4.789519e-01   5.699951e-19   1.973758e-04   2.025174e-20   888
  4.798671e-01   5.551990e-19   2.051305e-04   2.176785e-20   648
  4.808184e-01   5.736587e-19   2.033722e-04   2.376848e-20   648
  4.817134e-01   5.959446e-19   2.192851e-04   2.096727e-20   792
  4.826614e-01   5.783768e-19   3.208291e-04   2.350955e-20   600
  4.833600e-01   5.638156e-19   2.174285e-04   2.679076e-20   456
  4.840953e-01   6.123155e-19   1.059654e-04   2.356907e-20   648
  4.850397e-01   5.684412e-19   2.066479e-04   1.807773e-20   936
  4.860593e-01   5.797441e-19   1.269084e-04   2.755929e-20   384
  4.869469e-01   1.846146e-48   0.000000e+00   1.620782e-49   198
  4.876318e-01   2.411852e-48   3.219776e-04   7.051122e-50   1224
  4.883707e-01   2.507922e-48   2.344988e-04   1.269012e-49   420
  4.892446e-01   2.147444e-48   2.269458e-04   7.549750e-50   792
  4.900991e-01   2.370573e-48   1.876648e-04   8.296074e-50   680
  4.910742e-01   2.294418e-48   1.723226e-04   8.939222e-50   600
  4.918588e-01   2.224483e-48   2.499151e-04   7.301676e-50   840
  4.929064e-01   2.187395e-48   1.179983e-04   1.104852e-49   432
  4.933067e-01   2.593793e-48   1.105800e-04   1.003676e-49   720
  4.941771e-01   2.409449e-48   2.214723e-04   8.337154e-50   960
  4.952596e-01   2.444297e-48   1.974263e-04   1.018139e-49   528
  4.960507e-01   2.434971e-48   2.018074e-04   9.775341e-50   624
  4.969923e-01   2.429206e-48   1.586192e-04   7.603766e-50   816
  4.979269e-01   2.597659e-48   2.608527e-04   9.785895e-50   696
  4.989597e-01   2.807453e-48   1.438612e-08   1.690108e-49   240
  4.993481e-01   2.345299e-48   1.538310e-04   8.556745e-50   672
  5.002149e-01   2.660742e-48   2.749181e-04   8.312585e-50   864
  5.011872e-01   2.389372e-48   2.109550e-04   8.209225e-50   816
  5.020636e-01   2.511722e-48   1.207434e-04   9.895751e-50   648
  5.030076e-01   2.553762e-48   1.234217e-04   8.513939e-50   843
  5.038089e-01   2.496823e-48   2.220660e-04   9.494846e-50   780
  5.047639e-01   2.496677e-48   1.191565e-04   1.640958e-49   216
  5.053529e-01   2.503001e-48   2.873328e-04   7.999041e-50   1056
  5.062588e-01   2.463491e-48   2.350705e-04   1.522891e-49   228
  5.070976e-01   2.581556e-48   2.926687e-04   8.484619e-50   924
  5.079587e-01   2.524257e-48   1.085637e-04   1.049788e-49   696
  5.088706e-01   2.596742e-48   1.932122e-04   8.088879e-50   996
  5.098035e-01   2.713592e-48   1.140687e-04   1.311678e-49   576
  5.107740e-01   2.746891e-48   1.760574e-04   1.157398e-49   552
  5.114815e-01   2.489127e-48   2.102064e-04   1.028057e-49   516
  5.121995e-01   2.574330e-48   3.056837e-04   9.702443e-50   744
  5.130199e-01   2.775311e-48   1.499561e-04   1.090677e-49   576
  5.137336e-01   2.569368e-48   1.543428e-04   8.992863e-50   792
  5.147477e-01   2.777352e-48   1.764424e-04   1.006074e-49   792
  5.154909e-01   2.619433e-48   1.902913e-04   1.014267e-49   720
  5.164960e-01   2.615622e-48   2.168883e-04   9.229047e-50   656
  5.174379e-01   2.803076e-48   2.368308e-04   1.082529e-49   816
  5.184034e-01   2.772964e-48   1.276952e-04   1.156928e-49   492
  5.189522e-01   3.098536e-48   1.836985e-04   1.386724e-49   552
  5.199822e-01   2.789159e-48   3.194294e-04   9.897961e-50   780
  5.206511e-01   2.926508e-48   1.962217e-04   1.118491e-49   528
  5.213718e-01   2.958316e-48   2.290504e-04   1.156406e-49   600
  5.224340e-01   2.883987e-48   1.903590e-04   1.026306e-49   900
  5.231662e-01   2.597294e-48   1.053860e-04   9.926392e-50   696
  5.241734e-01   2.846757e-48   2.664725e-04   1.073136e-49   696
  5.251479e-01   2.838203e-48   1.081054e-04   1.065927e-49   552
  5.259673e-01   2.850388e-48   1.257166e-04   1.111791e-49   708
  5.268258e-01   2.858210e-48   2.075652e-04   8.743387e-50   876
  5.277190e-01   2.900889e-48   1.102130e-04   1.975261e-49   216
  5.283184e-01   2.865272e-48   3.014475e-04   9.289290e-50   1032
  5.292161e-01   3.058035e-48   3.356286e-04   1.388069e-49   600
  5.301478e-01   2.989719e-48   1.601495e-04   1.356993e-49   600
  5.308585e-01   2.875948e-48   2.828090e-04   1.144331e-49   528
  5.316987e-01   3.343962e-48   1.552497e-04   1.328881e-49   732
  5.325837e-01   2.821463e-48   1.146378e-04   1.514857e-49   336
  5.336024e-01   3.125530e-48   1.633817e-04   1.058092e-49   912
  5.343638e-01   3.072855e-48   1.639857e-04   1.207631e-49   624
  5.351957e-01   3.318710e-48   1.381873e-04   1.256946e-49   768
  5.361666e-01   2.860975e-48   2.493171e-04   1.010117e-49   792
  5.371196e-01   2.668888e-48   1.236011e-04   1.044120e-49   660
  5.377977e-01   3.227103e-48   1.821461e-04   1.339179e-49   504
  5.384990e-01   3.096776e-48   2.975919e-04   1.336664e-49   480
  5.395501e-01   2.947675e-48   2.752337e-04   1.061628e-49   912
  5.403731e-01   2.972352e-48   3.065154e-04   1.362937e-49   432
  5.411504e-01   2.924698e-48   1.820016e-04   1.207453e-49   564
  5.418405e-01   3.293862e-48   1.742006e-04   1.418426e-49   600
  5.428119e-01   3.270973e-48   2.428192e-04   1.028867e-49   876
  5.435417e-01   3.167638e-48   1.091788e-04   1.844982e-49   264
  5.445477e-01   3.677723e-48   2.118499e-04   1.587380e-49   560
  5.453563e-01   2.842436e-48   1.439565e-04   1.020975e-49   840
  5.463378e-01   3.360544e-48   2.219395e-04   9.956240e-50   1008
  5.472454e-01   3.186034e-48   9.928084e-05   1.534778e-49   456
  5.480744e-01   3.336508e-48   1.286043e-04   1.242478e-49   576
  5.488407e-01   3.449686e-48   1.976142e-04   1.348233e-49   612
  5.498512e-01   3.255834e-48   1.765015e-04   1.203745e-49   780
  5.506755e-01   3.246725e-48   2.022627e-04   1.236931e-49   648
  5.515194e-01   3.105591e-48   9.425702e-05   1.799194e-49   312
  5.520587e-01   3.325479e-48   2.394916e-04   1.346439e-49   528
  5.529931e-01   3.160944e-48   3.127641e-04   1.167716e-49   720
  5.538866e-01   3.207921e-48   3.137436e-04   1.430082e-49   576
  5.549699e-01   3.329817e-48   2.706443e-04   1.410698e-49   444
  5.556439e-01   3.193090e-48   2.654148e-04   9.856785e-50   996
  5.564699e-01   2.987210e-48   2.217012e-04   1.534136e-49   432
  5.572506e-01   3.492700e-48   2.427192e-04   1.664001e-49   504
  5.579250e-01   3.303283e-48   1.094306e-04   1.580270e-49   504
  5.588852e-01   3.526325e-48   2.153608e-04   1.239087e-49   876
  5.597541e-01   3.428422e-48   2.478597e-04   1.580466e-49   504
  5.606589e-01   3.534337e-48   1.580720e-04   1.281162e-49   696
  5.614066e-01   3.823693e-48   1.351349e-04   1.705901e-49   492
  5.624240e-01   3.225953e-48   1.934522e-04   1.528702e-49   432
  5.631776e-01   3.352242e-48   1.811468e-04   1.270159e-49   768
  5.640708e-01   3.517138e-48   2.256427e-04   1.495621e-49   648
  5.649237e-01   3.793210e-48   1.472076e-04   1.625838e-49   456
  5.659038e-01   3.417530e-48   2.024344e-04   1.411943e-49   552
  5.665845e-01   3.790833e-48   1.387487e-04   1.379957e-49   648
  5.675213e-01   3.645221e-48   2.261525e-04   1.231453e-49   840
  5.684363e-01   3.547685e-48   1.078474e-04   1.714451e-49   432
  5.693524e-01   3.710744e-48   1.320946e-04   1.568046e-49   600
  5.699896e-01   3.158605e-48   1.407382e-04   1.601305e-49   432
  5.710598e-01   3.535852e-48   1.401185e-04   1.462198e-49   560
  5.717846e-01   3.863708e-48   2.217929e-04   1.462466e-49   840
  5.726922e-01   4.100264e-48   1.313712e-04   1.782953e-49   504
  5.734129e-01   3.658761e-48   2.681208e-04   1.423115e-49   696
  5.744289e-01   3.859822e-48   1.464380e-04   2.300568e-49   384
  5.752203e-01   3.612686e-48   2.145144e-04   1.550000e-49   576
  5.761776e-01   4.157581e-48   1.323876e-04   2.301821e-49   360
  5.769491e-01   3.889760e-48   1.971572e-04   1.301835e-49   828
  5.777814e-01   3.865320e-48   1.756051e-04   1.946657e-49   372
  5.785440e-01   4.047524e-48   2.681827e-04   1.523630e-49   576
  5.795542e-01   3.795815e-48   1.123146e-04   1.492324e-49   636
  5.802740e-01   4.207038e-48   2.165136e-04   1.668863e-49   648
  5.812477e-01   3.560976e-48   1.760019e-04   1.500722e-49   576
  5.819467e-01   3.789358e-48   2.839096e-04   1.594351e-49   528
  5.828762e-01   3.510187e-48   1.213831e-04   1.567640e-49   360
  5.836457e-01   3.751110e-48   2.792266e-04   1.452030e-49   672
  5.846504e-01   4.134729e-48   1.430245e-04   1.417531e-49   804
  5.854866e-01   4.090822e-48   1.577731e-04   2.140830e-49   408
  5.864116e-01   3.538218e-48   9.752092e-05   1.862120e-49   384
  5.870345e-01   3.738732e-48   2.231653e-04   1.595924e-49   480
  5.879130e-01   4.050498e-48   1.441975e-04   1.993841e-49   432
  5.887557e-01   4.270138e-48   2.657252e-04   1.651262e-49   648
  5.897530e-01   3.731736e-48   1.648813e-04   1.469536e-49   624
  5.904826e-01   3.807283e-48   1.499734e-04   1.611592e-49   456
  5.914788e-01   4.149094e-48   2.048770e-04   1.684906e-49   588
  5.921465e-01   3.992670e-48   1.307107e-04   1.691576e-49   600
  5.931212e-01   3.795488e-48   2.038766e-04   1.487205e-49   708
  5.938912e-01   4.189633e-48   1.284383e-04   2.215527e-49   360
  5.947420e-01   4.169894e-48   1.476433e-04   1.689235e-49   552
  5.955576e-01   4.329487e-48   1.035752e-04   2.277048e-49   288
  5.963856e-01   3.921483e-48   1.947498e-04   1.653612e-49   528
  5.971636e-01   4.072504e-48   1.313872e-04   1.981899e-49   456
  5.980328e-01   4.006134e-48   2.329780e-04   1.407556e-49   608
  5.989070e-01   4.684393e-48   1.127174e-04   1.932277e-49   504
  5.998623e-01   4.347760e-48   2.419978e-04   2.084508e-49   540
  6.006113e-01   4.650576e-48   2.597778e-04   2.301186e-49   360
  6.014188e-01   4.341650e-48   1.176407e-04   1.718654e-49   540
  6.021329e-01   4.516403e-48   1.010085e-04   2.007493e-49   576
  6.031714e-01   4.706213e-48   2.342044e-04   1.923825e-49   588
  6.041588e-01   4.468817e-48   3.231314e-04   1.561181e-49   672
  6.050070e-01   4.336493e-48   2.469721e-04   1.866744e-49   552
  6.056908e-01   4.542504e-48   2.470970e-04   3.116137e-49   144
  6.065633e-01   4.624713e-48   2.099342e-04   1.711022e-49   600
  6.073906e-01   4.574085e-48   2.630934e-04   2.058282e-49   504
  6.083088e-01   4.054653e-48   2.702501e-04   2.490394e-49   336
  6.092745e-01   4.863426e-48   3.037623e-04   1.939745e-49   600
  6.101395e-01   4.345200e-48   1.960382e-04   1.586353e-49   636
  6.110731e-01   4.427179e-48   1.576165e-04   2.477868e-49   384
  6.117276e-01   4.548225e-48   2.198564e-04   2.042988e-49   504
  6.126710e-01   4.105282e-48   9.227064e-05   2.640861e-49   240
  6.134155e-01   4.706077e-48   2.167569e-04   1.715917e-49   744
  6.143088e-01   4.562406e-48   1.480120e-04   1.736123e-49   648
  6.151027e-01   5.049926e-48   9.825476e-05   4.562383e-49   120
  6.160331e-01   4.800721e-48   1.543455e-04   1.916966e-49   564
  6.167362e-01   4.343934e-48   2.424089e-04   2.032963e-49   432
  6.176746e-01   4.646885e-48   1.881572e-04   2.259455e-49   480
  6.183811e-01   5.124161e-48   1.384885e-04   2.486197e-49   456
  6.192152e-01   4.664991e-48   2.291780e-04   2.192022e-49   444
  6.201616e-01   4.559870e-48   3.506544e-04   2.095280e-49   528
  6.209930e-01   4.886714e-48   2.604238e-04   3.167823e-49   264
  6.217998e-01   4.750690e-48   2.668956e-04   2.414587e-49   444
  6.228852e-01   4.664094e-48   2.923449e-04   1.757918e-49   696
  6.237861e-01   4.580892e-48   1.563558e-04   2.345139e-49   384
  6.244450e-01   5.076998e-48   1.975687e-04   2.235659e-49   432
  6.254698e-01   4.452509e-48   1.365107e-04   2.066098e-49   488
  6.261352e-01   5.018799e-48   2.057386e-04   2.201929e-49   480
  6.270999e-01   5.175710e-48   2.294412e-04   2.394253e-49   480
  6.278471e-01   4.925802e-48   9.626648e-05   3.403770e-49   240
  6.286954e-01   4.537574e-48   2.248709e-04   1.864427e-49   600
  6.294955e-01   4.016740e-48   1.959519e-04   2.108063e-49   288
  6.303474e-01   5.161380e-48   1.884914e-04   2.198741e-49   480
  6.312103e-01   4.944898e-48   3.352926e-04   1.924479e-49   504
  6.320598e-01   4.487542e-48   1.438614e-04   2.619535e-49   216
  6.331433e-01   4.819471e-48   2.355240e-04   1.996998e-49   504
  6.339871e-01   5.517554e-48   1.894329e-04   2.464850e-49   456
  6.349107e-01   4.785374e-48   1.086430e-04   2.308185e-49   384
  6.355225e-01   5.512561e-48   2.205061e-04   2.689900e-49   480
  6.363918e-01   5.869682e-48   1.936290e-04   2.359643e-49   504
  6.371972e-01   4.282096e-48   1.228262e-04   2.520958e-49   312
  6.380652e-01   5.642022e-48   1.979302e-04   2.704778e-49   492
  6.388334e-01   4.884705e-48   1.855135e-04   2.758728e-49   312
  6.398223e-01   5.184806e-48   3.013519e-04   2.245512e-49   576
  6.406929e-01   5.246277e-48   2.781722e-04   3.492294e-49   336
  6.414159e-01   5.466194e-48   2.141797e-04   3.667590e-49   240
  6.424183e-01   5.202008e-48   2.839481e-04   2.283801e-49   468
  6.432837e-01   5.920741e-48   1.777925e-04   4.175239e-49   192
  6.441896e-01   5.053988e-48   1.783224e-04   2.744350e-49   324
  6.448535e-01   4.960932e-48   1.294235e-04   2.107703e-49   600
  6.457583e-01   4.754650e-48   2.099764e-04   2.451928e-49   456
  6.464302e-01   4.835871e-48   9.444737e-05   2.384469e-49   336
  6.475438e-01   5.858060e-48   2.828021e-04   2.406844e-49   612
  6.483539e-01   4.657620e-48   2.373399e-04   4.067513e-49   144
  6.491201e-01   4.571395e-48   2.770366e-04   1.925059e-49   552
  6.501620e-01   5.080283e-48   1.091004e-04   3.680025e-49   264
  6.507507e-01   5.312165e-48   2.525953e-04   3.041488e-49   336
  6.516793e-01   5.994125e-48   1.669063e-04   2.978011e-49   384
  6.524847e-01   5.795321e-48   9.395175e-05   4.229198e-49   216
  6.533762e-01   5.046210e-48   1.991971e-04   2.829127e-49   344
  6.541891e-01   5.390239e-48   2.972114e-04   2.734852e-49   408
  6.551797e-01   5.885138e-48   2.283876e-04   3.328321e-49   264
  6.560575e-01   5.785506e-48   3.183837e-04   2.185412e-49   612
  6.569345e-01   5.948416e-48   1.638646e-04   2.699833e-49   408
  6.578364e-01   5.471842e-48   1.641001e-04   2.752319e-49   444
  6.584991e-01   6.784405e-48   9.177996e-05   6.371764e-49   120
  6.593870e-01   5.852655e-48   2.535712e-04   3.490535e-49   336
  6.600460e-01   5.892690e-48   8.811499e-05   3.258462e-49   288
  6.609366e-01   5.769667e-48   2.742154e-04   2.423896e-49   552
  6.621610e-01   5.875126e-48   0.000000e+00   6.346690e-49   72
  6.627906e-01   5.715718e-48   2.723657e-04   2.458710e-49   504
  6.635259e-01   6.109653e-48   8.764464e-05   4.131706e-49   216
  6.644787e-01   5.929094e-48   1.564835e-04   3.212155e-49   312
  6.653340e-01   5.783978e-48   1.781811e-04   2.893389e-49   336
  6.661492e-01   6.167028e-48   2.469789e-04   5.147488e-49   204
  6.669611e-01   5.680668e-48   2.870270e-04   2.627326e-49   504
  6.678221e-01   5.911500e-48   2.733322e-04   2.939842e-49   396
  6.686501e-01   5.789340e-48   2.506599e-04   3.501423e-49   312
  6.696540e-01   5.959865e-48   1.531800e-04   4.521515e-49   216
  6.703613e-01   4.736632e-48   8.313373e-05   4.041874e-49   168
  6.712208e-01   5.970185e-48   2.099173e-04   2.403215e-49   588
  6.722017e-01   6.514537e-48   2.849381e-04   4.363324e-49   240
  6.729637e-01   7.385568e-48   2.516481e-04   4.043504e-49   264
  6.738575e-01   5.468864e-48   3.112147e-04   2.793778e-49   288
  6.746505e-01   5.885911e-48   1.554077e-04   3.160347e-49   288
  6.756555e-01   5.590816e-48   1.459525e-04   3.249321e-49   288
  6.763322e-01   6.519491e-48   1.690738e-04   4.658297e-49   192
  6.771836e-01   6.069417e-48   1.799115e-04   4.096939e-49   264
  6.779946e-01   6.822341e-48   2.959295e-04   3.347745e-49   372
  6.788675e-01   6.038261e-48   3.196167e-04   3.214210e-49   360
  6.799329e-01   5.178578e-48   1.352648e-04   4.527612e-49   144
  6.804835e-01   6.293632e-48   1.878769e-04   3.304928e-49   296
  6.813527e-01   5.495362e-48   2.024276e-04   2.816492e-49   288
  6.823478e-01   6.132909e-48   3.025230e-04   2.870686e-49   480
  6.832061e-01   6.886515e-48   2.513677e-04   4.617887e-49   192
  6.840407e-01   5.653503e-48   2.696262e-04   3.872883e-49   192
  6.847993e-01   6.675708e-48   1.718359e-04   3.942098e-49   288
  6.858544e-01   5.305286e-48   1.495808e-04   4.964510e-49   108
  6.863859e-01   6.348964e-48   1.438036e-04   4.166467e-49   240
  6.873243e-01   5.948952e-48   2.682690e-04   3.311960e-49   384
  6.882884e-01   5.652944e-48   3.272578e-04   4.112515e-49   108
  6.891409e-01   7.061855e-48   1.918773e-04   3.984259e-49   348
  6.900373e-01   6.628879e-48   2.002507e-04   3.966653e-49   312
  6.908379e-01   6.554951e-48   1.945855e-04   7.956186e-49   96
  6.915741e-01   7.139207e-48   2.590555e-04   3.875609e-49   384
  6.923987e-01   6.625950e-48   1.781778e-04   5.688677e-49   144
  6.932053e-01   5.814437e-48   2.737780e-04   3.045441e-49   408
  6.942079e-01   6.916808e-48   1.221243e-04   6.837720e-49   144
  6.951550e-01   5.840262e-48   2.347853e-04   3.805033e-49   192
  6.957167e-01   7.758838e-48   2.642552e-04   5.447905e-49   144
  6.966323e-01   7.067815e-48   2.148492e-04   5.699732e-49   144
  6.974962e-01   5.944604e-48   2.625805e-04   3.348862e-49   336
  6.985541e-01   7.021485e-48   1.942763e-04   4.752301e-49   240
  6.992249e-01   6.286530e-48   8.821915e-05   4.826170e-49   96
  7.001605e-01   6.705902e-48   2.587043e-04   4.339586e-49   372
  7.011070e-01   7.376685e-48   3.077232e-04   5.500051e-49   132
  7.019384e-01   5.148203e-48   1.904154e-04   3.394027e-49   264
  7.026821e-01   7.181570e-48   1.462304e-04   5.543848e-49   168
  7.034759e-01   6.158368e-48   2.337943e-04   3.958689e-49   216
  7.041771e-01   6.872264e-48   1.430383e-04   5.341315e-49   216
  7.051983e-01   5.752190e-48   2.624157e-04   5.584413e-49   96
  7.061249e-01   6.429823e-48   1.712023e-04   6.036484e-49   120
  7.069747e-01   6.999708e-48   2.176463e-04   4.206842e-49   216
  7.076747e-01   8.754441e-48   9.511215e-05   6.563102e-49   200
  7.086015e-01   7.570626e-48   2.462045e-04   4.975670e-49   288
  7.097902e-01   6.521122e-48   6.478119e-05   5.146294e-49   144
  7.102908e-01   8.141634e-48   2.015951e-04   6.520532e-49   168
  7.113130e-01   7.085873e-48   2.268765e-04   5.781283e-49   159
  7.121109e-01   7.634010e-48   2.380480e-04   5.543817e-49   174
  7.128831e-01   6.376902e-48   2.158536e-04   4.552691e-49   144
  7.138943e-01   6.452291e-48   1.246398e-04   4.537782e-49   222
  7.145705e-01   6.904519e-48   1.257726e-04   5.347183e-49   168
  7.157386e-01   8.364342e-48   2.758677e-04   2.276795e-48   30
  7.162211e-01   7.252178e-48   2.435709e-04   8.804891e-49   72
  7.171298e-01   7.952305e-48   2.173841e-04   4.730639e-49   258
  7.181290e-01   7.919679e-48   1.361533e-04   4.982197e-49   264
  7.186286e-01   6.967082e-48   1.468278e-08   6.335141e-49   72
  7.196697e-01   6.482990e-48   2.698616e-04   4.069618e-49   174
  7.206123e-01   8.315249e-48   2.873527e-04   7.233205e-49   168
  7.213701e-01   6.691541e-48   8.991328e-09   8.068338e-49   48
  7.221837e-01   8.243249e-48   1.622748e-04   5.950627e-49   150
  7.231270e-01   9.023029e-48   2.985162e-04   6.868771e-49   168
  7.240729e-01   7.329097e-48   1.818422e-04   7.179456e-49   144
  7.249427e-01   5.788895e-48   1.698820e-04   4.737926e-49   102
  7.255906e-01   7.102989e-48   2.514545e-04   6.661257e-49   96
  7.266185e-01   7.547469e-48   2.495518e-04   7.088992e-49   120
  7.273797e-01   7.310364e-48   2.676508e-04   5.371414e-49   168
  7.282031e-01   5.963058e-48   1.976389e-04   5.373023e-49   126
  7.289046e-01   7.982047e-48   1.490593e-04   5.108429e-49   168
  7.298711e-01   8.290311e-48   2.390167e-04   1.154590e-48   72
  7.307158e-01   6.885511e-48   2.993022e-04   5.536150e-49   168
  7.314557e-01   9.445066e-48   8.205344e-05   8.120962e-49   78
  7.324696e-01   5.460078e-48   1.347256e-04   7.671169e-49   60
  7.332860e-01   6.782405e-48   2.185468e-04   7.136754e-49   96
  7.341327e-01   9.372946e-48   2.651884e-04   6.668662e-49   168
  7.349284e-01   8.122286e-48   1.678009e-04   7.853307e-49   86
  7.357634e-01   7.189836e-48   1.499742e-04   5.543834e-49   120
  7.369601e-01   7.585777e-48   1.069515e-04   5.169492e-49   168
  7.376055e-01   8.009239e-48   0.000000e+00   1.005825e-48   48
  7.384747e-01   7.384192e-48   1.948541e-04   6.386483e-49   120
  7.389742e-01   7.460334e-48   1.421539e-04   6.592566e-49   126
  7.401935e-01   8.333198e-48   2.500091e-04   7.537848e-49   96
  7.409848e-01   8.031243e-48   7.209028e-05   8.682199e-49   96
  7.416089e-01   7.128032e-48   8.477105e-09   6.593171e-49   72
  7.429385e-01   7.074832e-48   8.991328e-09   1.184086e-48   24
  7.437683e-01   9.355502e-48   1.483601e-04   8.387517e-49   120
  7.444157e-01   9.872318e-48   2.164118e-04   9.684243e-49   126
  7.451355e-01   6.982726e-48   1.804085e-04   7.728484e-49   96
  7.459766e-01   9.863646e-48   3.117986e-04   1.017123e-48   72
  7.469132e-01   8.812604e-48   1.348634e-04   7.728156e-49   144
  7.476836e-01   7.010863e-48   7.778603e-05   6.833675e-49   72
  7.484533e-01   6.944660e-48   1.553665e-04   9.821475e-49   54
  7.491306e-01   6.799669e-48   1.369149e-04   5.937616e-49   108
  7.505382e-01   5.756541e-48   1.342120e-04   6.921891e-49   72
  7.509765e-01   8.038012e-48   7.744493e-05   7.986328e-49   72
  7.520162e-01   9.097712e-48   1.557344e-08   1.956567e-48   24
  7.529998e-01   1.116566e-47   1.638381e-04   1.532274e-48   48
  7.535971e-01   8.967258e-48   1.248023e-04   7.753023e-49   102
  7.544963e-01   9.702230e-48   2.822510e-04   7.352204e-49   168
  7.556711e-01   6.466474e-48   1.539331e-04   8.133522e-49   72
  7.561064e-01   9.267545e-48   0.000000e+00   1.470560e-48   48
  7.570195e-01   8.828887e-48   2.647743e-04   7.847033e-49   120
  7.582245e-01   7.901070e-48   1.627091e-04   7.263307e-49   96
  7.593627e-01   5.940223e-48   1.438612e-08   1.335666e-48   30
  7.607153e-01   7.015243e-48   7.644796e-05   6.353858e-49   72
  7.613097e-01   9.690101e-48   8.991328e-09   2.043861e-48   24
  7.620733e-01   7.061329e-48   1.133148e-04   7.607421e-49   56
  7.629285e-01   8.836987e-48   1.617059e-04   9.656939e-49   96
  7.639519e-01   6.370652e-48   1.785629e-04   4.764277e-49   144
  7.647411e-01   8.333955e-48   1.013810e-04   1.289105e-48   54
  7.658874e-01   9.855019e-48   1.518795e-04   7.582529e-49   108
  7.670409e-01   6.432041e-48   8.041947e-05   1.311322e-48   48
  7.681392e-01   1.066772e-47   3.028050e-04   9.080957e-49   72
  7.707744e-01   8.652805e-48   2.000642e-04   9.120806e-49   78
  7.715046e-01   9.277085e-48   1.507735e-04   1.111421e-48   72
  7.723570e-01   1.252114e-47   1.505863e-04   1.675095e-48   72
  7.732482e-01   9.231452e-48   3.633813e-04   8.784119e-49   96
  7.739527e-01   9.698474e-48   1.502759e-04   1.087604e-48   72
  7.748024e-01   8.085871e-48   0.000000e+00   1.566668e-48   24
  7.756510e-01   9.318490e-48   2.998733e-04   1.126090e-48   72
  7.775680e-01   1.164608e-47   1.904287e-04   1.754298e-48   30
  7.779804e-01   9.012821e-48   0.000000e+00   2.532857e-48   24
  7.801973e-01   9.350576e-48   1.581267e-04   1.419115e-48   48
  7.808927e-01   8.742759e-48   3.402886e-04   7.161875e-49   120
  7.818296e-01   6.504455e-48   1.487821e-04   5.806908e-49   72
  7.827758e-01   1.338784e-47   1.486022e-04   1.593630e-48   36
  7.834261e-01   8.348394e-48   2.937071e-04   8.698960e-49   78
  7.852411e-01   1.030079e-47   1.571111e-04   1.426140e-48   48
  7.875942e-01   1.038619e-47   1.271566e-08   2.088852e-48   24
  7.892707e-01   1.310576e-47   1.094089e-04   1.982774e-48   56
  7.901149e-01   1.094691e-47   1.683597e-04   1.313571e-48   102
  7.911888e-01   9.809460e-48   1.198844e-08   1.125666e-48   72
  7.918122e-01   1.243875e-47   8.991328e-09   1.868260e-48   24
  7.929021e-01   7.495370e-48   1.555930e-04   9.341673e-49   48
  7.949223e-01   1.736693e-47   0.000000e+00   3.199563e-48   24
  7.974016e-01   1.042625e-47   0.000000e+00   2.995967e-48   6
  7.981748e-01   9.613497e-48   0.000000e+00   1.391584e-48   24
  7.986898e-01   1.116343e-47   1.456409e-04   1.119311e-48   72
  7.996307e-01   8.623440e-48   2.717068e-04   9.633047e-49   84
  8.006440e-01   1.096524e-47   0.000000e+00   1.941437e-48   24
  8.009521e-01   9.611857e-48   1.271566e-08   1.275425e-48   24
  8.024909e-01   6.656737e-48   1.557344e-08   1.235648e-48   24
  8.046403e-01   4.233682e-48   0.000000e+00   1.106979e-48   6
  8.073954e-01   1.850802e-47   1.528000e-04   2.596117e-48   48
  8.080572e-01   8.463386e-48   2.878503e-04   9.873212e-49   72
  8.089220e-01   1.339474e-47   1.525117e-04   1.570000e-48   48
  8.102934e-01   7.336896e-48   0.000000e+00   1.338054e-48   24
  8.121184e-01   1.296002e-47   0.000000e+00   3.065620e-48   6
  8.162097e-01   3.330779e-48   0.000000e+00   1.219455e-48   8
  8.165120e-01   9.373821e-48   8.991328e-09   1.462658e-48   48
  8.172369e-01   1.291261e-47   1.479045e-04   1.496016e-48   60
  8.183231e-01   5.635888e-48   0.000000e+00   1.909328e-48   24
  8.198293e-01   9.478901e-48   0.000000e+00   2.680568e-48   6
  8.253784e-01   1.767899e-47   0.000000e+00   5.281265e-48   24
  8.258266e-01   8.278866e-48   1.493898e-04   1.128701e-48   48
  8.265733e-01   1.063690e-47   0.000000e+00   2.196337e-48   24
  8.277664e-01   2.108789e-47   0.000000e+00   8.807864e-49   6
  8.345448e-01   1.279063e-47   1.393664e-04   2.520968e-48   36
  8.350375e-01   7.806403e-48   0.000000e+00   1.696480e-48   24
  8.359234e-01   7.475445e-48   0.000000e+00   1.728370e-48   6
  8.436361e-01   9.121990e-48   1.266552e-04   1.551972e-48   32
  8.442939e-01   9.677186e-48   0.000000e+00   2.560278e-48   6
  8.525822e-01   1.429907e-47   0.000000e+00   2.880759e-48   12
  8.528715e-01   1.498222e-47   0.000000e+00   5.441761e-48   6
  8.616502e-01   1.983742e-47   0.000000e+00   6.789367e-48   6
