# power spectrum of pi_k
# redshift z=49.722811
# k              Pk             sigma(k)       sigma(Pk)      count
  1.570796e-02   1.310577e-11   0.000000e+00   5.282712e-12   6
  2.221441e-02   5.958148e-12   0.000000e+00   1.189382e-12   12
  2.720699e-02   3.662221e-12   2.980232e-10   7.452472e-13   8
  3.141593e-02   1.029577e-11   0.000000e+00   1.107899e-12   6
  3.512407e-02   6.224501e-12   5.619580e-10   1.984315e-12   24
  3.847649e-02   7.912655e-12   5.619580e-10   1.333090e-12   24
  4.442883e-02   2.950247e-12   0.000000e+00   1.327900e-12   12
  4.712389e-02   3.205458e-12   6.357829e-10   5.904854e-13   30
  4.967294e-02   3.794647e-12   0.000000e+00   8.362693e-13   24
  5.209742e-02   3.310418e-12   9.733398e-10   8.205972e-13   24
  5.441398e-02   3.724375e-12   5.960464e-10   7.549412e-13   8
  5.663587e-02   3.053739e-12   7.947286e-10   3.793808e-13   24
  5.877382e-02   2.794827e-12   0.000000e+00   3.927482e-13   48
  6.283185e-02   3.150545e-12   0.000000e+00   1.385231e-12   6
  6.476559e-02   2.470046e-12   7.947286e-10   3.468394e-13   48
  6.664324e-02   2.242844e-12   7.492773e-10   2.332514e-13   36
  6.846942e-02   3.161904e-12   7.947286e-10   6.611801e-13   24
  7.024815e-02   1.816504e-12   1.123916e-09   3.127189e-13   24
  7.198293e-02   1.592657e-12   0.000000e+00   2.165809e-13   48
  7.367688e-02   2.420069e-12   1.123916e-09   3.444743e-13   24
  7.695299e-02   1.842038e-12   1.123916e-09   2.897516e-13   24
  7.853982e-02   1.229881e-12   0.000000e+00   2.013089e-13   30
  8.009521e-02   1.282467e-12   0.000000e+00   1.416462e-13   72
  8.162097e-02   1.220824e-12   1.192093e-09   2.485439e-13   32
  8.458997e-02   1.555522e-12   0.000000e+00   1.804239e-13   72
  8.603606e-02   9.246393e-13   0.000000e+00   1.351794e-13   48
  8.885766e-02   4.699103e-13   0.000000e+00   1.397789e-13   12
  9.023538e-02   9.084240e-13   0.000000e+00   1.362485e-13   48
  9.159238e-02   7.855876e-13   0.000000e+00   7.820023e-14   48
  9.292956e-02   1.020550e-12   1.123916e-09   1.287396e-13   48
  9.424778e-02   1.202404e-12   1.271566e-09   2.107761e-13   30
  9.554781e-02   1.042244e-12   0.000000e+00   2.344237e-13   24
  9.683039e-02   1.057028e-12   2.369423e-09   1.062750e-13   72
  9.934588e-02   6.033392e-13   0.000000e+00   1.145260e-13   24
  1.005800e-01   9.107035e-13   0.000000e+00   9.023365e-14   96
  1.017992e-01   6.917644e-13   0.000000e+00   9.186016e-14   48
  1.030040e-01   5.705041e-13   1.946680e-09   1.401372e-13   24
  1.041948e-01   4.078527e-13   1.946680e-09   8.375222e-14   24
  1.053722e-01   9.655652e-13   0.000000e+00   1.178811e-13   72
  1.065366e-01   7.137459e-13   0.000000e+00   1.098740e-13   48
  1.088280e-01   6.111259e-13   1.192093e-09   1.824266e-13   8
  1.099557e-01   8.866535e-13   1.412851e-09   1.058126e-13   54
  1.110721e-01   5.939908e-13   0.000000e+00   1.038852e-13   84
  1.121773e-01   6.469680e-13   0.000000e+00   9.281301e-14   48
  1.132717e-01   3.994063e-13   1.589457e-09   7.124970e-14   24
  1.143557e-01   5.274552e-13   2.119276e-09   6.258940e-14   72
  1.154295e-01   6.896305e-13   0.000000e+00   7.850363e-14   96
  1.175476e-01   9.273319e-13   0.000000e+00   1.011424e-13   48
  1.185925e-01   5.038819e-13   0.000000e+00   4.721740e-14   48
  1.196283e-01   4.344074e-13   0.000000e+00   8.451985e-14   24
  1.206552e-01   4.913070e-13   0.000000e+00   5.289856e-14   72
  1.226831e-01   5.043597e-13   0.000000e+00   5.969026e-14   72
  1.236846e-01   4.879491e-13   0.000000e+00   5.561911e-14   96
  1.256637e-01   6.598858e-13   0.000000e+00   2.900081e-13   6
  1.266416e-01   5.405862e-13   0.000000e+00   5.233606e-14   96
  1.276121e-01   5.506616e-13   1.589457e-09   5.885250e-14   96
  1.285752e-01   3.676240e-13   0.000000e+00   8.740867e-14   24
  1.295312e-01   4.046677e-13   1.589457e-09   5.041796e-14   48
  1.304801e-01   4.042099e-13   0.000000e+00   4.085612e-14   96
  1.314222e-01   4.679886e-13   0.000000e+00   6.304191e-14   48
  1.332865e-01   4.063485e-13   1.498555e-09   7.625458e-14   36
  1.342089e-01   4.046047e-13   2.753021e-09   5.108508e-14   48
  1.351250e-01   4.431575e-13   3.114687e-09   3.977983e-14   120
  1.360350e-01   3.932096e-13   0.000000e+00   5.191821e-14   56
  1.369388e-01   2.184033e-13   1.589457e-09   3.821571e-14   24
  1.378368e-01   3.128204e-13   0.000000e+00   2.783444e-14   96
  1.387290e-01   3.277316e-13   0.000000e+00   4.229113e-14   48
  1.404963e-01   3.884442e-13   2.247832e-09   7.205397e-14   24
  1.413717e-01   4.188192e-13   0.000000e+00   4.190545e-14   102
  1.422417e-01   4.267049e-13   1.589457e-09   6.432469e-14   48
  1.431064e-01   3.872327e-13   0.000000e+00   3.858122e-14   72
  1.439659e-01   3.488990e-13   0.000000e+00   3.524312e-14   48
  1.448203e-01   3.694620e-13   0.000000e+00   6.845157e-14   48
  1.456697e-01   3.120493e-13   3.596531e-09   2.742505e-14   120
  1.473538e-01   4.835047e-13   2.247832e-09   8.093366e-14   24
  1.481886e-01   2.763457e-13   2.119276e-09   2.325034e-14   144
  1.490188e-01   2.805765e-13   2.543132e-09   2.697633e-14   120
  1.498444e-01   2.155749e-13   2.247832e-09   3.020625e-14   48
  1.514821e-01   3.166369e-13   2.247832e-09   4.222776e-14   48
  1.522944e-01   2.553128e-13   2.247832e-09   2.664282e-14   96
  1.544390e-01   3.285734e-13   3.768959e-04   4.034284e-14   72
  1.555009e-01   2.384740e-13   1.998073e-09   1.820914e-14   108
  1.562923e-01   2.798817e-13   0.000000e+00   2.998868e-14   72
  1.570796e-01   1.679134e-13   0.000000e+00   3.123162e-14   30
  1.578631e-01   2.795875e-13   0.000000e+00   2.221625e-14   168
  1.586427e-01   2.729143e-13   0.000000e+00   2.978620e-14   48
  1.601904e-01   1.844811e-13   0.000000e+00   2.161876e-14   72
  1.609587e-01   2.394937e-13   0.000000e+00   2.308273e-14   96
  1.617234e-01   2.328170e-13   4.238553e-09   3.576241e-14   72
  1.624844e-01   2.710465e-13   0.000000e+00   2.873857e-14   72
  1.637639e-01   2.388787e-13   3.480039e-04   1.750124e-14   104
  1.647465e-01   2.251409e-13   2.997109e-09   1.642009e-14   144
  1.669779e-01   1.533430e-13   5.026305e-09   1.440492e-14   96
  1.677152e-01   1.680794e-13   0.000000e+00   1.736907e-14   96
  1.688876e-01   2.264532e-13   3.580185e-04   2.106753e-14   120
  1.699076e-01   1.866609e-13   0.000000e+00   1.697979e-14   120
  1.706322e-01   2.223905e-13   0.000000e+00   2.410533e-14   72
  1.720721e-01   2.188761e-13   0.000000e+00   2.899033e-14   48
  1.727876e-01   2.328317e-13   3.912510e-09   2.656633e-14   78
  1.737029e-01   2.398640e-13   3.205713e-04   1.896963e-14   168
  1.756204e-01   2.181026e-13   3.670694e-09   1.884389e-14   144
  1.763215e-01   2.237809e-13   2.997109e-09   1.596563e-14   144
  1.783549e-01   1.992009e-13   1.846233e-04   1.693898e-14   156
  1.790983e-01   1.445324e-13   3.893359e-09   2.692791e-14   48
  1.797859e-01   1.785057e-13   2.543132e-09   1.751071e-14   120
  1.804708e-01   1.276227e-13   0.000000e+00   1.343800e-14   48
  1.816818e-01   1.885722e-13   2.825996e-04   1.279955e-14   216
  1.831848e-01   1.661713e-13   0.000000e+00   2.051998e-14   48
  1.838570e-01   1.523371e-13   2.247832e-09   1.340060e-14   96
  1.848128e-01   1.731543e-13   3.302618e-04   1.520514e-14   168
  1.858591e-01   1.380137e-13   2.247832e-09   1.974103e-14   48
  1.865217e-01   1.812179e-13   0.000000e+00   1.808423e-14   96
  1.871820e-01   1.745061e-13   0.000000e+00   3.176502e-14   48
  1.884956e-01   2.009217e-13   2.543132e-09   2.001991e-14   30
  1.891489e-01   1.268466e-13   0.000000e+00   1.030037e-14   96
  1.899298e-01   1.558886e-13   2.595564e-04   1.056383e-14   240
  1.909339e-01   2.136396e-13   2.800239e-04   2.943644e-14   32
  1.917401e-01   1.207349e-13   0.000000e+00   8.947396e-15   168
  1.923825e-01   1.427675e-13   0.000000e+00   1.399491e-14   120
  1.936608e-01   1.120856e-13   4.738846e-09   1.259654e-14   72
  1.942968e-01   1.822065e-13   2.119276e-09   1.673810e-14   144
  1.949307e-01   1.300220e-13   0.000000e+00   1.330488e-14   96
  1.955626e-01   1.711449e-13   0.000000e+00   1.370076e-14   96
  1.968202e-01   1.658505e-13   0.000000e+00   2.000018e-14   72
  1.974460e-01   1.389141e-13   3.178914e-09   1.346107e-14   96
  1.986918e-01   1.332189e-13   0.000000e+00   2.453264e-14   24
  1.993117e-01   1.542149e-13   0.000000e+00   1.138379e-14   192
  2.000418e-01   1.452646e-13   2.376333e-04   1.071204e-14   132
  2.011601e-01   1.541706e-13   0.000000e+00   1.393824e-14   96
  2.017724e-01   1.122910e-13   0.000000e+00   1.131892e-14   96
  2.023829e-01   1.464174e-13   2.543132e-09   1.248003e-14   120
  2.035985e-01   1.530270e-13   0.000000e+00   2.102108e-14   48
  2.045948e-01   9.795362e-14   2.879924e-04   6.416843e-15   222
  2.054083e-01   1.262078e-13   0.000000e+00   1.194971e-14   120
  2.060080e-01   1.407240e-13   3.893359e-09   2.835653e-14   24
  2.068812e-01   1.459064e-13   2.972500e-04   7.720853e-15   312
  2.087838e-01   1.577829e-13   2.786838e-04   1.757482e-14   72
  2.095704e-01   1.092032e-13   3.893359e-09   1.472499e-14   96
  2.103781e-01   1.320263e-13   2.838009e-04   9.981376e-15   192
  2.113290e-01   1.225269e-13   3.596531e-09   1.242831e-14   120
  2.119120e-01   1.213920e-13   0.000000e+00   1.247021e-14   144
  2.130732e-01   1.071273e-13   0.000000e+00   1.534356e-14   48
  2.138985e-01   1.054239e-13   2.853717e-04   6.139014e-15   336
  2.148032e-01   1.184417e-13   0.000000e+00   1.620570e-14   48
  2.159488e-01   1.058772e-13   0.000000e+00   9.260410e-15   192
  2.165193e-01   1.141023e-13   0.000000e+00   1.394378e-14   48
  2.181411e-01   1.122821e-13   1.980854e-04   1.359407e-14   56
  2.189475e-01   1.084758e-13   2.544090e-04   6.000730e-15   336
  2.199115e-01   1.069692e-13   2.825702e-09   1.523077e-14   54
  2.207512e-01   9.648066e-14   2.794324e-04   5.924241e-15   240
  2.224945e-01   9.568962e-14   2.675587e-04   7.086295e-15   228
  2.232521e-01   1.133114e-13   2.997109e-09   1.447267e-14   72
  2.239875e-01   1.115435e-13   2.595385e-04   8.282557e-15   144
  2.249038e-01   8.994317e-14   0.000000e+00   8.777378e-15   96
  2.254517e-01   9.252539e-14   3.596531e-09   5.802428e-15   240
  2.265435e-01   8.304458e-14   3.178914e-09   1.595808e-14   24
  2.272424e-01   9.702831e-14   2.451321e-04   5.780397e-15   336
  2.281713e-01   9.106466e-14   0.000000e+00   1.071881e-14   72
  2.290193e-01   1.077508e-13   2.666265e-04   7.777085e-15   168
  2.297877e-01   7.047540e-14   0.000000e+00   6.237053e-15   72
  2.308590e-01   1.079562e-13   0.000000e+00   9.896207e-15   96
  2.316886e-01   9.187962e-14   2.646263e-04   6.536035e-15   216
  2.324566e-01   6.901593e-14   0.000000e+00   5.136471e-15   96
  2.335157e-01   8.364574e-14   3.178914e-09   5.628362e-15   192
  2.340434e-01   8.177781e-14   2.997109e-09   6.378018e-15   144
  2.350953e-01   8.639837e-14   0.000000e+00   1.118862e-14   48
  2.358236e-01   8.882206e-14   2.551309e-04   6.030569e-15   246
  2.368131e-01   1.083262e-13   2.352347e-04   8.388888e-15   168
  2.377046e-01   8.449360e-14   6.229375e-09   8.436230e-15   120
  2.382231e-01   7.035462e-14   0.000000e+00   4.808056e-15   240
  2.392566e-01   4.974156e-14   0.000000e+00   1.010310e-14   24
  2.400800e-01   7.989978e-14   2.517980e-04   4.988649e-15   360
  2.411056e-01   7.401793e-14   2.507265e-04   5.511682e-15   120
  2.418210e-01   8.700368e-14   0.000000e+00   6.987398e-15   144
  2.423307e-01   8.514728e-14   0.000000e+00   7.514979e-15   96
  2.438532e-01   8.112122e-14   0.000000e+00   6.515120e-15   144
  2.443586e-01   8.685360e-14   0.000000e+00   7.416506e-15   132
  2.450688e-01   7.876547e-14   2.474633e-04   5.767727e-15   176
  2.460999e-01   7.763017e-14   2.498881e-04   3.947445e-15   312
  2.473693e-01   1.095142e-13   0.000000e+00   1.666287e-14   96
  2.478675e-01   7.386589e-14   0.000000e+00   6.445106e-15   144
  2.486319e-01   7.751358e-14   2.473817e-04   4.305919e-15   312
  2.498505e-01   9.067971e-14   0.000000e+00   8.989687e-15   48
  2.503437e-01   6.753428e-14   3.178914e-09   5.038299e-15   192
  2.513274e-01   2.239712e-14   0.000000e+00   6.902725e-15   6
  2.519810e-01   6.452980e-14   2.307253e-04   3.552165e-15   288
  2.530395e-01   6.224898e-14   2.437763e-04   4.419668e-15   192
  2.537699e-01   5.934769e-14   7.476104e-09   3.798684e-15   216
  2.542556e-01   7.459051e-14   0.000000e+00   1.012224e-14   72
  2.554657e-01   6.078548e-14   2.414611e-04   4.686527e-15   192
  2.562693e-01   7.923777e-14   1.792979e-04   4.680918e-15   288
  2.571504e-01   6.793654e-14   0.000000e+00   1.311514e-14   24
  2.578312e-01   7.292059e-14   2.362101e-04   3.154796e-15   456
  2.590624e-01   4.624522e-14   0.000000e+00   6.799472e-15   48
  2.598231e-01   6.597336e-14   2.326575e-04   4.834292e-15   240
  2.606974e-01   7.389584e-14   2.351266e-04   4.712465e-15   216
  2.614326e-01   5.805415e-14   0.000000e+00   7.120224e-15   72
  2.619041e-01   6.019774e-14   8.123736e-09   4.747234e-15   168
  2.632353e-01   6.977650e-14   1.747662e-04   4.225022e-15   288
  2.639818e-01   6.811136e-14   2.312456e-04   4.673477e-15   168
  2.651809e-01   7.684597e-14   0.000000e+00   5.312543e-15   192
  2.656458e-01   6.153050e-14   2.997109e-09   4.370443e-15   144
  2.665730e-01   7.561029e-14   2.997109e-09   9.390844e-15   36
  2.673593e-01   5.109028e-14   2.111764e-04   2.616463e-15   342
  2.681111e-01   6.041069e-14   2.168525e-04   4.575930e-15   144
  2.690776e-01   5.733461e-14   2.274240e-04   2.942203e-15   384
  2.702500e-01   6.707798e-14   6.229375e-09   6.103282e-15   120
  2.708303e-01   6.718585e-14   2.027960e-04   4.166393e-15   264
  2.716161e-01   5.729045e-14   1.005261e-08   4.174340e-15   192
  2.723561e-01   6.291290e-14   2.185515e-04   4.798174e-15   152
  2.729753e-01   5.725251e-14   5.994218e-09   5.167598e-15   144
  2.742778e-01   4.780727e-14   1.414487e-04   3.497301e-15   216
  2.748807e-01   6.159770e-14   1.890132e-04   3.360266e-15   312
  2.759419e-01   5.284057e-14   2.190625e-04   2.935156e-15   240
  2.765672e-01   6.359396e-14   3.178914e-09   6.580986e-15   96
  2.777541e-01   5.737870e-14   2.094396e-04   4.623973e-15   144
  2.784857e-01   5.469772e-14   2.058607e-04   2.636844e-15   456
  2.796723e-01   4.367848e-14   0.000000e+00   2.852000e-15   120
  2.801131e-01   4.739869e-14   0.000000e+00   4.352599e-15   144
  2.809926e-01   3.536275e-14   4.495664e-09   5.841916e-15   24
  2.815564e-01   5.450600e-14   1.978798e-04   2.750242e-15   336
  2.825316e-01   5.080762e-14   2.182345e-04   3.994435e-15   198
  2.834454e-01   5.004418e-14   2.122205e-04   2.618075e-15   432
  2.844833e-01   5.182529e-14   6.357829e-09   5.267942e-15   48
  2.850248e-01   5.782771e-14   1.873540e-04   2.985198e-15   384
  2.859970e-01   5.524677e-14   2.156842e-04   4.541403e-15   144
  2.868780e-01   5.361818e-14   2.141460e-04   3.075792e-15   264
  2.879317e-01   4.290819e-14   0.000000e+00   4.122601e-15   48
  2.886387e-01   5.011412e-14   2.036179e-04   3.021964e-15   276
  2.893208e-01   4.446572e-14   1.845741e-04   3.660085e-15   192
  2.902325e-01   4.676571e-14   2.074207e-04   1.963772e-15   552
  2.913393e-01   3.270482e-14   5.086263e-09   2.868025e-15   120
  2.919972e-01   5.100405e-14   2.099609e-04   3.437612e-15   216
  2.926069e-01   4.487978e-14   5.086263e-09   3.517549e-15   120
  2.936961e-01   5.162553e-14   2.067600e-04   2.637737e-15   408
  2.947075e-01   4.769668e-14   4.495664e-09   6.384079e-15   24
  2.953347e-01   4.162702e-14   2.088648e-04   2.333884e-15   384
  2.962106e-01   4.118386e-14   2.040684e-04   2.849422e-15   240
  2.969712e-01   4.008228e-14   2.055628e-04   2.725427e-15   168
  2.980376e-01   3.588667e-14   0.000000e+00   3.471203e-15   120
  2.987251e-01   4.334519e-14   2.142884e-04   2.191918e-15   350
  2.998430e-01   4.281288e-14   3.527601e-04   2.237731e-15   384
  3.005110e-01   4.608055e-14   0.000000e+00   4.138210e-15   144
  3.017401e-01   3.653488e-14   4.238553e-09   2.117413e-15   288
  3.023819e-01   3.790478e-14   2.019242e-04   1.813782e-15   336
  3.032549e-01   4.599361e-14   1.838353e-04   3.370248e-15   168
  3.037776e-01   4.046709e-14   1.204945e-08   2.389485e-15   336
  3.048586e-01   3.622173e-14   1.908100e-04   2.222665e-15   288
  3.055078e-01   3.688256e-14   1.797918e-04   2.250284e-15   264
  3.066072e-01   4.007519e-14   0.000000e+00   2.488621e-15   240
  3.070093e-01   3.931775e-14   0.000000e+00   3.274170e-15   96
  3.084525e-01   4.255279e-14   2.445048e-04   2.155082e-15   360
  3.091260e-01   4.140797e-14   1.802420e-04   3.467353e-15   168
  3.099770e-01   4.013233e-14   1.964825e-04   1.767286e-15   456
  3.110018e-01   3.667465e-14   5.651403e-09   3.303717e-15   108
  3.115782e-01   3.848205e-14   1.971449e-04   2.771163e-15   264
  3.122973e-01   3.604362e-14   1.758853e-04   2.283095e-15   264
  3.132820e-01   4.095281e-14   1.659735e-04   2.476126e-15   312
  3.145081e-01   4.000571e-14   1.233364e-04   2.547868e-15   270
  3.150220e-01   3.654567e-14   1.565911e-04   2.498880e-15   240
  3.159458e-01   3.725349e-14   1.937229e-04   1.803183e-15   384
  3.165067e-01   3.202496e-14   6.357829e-09   2.135617e-15   192
  3.175962e-01   3.876624e-14   1.554368e-04   2.734929e-15   240
  3.182281e-01   3.614914e-14   1.918342e-04   1.928825e-15   336
  3.194167e-01   3.743144e-14   1.931178e-04   1.667417e-15   480
  3.203808e-01   3.740075e-14   4.238553e-09   4.377884e-15   72
  3.209194e-01   3.809145e-14   1.883074e-04   2.383201e-15   240
  3.216520e-01   3.382486e-14   1.769831e-04   1.971800e-15   312
  3.224917e-01   3.218561e-14   1.912763e-04   2.231868e-15   240
  3.237607e-01   3.514356e-14   1.453205e-04   1.705548e-15   408
  3.242630e-01   3.301403e-14   1.330785e-04   1.895311e-15   336
  3.252448e-01   3.469183e-14   1.689770e-04   2.473051e-15   264
  3.257273e-01   4.191546e-14   0.000000e+00   3.484790e-15   144
  3.270696e-01   3.403017e-14   2.342121e-04   1.609674e-15   464
  3.277768e-01   2.624088e-14   1.862466e-04   1.875575e-15   168
  3.284751e-01   4.189988e-14   1.696301e-04   2.215144e-15   336
  3.297371e-01   3.252097e-14   1.782296e-04   1.639079e-15   414
  3.304484e-01   3.617263e-14   1.855264e-04   2.264583e-15   216
  3.313598e-01   3.223800e-14   4.495664e-09   3.200178e-15   96
  3.317320e-01   3.185343e-14   1.101208e-08   1.436734e-15   384
  3.330355e-01   3.368023e-14   1.851680e-04   1.667872e-15   492
  3.337341e-01   2.630745e-14   1.810784e-04   1.597619e-15   240
  3.345237e-01   2.662966e-14   1.838580e-04   1.519272e-15   312
  3.356141e-01   3.266614e-14   1.837975e-04   2.579491e-15   192
  3.363048e-01   3.207077e-14   1.781220e-04   1.451583e-15   504
  3.372212e-01   3.049739e-14   1.179198e-04   1.534381e-15   408
  3.379427e-01   3.498766e-14   3.612619e-04   2.736447e-15   168
  3.388456e-01   2.762737e-14   1.716026e-04   1.765981e-15   288
  3.396033e-01   2.848254e-14   1.790820e-04   1.901668e-15   288
  3.403794e-01   3.096872e-14   1.801128e-04   1.512135e-15   432
  3.415052e-01   3.236632e-14   1.703267e-04   2.165384e-15   216
  3.421068e-01   2.988059e-14   1.699674e-04   1.417229e-15   360
  3.431777e-01   3.173664e-14   1.658865e-04   1.787715e-15   312
  3.441442e-01   3.347719e-14   0.000000e+00   5.289389e-15   48
  3.447014e-01   2.897054e-14   1.778543e-04   1.437771e-15   432
  3.456992e-01   2.707957e-14   2.966627e-04   1.262083e-15   414
  3.462885e-01   2.750164e-14   6.776666e-09   1.530711e-15   312
  3.473878e-01   2.977162e-14   2.603051e-04   1.252549e-15   528
  3.481296e-01   2.961763e-14   1.366381e-04   1.844217e-15   264
  3.490209e-01   2.677695e-14   1.620153e-04   1.322413e-15   480
  3.501854e-01   2.741435e-14   0.000000e+00   1.450458e-15   288
  3.506883e-01   2.857233e-14   1.740804e-04   2.333867e-15   168
  3.516084e-01   2.767961e-14   2.755688e-04   1.155082e-15   504
  3.526429e-01   2.982733e-14   4.238553e-09   2.123965e-15   144
  3.532937e-01   2.592111e-14   1.769812e-04   1.189826e-15   464
  3.542716e-01   2.324709e-14   2.597299e-04   1.089634e-15   432
  3.547358e-01   3.031192e-14   4.495664e-09   2.109284e-15   192
  3.559351e-01   2.458057e-14   1.925466e-04   1.095833e-15   396
  3.566434e-01   2.607083e-14   1.729600e-04   1.559942e-15   288
  3.573592e-01   2.646667e-14   1.708549e-04   1.441517e-15   336
  3.585027e-01   2.444532e-14   1.081887e-04   1.058371e-15   432
  3.592283e-01   2.617191e-14   2.804101e-04   1.284416e-15   360
  3.600431e-01   2.584407e-14   1.658667e-04   1.240687e-15   384
  3.612003e-01   2.151669e-14   1.464092e-04   1.656217e-15   198
  3.617579e-01   2.491164e-14   1.664197e-04   9.530247e-16   552
  3.627976e-01   2.051880e-14   2.329761e-04   1.080821e-15   432
  3.636656e-01   2.684676e-14   8.899106e-09   2.019440e-15   168
  3.643942e-01   2.459067e-14   2.888052e-04   1.095744e-15   480
  3.653579e-01   1.835062e-14   0.000000e+00   1.665740e-15   120
  3.657917e-01   2.256138e-14   2.358836e-04   1.356965e-15   336
  3.668502e-01   2.450855e-14   1.664122e-04   8.571720e-16   672
  3.678969e-01   2.408251e-14   2.420693e-04   1.088020e-15   528
  3.683844e-01   2.275535e-14   7.266090e-09   1.447942e-15   168
  3.695106e-01   2.353726e-14   2.700266e-04   1.031194e-15   456
  3.701979e-01   2.608514e-14   1.649075e-04   2.326715e-15   168
  3.709113e-01   2.382960e-14   1.646115e-04   1.156067e-15   504
  3.720973e-01   2.242577e-14   2.118297e-04   1.243598e-15   336
  3.728144e-01   2.529377e-14   1.527042e-04   1.394302e-15   312
  3.736099e-01   2.378131e-14   1.492023e-04   1.042511e-15   504
  3.746568e-01   2.255401e-14   1.035207e-04   9.550595e-16   432
  3.751490e-01   2.052709e-14   1.599738e-04   1.181701e-15   312
  3.761721e-01   2.143896e-14   1.639809e-04   9.831489e-16   384
  3.772403e-01   2.433480e-14   1.393208e-04   2.250235e-15   126
  3.778999e-01   2.210726e-14   2.446141e-04   1.103478e-15   492
  3.787423e-01   2.246316e-14   1.566756e-04   9.216945e-16   528
  3.797950e-01   2.110516e-14   1.591488e-04   9.120807e-16   480
  3.804477e-01   2.223262e-14   2.198632e-04   1.028233e-15   432
  3.813922e-01   2.328957e-14   1.728933e-04   1.051838e-15   440
  3.824891e-01   2.047502e-14   8.597912e-05   1.180380e-15   312
  3.829007e-01   2.242800e-14   1.288469e-04   1.222009e-15   480
  3.837450e-01   2.039057e-14   2.522797e-04   1.052018e-15   408
  3.849786e-01   2.036463e-14   1.510870e-04   1.011352e-15   360
  3.854998e-01   1.986479e-14   1.457935e-04   9.899590e-16   408
  3.864656e-01   1.994173e-14   1.483633e-04   9.024246e-16   456
  3.875531e-01   2.108657e-14   1.417988e-04   1.244015e-15   264
  3.881567e-01   1.923094e-14   1.538873e-04   1.029554e-15   384
  3.890354e-01   2.025330e-14   2.590801e-04   7.959600e-16   672
  3.900512e-01   1.941509e-14   1.549634e-04   1.268004e-15   240
  3.906373e-01   2.034607e-14   1.572490e-04   1.178515e-15   264
  3.914646e-01   1.770510e-14   1.939407e-04   7.622581e-16   624
  3.926991e-01   2.173582e-14   0.000000e+00   1.674426e-15   150
  3.931386e-01   2.051672e-14   2.173259e-04   8.999789e-16   600
  3.940655e-01   1.756383e-14   1.499928e-04   7.331527e-16   672
  3.951151e-01   1.918579e-14   1.410788e-04   1.116012e-15   336
  3.956998e-01   1.934579e-14   1.534526e-04   9.678049e-16   408
  3.966340e-01   1.795452e-14   1.530911e-04   8.840420e-16   408
  3.976732e-01   1.700012e-14   7.741108e-05   8.691982e-16   360
  3.983137e-01   1.910312e-14   2.842286e-04   8.887597e-16   456
  3.990874e-01   1.756449e-14   1.545652e-04   7.934600e-16   384
  4.000722e-01   2.101931e-14   1.426833e-04   1.052250e-15   348
  4.006044e-01   1.791059e-14   1.759003e-04   7.447310e-16   576
  4.016040e-01   1.841586e-14   1.448308e-04   8.485501e-16   504
  4.026266e-01   1.782020e-14   2.042754e-04   8.155150e-16   432
  4.035193e-01   1.632127e-14   2.779157e-04   6.486102e-16   576
  4.041559e-01   1.747669e-14   0.000000e+00   1.011110e-15   264
  4.051657e-01   1.759300e-14   2.211515e-04   6.080281e-16   768
  4.060439e-01   2.072391e-14   2.977401e-04   1.388859e-15   240
  4.067421e-01   1.658779e-14   2.625786e-04   1.267284e-15   192
  4.077592e-01   1.652094e-14   1.932899e-04   6.881969e-16   504
  4.085134e-01   1.549787e-14   2.604655e-04   6.382577e-16   590
  4.092368e-01   1.599003e-14   2.918373e-04   7.907087e-16   384
  4.101438e-01   1.676182e-14   2.438900e-04   7.517971e-16   504
  4.112389e-01   1.756094e-14   2.347064e-04   6.447501e-16   648
  4.123011e-01   1.666823e-14   6.374317e-05   7.246483e-16   504
  4.127294e-01   1.718013e-14   1.454101e-04   8.813125e-16   312
  4.134855e-01   1.487518e-14   2.095003e-04   5.636655e-16   576
  4.145236e-01   1.570534e-14   1.457924e-04   9.840476e-16   240
  4.151287e-01   1.531850e-14   1.473162e-04   6.220613e-16   552
  4.159853e-01   1.666987e-14   1.383265e-04   6.622017e-16   600
  4.172054e-01   1.542450e-14   1.689549e-04   5.614899e-16   600
  4.179389e-01   1.692853e-14   2.705679e-04   9.984716e-16   312
  4.186695e-01   1.649153e-14   2.356379e-04   7.233303e-16   480
  4.195820e-01   1.689819e-14   1.470154e-04   6.838033e-16   576
  4.203854e-01   1.608317e-14   2.367268e-04   8.126378e-16   408
  4.210983e-01   1.622313e-14   2.761527e-04   1.001916e-15   216
  4.220194e-01   1.343107e-14   2.115019e-04   6.014048e-16   516
  4.230063e-01   1.608891e-14   2.017943e-04   6.303860e-16   744
  4.240243e-01   1.490101e-14   1.347808e-04   6.860908e-16   462
  4.245995e-01   1.598463e-14   1.369852e-04   7.795049e-16   432
  4.254918e-01   1.597793e-14   1.270838e-04   5.659395e-16   648
  4.265409e-01   1.609710e-14   1.859472e-04   6.641228e-16   528
  4.273836e-01   1.365847e-14   2.239269e-04   5.705292e-16   600
  4.282256e-01   1.360071e-14   2.823132e-04   1.031844e-15   240
  4.290411e-01   1.391066e-14   2.162492e-04   5.041607e-16   720
  4.299890e-01   1.572343e-14   1.710922e-04   5.549999e-16   720
  4.310398e-01   1.282998e-14   0.000000e+00   9.444664e-16   144
  4.315927e-01   1.344218e-14   2.205891e-04   4.805891e-16   720
  4.323793e-01   1.637245e-14   1.322696e-04   8.926557e-16   384
  4.333641e-01   1.404663e-14   1.466278e-04   5.415745e-16   672
  4.342984e-01   1.412711e-14   2.567292e-04   7.391238e-16   336
  4.347447e-01   1.581725e-14   0.000000e+00   9.642185e-16   288
  4.358374e-01   1.361227e-14   2.031840e-04   4.735838e-16   776
  4.368489e-01   1.492085e-14   1.738547e-04   5.656466e-16   720
  4.376985e-01   1.427950e-14   1.400528e-04   7.384240e-16   432
  4.383780e-01   1.376891e-14   1.996629e-04   7.341424e-16   504
  4.391339e-01   1.299791e-14   1.398922e-04   5.758646e-16   528
  4.401917e-01   1.372678e-14   1.905949e-04   6.365353e-16   438
  4.410618e-01   1.239709e-14   2.218350e-04   4.989104e-16   624
  4.417176e-01   1.448063e-14   2.717180e-04   7.864616e-16   312
  4.426191e-01   1.352332e-14   1.463948e-04   4.842106e-16   696
  4.435512e-01   1.300713e-14   1.324608e-04   5.519469e-16   552
  4.445207e-01   1.208044e-14   1.024805e-04   4.940702e-16   516
  4.451205e-01   1.260744e-14   2.046970e-04   5.150083e-16   528
  4.458506e-01   1.265622e-14   1.331200e-04   5.873279e-16   528
  4.468878e-01   1.270319e-14   1.755583e-04   4.483653e-16   864
  4.475918e-01   1.134359e-14   2.404788e-04   5.280885e-16   408
  4.482965e-01   1.242828e-14   2.382549e-04   8.325891e-16   192
  4.492953e-01   1.287102e-14   1.971674e-04   4.724255e-16   720
  4.501385e-01   1.128336e-14   1.817980e-04   3.999063e-16   696
  4.511404e-01   1.266751e-14   1.963435e-04   4.551244e-16   720
  4.520570e-01   1.189204e-14   2.661201e-04   5.667933e-16   432
  4.525916e-01   1.115721e-14   1.566487e-04   6.795522e-16   264
  4.535534e-01   1.247023e-14   2.163249e-04   4.566087e-16   672
  4.544137e-01   1.220660e-14   2.214835e-04   4.846761e-16   600
  4.554346e-01   1.196255e-14   1.296784e-04   7.639597e-16   270
  4.559493e-01   1.190232e-14   1.952021e-04   5.283742e-16   528
  4.567673e-01   1.305829e-14   1.336675e-04   4.936742e-16   840
  4.578890e-01   1.217311e-14   2.555961e-04   4.215763e-16   888
  4.589254e-01   1.180486e-14   1.904380e-04   4.595607e-16   744
  4.598014e-01   1.289730e-14   9.785730e-05   6.359602e-16   456
  4.602370e-01   1.111673e-14   1.337280e-04   5.271806e-16   360
  4.609825e-01   1.148873e-14   1.158678e-04   5.387974e-16   384
  4.621264e-01   1.215200e-14   1.858509e-04   4.328501e-16   816
  4.629847e-01   1.206472e-14   2.696437e-04   4.054994e-16   824
  4.640279e-01   1.169507e-14   1.253432e-04   6.377275e-16   360
  4.645865e-01   1.322774e-14   1.849595e-04   5.405601e-16   624
  4.653553e-01   1.026176e-14   1.249856e-04   5.013830e-16   360
  4.663795e-01   1.161595e-14   1.700172e-04   3.835921e-16   876
  4.673045e-01   1.085701e-14   2.019296e-04   4.471545e-16   696
  4.682373e-01   1.219902e-14   1.303928e-04   6.541859e-16   336
  4.687264e-01   1.208841e-14   1.302463e-04   5.612612e-16   504
  4.695341e-01   1.124007e-14   1.313750e-04   4.085986e-16   672
  4.707324e-01   1.047064e-14   2.615370e-04   3.880203e-16   720
  4.715635e-01   1.022168e-14   1.975633e-04   4.055799e-16   774
  4.724808e-01   1.106855e-14   1.130801e-04   5.285486e-16   384
  4.729612e-01   1.093153e-14   2.176147e-04   4.824974e-16   528
  4.737068e-01   1.109677e-14   2.073989e-04   3.977738e-16   744
  4.749062e-01   1.120555e-14   1.710601e-04   3.972675e-16   768
  4.757025e-01   1.087050e-14   1.920278e-04   4.502381e-16   552
  4.766960e-01   1.013373e-14   2.092886e-04   3.861647e-16   696
  4.774351e-01   1.124214e-14   2.543221e-04   5.899361e-16   408
  4.780218e-01   1.040170e-14   1.098692e-04   4.682759e-16   504
  4.789519e-01   1.009211e-14   1.973758e-04   3.584503e-16   888
  4.798671e-01   9.756208e-15   2.051305e-04   3.826976e-16   648
  4.808184e-01   1.000246e-14   2.033722e-04   4.147054e-16   648
  4.817134e-01   1.031080e-14   2.192851e-04   3.628013e-16   792
  4.826614e-01   9.927109e-15   3.208291e-04   4.034016e-16   600
  4.833600e-01   9.621727e-15   2.174285e-04   4.571860e-16   456
  4.840953e-01   1.038528e-14   1.059654e-04   3.997601e-16   648
  4.850397e-01   9.565358e-15   2.066479e-04   3.041519e-16   936
  4.860593e-01   9.672094e-15   1.269084e-04   4.597909e-16   384
  4.869469e-01   9.868200e-41   0.000000e+00   3.388147e-41   198
  4.876318e-01   6.699064e-41   3.219776e-04   2.002852e-42   1224
  4.883707e-01   6.692874e-41   2.344988e-04   3.669359e-42   420
  4.892446e-01   7.016481e-41   2.269458e-04   2.439988e-42   792
  4.900991e-01   6.685883e-41   1.876648e-04   2.699834e-42   680
  4.910742e-01   6.525009e-41   1.723226e-04   2.449534e-42   600
  4.918588e-01   6.532651e-41   2.499151e-04   2.312219e-42   840
  4.929064e-01   7.004853e-41   1.179983e-04   3.839402e-42   432
  4.933067e-01   6.438694e-41   1.105800e-04   2.226059e-42   720
  4.941771e-01   7.188910e-41   2.214723e-04   2.345803e-42   960
  4.952596e-01   6.241084e-41   1.974263e-04   2.654233e-42   528
  4.960507e-01   6.737164e-41   2.018074e-04   2.649984e-42   624
  4.969923e-01   6.557909e-41   1.586192e-04   2.066924e-42   816
  4.979269e-01   6.146979e-41   2.608527e-04   2.166535e-42   696
  4.989597e-01   7.619972e-41   1.438612e-08   5.239069e-42   240
  4.993481e-01   6.888686e-41   1.538310e-04   2.409126e-42   672
  5.002149e-01   6.759854e-41   2.749181e-04   2.183578e-42   864
  5.011872e-01   6.398154e-41   2.109550e-04   2.275193e-42   816
  5.020636e-01   6.847221e-41   1.207434e-04   2.946566e-42   648
  5.030076e-01   6.981370e-41   1.234217e-04   3.146925e-42   843
  5.038089e-01   7.088357e-41   2.220660e-04   2.559335e-42   780
  5.047639e-01   7.631803e-41   1.191565e-04   4.899206e-42   216
  5.053529e-01   6.787217e-41   2.873328e-04   2.012902e-42   1056
  5.062588e-01   7.373266e-41   2.350705e-04   5.145333e-42   228
  5.070976e-01   6.859791e-41   2.926687e-04   2.340518e-42   924
  5.079587e-01   7.349248e-41   1.085637e-04   2.809605e-42   696
  5.088706e-01   7.761925e-41   1.932122e-04   2.496666e-42   996
  5.098035e-01   6.995160e-41   1.140687e-04   3.106536e-42   576
  5.107740e-01   7.597302e-41   1.760574e-04   3.394773e-42   552
  5.114815e-01   7.845357e-41   2.102064e-04   3.617030e-42   516
  5.121995e-01   7.246093e-41   3.056837e-04   2.483569e-42   744
  5.130199e-01   7.288968e-41   1.499561e-04   2.763069e-42   576
  5.137336e-01   7.199473e-41   1.543428e-04   2.468567e-42   792
  5.147477e-01   7.394518e-41   1.764424e-04   2.722790e-42   792
  5.154909e-01   6.953415e-41   1.902913e-04   2.695769e-42   720
  5.164960e-01   7.225122e-41   2.168883e-04   2.805506e-42   656
  5.174379e-01   7.828680e-41   2.368308e-04   2.736978e-42   816
  5.184034e-01   8.539020e-41   1.276952e-04   3.404258e-42   492
  5.189522e-01   7.615210e-41   1.836985e-04   3.222551e-42   552
  5.199822e-01   7.841304e-41   3.194294e-04   2.731708e-42   780
  5.206511e-01   7.232036e-41   1.962217e-04   3.232534e-42   528
  5.213718e-01   7.666754e-41   2.290504e-04   2.759424e-42   600
  5.224340e-01   7.901754e-41   1.903590e-04   2.513208e-42   900
  5.231662e-01   7.294079e-41   1.053860e-04   2.763130e-42   696
  5.241734e-01   7.241453e-41   2.664725e-04   2.845251e-42   696
  5.251479e-01   6.933566e-41   1.081054e-04   2.968764e-42   552
  5.259673e-01   7.782655e-41   1.257166e-04   3.278642e-42   708
  5.268258e-01   7.883841e-41   2.075652e-04   2.795553e-42   876
  5.277190e-01   7.820540e-41   1.102130e-04   4.672165e-42   216
  5.283184e-01   8.260958e-41   3.014475e-04   2.619952e-42   1032
  5.292161e-01   8.344654e-41   3.356286e-04   3.319786e-42   600
  5.301478e-01   7.894246e-41   1.601495e-04   3.364863e-42   600
  5.308585e-01   8.438004e-41   2.828090e-04   3.737825e-42   528
  5.316987e-01   7.273588e-41   1.552497e-04   2.637029e-42   732
  5.325837e-01   7.954890e-41   1.146378e-04   3.940371e-42   336
  5.336024e-01   8.226715e-41   1.633817e-04   2.814048e-42   912
  5.343638e-01   8.328529e-41   1.639857e-04   3.416363e-42   624
  5.351957e-01   8.272872e-41   1.381873e-04   2.919679e-42   768
  5.361666e-01   8.460741e-41   2.493171e-04   3.324332e-42   792
  5.371196e-01   8.618622e-41   1.236011e-04   3.103449e-42   660
  5.377977e-01   8.380731e-41   1.821461e-04   3.465492e-42   504
  5.384990e-01   7.863126e-41   2.975919e-04   3.670686e-42   480
  5.395501e-01   8.545932e-41   2.752337e-04   2.788585e-42   912
  5.403731e-01   8.442541e-41   3.065154e-04   4.164540e-42   432
  5.411504e-01   8.656102e-41   1.820016e-04   3.785477e-42   564
  5.418405e-01   8.784605e-41   1.742006e-04   3.376659e-42   600
  5.428119e-01   8.505244e-41   2.428192e-04   2.873787e-42   876
  5.435417e-01   7.942144e-41   1.091788e-04   5.285773e-42   264
  5.445477e-01   9.202938e-41   2.118499e-04   4.212525e-42   560
  5.453563e-01   9.076339e-41   1.439565e-04   3.456109e-42   840
  5.463378e-01   9.421938e-41   2.219395e-04   3.157770e-42   1008
  5.472454e-01   8.170602e-41   9.928084e-05   3.360739e-42   456
  5.480744e-01   9.642144e-41   1.286043e-04   4.112405e-42   576
  5.488407e-01   9.743408e-41   1.976142e-04   4.228758e-42   612
  5.498512e-01   8.213036e-41   1.765015e-04   2.934326e-42   780
  5.506755e-01   9.900764e-41   2.022627e-04   3.655796e-42   648
  5.515194e-01   8.887216e-41   9.425702e-05   4.553937e-42   312
  5.520587e-01   9.434682e-41   2.394916e-04   4.249138e-42   528
  5.529931e-01   8.779269e-41   3.127641e-04   3.250295e-42   720
  5.538866e-01   8.993611e-41   3.137436e-04   3.725089e-42   576
  5.549699e-01   9.194043e-41   2.706443e-04   4.405987e-42   444
  5.556439e-01   9.974829e-41   2.654148e-04   3.153269e-42   996
  5.564699e-01   9.261098e-41   2.217012e-04   4.803265e-42   432
  5.572506e-01   9.923287e-41   2.427192e-04   4.590097e-42   504
  5.579250e-01   9.274987e-41   1.094306e-04   4.247058e-42   504
  5.588852e-01   9.161261e-41   2.153608e-04   3.060940e-42   876
  5.597541e-01   9.518503e-41   2.478597e-04   3.979406e-42   504
  5.606589e-01   9.583204e-41   1.580720e-04   3.539582e-42   696
  5.614066e-01   9.397405e-41   1.351349e-04   4.308579e-42   492
  5.624240e-01   1.011751e-40   1.934522e-04   4.003559e-42   432
  5.631776e-01   9.783268e-41   1.811468e-04   3.220458e-42   768
  5.640708e-01   9.101783e-41   2.256427e-04   3.638958e-42   648
  5.649237e-01   1.008882e-40   1.472076e-04   4.831640e-42   456
  5.659038e-01   8.905182e-41   2.024344e-04   3.814818e-42   552
  5.665845e-01   9.960676e-41   1.387487e-04   3.545509e-42   648
  5.675213e-01   1.014486e-40   2.261525e-04   3.451961e-42   840
  5.684363e-01   9.779914e-41   1.078474e-04   4.773532e-42   432
  5.693524e-01   8.598968e-41   1.320946e-04   3.408108e-42   600
  5.699896e-01   1.104289e-40   1.407382e-04   4.845802e-42   432
  5.710598e-01   1.095234e-40   1.401185e-04   4.399715e-42   560
  5.717846e-01   1.092024e-40   2.217929e-04   3.651023e-42   840
  5.726922e-01   9.714760e-41   1.313712e-04   4.132894e-42   504
  5.734129e-01   1.041459e-40   2.681208e-04   3.786284e-42   696
  5.744289e-01   8.897615e-41   1.464380e-04   4.693166e-42   384
  5.752203e-01   1.014386e-40   2.145144e-04   3.893078e-42   576
  5.761776e-01   1.002213e-40   1.323876e-04   6.031250e-42   360
  5.769491e-01   1.034821e-40   1.971572e-04   3.669154e-42   828
  5.777814e-01   1.048343e-40   1.756051e-04   5.554411e-42   372
  5.785440e-01   1.077849e-40   2.681827e-04   4.638708e-42   576
  5.795542e-01   1.083307e-40   1.123146e-04   4.452661e-42   636
  5.802740e-01   1.042404e-40   2.165136e-04   4.123608e-42   648
  5.812477e-01   1.068462e-40   1.760019e-04   4.252488e-42   576
  5.819467e-01   1.060299e-40   2.839096e-04   4.197248e-42   528
  5.828762e-01   9.863340e-41   1.213831e-04   5.398508e-42   360
  5.836457e-01   9.851358e-41   2.792266e-04   3.822431e-42   672
  5.846504e-01   1.100347e-40   1.430245e-04   4.026286e-42   804
  5.854866e-01   1.050684e-40   1.577731e-04   4.858420e-42   408
  5.864116e-01   9.376590e-41   9.752092e-05   4.921417e-42   384
  5.870345e-01   1.127864e-40   2.231653e-04   5.209091e-42   480
  5.879130e-01   1.098091e-40   1.441975e-04   5.367281e-42   432
  5.887557e-01   1.023700e-40   2.657252e-04   3.876190e-42   648
  5.897530e-01   1.109335e-40   1.648813e-04   4.236368e-42   624
  5.904826e-01   1.108316e-40   1.499734e-04   5.336894e-42   456
  5.914788e-01   1.189291e-40   2.048770e-04   4.723629e-42   588
  5.921465e-01   1.133585e-40   1.307107e-04   4.799022e-42   600
  5.931212e-01   1.071375e-40   2.038766e-04   3.672767e-42   708
  5.938912e-01   1.236081e-40   1.284383e-04   6.445394e-42   360
  5.947420e-01   1.115754e-40   1.476433e-04   4.889052e-42   552
  5.955576e-01   1.100981e-40   1.035752e-04   6.655451e-42   288
  5.963856e-01   1.040958e-40   1.947498e-04   5.111971e-42   528
  5.971636e-01   1.170869e-40   1.313872e-04   5.256218e-42   456
  5.980328e-01   1.208957e-40   2.329780e-04   4.833854e-42   608
  5.989070e-01   1.115389e-40   1.127174e-04   4.923804e-42   504
  5.998623e-01   1.123216e-40   2.419978e-04   4.558154e-42   540
  6.006113e-01   1.170008e-40   2.597778e-04   6.047922e-42   360
  6.014188e-01   1.079084e-40   1.176407e-04   5.005649e-42   540
  6.021329e-01   1.195052e-40   1.010085e-04   4.729280e-42   576
  6.031714e-01   1.104799e-40   2.342044e-04   4.158047e-42   588
  6.041588e-01   1.292280e-40   3.231314e-04   5.408217e-42   672
  6.050070e-01   1.007086e-40   2.469721e-04   4.175815e-42   552
  6.056908e-01   1.370830e-40   2.470970e-04   1.010387e-41   144
  6.065633e-01   1.204091e-40   2.099342e-04   4.539355e-42   600
  6.073906e-01   1.109035e-40   2.630934e-04   4.902689e-42   504
  6.083088e-01   1.067441e-40   2.702501e-04   5.416875e-42   336
  6.092745e-01   1.248048e-40   3.037623e-04   5.208677e-42   600
  6.101395e-01   1.271549e-40   1.960382e-04   4.883521e-42   636
  6.110731e-01   1.248991e-40   1.576165e-04   6.234074e-42   384
  6.117276e-01   1.338816e-40   2.198564e-04   5.865166e-42   504
  6.126710e-01   1.453073e-40   9.227064e-05   1.069064e-41   240
  6.134155e-01   1.211180e-40   2.167569e-04   4.297156e-42   744
  6.143088e-01   1.118034e-40   1.480120e-04   3.934364e-42   648
  6.151027e-01   1.092694e-40   9.825476e-05   1.216510e-41   120
  6.160331e-01   1.084373e-40   1.543455e-04   4.419814e-42   564
  6.167362e-01   1.318341e-40   2.424089e-04   6.301809e-42   432
  6.176746e-01   1.290545e-40   1.881572e-04   5.824742e-42   480
  6.183811e-01   1.157596e-40   1.384885e-04   5.333567e-42   456
  6.192152e-01   1.252646e-40   2.291780e-04   5.837369e-42   444
  6.201616e-01   1.184121e-40   3.506544e-04   4.965857e-42   528
  6.209930e-01   1.153413e-40   2.604238e-04   7.457330e-42   264
  6.217998e-01   1.139569e-40   2.668956e-04   5.157637e-42   444
  6.228852e-01   1.333746e-40   2.923449e-04   5.279670e-42   696
  6.237861e-01   1.192009e-40   1.563558e-04   6.510705e-42   384
  6.244450e-01   1.292630e-40   1.975687e-04   5.639024e-42   432
  6.254698e-01   1.352809e-40   1.365107e-04   6.247612e-42   488
  6.261352e-01   1.206967e-40   2.057386e-04   5.193748e-42   480
  6.270999e-01   1.165185e-40   2.294412e-04   5.232334e-42   480
  6.278471e-01   1.208747e-40   9.626648e-05   6.616900e-42   240
  6.286954e-01   1.431047e-40   2.248709e-04   5.705800e-42   600
  6.294955e-01   1.438802e-40   1.959519e-04   8.426168e-42   288
  6.303474e-01   1.336177e-40   1.884914e-04   6.002444e-42   480
  6.312103e-01   1.506800e-40   3.352926e-04   6.648126e-42   504
  6.320598e-01   1.373651e-40   1.438614e-04   8.565775e-42   216
  6.331433e-01   1.310302e-40   2.355240e-04   5.714976e-42   504
  6.339871e-01   1.479765e-40   1.894329e-04   6.361959e-42   456
  6.349107e-01   1.283721e-40   1.086430e-04   6.921673e-42   384
  6.355225e-01   1.550307e-40   2.205061e-04   7.052840e-42   480
  6.363918e-01   1.346688e-40   1.936290e-04   6.460998e-42   504
  6.371972e-01   1.613405e-40   1.228262e-04   9.049975e-42   312
  6.380652e-01   1.501856e-40   1.979302e-04   6.738583e-42   492
  6.388334e-01   1.301304e-40   1.855135e-04   6.972039e-42   312
  6.398223e-01   1.266852e-40   3.013519e-04   4.604122e-42   576
  6.406929e-01   1.353516e-40   2.781722e-04   8.190846e-42   336
  6.414159e-01   1.376066e-40   2.141797e-04   8.323504e-42   240
  6.424183e-01   1.465960e-40   2.839481e-04   6.410202e-42   468
  6.432837e-01   1.175139e-40   1.777925e-04   1.008400e-41   192
  6.441896e-01   1.294243e-40   1.783224e-04   7.619915e-42   324
  6.448535e-01   1.445413e-40   1.294235e-04   5.832291e-42   600
  6.457583e-01   1.498895e-40   2.099764e-04   6.929737e-42   456
  6.464302e-01   1.311646e-40   9.444737e-05   7.857850e-42   336
  6.475438e-01   1.444847e-40   2.828021e-04   5.501459e-42   612
  6.483539e-01   1.467303e-40   2.373399e-04   1.283955e-41   144
  6.491201e-01   1.495548e-40   2.770366e-04   7.217360e-42   552
  6.501620e-01   1.357551e-40   1.091004e-04   7.940971e-42   264
  6.507507e-01   1.354518e-40   2.525953e-04   7.298847e-42   336
  6.516793e-01   1.361332e-40   1.669063e-04   7.450174e-42   384
  6.524847e-01   1.557688e-40   9.395175e-05   9.954009e-42   216
  6.533762e-01   1.580839e-40   1.991971e-04   7.684416e-42   344
  6.541891e-01   1.378299e-40   2.972114e-04   5.923168e-42   408
  6.551797e-01   1.630119e-40   2.283876e-04   1.210736e-41   264
  6.560575e-01   1.669788e-40   3.183837e-04   6.598979e-42   612
  6.569345e-01   1.422524e-40   1.638646e-04   6.110345e-42   408
  6.578364e-01   1.660964e-40   1.641001e-04   7.290137e-42   444
  6.584991e-01   1.435323e-40   9.177996e-05   1.265420e-41   120
  6.593870e-01   1.622710e-40   2.535712e-04   8.110719e-42   336
  6.600460e-01   1.618811e-40   8.811499e-05   9.368391e-42   288
  6.609366e-01   1.739706e-40   2.742154e-04   7.712366e-42   552
  6.621610e-01   1.518922e-40   0.000000e+00   1.373226e-41   72
  6.627906e-01   1.730703e-40   2.723657e-04   7.437421e-42   504
  6.635259e-01   1.479528e-40   8.764464e-05   8.903599e-42   216
  6.644787e-01   1.661111e-40   1.564835e-04   1.022736e-41   312
  6.653340e-01   1.491177e-40   1.781811e-04   7.579122e-42   336
  6.661492e-01   1.745023e-40   2.469789e-04   1.290453e-41   204
  6.669611e-01   1.643691e-40   2.870270e-04   7.512017e-42   504
  6.678221e-01   1.820726e-40   2.733322e-04   9.338543e-42   396
  6.686501e-01   1.582986e-40   2.506599e-04   9.736912e-42   312
  6.696540e-01   1.962681e-40   1.531800e-04   1.328288e-41   216
  6.703613e-01   1.500952e-40   8.313373e-05   1.089983e-41   168
  6.712208e-01   1.663222e-40   2.099173e-04   7.675467e-42   588
  6.722017e-01   1.983936e-40   2.849381e-04   1.285711e-41   240
  6.729637e-01   1.674225e-40   2.516481e-04   1.241427e-41   264
  6.738575e-01   1.535240e-40   3.112147e-04   8.221772e-42   288
  6.746505e-01   1.716371e-40   1.554077e-04   1.034186e-41   288
  6.756555e-01   1.923472e-40   1.459525e-04   9.483235e-42   288
  6.763322e-01   1.371927e-40   1.690738e-04   1.007628e-41   192
  6.771836e-01   1.404894e-40   1.799115e-04   8.694929e-42   264
  6.779946e-01   1.715771e-40   2.959295e-04   8.411989e-42   372
  6.788675e-01   1.419759e-40   3.196167e-04   7.240487e-42   360
  6.799329e-01   1.674075e-40   1.352648e-04   1.466044e-41   144
  6.804835e-01   1.453113e-40   1.878769e-04   8.755068e-42   296
  6.813527e-01   1.822414e-40   2.024276e-04   1.098775e-41   288
  6.823478e-01   1.506144e-40   3.025230e-04   6.561674e-42   480
  6.832061e-01   1.747712e-40   2.513677e-04   1.282223e-41   192
  6.840407e-01   1.842404e-40   2.696262e-04   1.414464e-41   192
  6.847993e-01   1.688656e-40   1.718359e-04   9.104126e-42   288
  6.858544e-01   1.793759e-40   1.495808e-04   1.619556e-41   108
  6.863859e-01   1.622477e-40   1.438036e-04   1.265534e-41   240
  6.873243e-01   1.736498e-40   2.682690e-04   9.052484e-42   384
  6.882884e-01   1.721027e-40   3.272578e-04   1.509972e-41   108
  6.891409e-01   1.727755e-40   1.918773e-04   8.574945e-42   348
  6.900373e-01   1.736362e-40   2.002507e-04   9.588431e-42   312
  6.908379e-01   1.450474e-40   1.945855e-04   1.493001e-41   96
  6.915741e-01   1.546867e-40   2.590555e-04   7.007210e-42   384
  6.923987e-01   1.650517e-40   1.781778e-04   1.205416e-41   144
  6.932053e-01   1.659450e-40   2.737780e-04   9.188454e-42   408
  6.942079e-01   1.820430e-40   1.221243e-04   1.545002e-41   144
  6.951550e-01   1.811177e-40   2.347853e-04   1.191011e-41   192
  6.957167e-01   1.657169e-40   2.642552e-04   1.098830e-41   144
  6.966323e-01   1.940115e-40   2.148492e-04   1.552096e-41   144
  6.974962e-01   1.817831e-40   2.625805e-04   9.542984e-42   336
  6.985541e-01   1.684403e-40   1.942763e-04   1.114717e-41   240
  6.992249e-01   1.751250e-40   8.821915e-05   1.719068e-41   96
  7.001605e-01   1.898705e-40   2.587043e-04   8.673595e-42   372
  7.011070e-01   1.824742e-40   3.077232e-04   1.330622e-41   132
  7.019384e-01   1.899386e-40   1.904154e-04   1.136304e-41   264
  7.026821e-01   1.604283e-40   1.462304e-04   1.246515e-41   168
  7.034759e-01   1.682272e-40   2.337943e-04   9.350557e-42   216
  7.041771e-01   1.846879e-40   1.430383e-04   1.139909e-41   216
  7.051983e-01   2.154168e-40   2.624157e-04   2.244266e-41   96
  7.061249e-01   1.996742e-40   1.712023e-04   1.731423e-41   120
  7.069747e-01   2.346149e-40   2.176463e-04   1.659575e-41   216
  7.076747e-01   2.107583e-40   9.511215e-05   1.384841e-41   200
  7.086015e-01   1.758180e-40   2.462045e-04   1.031079e-41   288
  7.097902e-01   2.145601e-40   6.478119e-05   2.017238e-41   144
  7.102908e-01   1.791714e-40   2.015951e-04   1.224811e-41   168
  7.113130e-01   1.587411e-40   2.268765e-04   1.439098e-41   159
  7.121109e-01   2.149352e-40   2.380480e-04   1.500289e-41   174
  7.128831e-01   1.976992e-40   2.158536e-04   1.786326e-41   144
  7.138943e-01   2.045136e-40   1.246398e-04   1.398877e-41   222
  7.145705e-01   1.927239e-40   1.257726e-04   1.734448e-41   168
  7.157386e-01   2.715296e-40   2.758677e-04   4.418594e-41   30
  7.162211e-01   2.385128e-40   2.435709e-04   2.073693e-41   72
  7.171298e-01   1.716718e-40   2.173841e-04   9.019145e-42   258
  7.181290e-01   1.901248e-40   1.361533e-04   1.164246e-41   264
  7.186286e-01   1.799665e-40   1.468278e-08   1.699728e-41   72
  7.196697e-01   2.134322e-40   2.698616e-04   1.701202e-41   174
  7.206123e-01   1.972444e-40   2.873527e-04   1.402550e-41   168
  7.213701e-01   1.955012e-40   8.991328e-09   2.918777e-41   48
  7.221837e-01   1.816472e-40   1.622748e-04   1.510697e-41   150
  7.231270e-01   1.768501e-40   2.985162e-04   1.381096e-41   168
  7.240729e-01   2.075373e-40   1.818422e-04   1.555521e-41   144
  7.249427e-01   2.108484e-40   1.698820e-04   1.936232e-41   102
  7.255906e-01   2.232066e-40   2.514545e-04   1.858823e-41   96
  7.266185e-01   1.673807e-40   2.495518e-04   1.548253e-41   120
  7.273797e-01   1.836545e-40   2.676508e-04   1.507358e-41   168
  7.282031e-01   2.016847e-40   1.976389e-04   1.868448e-41   126
  7.289046e-01   2.376876e-40   1.490593e-04   1.784005e-41   168
  7.298711e-01   2.055608e-40   2.390167e-04   2.488385e-41   72
  7.307158e-01   2.049365e-40   2.993022e-04   1.705323e-41   168
  7.314557e-01   2.730427e-40   8.205344e-05   2.720356e-41   78
  7.324696e-01   1.776931e-40   1.347256e-04   1.867773e-41   60
  7.332860e-01   1.588301e-40   2.185468e-04   1.608050e-41   96
  7.341327e-01   2.649077e-40   2.651884e-04   1.979713e-41   168
  7.349284e-01   1.648214e-40   1.678009e-04   2.123762e-41   86
  7.357634e-01   2.109546e-40   1.499742e-04   1.963666e-41   120
  7.369601e-01   2.490012e-40   1.069515e-04   1.742356e-41   168
  7.376055e-01   3.272981e-40   0.000000e+00   3.045348e-41   48
  7.384747e-01   2.305562e-40   1.948541e-04   1.895720e-41   120
  7.389742e-01   2.164813e-40   1.421539e-04   1.788676e-41   126
  7.401935e-01   1.642230e-40   2.500091e-04   1.268052e-41   96
  7.409848e-01   2.352382e-40   7.209028e-05   2.002015e-41   96
  7.416089e-01   1.474285e-40   8.477105e-09   1.472855e-41   72
  7.429385e-01   2.022230e-40   8.991328e-09   5.239094e-41   24
  7.437683e-01   2.592829e-40   1.483601e-04   2.072331e-41   120
  7.444157e-01   2.466134e-40   2.164118e-04   2.198568e-41   126
  7.451355e-01   1.919909e-40   1.804085e-04   1.857683e-41   96
  7.459766e-01   2.441875e-40   3.117986e-04   2.038812e-41   72
  7.469132e-01   2.023550e-40   1.348634e-04   1.746848e-41   144
  7.476836e-01   1.906383e-40   7.778603e-05   1.750238e-41   72
  7.484533e-01   1.939702e-40   1.553665e-04   2.176770e-41   54
  7.491306e-01   2.394805e-40   1.369149e-04   2.163272e-41   108
  7.505382e-01   2.404527e-40   1.342120e-04   2.857928e-41   72
  7.509765e-01   2.532800e-40   7.744493e-05   2.437648e-41   72
  7.520162e-01   2.280359e-40   1.557344e-08   3.125537e-41   24
  7.529998e-01   2.516349e-40   1.638381e-04   2.869652e-41   48
  7.535971e-01   2.030518e-40   1.248023e-04   1.755918e-41   102
  7.544963e-01   2.212894e-40   2.822510e-04   1.874558e-41   168
  7.556711e-01   1.501113e-40   1.539331e-04   1.938221e-41   72
  7.561064e-01   1.698391e-40   0.000000e+00   1.884626e-41   48
  7.570195e-01   2.088947e-40   2.647743e-04   1.672626e-41   120
  7.582245e-01   1.982546e-40   1.627091e-04   1.500199e-41   96
  7.593627e-01   2.763248e-40   1.438612e-08   7.093711e-41   30
  7.607153e-01   2.232721e-40   7.644796e-05   2.665183e-41   72
  7.613097e-01   2.288338e-40   8.991328e-09   3.406377e-41   24
  7.620733e-01   1.276232e-40   1.133148e-04   1.659900e-41   56
  7.629285e-01   2.557229e-40   1.617059e-04   3.174001e-41   96
  7.639519e-01   2.765463e-40   1.785629e-04   2.089632e-41   144
  7.647411e-01   3.683235e-40   1.013810e-04   4.166794e-41   54
  7.658874e-01   2.633084e-40   1.518795e-04   2.839926e-41   108
  7.670409e-01   1.820418e-40   8.041947e-05   2.474487e-41   48
  7.681392e-01   1.898045e-40   3.028050e-04   1.985096e-41   72
  7.707744e-01   2.484484e-40   2.000642e-04   2.747941e-41   78
  7.715046e-01   3.292787e-40   1.507735e-04   3.581267e-41   72
  7.723570e-01   1.891960e-40   1.505863e-04   2.477419e-41   72
  7.732482e-01   2.758859e-40   3.633813e-04   2.773041e-41   96
  7.739527e-01   2.237919e-40   1.502759e-04   2.086057e-41   72
  7.748024e-01   2.083456e-40   0.000000e+00   3.439920e-41   24
  7.756510e-01   1.952479e-40   2.998733e-04   2.021915e-41   72
  7.775680e-01   1.611830e-40   1.904287e-04   2.702832e-41   30
  7.779804e-01   3.009709e-40   0.000000e+00   6.325651e-41   24
  7.801973e-01   2.953572e-40   1.581267e-04   4.469805e-41   48
  7.808927e-01   2.755967e-40   3.402886e-04   2.721418e-41   120
  7.818296e-01   2.268084e-40   1.487821e-04   1.992753e-41   72
  7.827758e-01   2.243404e-40   1.486022e-04   2.496691e-41   36
  7.834261e-01   2.567261e-40   2.937071e-04   3.050169e-41   78
  7.852411e-01   1.302971e-40   1.571111e-04   1.599544e-41   48
  7.875942e-01   3.011457e-40   1.271566e-08   3.576312e-41   24
  7.892707e-01   2.083575e-40   1.094089e-04   2.967190e-41   56
  7.901149e-01   2.492251e-40   1.683597e-04   2.093530e-41   102
  7.911888e-01   3.099851e-40   1.198844e-08   2.958753e-41   72
  7.918122e-01   2.395178e-40   8.991328e-09   3.627224e-41   24
  7.929021e-01   2.694162e-40   1.555930e-04   2.439124e-41   48
  7.949223e-01   3.211350e-40   0.000000e+00   6.213778e-41   24
  7.974016e-01   6.171140e-40   0.000000e+00   1.845806e-40   6
  7.981748e-01   4.135558e-40   0.000000e+00   7.769492e-41   24
  7.986898e-01   3.062991e-40   1.456409e-04   3.771483e-41   72
  7.996307e-01   3.118063e-40   2.717068e-04   2.626312e-41   84
  8.006440e-01   2.010358e-40   0.000000e+00   2.741585e-41   24
  8.009521e-01   3.330542e-40   1.271566e-08   6.733339e-41   24
  8.024909e-01   1.982901e-40   1.557344e-08   3.227855e-41   24
  8.046403e-01   2.045569e-40   0.000000e+00   9.047019e-41   6
  8.073954e-01   2.233141e-40   1.528000e-04   3.610644e-41   48
  8.080572e-01   2.724378e-40   2.878503e-04   3.410802e-41   72
  8.089220e-01   3.489616e-40   1.525117e-04   4.192353e-41   48
  8.102934e-01   2.674021e-40   0.000000e+00   4.226507e-41   24
  8.121184e-01   8.600018e-41   0.000000e+00   4.132627e-41   6
  8.162097e-01   1.085029e-40   0.000000e+00   1.061554e-41   8
  8.165120e-01   2.923041e-40   8.991328e-09   3.885276e-41   48
  8.172369e-01   2.756791e-40   1.479045e-04   3.360057e-41   60
  8.183231e-01   2.085043e-40   0.000000e+00   3.764412e-41   24
  8.198293e-01   3.026040e-40   0.000000e+00   4.729983e-41   6
  8.253784e-01   1.964077e-40   0.000000e+00   3.105542e-41   24
  8.258266e-01   3.237751e-40   1.493898e-04   4.621023e-41   48
  8.265733e-01   2.508122e-40   0.000000e+00   4.477264e-41   24
  8.277664e-01   7.750316e-41   0.000000e+00   9.416570e-42   6
  8.345448e-01   3.270566e-40   1.393664e-04   4.956284e-41   36
  8.350375e-01   4.572253e-40   0.000000e+00   5.403442e-41   24
  8.359234e-01   1.870917e-40   0.000000e+00   3.239705e-41   6
  8.436361e-01   2.655673e-40   1.266552e-04   3.470621e-41   32
  8.442939e-01   4.116432e-40   0.000000e+00   1.964643e-40   6
  8.525822e-01   2.559350e-40   0.000000e+00   2.456052e-41   12
  8.528715e-01   3.616066e-40   0.000000e+00   4.511272e-41   6
  8.616502e-01   2.398556e-40   0.000000e+00   2.799264e-41   6
