  1.570796e-02   9.437998e-11   0.000000e+00   3.804489e-11   6
  2.221441e-02   4.283363e-11   0.000000e+00   8.551140e-12   12
  2.720699e-02   2.628925e-11   2.980232e-10   5.366130e-12   8
  3.141593e-02   7.392933e-11   0.000000e+00   7.955661e-12   6
  3.512407e-02   4.461475e-11   5.619580e-10   1.422315e-11   24
  3.847649e-02   5.669146e-11   5.619580e-10   9.576833e-12   24
  4.635387e-02   2.241061e-11   1.217504e-03   4.047118e-12   42
  4.967294e-02   2.727574e-11   0.000000e+00   6.003061e-12   24
  5.209742e-02   2.375739e-11   9.733398e-10   5.897821e-12   24
  5.608040e-02   2.314777e-11   9.621049e-04   2.487355e-12   32
  5.877382e-02   2.011597e-11   0.000000e+00   2.833933e-12   48
  6.283185e-02   2.270899e-11   0.000000e+00   9.987433e-12   6
  6.557030e-02   1.711937e-11   9.291969e-04   1.607697e-12   84
  6.935879e-02   1.798814e-11   8.893614e-04   2.736786e-12   48
  7.254758e-02   1.344281e-11   7.985346e-04   1.362974e-12   72
  7.695299e-02   1.334755e-11   1.123916e-09   2.089666e-12   24
  7.963774e-02   9.125344e-12   7.087081e-04   8.371991e-13   102
  8.367643e-02   1.045050e-11   1.370308e-03   1.061634e-12   104
  8.603606e-02   6.645516e-12   0.000000e+00   9.728104e-13   48
  9.068541e-02   5.765178e-12   9.092824e-04   5.176700e-13   108
  9.343657e-02   7.768483e-12   6.413175e-04   8.135938e-13   78
  9.650974e-02   7.565552e-12   5.553727e-04   7.097965e-13   96
  1.007521e-01   5.717964e-12   7.827476e-04   4.338072e-13   168
  1.046631e-01   5.502399e-12   9.466177e-04   5.715558e-13   120
  1.065366e-01   5.097334e-12   0.000000e+00   7.829030e-13   48
  1.109423e-01   4.911616e-12   9.164765e-04   4.228667e-13   194
  1.147571e-01   4.229782e-12   7.498405e-04   3.382074e-13   192
  1.180701e-01   5.091560e-12   5.224442e-04   4.256841e-13   96
  1.203984e-01   3.401900e-12   4.446482e-04   3.220450e-13   96
  1.233385e-01   3.573455e-12   6.559487e-04   2.908140e-13   174
  1.272878e-01   3.751704e-12   6.453399e-04   2.622054e-13   216
  1.304784e-01   2.985725e-12   6.685951e-04   2.053056e-13   192
  1.345850e-01   3.037029e-12   7.087816e-04   2.089864e-13   204
  1.374813e-01   2.319174e-12   9.706973e-04   1.463929e-13   224
  1.414909e-01   2.974103e-12   5.479655e-04   2.290369e-13   174
  1.446033e-01   2.468578e-12   1.053365e-03   1.408808e-13   288
  1.484650e-01   2.084561e-12   5.185518e-04   1.260689e-13   288
  1.514788e-01   1.842972e-12   1.000184e-03   1.323623e-13   192
  1.554236e-01   1.941003e-12   7.319331e-04   1.153148e-13   252
  1.579196e-01   1.870145e-12   4.361590e-04   1.186419e-13   246
  1.613100e-01   1.634437e-12   8.276231e-04   9.741108e-14   312
  1.643345e-01   1.628674e-12   5.346625e-04   8.474414e-14   248
  1.684860e-01   1.303671e-12   1.131025e-03   6.383356e-14   432
  1.718304e-01   1.590532e-12   9.472090e-04   1.090428e-13   198
  1.751353e-01   1.595386e-12   1.145604e-03   7.293953e-14   456
  1.789950e-01   1.286299e-12   6.685341e-04   7.867760e-14   324
  1.817267e-01   1.232342e-12   7.914724e-04   6.815174e-14   312
  1.851131e-01   1.156544e-12   9.927979e-04   5.982659e-14   408
  1.893262e-01   1.085108e-12   9.168549e-04   5.449077e-14   414
  1.922237e-01   9.321737e-13   7.933788e-04   4.708454e-14   392
  1.951891e-01   1.155223e-12   8.939032e-04   5.787920e-14   408
  1.990919e-01   1.028829e-12   9.488231e-04   4.683895e-14   444
  2.020561e-01   9.730979e-13   7.670392e-04   4.783261e-14   360
  2.058410e-01   8.826042e-13   1.052783e-03   3.344731e-14   678
  2.098438e-01   9.125460e-13   6.748154e-04   5.201073e-14   360
  2.129201e-01   7.791723e-13   1.111301e-03   3.440021e-14   648
  2.158529e-01   7.562822e-13   5.136230e-04   4.894701e-14   288
  2.195886e-01   7.168305e-13   9.568926e-04   2.719022e-14   686
  2.231016e-01   7.104700e-13   7.114303e-04   3.494505e-14   444
  2.262783e-01   6.488299e-13   9.881180e-04   2.533059e-14   696
  2.294381e-01   6.737435e-13   9.387623e-04   3.135085e-14   408
  2.328670e-01   5.762458e-13   9.712657e-04   2.194801e-14   648
  2.364370e-01   6.394504e-13   8.503906e-04   2.765444e-14   582
  2.396199e-01   5.149191e-13   1.064401e-03   2.070195e-14   744
  2.431321e-01   5.846751e-13   1.062590e-03   2.425381e-14   516
  2.463676e-01   5.538050e-13   1.028291e-03   2.288461e-14   728
  2.493547e-01   5.086192e-13   8.519968e-04   2.122599e-14   558
  2.529620e-01   4.334758e-13   8.588943e-04   1.535648e-14   768
  2.568725e-01   4.915457e-13   9.956413e-04   1.571549e-14   960
  2.602888e-01   4.534340e-13   6.965241e-04   1.985238e-14   576
  2.635727e-01   4.678633e-13   1.130592e-03   1.618319e-14   816
  2.671089e-01   3.816774e-13   8.722599e-04   1.343157e-14   666
  2.702138e-01   4.141846e-13   1.022915e-03   1.350844e-14   960
  2.739239e-01   3.854944e-13   1.008817e-03   1.365019e-14   824
  2.775241e-01   3.724682e-13   1.110885e-03   1.191534e-14   936
  2.808394e-01   3.353736e-13   8.261366e-04   1.286036e-14   624
  2.838930e-01   3.570800e-13   9.725641e-04   1.149004e-14   1062
  2.874377e-01   3.470048e-13   1.059457e-03   1.239182e-14   732
  2.905463e-01   3.032038e-13   9.192852e-04   9.441675e-15   1080
  2.942546e-01   3.097789e-13   1.002209e-03   1.057437e-14   936
  2.976082e-01   2.750766e-13   1.082494e-03   9.139249e-15   878
  3.011413e-01   2.682235e-13   1.097016e-03   7.894739e-15   1152
  3.044218e-01   2.611175e-13   8.479143e-04   8.303920e-15   1056
  3.079105e-01   2.710382e-13   1.001477e-03   9.036798e-15   864
  3.110264e-01   2.536504e-13   9.782607e-04   7.830226e-15   1092
  3.147509e-01   2.556380e-13   1.033457e-03   7.570979e-15   1206
  3.182989e-01   2.426977e-13   1.048759e-03   6.851299e-15   1248
  3.215758e-01   2.295768e-13   7.107183e-04   7.957192e-15   864
  3.244931e-01   2.307766e-13   7.379012e-04   7.122107e-15   1152
  3.282964e-01   2.252448e-13   1.098528e-03   6.236443e-15   1382
  3.320084e-01   2.188407e-13   9.790321e-04   6.313171e-15   1188
  3.352589e-01   1.929877e-13   1.037410e-03   5.592164e-15   1248
  3.383281e-01   1.962169e-13   9.840824e-04   6.169210e-15   1152
  3.416961e-01   2.020869e-13   1.080699e-03   5.400787e-15   1320
  3.454323e-01   1.816785e-13   7.162673e-04   5.200703e-15   1206
  3.485323e-01   1.847258e-13   1.040639e-03   4.695720e-15   1560
  3.522149e-01   1.769347e-13   9.687237e-04   4.789817e-15   1280
  3.553656e-01   1.616032e-13   9.753251e-04   4.309440e-15   1308
  3.588126e-01   1.642453e-13   9.788304e-04   3.997757e-15   1512
  3.622462e-01   1.491252e-13   7.986109e-04   4.053038e-15   1350
  3.657845e-01   1.519005e-13   1.055155e-03   3.721995e-15   1608
  3.688093e-01   1.540054e-13   9.074168e-04   4.253108e-15   1320
  3.723318e-01   1.507296e-13   1.093091e-03   3.796526e-15   1656
  3.755028e-01   1.374942e-13   8.593531e-04   3.661860e-15   1254
  3.791706e-01   1.393600e-13   9.807940e-04   3.160395e-15   1932
  3.826277e-01   1.381737e-13   8.807497e-04   3.655039e-15   1640
  3.860340e-01   1.278716e-13   9.142769e-04   3.222929e-15   1488
  3.892465e-01   1.253307e-13   8.838091e-04   3.226484e-15   1560
  3.929003e-01   1.174724e-13   1.061554e-03   2.790761e-15   2046
  3.962918e-01   1.154516e-13   9.522112e-04   3.027610e-15   1512
  3.995770e-01   1.166260e-13   9.476029e-04   2.694180e-15   1764
  4.028533e-01   1.083046e-13   9.447944e-04   2.519221e-15   1776
  4.062341e-01   1.088056e-13   1.135757e-03   2.586026e-15   1704
  4.098613e-01   1.027078e-13   1.112243e-03   2.190997e-15   2126
  4.131278e-01   9.924036e-14   7.726530e-04   2.338243e-15   1632
  4.164062e-01   9.844486e-14   1.029302e-03   2.101942e-15   2064
  4.197114e-01   1.012608e-13   8.486884e-04   2.452113e-15   1680
  4.233078e-01   9.328327e-14   9.519603e-04   2.079001e-15   2154
  4.266550e-01   9.193745e-14   9.636572e-04   2.022483e-15   2016
  4.302596e-01   8.696356e-14   1.057936e-03   1.738042e-15   2304
  4.335625e-01   9.093948e-14   8.422558e-04   2.274369e-15   1680
  4.369940e-01   8.524467e-14   9.757286e-04   1.825404e-15   2432
  4.404338e-01   7.967408e-14   9.614444e-04   1.821653e-15   1902
  4.438479e-01   7.803388e-14   9.886846e-04   1.565499e-15   2292
  4.468928e-01   7.408192e-14   7.831116e-04   1.689027e-15   1992
  4.505057e-01   7.288479e-14   1.003841e-03   1.392494e-15   2568
  4.539799e-01   7.191795e-14   8.764344e-04   1.679832e-15   1806
  4.574906e-01   7.323078e-14   1.078056e-03   1.409726e-15   3000
  4.610452e-01   7.157225e-14   9.809961e-04   1.577054e-15   2016
  4.640126e-01   7.154492e-14   9.156925e-04   1.519427e-15   2168
  4.673956e-01   6.821064e-14   9.350459e-04   1.431394e-15   2412
  4.709322e-01   6.225982e-14   1.022794e-03   1.243423e-15   2550
  4.743353e-01   6.557156e-14   1.015444e-03   1.280000e-15   2592
  4.778871e-01   6.030123e-14   9.354682e-04   1.248310e-15   2496
  4.812642e-01   5.793691e-14   1.034855e-03   1.131482e-15   2688
  4.846328e-01   5.700166e-14   8.939911e-04   1.133822e-15   2424
  4.881831e-01   5.545809e-14   8.203417e-04   1.093542e-15   2634
  4.913828e-01   5.505547e-14   9.840370e-04   1.072823e-15   2552
  4.945705e-01   5.383059e-14   1.032361e-03   1.027034e-15   2832
  4.981085e-01   5.113281e-14   9.803825e-04   1.015324e-15   2424
  5.015971e-01   4.890699e-14   1.087506e-03   8.403552e-16   3198
  5.048631e-01   5.000236e-14   8.681062e-04   9.610808e-16   2400
  5.083252e-01   5.098066e-14   9.985776e-04   8.867692e-16   3336
  5.119027e-01   4.609158e-14   8.404887e-04   9.794078e-16   2508
  5.150462e-01   4.623221e-14   1.013004e-03   8.620230e-16   3104
  5.187218e-01   4.529231e-14   1.019172e-03   8.210358e-16   2934
  5.220343e-01   4.411244e-14   9.369744e-04   8.156888e-16   3120
  5.256263e-01   4.128557e-14   1.045384e-03   6.908955e-16   3288
  5.289357e-01   4.199534e-14   8.800568e-04   7.819380e-16   2808
  5.323338e-01   3.839635e-14   1.104468e-03   7.138361e-16   2988
  5.357545e-01   3.874587e-14   1.011140e-03   6.893959e-16   3486
  5.390675e-01   4.031319e-14   9.571221e-04   7.949911e-16   3000
  5.422664e-01   3.895543e-14   8.325653e-04   6.876570e-16   3024
  5.458504e-01   3.610525e-14   9.168226e-04   6.116905e-16   3584
  5.494456e-01   3.728370e-14   9.821560e-04   6.405996e-16   3486
  5.527991e-01   3.531780e-14   8.845337e-04   6.402828e-16   3120
  5.560782e-01   3.517979e-14   8.734506e-04   5.886303e-16   3396
  5.593885e-01   3.260996e-14   9.978964e-04   5.624738e-16   3552
  5.629224e-01   3.245867e-14   9.603534e-04   5.326230e-16   3384
  5.664153e-01   3.224834e-14   9.777364e-04   5.484811e-16   3726
  5.697413e-01   3.164390e-14   9.475502e-04   5.606832e-16   3344
  5.729010e-01   3.186017e-14   9.736455e-04   5.277531e-16   3744
  5.765144e-01   2.953087e-14   9.477817e-04   4.920260e-16   3540
  5.799021e-01   2.904461e-14   1.006149e-03   4.542049e-16   3822
  5.834565e-01   2.846177e-14   9.878124e-04   4.333931e-16   4056
  5.866916e-01   2.789054e-14   9.078164e-04   4.690094e-16   3288
  5.900838e-01   2.618585e-14   1.048596e-03   4.254838e-16   4056
  5.934141e-01   2.642138e-14   9.605270e-04   4.281918e-16   3984
  5.970600e-01   2.657058e-14   8.831345e-04   4.398608e-16   3662
  6.001481e-01   2.566203e-14   9.636098e-04   4.346585e-16   3828
  6.036318e-01   2.512694e-14   1.089370e-03   3.499316e-16   4632
  6.071049e-01   2.436787e-14   8.410059e-04   4.053095e-16   3600
  6.105769e-01   2.294145e-14   9.985737e-04   3.695854e-16   4320
  6.138621e-01   2.255624e-14   7.834444e-04   3.542989e-16   3918
  6.171787e-01   2.313409e-14   9.014176e-04   3.632110e-16   4200
  6.205131e-01   2.292160e-14   1.022920e-03   3.595100e-16   4188
  6.239700e-01   2.125338e-14   1.038929e-03   3.174577e-16   4360
  6.274803e-01   2.087066e-14   1.038850e-03   3.122570e-16   4582
  6.308743e-01   2.142571e-14   9.234335e-04   3.564439e-16   4128
  6.343253e-01   2.032852e-14   9.920101e-04   3.037764e-16   4752
  6.375752e-01   2.064799e-14   9.131947e-04   3.164103e-16   4176
  6.411096e-01   1.881515e-14   1.050053e-03   2.762725e-16   4848
  6.446482e-01   1.912565e-14   9.123418e-04   2.987092e-16   4338
  6.479820e-01   1.913596e-14   9.957341e-04   2.754387e-16   5160
  6.512782e-01   1.846465e-14   8.072490e-04   3.003054e-16   4008
  6.548541e-01   1.750672e-14   1.067151e-03   2.483190e-16   5360
  6.581452e-01   1.737875e-14   9.926354e-04   2.716954e-16   4110
  6.615688e-01   1.735041e-14   1.063460e-03   2.411843e-16   5424
  6.648330e-01   1.639289e-14   9.093259e-04   2.714406e-16   4140
  6.682670e-01   1.649284e-14   1.015985e-03   2.205097e-16   5664
  6.717913e-01   1.583920e-14   8.830334e-04   2.266076e-16   4632
  6.751475e-01   1.556695e-14   9.313969e-04   2.248273e-16   4902
  6.784717e-01   1.597566e-14   9.953030e-04   2.301813e-16   5072
  6.818744e-01   1.548078e-14   9.385334e-04   2.109925e-16   5472
  6.852422e-01   1.482349e-14   9.538134e-04   2.166029e-16   4704
  6.886975e-01   1.466006e-14   1.047734e-03   2.041308e-16   5436
  6.922157e-01   1.422837e-14   9.975801e-04   1.890625e-16   5646
  6.954149e-01   1.432400e-14   8.926250e-04   2.128206e-16   4512
  6.988202e-01   1.338356e-14   1.140100e-03   1.726865e-16   6120
  7.023308e-01   1.327958e-14   8.820433e-04   1.896695e-16   5112
  7.057067e-01   1.323158e-14   1.042362e-03   1.763261e-16   5606
  7.091042e-01   1.272091e-14   9.714200e-04   1.802726e-16   5328
  7.124930e-01   1.231369e-14   9.787204e-04   1.664896e-16   5964
  7.158971e-01   1.205037e-14   9.940447e-04   1.674248e-16   5448
  7.193484e-01   1.145800e-14   1.017941e-03   1.525053e-16   5904
  7.228752e-01   1.151378e-14   1.000362e-03   1.571343e-16   5598
  7.261287e-01   1.143578e-14   9.386933e-04   1.551028e-16   5952
  7.294916e-01   1.106097e-14   1.026954e-03   1.555065e-16   5688
  7.328942e-01   1.093955e-14   9.846955e-04   1.467871e-16   5876
  7.362274e-01   1.065073e-14   9.604209e-04   1.430087e-16   5784
  7.396880e-01   1.015878e-14   9.580629e-04   1.302081e-16   6462
  7.431585e-01   1.067576e-14   1.033342e-03   1.508987e-16   5688
  7.463730e-01   1.023679e-14   9.533939e-04   1.381982e-16   6408
  7.498476e-01   9.524279e-15   9.842501e-04   1.230495e-16   6000
  7.533888e-01   9.571837e-15   1.059159e-03   1.196482e-16   6582
  7.568883e-01   9.462715e-15   1.008047e-03   1.253957e-16   6564
  7.601644e-01   9.159600e-15   8.888373e-04   1.221410e-16   6048
  7.635621e-01   8.691071e-15   1.018608e-03   1.128346e-16   6512
  7.671229e-01   8.840790e-15   1.012583e-03   1.114339e-16   6816
  7.705313e-01   8.821468e-15   8.855598e-04   1.203563e-16   6222
  7.737298e-01   8.648518e-15   9.227087e-04   1.149683e-16   6432
  7.771462e-01   8.230292e-15   9.712111e-04   1.024552e-16   6804
  7.805425e-01   8.221802e-15   9.154579e-04   1.076620e-16   6432
  7.838667e-01   7.802312e-15   1.076466e-03   9.993441e-17   6846
  7.872436e-01   7.961957e-15   9.829553e-04   1.029325e-16   6424
  7.904718e-01   7.452335e-15   8.822090e-04   9.712664e-17   6952
  7.940184e-01   7.516579e-15   1.063073e-03   8.801964e-17   7560
  7.975016e-01   7.260109e-15   9.134936e-04   9.233988e-17   6648
  8.010940e-01   7.126346e-15   1.003794e-03   8.691387e-17   7578
  8.042561e-01   7.144567e-15   9.063446e-04   9.329246e-17   6552
  8.076731e-01   6.750241e-15   9.979139e-04   8.355954e-17   7536
  8.111567e-01   6.541099e-15   9.132376e-04   7.861966e-17   7272
  8.145479e-01   6.562288e-15   9.728104e-04   8.044561e-17   6936
  8.178031e-01   6.379690e-15   9.977143e-04   7.864479e-17   7430
  8.213250e-01   6.301759e-15   1.045033e-03   7.544553e-17   7644
  8.245935e-01   6.022697e-15   9.307740e-04   7.438899e-17   7248
  8.281463e-01   5.885179e-15   1.064794e-03   6.713620e-17   8232
  8.316185e-01   5.789529e-15   9.710105e-04   7.315418e-17   7038
  8.349567e-01   5.802532e-15   9.438683e-04   7.038018e-17   7824
  8.382335e-01   5.606686e-15   9.942267e-04   6.806999e-17   7752
  8.416157e-01   5.326244e-15   1.003152e-03   6.538091e-17   7480
  8.451302e-01   5.345018e-15   1.011833e-03   6.173529e-17   8404
  8.485444e-01   5.386597e-15   9.399091e-04   6.337343e-17   7614
  8.518207e-01   5.264749e-15   9.844427e-04   6.456281e-17   7776
  8.551174e-01   5.087242e-15   9.392352e-04   6.025884e-17   7944
  8.585635e-01   4.953297e-15   9.766291e-04   5.619182e-17   8424
  8.619639e-01   4.716089e-15   9.583464e-04   5.758240e-17   7872
  8.654765e-01   4.729525e-15   9.630186e-04   5.393213e-17   8658
  8.688452e-01   4.722361e-15   9.611694e-04   5.626592e-17   8352
  8.723129e-01   4.591692e-15   9.655449e-04   5.240273e-17   8648
  8.755912e-01   4.608432e-15   9.149173e-04   5.493641e-17   7680
  8.790367e-01   4.311057e-15   9.531068e-04   4.928838e-17   8646
  8.822382e-01   4.465031e-15   9.234329e-04   5.132493e-17   8448
  8.857769e-01   4.337061e-15   9.812644e-04   5.028886e-17   9120
  8.891913e-01   3.979470e-15   9.588814e-04   4.688396e-17   8316
  8.926442e-01   4.020590e-15   1.034938e-03   4.408912e-17   9504
  8.961124e-01   4.074993e-15   9.411707e-04   4.857978e-17   8358
  8.995737e-01   3.806705e-15   9.948383e-04   4.262359e-17   9584
  9.029179e-01   3.711387e-15   9.519874e-04   4.230888e-17   8616
  9.063714e-01   3.716240e-15   1.036501e-03   3.995875e-17   9432
  9.098983e-01   3.646310e-15   1.054421e-03   4.228831e-17   9018
  9.130995e-01   3.533431e-15   8.925739e-04   4.056967e-17   8568
  9.164447e-01   3.432784e-15   9.935089e-04   3.677404e-17   9816
  9.199052e-01   3.432465e-15   9.405935e-04   3.911084e-17   9000
  9.233247e-01   3.313732e-15   9.837551e-04   3.764551e-17   9504
  9.267306e-01   3.181840e-15   1.006398e-03   3.507419e-17   9446
  9.300802e-01   3.335273e-15   9.624225e-04   3.726589e-17   9696
  9.335244e-01   3.077487e-15   8.956216e-04   3.459162e-17   9180
  9.369074e-01   2.981181e-15   1.035278e-03   3.208013e-17   10512
  9.403628e-01   3.004113e-15   9.787470e-04   3.342626e-17   9048
  9.437812e-01   2.879006e-15   9.387702e-04   3.143169e-17   10014
  9.469467e-01   2.873243e-15   9.162358e-04   3.440891e-17   9096
  9.503901e-01   2.770534e-15   1.048815e-03   2.899036e-17   11088
  9.540508e-01   2.774572e-15   1.020389e-03   3.109957e-17   9860
  9.574037e-01   2.576984e-15   9.672113e-04   2.862498e-17   10110
  9.607663e-01   2.721831e-15   1.006739e-03   3.068165e-17   10104
  9.641489e-01   2.613054e-15   9.545583e-04   2.987794e-17   10392
  9.675729e-01   2.529743e-15   9.880976e-04   2.784498e-17   10104
  9.710628e-01   2.427704e-15   1.022530e-03   2.504383e-17   11352
  9.746180e-01   2.372521e-15   9.364871e-04   2.727391e-17   10014
  9.777749e-01   2.414831e-15   8.644241e-04   2.789952e-17   9636
  9.811143e-01   2.266853e-15   1.024502e-03   2.389717e-17   11552
  9.846389e-01   2.218220e-15   9.519720e-04   2.496446e-17   10488
  9.880418e-01   2.149775e-15   9.942196e-04   2.390201e-17   10254
  9.913535e-01   2.139670e-15   9.360901e-04   2.272316e-17   11304
  9.947947e-01   2.132878e-15   9.500453e-04   2.339049e-17   10872
  9.982198e-01   2.072873e-15   1.018789e-03   2.251804e-17   10932
  1.001538e+00   1.964517e-15   9.191792e-04   2.223432e-17   10848
  1.004968e+00   1.941659e-15   9.613098e-04   2.107021e-17   10998
  1.008371e+00   1.911772e-15   1.010151e-03   2.090150e-17   11720
  1.011785e+00   1.917714e-15   9.293623e-04   2.176124e-17   10776
  1.015145e+00   1.809548e-15   1.016690e-03   1.891122e-17   12072
  1.018627e+00   1.741988e-15   9.322439e-04   1.939182e-17   10704
  1.021966e+00   1.788136e-15   9.563293e-04   1.919127e-17   11730
  1.025452e+00   1.722972e-15   9.932906e-04   1.823429e-17   12144
  1.028814e+00   1.665157e-15   9.411395e-04   1.825085e-17   11568
  1.032333e+00   1.580411e-15   1.018099e-03   1.658481e-17   11552
  1.035496e+00   1.569533e-15   9.188638e-04   1.759280e-17   10926
  1.038938e+00   1.605998e-15   1.040698e-03   1.662821e-17   13032
  1.042312e+00   1.622287e-15   8.505148e-04   1.906462e-17   10776
  1.045727e+00   1.462603e-15   1.046983e-03   1.485291e-17   13116
  1.049219e+00   1.430566e-15   9.853293e-04   1.475170e-17   12288
  1.052658e+00   1.412701e-15   9.056138e-04   1.617253e-17   11262
  1.055879e+00   1.408993e-15   9.783290e-04   1.498358e-17   12672
  1.059343e+00   1.368619e-15   9.592412e-04   1.460075e-17   12624
  1.062777e+00   1.316070e-15   9.623576e-04   1.410233e-17   12392
  1.066184e+00   1.263186e-15   9.864834e-04   1.344793e-17   12060
  1.069636e+00   1.292469e-15   1.040331e-03   1.332053e-17   13662
  1.072946e+00   1.237560e-15   8.984272e-04   1.387630e-17   11592
  1.076393e+00   1.219127e-15   1.067653e-03   1.321436e-17   13776
  1.079833e+00   1.165431e-15   9.079546e-04   1.266025e-17   12240
  1.083287e+00   1.138154e-15   1.046073e-03   1.198246e-17   13662
  1.086532e+00   1.181727e-15   8.990309e-04   1.331041e-17   11520
  1.090035e+00   1.097062e-15   1.036209e-03   1.113490e-17   15044
  1.093490e+00   1.083534e-15   9.313428e-04   1.193549e-17   12384
  1.096882e+00   9.994010e-16   9.804345e-04   1.088904e-17   13176
  1.100202e+00   1.028129e-15   8.879465e-04   1.138975e-17   12798
  1.103628e+00   1.035829e-15   1.008480e-03   1.100487e-17   14376
  1.106957e+00   9.656136e-16   9.586156e-04   1.091494e-17   12528
  1.110377e+00   9.452900e-16   1.006656e-03   9.903359e-18   14100
  1.113686e+00   9.396352e-16   9.133782e-04   1.073740e-17   12630
  1.117102e+00   9.108858e-16   9.919328e-04   9.765634e-18   14624
  1.120482e+00   9.226301e-16   9.894156e-04   1.047924e-17   13272
  1.123923e+00   8.655259e-16   1.008580e-03   9.261164e-18   14664
  1.127428e+00   8.089534e-16   1.031064e-03   8.445168e-18   14328
  1.130809e+00   8.255051e-16   9.574326e-04   9.424701e-18   13086
  1.134236e+00   8.178538e-16   1.030026e-03   8.471401e-18   15612
  1.137653e+00   8.024663e-16   8.878573e-04   9.403858e-18   13416
  1.140971e+00   7.670022e-16   1.044367e-03   7.963822e-18   14360
  1.144380e+00   7.323618e-16   9.770905e-04   7.976815e-18   14064
  1.147853e+00   7.565663e-16   1.005516e-03   8.218756e-18   15750
  1.151277e+00   7.063008e-16   9.498220e-04   7.817592e-18   13680
  1.154655e+00   7.284174e-16   1.034040e-03   8.207307e-18   15468
  1.158090e+00   6.606916e-16   9.964048e-04   7.401583e-18   14352
  1.161422e+00   6.541600e-16   9.831061e-04   6.959358e-18   14454
  1.164771e+00   6.870635e-16   1.009534e-03   7.746794e-18   15048
  1.168219e+00   6.196958e-16   9.356739e-04   6.859861e-18   15360
  1.171622e+00   6.171541e-16   1.028303e-03   6.731692e-18   15224
  1.175043e+00   5.917032e-16   9.737025e-04   6.336450e-18   15096
  1.178436e+00   6.028057e-16   9.513142e-04   6.854064e-18   14514
  1.181744e+00   5.932322e-16   9.972118e-04   6.711493e-18   16416
  1.185216e+00   5.640451e-16   9.813109e-04   6.299926e-18   15216
  1.188760e+00   5.459857e-16   9.875256e-04   5.933376e-18   16440
  1.192145e+00   5.301173e-16   9.934307e-04   6.075092e-18   14904
  1.195382e+00   5.415126e-16   9.331760e-04   6.335401e-18   15134
  1.198830e+00   5.286976e-16   1.044008e-03   6.044980e-18   16644
  1.202273e+00   4.857079e-16   9.801415e-04   5.442224e-18   16128
  1.205649e+00   4.902060e-16   9.739380e-04   5.630988e-18   15384
  1.208976e+00   4.826681e-16   9.574053e-04   5.424999e-18   15462
  1.212384e+00   4.718581e-16   1.022817e-03   5.136705e-18   17304
  1.215857e+00   4.467091e-16   9.644898e-04   5.086166e-18   16176
  1.219267e+00   4.494755e-16   1.020273e-03   4.943801e-18   16824
  1.222757e+00   4.183911e-16   9.384566e-04   4.703624e-18   15980
  1.226044e+00   4.182861e-16   9.341167e-04   5.013128e-18   16326
  1.229359e+00   4.342466e-16   9.971528e-04   5.127335e-18   16488
  1.232793e+00   4.022772e-16   9.674257e-04   4.483970e-18   16944
  1.236242e+00   3.827791e-16   1.018099e-03   4.248686e-18   17256
  1.239567e+00   3.653861e-16   9.442015e-04   4.093135e-18   15966
  1.243019e+00   3.886272e-16   1.002557e-03   4.538518e-18   17628
  1.246398e+00   3.603145e-16   9.523046e-04   4.163878e-18   17280
  1.249813e+00   3.452264e-16   1.048272e-03   3.795693e-18   17056
  1.253179e+00   3.351724e-16   9.884505e-04   3.716333e-18   17296
  1.256693e+00   3.250689e-16   9.682006e-04   3.600234e-18   17526
  1.260009e+00   3.374475e-16   9.743928e-04   3.901643e-18   17592
  1.263462e+00   3.243750e-16   1.013641e-03   3.591348e-18   17880
  1.266826e+00   3.125893e-16   9.399981e-04   3.564907e-18   17028
  1.270153e+00   3.035398e-16   9.558687e-04   3.381169e-18   17376
  1.273537e+00   3.150145e-16   9.489771e-04   3.622137e-18   18414
  1.277033e+00   2.999815e-16   9.732250e-04   3.327044e-18   17840
  1.280422e+00   2.815152e-16   1.021714e-03   3.081187e-18   18960
  1.283800e+00   2.767150e-16   9.491477e-04   3.149857e-18   16992
  1.287191e+00   2.718798e-16   1.045598e-03   2.943387e-18   18378
  1.290511e+00   2.768346e-16   9.309987e-04   3.178012e-18   18192
  1.293964e+00   2.648724e-16   9.939797e-04   2.910665e-18   19320
  1.297392e+00   2.530668e-16   9.640812e-04   2.797517e-18   17856
  1.300808e+00   2.320280e-16   9.952112e-04   2.423877e-18   19128
  1.304168e+00   2.544432e-16   9.205139e-04   2.883896e-18   18246
  1.307589e+00   2.533713e-16   9.567778e-04   2.758086e-18   19184
  1.310975e+00   2.321889e-16   9.792411e-04   2.487417e-18   18900
  1.314454e+00   2.274065e-16   1.021314e-03   2.346814e-18   19776
  1.317772e+00   2.204646e-16   9.370417e-04   2.413990e-18   17814
  1.321221e+00   2.341187e-16   1.019691e-03   2.596187e-18   19944
  1.324582e+00   2.253132e-16   1.005872e-03   2.514891e-18   19536
  1.328059e+00   2.122524e-16   9.953972e-04   2.215029e-18   20112
  1.331434e+00   2.064952e-16   9.251142e-04   2.264455e-18   18116
  1.334798e+00   2.057936e-16   9.644510e-04   2.090591e-18   19878
  1.338104e+00   2.122225e-16   9.747533e-04   2.250095e-18   19800
  1.341597e+00   2.101583e-16   9.746917e-04   2.202615e-18   20136
  1.345077e+00   1.966315e-16   1.025284e-03   1.921118e-18   20808
  1.348466e+00   1.857108e-16   9.288316e-04   1.895615e-18   19152
  1.351874e+00   1.982084e-16   9.810813e-04   2.001279e-18   20526
  1.355317e+00   1.929421e-16   1.009394e-03   2.024300e-18   20532
  1.358658e+00   1.861776e-16   1.003080e-03   1.823013e-18   20120
  1.361967e+00   1.781702e-16   9.347410e-04   1.757367e-18   19512
  1.365426e+00   1.777572e-16   1.015429e-03   1.627305e-18   21246
  1.368810e+00   1.869140e-16   9.234922e-04   1.885657e-18   20112
  1.372239e+00   1.835521e-16   1.028308e-03   1.666235e-18   22104
  1.375656e+00   1.760285e-16   1.009051e-03   1.670389e-18   19620
  1.379051e+00   1.700858e-16   1.002997e-03   1.478155e-18   21912
  1.382450e+00   1.743849e-16   9.358667e-04   1.655783e-18   20070
  1.385835e+00   1.740161e-16   1.019290e-03   1.544107e-18   22064
  1.389281e+00   1.737053e-16   9.677197e-04   1.517034e-18   21048
  1.392624e+00   1.660352e-16   9.464641e-04   1.466153e-18   21168
  1.396022e+00   1.646631e-16   1.023526e-03   1.397242e-18   21384
  1.399510e+00   1.684983e-16   9.261037e-04   1.484682e-18   22146
  1.402917e+00   1.696718e-16   9.907340e-04   1.456116e-18   22200
  1.406352e+00   1.621140e-16   9.384676e-04   1.373681e-18   21648
  1.409715e+00   1.624285e-16   1.004739e-03   1.338878e-18   21144
  1.413042e+00   1.581188e-16   9.557029e-04   1.341939e-18   21710
  1.416464e+00   1.663134e-16   1.015437e-03   1.357384e-18   23112
  1.419994e+00   1.625829e-16   1.013025e-03   1.350101e-18   23064
  1.423397e+00   1.596191e-16   9.375385e-04   1.324968e-18   21252
  1.426667e+00   1.565729e-16   9.398251e-04   1.223750e-18   22128
  1.430079e+00   1.664426e-16   9.741612e-04   1.357462e-18   22446
  1.433489e+00   1.620242e-16   9.547049e-04   1.286534e-18   22848
  1.436865e+00   1.637371e-16   9.559285e-04   1.303965e-18   23208
  1.440318e+00   1.595593e-16   9.839042e-04   1.224726e-18   22536
  1.443716e+00   1.618940e-16   9.977885e-04   1.210958e-18   22586
  1.447106e+00   1.642642e-16   1.017372e-03   1.245349e-18   24096
  1.450516e+00   1.671353e-16   9.545662e-04   1.337908e-18   22440
  1.453882e+00   1.660081e-16   1.040231e-03   1.276853e-18   23400
  1.457251e+00   1.611447e-16   9.449552e-04   1.203066e-18   23232
  1.460730e+00   1.684769e-16   9.950400e-04   1.291036e-18   23886
  1.464083e+00   1.657211e-16   9.568206e-04   1.309602e-18   23376
  1.467479e+00   1.686280e-16   9.653968e-04   1.298329e-18   23540
  1.470837e+00   1.690721e-16   9.576052e-04   1.281145e-18   24240
  1.474322e+00   1.648790e-16   1.007568e-03   1.228818e-18   23952
  1.477751e+00   1.708538e-16   9.425996e-04   1.291146e-18   24006
  1.481188e+00   1.759776e-16   1.057459e-03   1.270416e-18   25560
  1.484513e+00   1.702174e-16   9.375935e-04   1.326227e-18   22728
  1.487845e+00   1.744231e-16   9.449672e-04   1.343070e-18   23556
  1.491222e+00   1.732774e-16   9.861154e-04   1.291035e-18   25398
  1.494647e+00   1.836751e-16   9.661087e-04   1.391195e-18   24088
  1.498058e+00   1.778728e-16   1.005693e-03   1.315509e-18   25696
  1.501476e+00   1.829291e-16   9.445009e-04   1.377272e-18   24144
  1.504866e+00   1.776981e-16   1.009435e-03   1.327523e-18   25560
  1.508279e+00   1.880256e-16   9.311536e-04   1.440333e-18   24246
  1.511702e+00   1.858273e-16   9.886422e-04   1.363952e-18   26292
  1.515117e+00   1.944088e-16   9.750958e-04   1.453037e-18   25200
  1.518516e+00   1.911610e-16   1.015518e-03   1.458480e-18   25296
  1.521840e+00   1.930669e-16   9.273872e-04   1.507772e-18   24192
  1.525374e+00   1.982790e-16   1.024084e-03   1.407602e-18   28646
  1.528819e+00   2.019410e-16   9.416682e-04   1.551947e-18   24552
  1.532197e+00   1.968523e-16   9.871622e-04   1.478740e-18   25788
  1.535497e+00   2.059524e-16   9.319875e-04   1.564890e-18   25272
  1.538910e+00   2.020284e-16   1.008561e-03   1.509515e-18   26118
  1.542254e+00   2.089486e-16   9.872169e-04   1.563102e-18   26016
  1.545754e+00   2.132502e-16   9.973691e-04   1.563341e-18   27792
  1.549107e+00   2.082022e-16   9.782537e-04   1.608960e-18   25072
  1.552489e+00   2.173096e-16   1.013302e-03   1.609586e-18   26824
  1.555876e+00   2.195504e-16   9.251742e-04   1.676808e-18   26106
  1.559322e+00   2.191776e-16   1.018165e-03   1.605101e-18   28296
  1.562736e+00   2.211869e-16   9.795929e-04   1.668583e-18   26640
  1.566139e+00   2.242453e-16   9.326427e-04   1.744510e-18   26064
  1.569509e+00   2.321584e-16   1.023197e-03   1.696859e-18   27822
  1.572858e+00   2.372625e-16   9.509197e-04   1.812653e-18   26160
  1.576250e+00   2.305028e-16   1.045692e-03   1.706790e-18   28108
  1.579675e+00   2.404262e-16   9.994315e-04   1.748145e-18   27664
  1.583072e+00   2.473533e-16   9.941707e-04   1.796387e-18   27600
  1.586528e+00   2.417005e-16   9.963156e-04   1.775180e-18   27510
  1.589938e+00   2.462986e-16   9.859005e-04   1.794147e-18   28848
  1.593332e+00   2.510190e-16   9.762803e-04   1.860839e-18   27744
  1.596742e+00   2.547101e-16   9.511846e-04   1.871303e-18   27888
  1.600131e+00   2.621038e-16   9.670142e-04   1.947199e-18   27780
  1.603528e+00   2.624763e-16   9.742031e-04   1.929521e-18   28734
  1.606889e+00   2.687418e-16   1.005991e-03   1.952370e-18   28232
  1.610329e+00   2.676985e-16   1.000286e-03   1.930954e-18   29016
  1.613693e+00   2.773636e-16   9.883033e-04   2.033688e-18   28056
  1.617078e+00   2.837366e-16   9.591200e-04   2.048945e-18   28710
  1.620494e+00   2.745312e-16   1.013131e-03   2.005799e-18   29220
  1.624041e+00   2.810737e-16   1.036386e-03   1.941755e-18   31584
  1.627400e+00   2.857657e-16   9.553743e-04   2.135869e-18   26904
  1.630674e+00   2.895012e-16   9.285874e-04   2.099292e-18   28512
  1.634161e+00   2.963243e-16   1.000248e-03   2.085105e-18   30878
  1.637619e+00   2.976595e-16   1.004557e-03   2.094469e-18   30408
  1.641002e+00   3.028189e-16   9.703596e-04   2.238554e-18   28632
  1.644329e+00   3.066273e-16   9.338123e-04   2.217950e-18   28764
  1.647688e+00   3.155745e-16   1.038911e-03   2.211498e-18   30630
  1.651141e+00   3.129983e-16   9.619060e-04   2.193990e-18   30240
  1.654600e+00   3.175098e-16   9.855083e-04   2.240725e-18   31008
  1.657971e+00   3.210554e-16   9.439236e-04   2.292697e-18   29240
  1.661283e+00   3.332090e-16   9.632944e-04   2.331839e-18   30000
  1.664737e+00   3.270612e-16   1.019644e-03   2.271703e-18   30978
  1.668138e+00   3.368070e-16   9.612856e-04   2.350256e-18   30696
  1.671525e+00   3.405064e-16   1.007582e-03   2.361699e-18   31320
  1.674870e+00   3.321535e-16   9.416567e-04   2.350155e-18   29280
  1.678263e+00   3.532142e-16   1.006944e-03   2.428889e-18   31488
  1.681653e+00   3.495781e-16   9.453471e-04   2.393902e-18   31326
  1.685080e+00   3.479046e-16   1.015014e-03   2.399342e-18   31480
  1.688539e+00   3.643219e-16   9.846423e-04   2.446128e-18   32572
  1.691988e+00   3.671894e-16   9.852371e-04   2.472399e-18   31296
  1.695337e+00   3.702241e-16   9.580987e-04   2.506466e-18   30798
  1.698756e+00   3.713684e-16   1.019947e-03   2.513320e-18   32256
  1.702112e+00   3.792008e-16   9.851718e-04   2.548375e-18   32088
  1.705471e+00   3.904424e-16   9.749849e-04   2.653253e-18   30936
  1.708872e+00   3.914625e-16   1.013665e-03   2.601502e-18   33036
  1.712340e+00   3.901917e-16   9.814605e-04   2.637716e-18   31846
  1.715716e+00   3.921853e-16   1.000452e-03   2.553282e-18   33832
  1.719107e+00   3.956253e-16   9.267229e-04   2.708069e-18   30912
  1.722470e+00   4.065226e-16   9.718409e-04   2.683210e-18   32976
  1.725849e+00   4.170301e-16   9.589091e-04   2.717994e-18   32712
  1.729299e+00   4.052837e-16   9.694589e-04   2.650852e-18   33438
  1.732697e+00   4.229795e-16   9.759808e-04   2.796031e-18   32556
  1.736008e+00   4.268824e-16   9.673595e-04   2.780813e-18   33144
  1.739423e+00   4.365751e-16   9.568897e-04   2.817485e-18   33504
  1.742928e+00   4.337177e-16   9.907617e-04   2.742988e-18   33542
  1.746251e+00   4.415165e-16   9.761088e-04   2.845181e-18   33768
  1.749697e+00   4.415792e-16   9.890657e-04   2.797627e-18   34368
  1.753059e+00   4.509898e-16   9.398519e-04   2.909681e-18   32856
  1.756491e+00   4.616681e-16   9.718883e-04   2.831097e-18   34524
  1.759859e+00   4.620697e-16   9.230442e-04   2.937048e-18   33510
  1.763319e+00   4.574732e-16   1.033008e-03   2.844553e-18   35856
  1.766738e+00   4.750118e-16   9.789033e-04   3.037504e-18   33888
  1.770094e+00   4.780450e-16   9.592478e-04   3.017535e-18   33752
  1.773444e+00   4.792737e-16   1.008735e-03   2.955379e-18   34902
  1.776965e+00   4.796454e-16   9.868343e-04   2.977228e-18   35484
  1.780394e+00   4.973430e-16   1.015830e-03   3.002063e-18   36648
  1.783785e+00   4.879832e-16   9.394377e-04   3.106792e-18   33000
  1.787135e+00   5.029980e-16   1.015728e-03   3.028564e-18   35520
  1.790596e+00   5.142904e-16   9.921111e-04   3.085285e-18   36078
  1.793965e+00   5.028673e-16   9.711127e-04   3.129601e-18   34992
  1.797329e+00   5.237136e-16   9.608864e-04   3.196454e-18   35072
  1.800764e+00   5.299554e-16   1.007567e-03   3.188495e-18   36876
  1.804084e+00   5.310491e-16   9.316889e-04   3.314665e-18   33216
  1.807491e+00   5.206747e-16   1.032331e-03   3.015672e-18   38382
  1.810984e+00   5.300421e-16   9.682750e-04   3.203810e-18   36072
  1.814418e+00   5.398751e-16   9.696935e-04   3.199557e-18   37464
  1.817773e+00   5.536638e-16   9.320563e-04   3.383370e-18   34416
  1.821192e+00   5.651240e-16   1.021416e-03   3.299140e-18   37386
  1.824585e+00   5.525343e-16   9.752191e-04   3.292095e-18   37040
  1.827967e+00   5.652051e-16   9.494317e-04   3.318675e-18   36240
  1.831325e+00   5.763158e-16   1.012861e-03   3.401097e-18   36432
  1.834733e+00   5.829897e-16   9.562728e-04   3.342778e-18   37560
  1.838152e+00   5.746089e-16   9.909694e-04   3.380485e-18   37350
  1.841634e+00   5.772837e-16   1.013075e-03   3.318508e-18   38616
  1.845012e+00   5.875327e-16   9.549061e-04   3.502756e-18   37092
  1.848409e+00   6.030296e-16   9.182933e-04   3.538281e-18   37272
  1.851799e+00   5.912937e-16   1.011002e-03   3.377946e-18   37616
  1.855230e+00   6.084261e-16   9.791045e-04   3.488623e-18   38478
  1.858608e+00   6.103687e-16   9.948864e-04   3.556759e-18   37992
  1.861981e+00   6.272676e-16   9.755720e-04   3.532585e-18   38232
  1.865360e+00   6.320710e-16   9.561314e-04   3.612082e-18   36708
  1.868749e+00   6.341539e-16   1.000812e-03   3.556318e-18   39534
  1.872173e+00   6.359828e-16   1.002785e-03   3.596075e-18   39336
  1.875572e+00   6.385374e-16   9.646922e-04   3.623194e-18   37624
  1.878977e+00   6.480614e-16   9.870851e-04   3.563416e-18   40408
  1.882408e+00   6.519442e-16   9.441395e-04   3.676904e-18   38256
  1.885822e+00   6.525006e-16   9.645504e-04   3.598856e-18   39438
  1.889268e+00   6.566831e-16   9.952977e-04   3.684528e-18   40524
  1.892622e+00   6.730310e-16   9.396870e-04   3.747950e-18   38448
  1.896001e+00   6.777430e-16   9.889896e-04   3.711982e-18   39312
  1.899370e+00   6.908072e-16   9.454305e-04   3.827515e-18   38718
  1.902752e+00   6.805544e-16   1.008786e-03   3.780521e-18   40872
  1.906153e+00   6.943744e-16   9.579164e-04   3.837464e-18   40088
  1.909607e+00   6.933869e-16   1.021028e-03   3.817729e-18   40644
  1.913014e+00   7.072237e-16   9.580841e-04   3.813661e-18   40176
  1.916440e+00   7.062608e-16   1.015811e-03   3.878507e-18   40998
  1.919781e+00   7.145631e-16   9.315444e-04   3.952714e-18   39192
  1.923177e+00   7.255866e-16   9.835940e-04   3.879152e-18   41640
  1.926591e+00   7.376986e-16   9.865853e-04   3.916531e-18   41400
  1.929954e+00   7.384727e-16   9.710201e-04   4.051079e-18   38640
  1.933373e+00   7.405984e-16   9.964131e-04   3.861463e-18   43658
  1.936792e+00   7.359396e-16   9.582756e-04   3.951125e-18   40608
  1.940176e+00   7.609404e-16   9.782447e-04   4.030502e-18   41880
  1.943631e+00   7.633890e-16   9.669901e-04   4.082779e-18   41712
  1.947085e+00   7.741128e-16   1.009457e-03   4.007865e-18   42942
  1.950463e+00   7.671200e-16   9.589570e-04   4.130623e-18   40896
  1.953853e+00   7.766199e-16   9.879975e-04   4.082350e-18   42708
  1.957213e+00   7.998519e-16   9.351117e-04   4.241165e-18   40968
  1.960629e+00   7.902816e-16   1.015965e-03   4.036623e-18   43496
  1.964036e+00   7.773373e-16   9.725754e-04   4.069813e-18   41454
  1.967447e+00   7.854135e-16   1.004526e-03   4.019783e-18   43704
  1.970751e+00   7.934571e-16   9.256831e-04   4.084808e-18   41208
  1.974178e+00   8.050487e-16   1.015706e-03   4.135249e-18   43944
  1.977639e+00   8.241583e-16   9.801018e-04   4.270041e-18   43218
  1.981069e+00   8.053745e-16   9.835304e-04   4.115668e-18   44136
  1.984421e+00   8.206688e-16   9.689214e-04   4.255381e-18   42304
  1.987802e+00   8.296454e-16   9.842599e-04   4.202797e-18   43096
  1.991130e+00   8.441236e-16   9.631295e-04   4.256290e-18   43464
  1.994604e+00   4.658978e-16   1.004342e-03   3.586345e-18   44382
  1.998002e+00   3.852522e-17   1.003266e-03   2.098621e-19   44316
  2.001426e+00   3.823974e-17   9.893154e-04   2.063132e-19   44592
  2.004809e+00   3.643440e-17   9.680892e-04   2.020499e-19   44328
  2.008236e+00   3.413123e-17   9.523162e-04   1.876192e-19   43560
  2.011631e+00   3.432946e-17   9.817514e-04   1.887645e-19   44763
  2.015012e+00   3.200977e-17   9.843293e-04   1.753810e-19   44216
  2.018416e+00   3.047301e-17   1.002968e-03   1.648247e-19   45144
  2.021845e+00   3.014062e-17   9.533111e-04   1.684478e-19   42876
  2.025221e+00   2.914074e-17   1.039094e-03   1.585359e-19   46164
  2.028603e+00   2.747318e-17   9.538972e-04   1.519576e-19   42360
  2.032052e+00   2.625968e-17   1.004468e-03   1.405059e-19   45324
  2.035424e+00   2.599920e-17   9.995889e-04   1.441000e-19   43320
  2.038817e+00   2.448780e-17   1.007297e-03   1.321733e-19   44580
  2.042292e+00   2.386699e-17   1.006134e-03   1.263227e-19   44468
  2.045700e+00   2.347972e-17   9.571103e-04   1.280358e-19   43416
  2.049007e+00   2.283648e-17   9.503154e-04   1.260194e-19   42264
  2.052427e+00   2.174079e-17   9.982480e-04   1.132962e-19   44580
  2.055855e+00   2.136205e-17   1.013336e-03   1.136951e-19   43824
  2.059268e+00   2.079930e-17   9.523479e-04   1.100334e-19   43392
  2.062640e+00   1.999051e-17   9.709336e-04   1.064430e-19   43296
  2.066077e+00   1.939455e-17   9.345634e-04   1.026546e-19   42656
  2.069429e+00   1.927528e-17   9.980838e-04   1.026829e-19   43728
  2.072869e+00   1.852946e-17   1.006399e-03   9.829048e-20   43536
  2.076268e+00   1.806248e-17   1.001616e-03   9.518199e-20   42180
  2.079670e+00   1.792908e-17   9.698728e-04   9.306624e-20   44136
  2.083087e+00   1.730925e-17   9.773400e-04   9.060680e-20   42372
  2.086460e+00   1.693642e-17   9.552676e-04   8.992530e-20   41604
  2.089832e+00   1.678634e-17   1.006521e-03   8.781869e-20   43440
  2.093239e+00   1.600398e-17   1.007289e-03   8.240102e-20   42488
  2.096600e+00   1.582463e-17   9.671663e-04   8.340847e-20   41496
  2.100046e+00   1.590291e-17   1.009561e-03   8.208055e-20   44112
  2.103476e+00   1.549435e-17   9.627245e-04   8.096210e-20   41688
  2.106847e+00   1.507600e-17   1.002887e-03   7.792177e-20   42276
  2.110231e+00   1.495121e-17   9.673004e-04   7.926345e-20   41172
  2.113637e+00   1.442112e-17   1.014189e-03   7.267239e-20   43536
  2.117060e+00   1.431944e-17   9.440682e-04   7.414518e-20   41496
  2.120446e+00   1.408288e-17   1.001696e-03   7.454863e-20   40764
  2.123824e+00   1.387363e-17   9.829124e-04   7.098915e-20   43220
  2.127251e+00   1.361894e-17   9.741948e-04   7.106257e-20   41076
  2.130650e+00   1.326342e-17   9.736862e-04   6.840146e-20   41532
  2.134066e+00   1.329750e-17   9.913433e-04   6.975635e-20   41928
  2.137452e+00   1.294392e-17   9.489903e-04   6.751211e-20   41412
  2.140836e+00   1.285359e-17   9.876425e-04   6.805641e-20   40032
  2.144200e+00   1.266674e-17   9.795004e-04   6.489524e-20   41880
  2.147583e+00   1.257944e-17   9.747362e-04   6.613616e-20   40264
  2.151008e+00   1.215189e-17   9.980952e-04   6.160322e-20   42592
  2.154444e+00   1.201887e-17   9.574599e-04   6.267190e-20   39588
  2.157836e+00   1.202543e-17   9.899106e-04   6.120898e-20   42180
  2.161205e+00   1.168896e-17   9.550806e-04   6.207560e-20   39240
  2.164591e+00   1.154726e-17   1.002498e-03   5.862387e-20   40920
  2.168021e+00   1.142548e-17   9.895186e-04   5.889169e-20   41184
  2.171435e+00   1.125771e-17   9.802064e-04   5.809835e-20   40872
  2.174814e+00   1.103739e-17   9.323587e-04   5.727094e-20   38748
  2.178230e+00   1.118199e-17   9.923713e-04   5.788089e-20   41420
  2.181596e+00   1.070326e-17   9.733624e-04   5.662260e-20   39816
  2.185019e+00   1.064795e-17   9.758566e-04   5.514494e-20   39792
  2.188398e+00   1.043396e-17   9.322510e-04   5.535418e-20   39816
  2.191853e+00   1.057009e-17   1.007568e-03   5.429554e-20   41064
  2.195255e+00   1.040456e-17   9.665765e-04   5.414419e-20   39204
  2.198703e+00   1.017422e-17   1.019970e-03   5.307503e-20   40080
  2.202014e+00   1.016817e-17   9.424963e-04   5.396310e-20   38332
  2.205420e+00   1.005155e-17   9.836872e-04   5.293396e-20   39952
  2.208814e+00   9.745528e-18   9.826829e-04   5.149206e-20   39000
  2.212292e+00   9.718957e-18   1.009126e-03   5.099139e-20   40356
  2.215686e+00   9.626443e-18   9.900841e-04   5.048593e-20   39300
  2.219073e+00   9.348807e-18   9.768590e-04   5.044780e-20   37452
  2.222434e+00   9.368705e-18   9.686015e-04   4.954182e-20   39732
  2.225893e+00   9.331375e-18   9.735156e-04   4.935364e-20   39312
  2.229261e+00   9.207010e-18   9.899780e-04   4.948293e-20   37632
  2.232646e+00   8.943257e-18   9.733727e-04   4.926093e-20   38420
  2.236046e+00   9.021102e-18   1.005997e-03   4.734621e-20   39564
  2.239457e+00   8.927001e-18   9.680250e-04   4.897016e-20   37236
  2.242822e+00   8.734735e-18   9.786551e-04   4.676020e-20   38100
  2.246202e+00   8.633155e-18   9.621843e-04   4.720583e-20   38208
  2.249650e+00   8.573960e-18   1.001343e-03   4.583567e-20   39072
  2.253028e+00   8.479543e-18   9.255374e-04   4.774338e-20   36192
  2.256433e+00   8.492553e-18   1.000569e-03   4.531731e-20   38928
  2.259875e+00   8.230906e-18   9.940952e-04   4.419361e-20   38768
  2.263364e+00   8.211626e-18   9.767718e-04   4.447842e-20   37596
  2.266775e+00   8.208942e-18   9.724364e-04   4.496969e-20   37296
  2.270122e+00   8.107377e-18   9.733477e-04   4.488435e-20   36948
  2.273485e+00   8.023971e-18   9.983394e-04   4.409840e-20   37248
  2.276967e+00   7.857937e-18   9.858991e-04   4.311567e-20   37152
  2.280308e+00   7.768171e-18   9.842197e-04   4.228244e-20   37512
  2.283721e+00   7.703514e-18   9.421972e-04   4.414406e-20   35876
  2.287109e+00   7.629731e-18   1.004095e-03   4.281192e-20   36936
  2.290550e+00   7.534578e-18   1.000342e-03   4.194702e-20   38028
  2.293967e+00   7.473303e-18   9.518210e-04   4.257861e-20   35592
  2.297304e+00   7.401737e-18   9.445855e-04   4.252182e-20   35508
  2.300680e+00   7.305896e-18   9.795177e-04   4.157169e-20   36492
  2.304133e+00   7.299986e-18   1.010473e-03   4.116425e-20   37608
  2.307551e+00   7.107674e-18   9.970499e-04   4.159888e-20   34848
  2.310869e+00   7.187064e-18   9.351021e-04   4.161879e-20   35220
  2.314285e+00   7.137773e-18   9.755168e-04   4.076352e-20   36884
  2.317699e+00   7.024584e-18   9.681382e-04   4.087770e-20   35412
  2.321162e+00   6.866575e-18   1.002430e-03   3.920795e-20   35652
  2.324531e+00   6.855086e-18   1.002197e-03   3.930844e-20   36072
  2.327908e+00   6.809504e-18   9.658515e-04   4.061253e-20   34368
  2.331324e+00   6.672889e-18   9.783685e-04   3.879862e-20   35484
  2.334741e+00   6.614913e-18   9.684744e-04   3.940002e-20   35256
  2.338088e+00   6.487597e-18   1.008122e-03   3.809201e-20   34476
  2.341506e+00   6.355740e-18   9.890537e-04   3.792920e-20   34916
  2.344896e+00   6.494871e-18   9.753182e-04   3.950639e-20   34596
  2.348289e+00   6.365994e-18   9.540538e-04   3.773973e-20   34656
  2.351696e+00   6.301188e-18   9.882911e-04   3.740629e-20   34596
  2.355125e+00   6.232128e-18   9.587525e-04   3.795743e-20   33984
  2.358476e+00   6.183838e-18   9.788210e-04   3.772479e-20   34080
  2.361852e+00   6.094611e-18   9.830509e-04   3.667629e-20   34140
  2.365304e+00   6.072483e-18   1.015340e-03   3.643909e-20   33804
  2.368719e+00   6.026622e-18   9.759441e-04   3.703546e-20   35096
  2.372155e+00   6.003563e-18   9.675675e-04   3.705752e-20   33108
  2.375492e+00   5.916646e-18   9.625095e-04   3.718406e-20   32280
  2.378878e+00   5.891634e-18   9.798228e-04   3.633468e-20   34404
  2.382324e+00   5.739480e-18   9.998368e-04   3.518745e-20   34248
  2.385781e+00   5.622609e-18   9.368618e-04   3.587460e-20   32016
  2.389171e+00   5.693937e-18   9.889111e-04   3.472988e-20   34344
  2.392588e+00   5.649943e-18   9.508792e-04   3.571782e-20   32024
  2.395887e+00   5.547165e-18   9.856404e-04   3.527514e-20   31908
  2.399315e+00   5.568992e-18   9.877149e-04   3.455538e-20   33192
  2.402753e+00   5.529471e-18   1.023393e-03   3.449606e-20   33288
  2.406122e+00   5.420384e-18   9.318436e-04   3.460018e-20   31356
  2.409537e+00   5.371908e-18   1.008572e-03   3.376051e-20   32496
  2.412934e+00   5.364418e-18   9.586275e-04   3.472374e-20   31944
  2.416251e+00   5.277456e-18   9.843477e-04   3.408819e-20   31512
  2.419642e+00   5.164467e-18   9.554269e-04   3.380454e-20   31156
  2.423118e+00   5.223754e-18   1.006701e-03   3.303529e-20   33352
  2.426525e+00   5.232823e-18   9.764504e-04   3.424080e-20   31344
  2.429966e+00   5.021730e-18   1.011019e-03   3.333439e-20   31068
  2.433353e+00   5.099940e-18   9.971418e-04   3.360260e-20   31752
  2.436684e+00   5.035688e-18   9.204472e-04   3.412453e-20   29868
  2.440099e+00   4.987998e-18   1.011444e-03   3.313017e-20   32052
  2.443539e+00   4.901118e-18   9.596990e-04   3.297005e-20   30012
  2.446898e+00   4.860793e-18   1.006915e-03   3.218735e-20   31520
  2.450354e+00   4.743212e-18   9.844685e-04   3.216993e-20   30648
  2.453706e+00   4.732850e-18   9.710870e-04   3.228358e-20   29304
  2.457112e+00   4.837694e-18   9.628022e-04   3.261267e-20   31140
  2.460584e+00   4.740801e-18   1.025697e-03   3.169315e-20   31320
  2.463992e+00   4.590435e-18   9.680019e-04   3.228791e-20   28356
  2.467346e+00   4.653106e-18   9.894595e-04   3.242469e-20   30288
  2.470691e+00   4.619138e-18   9.833600e-04   3.321038e-20   29472
  2.474056e+00   4.520982e-18   9.720749e-04   3.277613e-20   28716
  2.477529e+00   4.456509e-18   9.646939e-04   3.050545e-20   30740
  2.480961e+00   4.436897e-18   9.839130e-04   3.056200e-20   29304
  2.484327e+00   4.364802e-18   9.799311e-04   3.104127e-20   28476
  2.487752e+00   4.278755e-18   9.925668e-04   2.982575e-20   29304
  2.491155e+00   4.422342e-18   9.914075e-04   3.118663e-20   29280
  2.494601e+00   4.345908e-18   9.888067e-04   3.105695e-20   29100
  2.498031e+00   4.166660e-18   9.693726e-04   3.089103e-20   27816
  2.501330e+00   4.340805e-18   9.737231e-04   3.227728e-20   27692
  2.504737e+00   4.107606e-18   1.012495e-03   2.948765e-20   29724
  2.508211e+00   4.103209e-18   9.651031e-04   3.071971e-20   27240
  2.511571e+00   4.177325e-18   9.380122e-04   3.074841e-20   27588
  2.514934e+00   4.036643e-18   9.761300e-04   3.008670e-20   28560
  2.518371e+00   4.008666e-18   9.886158e-04   3.081490e-20   26952
  2.521774e+00   4.022131e-18   9.897907e-04   3.064034e-20   27516
  2.525163e+00   3.971111e-18   1.000219e-03   3.006210e-20   28344
  2.528599e+00   3.981069e-18   9.851718e-04   3.108690e-20   26196
  2.531920e+00   3.877392e-18   9.634803e-04   2.973709e-20   26360
  2.535324e+00   3.911177e-18   9.960409e-04   2.894405e-20   28152
  2.538760e+00   3.830365e-18   9.632402e-04   3.034923e-20   25896
  2.542127e+00   3.690413e-18   9.862139e-04   2.877111e-20   26592
  2.545539e+00   3.766497e-18   9.442321e-04   2.947404e-20   26568
  2.548976e+00   3.734927e-18   9.991750e-04   2.891122e-20   26832
  2.552322e+00   3.573474e-18   9.474214e-04   2.896316e-20   24972
  2.555791e+00   3.778401e-18   9.989695e-04   2.941282e-20   27000
  2.559168e+00   3.601348e-18   9.577813e-04   2.896140e-20   25448
  2.562535e+00   3.630987e-18   9.902443e-04   2.980441e-20   25476
  2.565992e+00   3.581457e-18   9.706909e-04   2.898280e-20   25152
  2.569333e+00   3.545494e-18   9.951122e-04   2.895974e-20   25968
  2.572775e+00   3.436122e-18   9.906648e-04   2.787403e-20   25320
  2.576210e+00   3.400601e-18   9.358363e-04   2.870891e-20   23796
  2.579496e+00   3.533493e-18   9.822477e-04   2.879575e-20   25500
  2.582914e+00   3.490663e-18   9.788363e-04   2.948772e-20   24420
  2.586378e+00   3.296788e-18   1.013161e-03   2.813737e-20   24656
  2.589722e+00   3.459312e-18   9.599232e-04   2.935089e-20   24036
  2.593114e+00   3.405416e-18   9.927315e-04   2.904215e-20   24528
  2.596483e+00   3.167012e-18   9.590289e-04   2.806494e-20   23004
  2.599888e+00   3.358992e-18   9.848565e-04   2.891711e-20   24576
  2.603308e+00   3.284471e-18   9.407132e-04   2.914463e-20   23736
  2.606725e+00   3.142748e-18   9.994817e-04   2.763370e-20   23712
  2.610164e+00   3.234211e-18   9.704406e-04   2.829959e-20   22992
  2.613550e+00   3.215980e-18   9.637349e-04   2.918767e-20   23984
  2.616935e+00   3.128446e-18   9.626269e-04   2.881435e-20   22344
  2.620337e+00   3.091953e-18   9.768169e-04   2.804733e-20   22536
  2.623720e+00   3.132803e-18   9.667935e-04   2.772215e-20   23268
  2.627096e+00   3.108536e-18   9.929071e-04   2.903476e-20   22152
  2.630500e+00   2.913566e-18   9.804448e-04   2.708186e-20   22068
  2.633988e+00   3.039964e-18   1.006815e-03   2.726979e-20   23664
  2.637353e+00   3.009208e-18   9.350088e-04   2.936294e-20   20640
  2.640713e+00   2.906047e-18   9.923052e-04   2.747758e-20   22376
  2.644179e+00   2.978678e-18   9.759242e-04   2.887336e-20   21444
  2.647520e+00   2.974892e-18   1.011260e-03   2.820145e-20   21576
  2.650919e+00   2.850990e-18   1.002590e-03   2.782061e-20   21660
  2.654412e+00   2.848070e-18   1.013805e-03   2.785707e-20   20916
  2.657789e+00   2.921738e-18   9.944119e-04   2.877875e-20   21504
  2.661144e+00   2.749925e-18   9.476635e-04   2.819925e-20   20508
  2.664583e+00   2.735036e-18   1.012559e-03   2.829009e-20   20036
  2.667961e+00   2.903398e-18   9.799347e-04   2.892908e-20   21276
  2.671380e+00   2.700862e-18   9.701273e-04   2.747054e-20   20652
  2.674793e+00   2.568678e-18   9.654062e-04   2.746670e-20   18696
  2.678197e+00   2.782828e-18   1.010458e-03   2.772236e-20   21504
  2.681608e+00   2.707059e-18   9.449905e-04   2.850248e-20   19284
  2.685012e+00   2.431981e-18   1.019116e-03   2.564858e-20   19356
  2.688395e+00   2.609366e-18   9.630933e-04   2.849246e-20   19236
  2.691747e+00   2.762600e-18   9.819342e-04   3.064564e-20   19476
  2.695170e+00   2.371548e-18   1.021783e-03   2.566375e-20   19184
  2.698647e+00   2.543705e-18   9.898888e-04   2.760165e-20   18852
  2.702034e+00   2.693825e-18   9.582506e-04   2.990046e-20   18876
  2.705357e+00   2.351365e-18   9.961544e-04   2.633120e-20   18336
  2.708799e+00   2.284386e-18   9.995508e-04   2.549908e-20   17820
  2.712259e+00   2.643883e-18   1.008841e-03   3.033360e-20   19392
  2.715616e+00   2.317029e-18   9.989261e-04   2.693970e-20   17616
  2.718949e+00   2.166120e-18   9.403994e-04   2.541082e-20   16320
  2.722413e+00   2.495481e-18   1.018465e-03   2.850916e-20   19292
  2.725776e+00   2.349634e-18   9.756316e-04   2.888755e-20   17112
  2.729283e+00   2.150256e-18   9.888233e-04   2.587139e-20   17388
  2.732704e+00   2.286563e-18   9.257555e-04   2.998384e-20   16692
  2.735930e+00   2.352323e-18   9.792720e-04   2.942585e-20   16956
  2.739452e+00   2.035991e-18   9.876901e-04   2.412420e-20   17040
  2.742894e+00   2.167183e-18   9.773330e-04   2.740346e-20   16092
  2.746164e+00   2.340882e-18   9.706985e-04   3.060219e-20   16380
  2.749642e+00   2.018737e-18   9.977628e-04   2.547734e-20   16688
  2.753053e+00   1.924743e-18   9.980974e-04   2.523525e-20   14940
  2.756401e+00   2.261083e-18   1.003592e-03   2.938298e-20   16668
  2.759872e+00   1.967232e-18   9.800161e-04   2.628030e-20   15804
  2.763238e+00   1.914125e-18   9.732068e-04   2.694180e-20   14280
  2.766639e+00   2.141506e-18   9.580540e-04   2.843526e-20   16068
  2.770034e+00   1.916724e-18   9.764201e-04   2.698477e-20   15048
  2.773410e+00   1.880638e-18   9.951146e-04   2.772309e-20   13940
  2.776793e+00   1.890828e-18   9.510677e-04   2.688625e-20   15072
  2.780185e+00   1.911725e-18   1.013899e-03   2.655847e-20   14808
  2.783543e+00   1.742587e-18   9.414253e-04   2.627320e-20   13200
  2.786996e+00   1.761757e-18   9.972653e-04   2.483952e-20   15156
  2.790453e+00   1.890039e-18   9.725079e-04   2.971606e-20   13788
  2.793844e+00   1.683906e-18   9.584580e-04   2.745429e-20   13608
  2.797233e+00   1.586240e-18   9.137161e-04   2.286023e-20   13224
  2.800612e+00   1.829068e-18   9.851237e-04   2.943194e-20   13320
  2.803972e+00   1.636349e-18   9.713652e-04   2.580814e-20   13220
  2.807429e+00   1.471830e-18   9.817789e-04   2.197175e-20   12984
  2.810903e+00   1.660864e-18   9.937490e-04   2.719006e-20   12780
  2.814182e+00   1.468449e-18   9.405135e-04   2.488885e-20   12360
  2.817641e+00   1.471526e-18   9.894990e-04   2.306109e-20   12480
  2.821091e+00   1.473973e-18   9.611149e-04   2.490203e-20   11892
  2.824384e+00   1.403033e-18   9.964972e-04   2.262040e-20   12192
  2.827831e+00   1.372390e-18   9.769214e-04   2.214458e-20   11328
  2.831260e+00   1.261313e-18   1.035957e-03   2.131652e-20   12020
  2.834610e+00   1.344631e-18   9.524676e-04   2.412588e-20   11052
  2.838092e+00   1.157247e-18   1.011816e-03   1.946765e-20   11304
  2.841356e+00   1.117694e-18   9.310152e-04   1.987933e-20   10368
  2.844694e+00   1.106586e-18   9.688111e-04   1.805133e-20   10899
  2.848216e+00   1.117164e-18   9.712629e-04   1.991679e-20   10752
  2.851560e+00   1.036132e-18   9.748745e-04   1.821055e-20   10446
  2.855007e+00   1.033708e-18   9.594983e-04   1.682846e-20   10092
  2.858423e+00   9.249264e-19   9.722089e-04   1.526658e-20   10220
  2.861722e+00   1.014166e-18   9.522226e-04   1.787221e-20   9636
  2.865233e+00   9.041742e-19   9.795968e-04   1.448907e-20   10020
  2.868677e+00   8.547483e-19   1.017742e-03   1.531680e-20   9906
  2.872011e+00   8.785497e-19   9.440243e-04   1.496521e-20   8940
  2.875468e+00   8.409377e-19   9.573450e-04   1.424919e-20   9558
  2.878844e+00   8.369793e-19   1.042557e-03   1.484357e-20   9180
  2.882185e+00   8.129286e-19   9.980883e-04   1.427692e-20   8674
  2.885679e+00   7.729693e-19   9.921159e-04   1.318289e-20   9454
  2.889055e+00   6.931924e-19   1.019679e-03   1.219354e-20   8316
  2.892409e+00   7.293101e-19   1.005575e-03   1.196138e-20   8622
  2.895912e+00   7.004547e-19   9.984805e-04   1.173428e-20   9006
  2.899261e+00   6.418782e-19   1.006426e-03   1.170664e-20   7698
  2.902617e+00   6.896553e-19   9.656669e-04   1.145098e-20   8406
  2.906123e+00   6.440557e-19   1.030423e-03   1.101756e-20   8646
  2.909458e+00   6.094052e-19   9.790969e-04   1.203245e-20   7014
  2.912801e+00   6.399413e-19   9.732754e-04   1.063099e-20   8510
  2.916355e+00   5.909134e-19   1.025772e-03   9.802814e-21   7890
  2.919690e+00   5.316164e-19   9.840041e-04   9.680662e-21   6966
  2.922978e+00   5.735959e-19   9.405721e-04   9.524434e-21   7902
  2.926483e+00   5.381463e-19   1.025831e-03   8.885477e-21   7278
  2.929893e+00   4.911213e-19   1.007738e-03   8.580879e-21   7338
  2.933248e+00   5.292579e-19   9.333698e-04   9.554373e-21   7254
  2.936686e+00   5.232348e-19   1.005241e-03   9.292525e-21   6678
  2.940020e+00   4.908552e-19   1.004294e-03   8.967630e-21   7286
  2.943557e+00   5.195790e-19   9.935741e-04   9.835431e-21   7200
  2.947070e+00   4.819200e-19   9.643759e-04   9.461236e-21   6234
  2.950183e+00   4.315854e-19   9.665943e-04   7.848738e-21   6630
  2.953710e+00   4.689036e-19   9.967120e-04   8.828682e-21   6822
  2.957208e+00   4.083226e-19   9.389826e-04   7.094000e-21   6078
  2.960394e+00   4.194985e-19   9.982063e-04   7.351442e-21   6528
  2.963920e+00   4.565269e-19   9.540002e-04   8.496858e-21   6034
  2.967295e+00   3.596411e-19   9.769421e-04   6.178222e-21   6190
  2.970648e+00   4.057172e-19   1.003693e-03   7.246256e-21   6270
  2.974190e+00   4.110444e-19   9.026267e-04   8.326793e-21   5520
  2.977431e+00   3.190393e-19   1.010599e-03   5.116142e-21   6126
  2.980823e+00   3.874355e-19   9.449916e-04   6.931907e-21   5562
  2.984382e+00   3.465194e-19   9.449251e-04   6.233841e-21   5790
  2.987609e+00   3.084981e-19   9.674247e-04   5.297787e-21   5496
  2.991029e+00   3.642954e-19   9.744149e-04   6.782232e-21   5262
  2.994510e+00   3.194597e-19   9.596787e-04   6.255857e-21   5774
  2.997839e+00   3.220223e-19   9.507037e-04   5.869471e-21   5124
  3.001346e+00   3.275157e-19   9.536598e-04   6.783262e-21   5070
  3.004645e+00   3.032475e-19   9.927132e-04   5.406450e-21   5430
  3.008016e+00   3.017711e-19   9.272914e-04   5.827340e-21   4680
  3.011587e+00   2.785683e-19   9.603639e-04   5.201575e-21   5370
  3.014869e+00   2.724999e-19   9.175102e-04   5.236375e-21   4638
  3.018210e+00   2.824553e-19   9.645033e-04   5.742792e-21   4536
  3.021696e+00   2.517489e-19   9.657981e-04   4.838971e-21   5222
  3.025044e+00   2.530045e-19   8.862693e-04   4.757030e-21   4254
  3.028475e+00   2.611100e-19   9.769455e-04   4.908011e-21   4548
  3.031790e+00   2.444104e-19   9.474352e-04   4.551909e-21   4638
  3.035175e+00   2.448761e-19   9.353877e-04   4.825564e-21   4176
  3.038687e+00   2.405255e-19   9.386274e-04   4.761066e-21   4518
  3.042021e+00   2.176270e-19   9.457109e-04   4.070432e-21   4278
  3.045343e+00   2.252549e-19   9.150178e-04   4.653522e-21   3732
  3.048746e+00   2.155937e-19   9.666582e-04   4.540359e-21   4502
  3.052175e+00   2.083929e-19   9.396687e-04   4.312870e-21   3984
  3.055637e+00   2.113102e-19   9.734809e-04   4.112811e-21   3726
  3.058859e+00   1.931758e-19   9.383075e-04   3.734120e-21   4014
  3.062253e+00   2.050013e-19   9.839881e-04   3.822561e-21   3756
  3.065874e+00   1.834119e-19   9.875702e-04   3.711697e-21   3894
  3.069162e+00   1.820721e-19   9.663769e-04   3.861088e-21   3744
  3.072480e+00   1.997870e-19   9.823894e-04   4.301320e-21   3174
  3.075941e+00   1.719255e-19   1.005522e-03   3.192292e-21   3968
  3.079369e+00   1.734603e-19   1.013997e-03   3.603841e-21   3522
  3.082951e+00   1.839219e-19   1.041435e-03   4.021167e-21   3198
  3.086200e+00   1.574628e-19   1.020090e-03   2.960076e-21   3648
  3.089591e+00   1.699575e-19   1.036958e-03   3.736202e-21   3054
  3.093164e+00   1.527310e-19   9.752705e-04   3.123375e-21   3312
  3.096416e+00   1.479260e-19   1.030232e-03   2.984038e-21   3354
  3.099859e+00   1.523988e-19   1.018756e-03   3.409278e-21   2624
  3.103228e+00   1.378056e-19   9.938936e-04   2.840036e-21   3462
  3.106655e+00   1.497486e-19   1.036730e-03   3.424759e-21   2976
  3.110270e+00   1.433372e-19   9.814041e-04   3.085521e-21   2670
  3.113407e+00   1.364194e-19   1.021601e-03   2.982570e-21   3186
  3.116767e+00   1.345950e-19   9.543614e-04   3.149472e-21   2376
  3.120346e+00   1.294710e-19   1.006058e-03   2.732960e-21   3102
  3.123650e+00   1.284858e-19   9.847799e-04   2.974885e-21   2688
  3.127086e+00   1.255548e-19   1.027393e-03   3.143076e-21   2286
  3.130454e+00   1.155756e-19   9.909871e-04   2.427814e-21   3020
  3.133859e+00   1.211888e-19   9.439116e-04   2.874662e-21   2310
  3.137474e+00   1.218191e-19   1.043166e-03   2.745456e-21   2544
  3.140695e+00   1.074814e-19   9.725494e-04   2.394640e-21   2526
  3.144064e+00   1.199210e-19   9.987847e-04   2.971762e-21   2112
  3.147593e+00   1.079024e-19   9.598648e-04   2.477139e-21   2538
  3.150931e+00   1.045974e-19   9.985896e-04   2.281412e-21   2304
  3.154328e+00   1.151513e-19   9.852879e-04   2.901961e-21   1902
  3.157623e+00   9.118816e-20   9.412660e-04   2.054280e-21   2408
  3.161035e+00   1.045721e-19   9.929091e-04   2.565896e-21   2094
  3.164668e+00   9.834334e-20   1.011639e-03   2.318746e-21   2028
  3.167856e+00   9.526296e-20   9.595772e-04   2.426884e-21   2094
  3.171241e+00   9.686104e-20   1.046849e-03   2.611006e-21   1920
  3.174835e+00   8.958137e-20   8.826100e-04   2.280097e-21   1926
  3.178123e+00   8.720410e-20   1.030221e-03   2.117152e-21   2088
  3.181468e+00   9.156409e-20   9.037369e-04   2.486714e-21   1434
  3.184829e+00   8.020841e-20   9.555433e-04   2.010375e-21   2048
  3.188160e+00   8.226810e-20   9.527742e-04   2.297885e-21   1758
  3.191826e+00   8.447383e-20   1.051156e-03   2.132086e-21   1584
  3.195185e+00   7.873711e-20   1.041430e-03   2.021743e-21   1998
  3.198586e+00   8.530306e-20   9.485689e-04   2.383392e-21   1428
  3.202148e+00   7.387318e-20   7.939925e-04   2.075361e-21   1488
  3.205259e+00   7.630131e-20   1.011466e-03   1.812950e-21   1806
  3.208542e+00   8.507718e-20   9.208043e-04   2.817897e-21   1040
  3.212051e+00   6.797467e-20   9.648325e-04   1.757631e-21   1782
  3.215260e+00   7.318833e-20   9.120959e-04   2.037052e-21   1428
  3.219099e+00   7.148963e-20   1.095182e-03   2.031930e-21   1206
  3.222346e+00   7.062730e-20   1.017509e-03   1.737037e-21   1728
  3.225619e+00   6.299881e-20   9.535870e-04   1.992375e-21   1038
  3.229392e+00   6.012923e-20   7.737160e-04   1.819624e-21   1248
  3.232374e+00   6.801301e-20   9.867404e-04   1.835506e-21   1530
  3.235646e+00   7.063458e-20   9.043822e-04   2.905712e-21   656
  3.239303e+00   5.809965e-20   1.013919e-03   1.418549e-21   1662
  3.242391e+00   6.072341e-20   8.393937e-04   1.970454e-21   1008
  3.246465e+00   6.438426e-20   1.114612e-03   2.151076e-21   960
  3.249524e+00   5.451808e-20   9.584513e-04   1.437942e-21   1458
  3.252720e+00   6.163831e-20   9.470398e-04   2.516836e-21   672
  3.256641e+00   5.479102e-20   7.422534e-04   1.796855e-21   1062
  3.259417e+00   5.403064e-20   9.629091e-04   1.639594e-21   1224
  3.262741e+00   6.412415e-20   8.411043e-04   3.054338e-21   374
  3.266486e+00   5.405912e-20   1.011004e-03   1.331980e-21   1512
  3.269516e+00   5.941966e-20   8.472106e-04   2.235866e-21   666
  3.273852e+00   5.179282e-20   1.035820e-03   1.939856e-21   720
  3.276572e+00   5.017775e-20   9.275922e-04   1.429459e-21   1224
  3.279914e+00   5.819011e-20   9.221403e-04   2.935880e-21   390
  3.283914e+00   4.897321e-20   6.856472e-04   1.767823e-21   936
  3.286459e+00   5.291455e-20   9.782860e-04   1.587710e-21   882
  3.290092e+00   5.507089e-20   9.551822e-04   3.911764e-21   216
  3.293625e+00   4.469377e-20   9.484183e-04   1.207551e-21   1286
  3.296619e+00   5.372655e-20   7.922754e-04   2.608856e-21   384
  3.301196e+00   4.432033e-20   9.974032e-04   1.925584e-21   576
  3.303565e+00   4.633929e-20   8.939464e-04   1.489655e-21   930
  3.306956e+00   4.917961e-20   8.781672e-04   2.975495e-21   216
  3.311281e+00   4.226772e-20   7.049195e-04   1.397394e-21   918
  3.313773e+00   4.819812e-20   9.494675e-04   2.250207e-21   480
  3.317151e+00   5.609601e-20   8.000415e-04   5.764147e-21   78
  3.320657e+00   4.045540e-20   8.648004e-04   1.234891e-21   1052
  3.323895e+00   5.077026e-20   1.006959e-03   3.177647e-21   240
  3.328852e+00   3.953030e-20   3.676460e-04   1.872134e-21   438
  3.330545e+00   4.692563e-20   8.506072e-04   1.877268e-21   648
  3.333703e+00   6.245901e-20   7.023041e-04   6.459564e-21   78
  3.338411e+00   3.724901e-20   6.127751e-04   1.225814e-21   780
  3.340778e+00   4.240759e-20   8.550342e-04   2.754887e-21   240
  3.343694e+00   7.067918e-20   0.000000e+00   8.620985e-21   6
  3.347623e+00   3.859854e-20   7.832637e-04   1.294638e-21   824
  3.350467e+00   6.313845e-20   6.055240e-04   6.260237e-21   78
  3.356076e+00   3.657703e-20   3.165921e-04   1.709304e-21   432
  3.357541e+00   3.914315e-20   7.656969e-04   1.835148e-21   348
  3.360330e+00   7.966142e-20   0.000000e+00   3.776010e-20   6
  3.365426e+00   4.013982e-20   5.413225e-04   1.549298e-21   600
  3.367442e+00   4.912598e-20   5.097238e-04   6.008280e-21   78
  3.374544e+00   3.624578e-20   6.700717e-04   1.476781e-21   572
  3.377176e+00   1.872413e-20   0.000000e+00   2.575688e-21   6
  3.383243e+00   4.053843e-20   3.146063e-04   2.112854e-21   384
  3.384459e+00   4.026197e-20   4.676281e-04   3.009781e-21   102
  3.392411e+00   3.478325e-20   4.599741e-04   1.791273e-21   396
  3.394229e+00   2.400295e-20   0.000000e+00   1.033297e-20   6
  3.401391e+00   3.417660e-20   4.161630e-04   1.819496e-21   326
  3.410329e+00   3.733674e-20   2.893928e-04   2.332552e-21   252
  3.411486e+00   3.752520e-20   0.000000e+00   1.774602e-20   6
  3.419333e+00   2.900007e-20   2.633341e-04   2.026230e-21   198
  3.428323e+00   4.042588e-20   2.009286e-04   3.220611e-21   146
  3.437326e+00   3.886424e-20   1.474817e-04   4.197407e-21   102
  3.446340e+00   3.595350e-20   1.024960e-04   5.643882e-21   66
  3.455367e+00   1.858395e-20   6.509513e-05   2.006013e-21   38
  3.464404e+00   2.974433e-20   3.357406e-05   3.446489e-21   18
  3.473449e+00   5.723117e-20   0.000000e+00   3.088463e-20   6
