# power spectrum of phi_prime
# redshift z=95.691974
# k              Pk             sigma(k)       sigma(Pk)      count
  1.570796e-02   1.186699e-14   0.000000e+00   4.784924e-15   6
  2.221441e-02   6.278646e-15   0.000000e+00   1.212314e-15   12
  2.720699e-02   3.422672e-15   2.980232e-10   7.695653e-16   8
  3.141593e-02   8.835350e-15   0.000000e+00   9.606998e-16   6
  3.512407e-02   7.029908e-15   5.619580e-10   1.808989e-15   24
  3.847649e-02   9.751791e-15   5.619580e-10   1.141772e-15   24
  4.635387e-02   1.470059e-14   1.217504e-03   2.265668e-15   42
  4.967294e-02   6.267008e-15   0.000000e+00   1.120237e-15   24
  5.209742e-02   1.167581e-14   9.733398e-10   2.263150e-15   24
  5.608040e-02   1.912382e-14   9.621049e-04   5.021943e-15   32
  5.877382e-02   2.267026e-14   0.000000e+00   2.717466e-15   48
  6.283185e-02   5.938540e-15   0.000000e+00   2.597933e-15   6
  6.557030e-02   2.210529e-14   9.291969e-04   3.201512e-15   84
  6.935879e-02   2.207005e-14   8.893614e-04   3.594996e-15   48
  7.254758e-02   4.068171e-14   7.985346e-04   5.142427e-15   72
  7.695299e-02   2.783511e-14   1.123916e-09   3.512732e-15   24
  7.963774e-02   2.611848e-14   7.087081e-04   2.728858e-15   102
  8.367643e-02   3.734913e-14   1.370308e-03   4.201764e-15   104
  8.603606e-02   1.781670e-14   0.000000e+00   2.867517e-15   48
  9.068541e-02   5.551611e-14   9.092824e-04   5.699147e-15   108
  9.343657e-02   7.545206e-14   6.413175e-04   1.047626e-14   78
  9.650974e-02   3.566119e-14   5.553727e-04   5.692181e-15   96
  1.007521e-01   5.259491e-14   7.827476e-04   5.137346e-15   168
  1.046631e-01   7.188579e-14   9.466177e-04   6.180715e-15   120
  1.065366e-01   3.636284e-14   0.000000e+00   3.463677e-15   48
  1.109423e-01   7.848860e-14   9.164765e-04   6.945372e-15   194
  1.147571e-01   5.293634e-14   7.498405e-04   4.890277e-15   192
  1.180701e-01   7.551738e-14   5.224442e-04   8.119193e-15   96
  1.203984e-01   6.586202e-14   4.446482e-04   7.984008e-15   96
  1.233385e-01   7.233236e-14   6.559487e-04   7.350826e-15   174
  1.272878e-01   7.889098e-14   6.453399e-04   7.707828e-15   216
  1.304784e-01   7.976894e-14   6.685951e-04   8.773557e-15   192
  1.345850e-01   6.394696e-14   7.087816e-04   6.460842e-15   204
  1.374813e-01   9.723329e-14   9.706973e-04   8.093115e-15   224
  1.414909e-01   6.546596e-14   5.479655e-04   6.570080e-15   174
  1.446033e-01   8.506506e-14   1.053365e-03   7.056548e-15   288
  1.484650e-01   7.954543e-14   5.185518e-04   5.579875e-15   288
  1.514788e-01   7.118016e-14   1.000184e-03   5.667361e-15   192
  1.554236e-01   9.203680e-14   7.319331e-04   6.655489e-15   252
  1.579196e-01   7.724215e-14   4.361590e-04   5.169155e-15   246
  1.613100e-01   7.867696e-14   8.276231e-04   4.811644e-15   312
  1.643345e-01   8.566922e-14   5.346625e-04   6.019324e-15   248
  1.684860e-01   8.073925e-14   1.131025e-03   4.499225e-15   432
  1.718304e-01   7.897259e-14   9.472090e-04   8.404877e-15   198
  1.751353e-01   8.501901e-14   1.145604e-03   5.839406e-15   456
  1.789950e-01   8.027599e-14   6.685341e-04   4.745875e-15   324
  1.817267e-01   9.373024e-14   7.914724e-04   5.568081e-15   312
  1.851131e-01   9.100768e-14   9.927979e-04   4.454193e-15   408
  1.893262e-01   8.632937e-14   9.168549e-04   5.128529e-15   414
  1.922237e-01   8.211282e-14   7.933788e-04   5.766991e-15   392
  1.951891e-01   6.521891e-14   8.939032e-04   4.197210e-15   408
  1.990919e-01   8.256462e-14   9.488231e-04   4.230647e-15   444
  2.020561e-01   1.119967e-13   7.670392e-04   6.406764e-15   360
  2.058410e-01   8.239210e-14   1.052783e-03   3.656534e-15   678
  2.098438e-01   8.776277e-14   6.748154e-04   4.899061e-15   360
  2.129201e-01   8.501366e-14   1.111301e-03   3.575446e-15   648
  2.158529e-01   9.063951e-14   5.136230e-04   5.720070e-15   288
  2.195886e-01   1.015807e-13   9.568926e-04   4.531477e-15   686
  2.231016e-01   9.465144e-14   7.114303e-04   5.427561e-15   444
  2.262783e-01   8.704377e-14   9.881180e-04   3.704614e-15   696
  2.294381e-01   9.673381e-14   9.387623e-04   4.941847e-15   408
  2.328670e-01   7.505834e-14   9.712657e-04   3.491312e-15   648
  2.364370e-01   9.451780e-14   8.503906e-04   4.505259e-15   582
  2.396199e-01   8.004873e-14   1.064401e-03   3.691815e-15   744
  2.431321e-01   8.112838e-14   1.062590e-03   3.673675e-15   516
  2.463676e-01   9.467435e-14   1.028291e-03   3.484013e-15   728
  2.493547e-01   9.687865e-14   8.519968e-04   4.372032e-15   558
  2.529620e-01   8.208818e-14   8.588943e-04   3.297773e-15   768
  2.568725e-01   9.966818e-14   9.956413e-04   3.533922e-15   960
  2.602888e-01   7.985363e-14   6.965241e-04   3.660344e-15   576
  2.635727e-01   1.027612e-13   1.130592e-03   3.783812e-15   816
  2.671089e-01   1.010334e-13   8.722599e-04   4.206431e-15   666
  2.702138e-01   9.165136e-14   1.022915e-03   3.365224e-15   960
  2.739239e-01   1.037434e-13   1.008817e-03   3.866763e-15   824
  2.775241e-01   9.286478e-14   1.110885e-03   3.290862e-15   936
  2.808394e-01   9.327915e-14   8.261366e-04   3.520535e-15   624
  2.838930e-01   9.144530e-14   9.725641e-04   3.067572e-15   1062
  2.874377e-01   9.675199e-14   1.059457e-03   4.290286e-15   732
  2.905463e-01   8.776288e-14   9.192852e-04   3.021900e-15   1080
  2.942546e-01   1.019670e-13   1.002209e-03   3.772598e-15   936
  2.976082e-01   8.235247e-14   1.082494e-03   2.990843e-15   878
  3.011413e-01   8.905964e-14   1.097016e-03   2.919107e-15   1152
  3.044218e-01   8.943719e-14   8.479143e-04   3.130515e-15   1056
  3.079105e-01   1.058434e-13   1.001477e-03   4.005083e-15   864
  3.110264e-01   9.261644e-14   9.782607e-04   3.128618e-15   1092
  3.147509e-01   9.289181e-14   1.033457e-03   3.068250e-15   1206
  3.182989e-01   8.532855e-14   1.048759e-03   2.654570e-15   1248
  3.215758e-01   9.543833e-14   7.107183e-04   3.382290e-15   864
  3.244931e-01   9.625752e-14   7.379012e-04   3.125213e-15   1152
  3.282964e-01   9.807942e-14   1.098528e-03   2.742159e-15   1382
  3.320084e-01   9.594127e-14   9.790321e-04   2.915148e-15   1188
  3.352589e-01   9.766135e-14   1.037410e-03   3.028284e-15   1248
  3.383281e-01   8.616483e-14   9.840824e-04   2.605484e-15   1152
  3.416961e-01   9.841307e-14   1.080699e-03   2.819424e-15   1320
  3.454323e-01   9.549240e-14   7.162673e-04   3.185907e-15   1206
  3.485323e-01   9.414096e-14   1.040639e-03   2.492751e-15   1560
  3.522149e-01   9.348203e-14   9.687237e-04   2.633373e-15   1280
  3.553656e-01   9.797428e-14   9.753251e-04   2.883934e-15   1308
  3.588126e-01   9.250424e-14   9.788304e-04   2.442948e-15   1512
  3.622462e-01   9.332141e-14   7.986109e-04   2.766908e-15   1350
  3.657845e-01   9.332009e-14   1.055155e-03   2.633217e-15   1608
  3.688093e-01   9.204082e-14   9.074168e-04   2.801786e-15   1320
  3.723318e-01   1.018100e-13   1.093091e-03   2.563993e-15   1656
  3.755028e-01   1.003633e-13   8.593531e-04   3.030326e-15   1254
  3.791706e-01   9.663987e-14   9.807940e-04   2.219822e-15   1932
  3.826277e-01   9.874376e-14   8.807497e-04   2.630717e-15   1640
  3.860340e-01   9.463007e-14   9.142769e-04   2.477007e-15   1488
  3.892465e-01   9.701136e-14   8.838091e-04   2.657733e-15   1560
  3.929003e-01   9.819705e-14   1.061554e-03   2.299502e-15   2046
  3.962918e-01   9.467573e-14   9.522112e-04   2.485975e-15   1512
  3.995770e-01   1.004573e-13   9.476029e-04   2.409324e-15   1764
  4.028533e-01   9.811124e-14   9.447944e-04   2.472965e-15   1776
  4.062341e-01   9.897143e-14   1.135757e-03   2.487003e-15   1704
  4.098613e-01   9.272832e-14   1.112243e-03   2.164258e-15   2126
  4.131278e-01   9.124290e-14   7.726530e-04   2.309974e-15   1632
  4.164062e-01   1.004439e-13   1.029302e-03   2.289961e-15   2064
  4.197114e-01   1.026468e-13   8.486884e-04   2.573622e-15   1680
  4.233078e-01   9.399595e-14   9.519603e-04   2.280242e-15   2154
  4.266550e-01   1.018045e-13   9.636572e-04   2.364780e-15   2016
  4.302596e-01   9.293746e-14   1.057936e-03   2.038847e-15   2304
  4.335625e-01   1.003218e-13   8.422558e-04   2.532814e-15   1680
  4.369940e-01   1.047935e-13   9.757286e-04   2.151595e-15   2432
  4.404338e-01   1.011115e-13   9.614444e-04   2.463801e-15   1902
  4.438479e-01   9.413745e-14   9.886846e-04   1.900015e-15   2292
  4.468928e-01   9.921866e-14   7.831116e-04   2.276165e-15   1992
  4.505057e-01   9.937250e-14   1.003841e-03   2.095474e-15   2568
  4.539799e-01   9.939360e-14   8.764344e-04   2.263543e-15   1806
  4.574906e-01   9.696287e-14   1.078056e-03   1.851638e-15   3000
  4.610452e-01   9.799676e-14   9.809961e-04   2.244208e-15   2016
  4.640126e-01   1.033078e-13   9.156925e-04   2.366042e-15   2168
  4.673956e-01   1.026642e-13   9.350459e-04   2.145713e-15   2412
  4.709322e-01   1.074390e-13   1.022794e-03   2.180230e-15   2550
  4.743353e-01   1.009758e-13   1.015444e-03   1.991192e-15   2592
  4.778871e-01   1.031129e-13   9.354682e-04   2.152624e-15   2496
  4.812642e-01   1.015276e-13   1.034855e-03   2.018318e-15   2688
  4.846328e-01   9.997871e-14   8.939911e-04   2.113140e-15   2424
  4.881831e-01   9.917443e-14   8.203417e-04   1.959978e-15   2634
  4.913828e-01   1.022325e-13   9.840370e-04   2.010069e-15   2552
  4.945705e-01   1.060399e-13   1.032361e-03   2.021065e-15   2832
  4.981085e-01   9.930499e-14   9.803825e-04   2.071531e-15   2424
  5.015971e-01   1.024300e-13   1.087506e-03   1.807139e-15   3198
  5.048631e-01   1.012260e-13   8.681062e-04   2.125318e-15   2400
  5.083252e-01   1.046060e-13   9.985776e-04   1.912575e-15   3336
  5.119027e-01   9.882991e-14   8.404887e-04   2.020713e-15   2508
  5.150462e-01   1.063568e-13   1.013004e-03   2.047005e-15   3104
  5.187218e-01   1.043818e-13   1.019172e-03   1.947320e-15   2934
  5.220343e-01   1.007225e-13   9.369744e-04   1.829680e-15   3120
  5.256263e-01   1.023351e-13   1.045384e-03   1.756703e-15   3288
  5.289357e-01   1.074837e-13   8.800568e-04   2.171684e-15   2808
  5.323338e-01   1.027096e-13   1.104468e-03   1.960389e-15   2988
  5.357545e-01   1.030245e-13   1.011140e-03   1.901496e-15   3486
  5.390675e-01   1.083426e-13   9.571221e-04   2.156964e-15   3000
  5.422664e-01   1.055399e-13   8.325653e-04   1.951917e-15   3024
  5.458504e-01   1.104263e-13   9.168226e-04   1.835336e-15   3584
  5.494456e-01   1.081200e-13   9.821560e-04   1.878001e-15   3486
  5.527991e-01   1.069526e-13   8.845337e-04   1.919240e-15   3120
  5.560782e-01   1.079516e-13   8.734506e-04   1.898613e-15   3396
  5.593885e-01   1.060160e-13   9.978964e-04   1.796855e-15   3552
  5.629224e-01   1.065275e-13   9.603534e-04   1.852308e-15   3384
  5.664153e-01   1.071465e-13   9.777364e-04   1.798125e-15   3726
  5.697413e-01   1.066154e-13   9.475502e-04   1.978239e-15   3344
  5.729010e-01   1.124889e-13   9.736455e-04   1.893157e-15   3744
  5.765144e-01   1.097370e-13   9.477817e-04   1.946700e-15   3540
  5.799021e-01   1.094407e-13   1.006149e-03   1.756791e-15   3822
  5.834565e-01   1.063156e-13   9.878124e-04   1.633099e-15   4056
  5.866916e-01   1.094697e-13   9.078164e-04   1.904893e-15   3288
  5.900838e-01   1.081454e-13   1.048596e-03   1.764687e-15   4056
  5.934141e-01   1.091079e-13   9.605270e-04   1.794593e-15   3984
  5.970600e-01   1.121513e-13   8.831345e-04   1.892106e-15   3662
  6.001481e-01   1.097672e-13   9.636098e-04   1.851679e-15   3828
  6.036318e-01   1.071033e-13   1.089370e-03   1.544271e-15   4632
  6.071049e-01   1.096325e-13   8.410059e-04   1.900039e-15   3600
  6.105769e-01   1.119553e-13   9.985737e-04   1.683002e-15   4320
  6.138621e-01   1.088954e-13   7.834444e-04   1.800618e-15   3918
  6.171787e-01   1.100637e-13   9.014176e-04   1.719377e-15   4200
  6.205131e-01   1.153360e-13   1.022920e-03   1.865152e-15   4188
  6.239700e-01   1.122978e-13   1.038929e-03   1.676769e-15   4360
  6.274803e-01   1.110121e-13   1.038850e-03   1.711255e-15   4582
  6.308743e-01   1.136732e-13   9.234335e-04   1.761487e-15   4128
  6.343253e-01   1.121514e-13   9.920101e-04   1.659801e-15   4752
  6.375752e-01   1.180046e-13   9.131947e-04   1.899078e-15   4176
  6.411096e-01   1.093097e-13   1.050053e-03   1.552319e-15   4848
  6.446482e-01   1.144578e-13   9.123418e-04   1.773272e-15   4338
  6.479820e-01   1.135329e-13   9.957341e-04   1.623077e-15   5160
  6.512782e-01   1.151863e-13   8.072490e-04   1.881572e-15   4008
  6.548541e-01   1.124930e-13   1.067151e-03   1.543990e-15   5360
  6.581452e-01   1.156878e-13   9.926354e-04   1.757649e-15   4110
  6.615688e-01   1.152427e-13   1.063460e-03   1.570090e-15   5424
  6.648330e-01   1.142570e-13   9.093259e-04   1.764481e-15   4140
  6.682670e-01   1.165161e-13   1.015985e-03   1.542646e-15   5664
  6.717913e-01   1.200625e-13   8.830334e-04   1.858298e-15   4632
  6.751475e-01   1.123682e-13   9.313969e-04   1.635093e-15   4902
  6.784717e-01   1.191285e-13   9.953030e-04   1.722792e-15   5072
  6.818744e-01   1.211570e-13   9.385334e-04   1.687406e-15   5472
  6.852422e-01   1.189484e-13   9.538134e-04   1.727186e-15   4704
  6.886975e-01   1.225086e-13   1.047734e-03   1.686693e-15   5436
  6.922157e-01   1.189996e-13   9.975801e-04   1.594528e-15   5646
  6.954149e-01   1.196471e-13   8.926250e-04   1.782045e-15   4512
  6.988202e-01   1.196601e-13   1.140100e-03   1.535763e-15   6120
  7.023308e-01   1.211452e-13   8.820433e-04   1.670558e-15   5112
  7.057067e-01   1.244542e-13   1.042362e-03   1.645627e-15   5606
  7.091042e-01   1.199838e-13   9.714200e-04   1.664995e-15   5328
  7.124930e-01   1.188872e-13   9.787204e-04   1.560165e-15   5964
  7.158971e-01   1.195510e-13   9.940447e-04   1.663256e-15   5448
  7.193484e-01   1.184200e-13   1.017941e-03   1.568348e-15   5904
  7.228752e-01   1.189357e-13   1.000362e-03   1.580908e-15   5598
  7.261287e-01   1.204628e-13   9.386933e-04   1.586411e-15   5952
  7.294916e-01   1.231762e-13   1.026954e-03   1.664910e-15   5688
  7.328942e-01   1.224744e-13   9.846955e-04   1.598782e-15   5876
  7.362274e-01   1.250198e-13   9.604209e-04   1.669188e-15   5784
  7.396880e-01   1.195587e-13   9.580629e-04   1.478603e-15   6462
  7.431585e-01   1.244744e-13   1.033342e-03   1.683847e-15   5688
  7.463730e-01   1.227984e-13   9.533939e-04   1.561517e-15   6408
  7.498476e-01   1.217166e-13   9.842501e-04   1.581377e-15   6000
  7.533888e-01   1.234015e-13   1.059159e-03   1.547667e-15   6582
  7.568883e-01   1.240675e-13   1.008047e-03   1.529937e-15   6564
  7.601644e-01   1.243090e-13   8.888373e-04   1.582450e-15   6048
  7.635621e-01   1.242828e-13   1.018608e-03   1.590598e-15   6512
  7.671229e-01   1.259763e-13   1.012583e-03   1.530438e-15   6816
  7.705313e-01   1.299431e-13   8.855598e-04   1.632565e-15   6222
  7.737298e-01   1.278132e-13   9.227087e-04   1.621998e-15   6432
  7.771462e-01   1.279289e-13   9.712111e-04   1.525053e-15   6804
  7.805425e-01   1.287974e-13   9.154579e-04   1.651209e-15   6432
  7.838667e-01   1.301597e-13   1.076466e-03   1.573965e-15   6846
  7.872436e-01   1.275259e-13   9.829553e-04   1.564325e-15   6424
  7.904718e-01   1.274644e-13   8.822090e-04   1.531142e-15   6952
  7.940184e-01   1.290399e-13   1.063073e-03   1.526800e-15   7560
  7.975016e-01   1.296955e-13   9.134936e-04   1.591166e-15   6648
  8.010940e-01   1.295673e-13   1.003794e-03   1.535768e-15   7578
  8.042561e-01   1.280372e-13   9.063446e-04   1.573236e-15   6552
  8.076731e-01   1.279242e-13   9.979139e-04   1.500401e-15   7536
  8.111567e-01   1.291013e-13   9.132376e-04   1.561467e-15   7272
  8.145479e-01   1.299982e-13   9.728104e-04   1.583860e-15   6936
  8.178031e-01   1.295247e-13   9.977143e-04   1.504333e-15   7430
  8.213250e-01   1.298179e-13   1.045033e-03   1.434072e-15   7644
  8.245935e-01   1.290469e-13   9.307740e-04   1.535613e-15   7248
  8.281463e-01   1.308660e-13   1.064794e-03   1.455313e-15   8232
  8.316185e-01   1.332840e-13   9.710105e-04   1.573685e-15   7038
  8.349567e-01   1.338704e-13   9.438683e-04   1.556621e-15   7824
  8.382335e-01   1.309027e-13   9.942267e-04   1.471205e-15   7752
  8.416157e-01   1.299211e-13   1.003152e-03   1.489156e-15   7480
  8.451302e-01   1.336134e-13   1.011833e-03   1.461338e-15   8404
  8.485444e-01   1.352551e-13   9.399091e-04   1.504180e-15   7614
  8.518207e-01   1.347358e-13   9.844427e-04   1.530018e-15   7776
  8.551174e-01   1.378765e-13   9.392352e-04   1.597199e-15   7944
  8.585635e-01   1.367125e-13   9.766291e-04   1.511618e-15   8424
  8.619639e-01   1.343166e-13   9.583464e-04   1.530975e-15   7872
  8.654765e-01   1.346617e-13   9.630186e-04   1.472770e-15   8658
  8.688452e-01   1.367958e-13   9.611694e-04   1.506022e-15   8352
  8.723129e-01   1.360724e-13   9.655449e-04   1.504966e-15   8648
  8.755912e-01   1.403827e-13   9.149173e-04   1.589601e-15   7680
  8.790367e-01   1.379483e-13   9.531068e-04   1.472630e-15   8646
  8.822382e-01   1.388983e-13   9.234329e-04   1.468464e-15   8448
  8.857769e-01   1.436396e-13   9.812644e-04   1.510839e-15   9120
  8.891913e-01   1.339095e-13   9.588814e-04   1.485261e-15   8316
  8.926442e-01   1.412780e-13   1.034938e-03   1.445574e-15   9504
  8.961124e-01   1.431470e-13   9.411707e-04   1.590252e-15   8358
  8.995737e-01   1.388357e-13   9.948383e-04   1.444874e-15   9584
  9.029179e-01   1.404694e-13   9.519874e-04   1.494575e-15   8616
  9.063714e-01   1.448147e-13   1.036501e-03   1.479511e-15   9432
  9.098983e-01   1.424644e-13   1.054421e-03   1.518341e-15   9018
  9.130995e-01   1.405902e-13   8.925739e-04   1.527071e-15   8568
  9.164447e-01   1.386291e-13   9.935089e-04   1.382949e-15   9816
  9.199052e-01   1.446929e-13   9.405935e-04   1.550860e-15   9000
  9.233247e-01   1.462288e-13   9.837551e-04   1.541041e-15   9504
  9.267306e-01   1.414282e-13   1.006398e-03   1.442735e-15   9446
  9.300802e-01   1.449917e-13   9.624225e-04   1.465181e-15   9696
  9.335244e-01   1.464838e-13   8.956216e-04   1.508505e-15   9180
  9.369074e-01   1.437712e-13   1.035278e-03   1.388432e-15   10512
  9.403628e-01   1.493492e-13   9.787470e-04   1.595084e-15   9048
  9.437812e-01   1.426970e-13   9.387702e-04   1.418394e-15   10014
  9.469467e-01   1.442023e-13   9.162358e-04   1.525228e-15   9096
  9.503901e-01   1.445923e-13   1.048815e-03   1.384127e-15   11088
  9.540508e-01   1.501889e-13   1.020389e-03   1.504734e-15   9860
  9.574037e-01   1.442478e-13   9.672113e-04   1.443106e-15   10110
  9.607663e-01   1.475646e-13   1.006739e-03   1.486437e-15   10104
  9.641489e-01   1.491563e-13   9.545583e-04   1.474812e-15   10392
  9.675729e-01   1.466741e-13   9.880976e-04   1.413476e-15   10104
  9.710628e-01   1.503480e-13   1.022530e-03   1.379078e-15   11352
  9.746180e-01   1.485010e-13   9.364871e-04   1.509446e-15   10014
  9.777749e-01   1.492731e-13   8.644241e-04   1.531672e-15   9636
  9.811143e-01   1.478566e-13   1.024502e-03   1.381101e-15   11552
  9.846389e-01   1.486671e-13   9.519720e-04   1.456387e-15   10488
  9.880418e-01   1.557427e-13   9.942196e-04   1.552538e-15   10254
  9.913535e-01   1.482457e-13   9.360901e-04   1.372341e-15   11304
  9.947947e-01   1.534513e-13   9.500453e-04   1.488647e-15   10872
  9.982198e-01   1.505717e-13   1.018789e-03   1.439812e-15   10932
  1.001538e+00   1.509570e-13   9.191792e-04   1.497437e-15   10848
  1.004968e+00   1.536420e-13   9.613098e-04   1.465571e-15   10998
  1.008371e+00   1.526985e-13   1.010151e-03   1.393949e-15   11720
  1.011785e+00   1.563759e-13   9.293623e-04   1.477711e-15   10776
  1.015145e+00   1.537858e-13   1.016690e-03   1.397323e-15   12072
  1.018627e+00   1.514383e-13   9.322439e-04   1.440347e-15   10704
  1.021966e+00   1.528294e-13   9.563293e-04   1.421393e-15   11730
  1.025452e+00   1.538089e-13   9.932906e-04   1.398383e-15   12144
  1.028814e+00   1.550268e-13   9.411395e-04   1.450377e-15   11568
  1.032333e+00   1.541771e-13   1.018099e-03   1.411537e-15   11552
  1.035496e+00   1.561358e-13   9.188638e-04   1.471265e-15   10926
  1.038938e+00   1.589871e-13   1.040698e-03   1.362982e-15   13032
  1.042312e+00   1.616980e-13   8.505148e-04   1.570117e-15   10776
  1.045727e+00   1.581802e-13   1.046983e-03   1.373438e-15   13116
  1.049219e+00   1.575362e-13   9.853293e-04   1.441501e-15   12288
  1.052658e+00   1.558855e-13   9.056138e-04   1.473709e-15   11262
  1.055879e+00   1.594697e-13   9.783290e-04   1.405035e-15   12672
  1.059343e+00   1.604146e-13   9.592412e-04   1.421453e-15   12624
  1.062777e+00   1.592982e-13   9.623576e-04   1.415864e-15   12392
  1.066184e+00   1.588168e-13   9.864834e-04   1.458902e-15   12060
  1.069636e+00   1.616528e-13   1.040331e-03   1.396703e-15   13662
  1.072946e+00   1.618760e-13   8.984272e-04   1.509675e-15   11592
  1.076393e+00   1.617865e-13   1.067653e-03   1.406655e-15   13776
  1.079833e+00   1.653837e-13   9.079546e-04   1.476338e-15   12240
  1.083287e+00   1.597476e-13   1.046073e-03   1.361580e-15   13662
  1.086532e+00   1.631249e-13   8.990309e-04   1.490966e-15   11520
  1.090035e+00   1.652654e-13   1.036209e-03   1.331701e-15   15044
  1.093490e+00   1.665713e-13   9.313428e-04   1.484261e-15   12384
  1.096882e+00   1.612832e-13   9.804345e-04   1.430004e-15   13176
  1.100202e+00   1.621114e-13   8.879465e-04   1.452558e-15   12798
  1.103628e+00   1.687110e-13   1.008480e-03   1.449146e-15   14376
  1.106957e+00   1.643984e-13   9.586156e-04   1.477698e-15   12528
  1.110377e+00   1.661638e-13   1.006656e-03   1.402090e-15   14100
  1.113686e+00   1.693783e-13   9.133782e-04   1.569030e-15   12630
  1.117102e+00   1.662214e-13   9.919328e-04   1.388246e-15   14624
  1.120482e+00   1.709616e-13   9.894156e-04   1.479995e-15   13272
  1.123923e+00   1.716769e-13   1.008580e-03   1.424675e-15   14664
  1.127428e+00   1.657424e-13   1.031064e-03   1.354669e-15   14328
  1.130809e+00   1.681423e-13   9.574326e-04   1.446062e-15   13086
  1.134236e+00   1.684598e-13   1.030026e-03   1.348160e-15   15612
  1.137653e+00   1.750110e-13   8.878573e-04   1.513303e-15   13416
  1.140971e+00   1.697760e-13   1.044367e-03   1.419260e-15   14360
  1.144380e+00   1.727205e-13   9.770905e-04   1.448503e-15   14064
  1.147853e+00   1.731813e-13   1.005516e-03   1.403692e-15   15750
  1.151277e+00   1.694780e-13   9.498220e-04   1.447513e-15   13680
  1.154655e+00   1.732781e-13   1.034040e-03   1.401408e-15   15468
  1.158090e+00   1.718036e-13   9.964048e-04   1.469549e-15   14352
  1.161422e+00   1.729669e-13   9.831061e-04   1.426227e-15   14454
  1.164771e+00   1.789914e-13   1.009534e-03   1.461419e-15   15048
  1.168219e+00   1.702069e-13   9.356739e-04   1.397373e-15   15360
  1.171622e+00   1.769903e-13   1.028303e-03   1.420631e-15   15224
  1.175043e+00   1.776064e-13   9.737025e-04   1.424446e-15   15096
  1.178436e+00   1.789626e-13   9.513142e-04   1.477114e-15   14514
  1.181744e+00   1.821073e-13   9.972118e-04   1.433982e-15   16416
  1.185216e+00   1.767801e-13   9.813109e-04   1.425832e-15   15216
  1.188760e+00   1.818659e-13   9.875256e-04   1.424980e-15   16440
  1.192145e+00   1.800614e-13   9.934307e-04   1.495418e-15   14904
  1.195382e+00   1.815203e-13   9.331760e-04   1.473751e-15   15134
  1.198830e+00   1.825218e-13   1.044008e-03   1.437902e-15   16644
  1.202273e+00   1.782626e-13   9.801415e-04   1.435086e-15   16128
  1.205649e+00   1.831826e-13   9.739380e-04   1.460069e-15   15384
  1.208976e+00   1.815497e-13   9.574053e-04   1.447467e-15   15462
  1.212384e+00   1.854705e-13   1.022817e-03   1.413163e-15   17304
  1.215857e+00   1.838213e-13   9.644898e-04   1.462316e-15   16176
  1.219267e+00   1.854253e-13   1.020273e-03   1.440817e-15   16824
  1.222757e+00   1.802488e-13   9.384566e-04   1.433428e-15   15980
  1.226044e+00   1.881541e-13   9.341167e-04   1.475928e-15   16326
  1.229359e+00   1.852723e-13   9.971528e-04   1.457307e-15   16488
  1.232793e+00   1.832434e-13   9.674257e-04   1.410112e-15   16944
  1.236242e+00   1.878302e-13   1.018099e-03   1.432200e-15   17256
  1.239567e+00   1.839787e-13   9.442015e-04   1.468281e-15   15966
  1.243019e+00   1.882053e-13   1.002557e-03   1.429210e-15   17628
  1.246398e+00   1.862304e-13   9.523046e-04   1.447014e-15   17280
  1.249813e+00   1.870993e-13   1.048272e-03   1.429260e-15   17056
  1.253179e+00   1.876229e-13   9.884505e-04   1.449538e-15   17296
  1.256693e+00   1.874675e-13   9.682006e-04   1.410694e-15   17526
  1.260009e+00   1.901838e-13   9.743928e-04   1.423262e-15   17592
  1.263462e+00   1.929099e-13   1.013641e-03   1.442713e-15   17880
  1.266826e+00   1.919008e-13   9.399981e-04   1.500867e-15   17028
  1.270153e+00   1.934122e-13   9.558687e-04   1.481814e-15   17376
  1.273537e+00   1.970072e-13   9.489771e-04   1.465162e-15   18414
  1.277033e+00   1.917636e-13   9.732250e-04   1.429698e-15   17840
  1.280422e+00   1.926920e-13   1.021714e-03   1.426780e-15   18960
  1.283800e+00   1.945088e-13   9.491477e-04   1.502856e-15   16992
  1.287191e+00   1.966064e-13   1.045598e-03   1.466756e-15   18378
  1.290511e+00   1.995111e-13   9.309987e-04   1.518088e-15   18192
  1.293964e+00   1.958942e-13   9.939797e-04   1.408865e-15   19320
  1.297392e+00   1.971612e-13   9.640812e-04   1.476769e-15   17856
  1.300808e+00   1.918797e-13   9.952112e-04   1.418591e-15   19128
  1.304168e+00   1.970083e-13   9.205139e-04   1.485764e-15   18246
  1.307589e+00   1.988175e-13   9.567778e-04   1.436364e-15   19184
  1.310975e+00   1.952517e-13   9.792411e-04   1.418159e-15   18900
  1.314454e+00   1.984043e-13   1.021314e-03   1.424360e-15   19776
  1.317772e+00   2.009556e-13   9.370417e-04   1.556009e-15   17814
  1.321221e+00   2.028209e-13   1.019691e-03   1.447630e-15   19944
  1.324582e+00   2.038808e-13   1.005872e-03   1.468849e-15   19536
  1.328059e+00   2.028539e-13   9.953972e-04   1.435578e-15   20112
  1.331434e+00   1.974209e-13   9.251142e-04   1.522267e-15   18116
  1.334798e+00   2.005795e-13   9.644510e-04   1.397563e-15   19878
  1.338104e+00   2.036180e-13   9.747533e-04   1.442419e-15   19800
  1.341597e+00   2.061903e-13   9.746917e-04   1.476554e-15   20136
  1.345077e+00   2.012306e-13   1.025284e-03   1.431796e-15   20808
  1.348466e+00   2.039502e-13   9.288316e-04   1.500496e-15   19152
  1.351874e+00   2.040505e-13   9.810813e-04   1.442571e-15   20526
  1.355317e+00   2.069820e-13   1.009394e-03   1.485367e-15   20532
  1.358658e+00   2.112511e-13   1.003080e-03   1.500337e-15   20120
  1.361967e+00   2.049270e-13   9.347410e-04   1.504222e-15   19512
  1.365426e+00   2.079986e-13   1.015429e-03   1.457718e-15   21246
  1.368810e+00   2.113865e-13   9.234922e-04   1.513627e-15   20112
  1.372239e+00   2.113346e-13   1.028308e-03   1.441787e-15   22104
  1.375656e+00   2.081328e-13   1.009051e-03   1.492244e-15   19620
  1.379051e+00   2.085302e-13   1.002997e-03   1.429974e-15   21912
  1.382450e+00   2.128674e-13   9.358667e-04   1.531912e-15   20070
  1.385835e+00   2.134835e-13   1.019290e-03   1.477713e-15   22064
  1.389281e+00   2.133090e-13   9.677197e-04   1.483319e-15   21048
  1.392624e+00   2.156724e-13   9.464641e-04   1.503092e-15   21168
  1.396022e+00   2.162189e-13   1.023526e-03   1.508084e-15   21384
  1.399510e+00   2.110312e-13   9.261037e-04   1.447957e-15   22146
  1.402917e+00   2.207533e-13   9.907340e-04   1.498573e-15   22200
  1.406352e+00   2.127828e-13   9.384676e-04   1.456324e-15   21648
  1.409715e+00   2.122053e-13   1.004739e-03   1.479525e-15   21144
  1.413042e+00   2.123941e-13   9.557029e-04   1.457069e-15   21710
  1.416464e+00   2.183131e-13   1.015437e-03   1.448015e-15   23112
  1.419994e+00   2.173418e-13   1.013025e-03   1.463712e-15   23064
  1.423397e+00   2.185896e-13   9.375385e-04   1.506969e-15   21252
  1.426667e+00   2.183656e-13   9.398251e-04   1.485318e-15   22128
  1.430079e+00   2.204342e-13   9.741612e-04   1.486341e-15   22446
  1.433489e+00   2.167755e-13   9.547049e-04   1.476934e-15   22848
  1.436865e+00   2.225423e-13   9.559285e-04   1.480582e-15   23208
  1.440318e+00   2.233455e-13   9.839042e-04   1.513838e-15   22536
  1.443716e+00   2.209298e-13   9.977885e-04   1.487511e-15   22586
  1.447106e+00   2.259454e-13   1.017372e-03   1.508338e-15   24096
  1.450516e+00   2.264712e-13   9.545662e-04   1.537404e-15   22440
  1.453882e+00   2.281002e-13   1.040231e-03   1.516924e-15   23400
  1.457251e+00   2.245386e-13   9.449552e-04   1.512421e-15   23232
  1.460730e+00   2.286824e-13   9.950400e-04   1.505616e-15   23886
  1.464083e+00   2.261553e-13   9.568206e-04   1.540897e-15   23376
  1.467479e+00   2.278099e-13   9.653968e-04   1.524039e-15   23540
  1.470837e+00   2.291010e-13   9.576052e-04   1.504958e-15   24240
  1.474322e+00   2.299039e-13   1.007568e-03   1.523245e-15   23952
  1.477751e+00   2.312861e-13   9.425996e-04   1.529090e-15   24006
  1.481188e+00   2.303965e-13   1.057459e-03   1.466940e-15   25560
  1.484513e+00   2.321013e-13   9.375935e-04   1.584597e-15   22728
  1.487845e+00   2.307300e-13   9.449672e-04   1.542527e-15   23556
  1.491222e+00   2.317972e-13   9.861154e-04   1.513919e-15   25398
  1.494647e+00   2.394433e-13   9.661087e-04   1.572154e-15   24088
  1.498058e+00   2.363424e-13   1.005693e-03   1.511490e-15   25696
  1.501476e+00   2.383243e-13   9.445009e-04   1.574598e-15   24144
  1.504866e+00   2.318941e-13   1.009435e-03   1.499972e-15   25560
  1.508279e+00   2.354782e-13   9.311536e-04   1.569698e-15   24246
  1.511702e+00   2.421444e-13   9.886422e-04   1.529117e-15   26292
  1.515117e+00   2.395038e-13   9.750958e-04   1.561128e-15   25200
  1.518516e+00   2.401071e-13   1.015518e-03   1.555993e-15   25296
  1.521840e+00   2.386245e-13   9.273872e-04   1.569932e-15   24192
  1.525374e+00   2.416335e-13   1.024084e-03   1.469055e-15   28646
  1.528819e+00   2.425253e-13   9.416682e-04   1.591784e-15   24552
  1.532197e+00   2.427462e-13   9.871622e-04   1.558197e-15   25788
  1.535497e+00   2.433107e-13   9.319875e-04   1.579461e-15   25272
  1.538910e+00   2.407984e-13   1.008561e-03   1.555236e-15   26118
  1.542254e+00   2.454965e-13   9.872169e-04   1.578224e-15   26016
  1.545754e+00   2.440784e-13   9.973691e-04   1.511747e-15   27792
  1.549107e+00   2.461721e-13   9.782537e-04   1.612062e-15   25072
  1.552489e+00   2.440564e-13   1.013302e-03   1.519528e-15   26824
  1.555876e+00   2.500803e-13   9.251742e-04   1.613363e-15   26106
  1.559322e+00   2.482701e-13   1.018165e-03   1.529165e-15   28296
  1.562736e+00   2.482729e-13   9.795929e-04   1.572630e-15   26640
  1.566139e+00   2.459333e-13   9.326427e-04   1.571855e-15   26064
  1.569509e+00   2.509573e-13   1.023197e-03   1.518983e-15   27822
  1.572858e+00   2.552702e-13   9.509197e-04   1.646811e-15   26160
  1.576250e+00   2.558259e-13   1.045692e-03   1.591480e-15   28108
  1.579675e+00   2.550762e-13   9.994315e-04   1.601229e-15   27664
  1.583072e+00   2.558486e-13   9.941707e-04   1.579006e-15   27600
  1.586528e+00   2.536732e-13   9.963156e-04   1.558838e-15   27510
  1.589938e+00   2.591626e-13   9.859005e-04   1.599473e-15   28848
  1.593332e+00   2.551284e-13   9.762803e-04   1.585333e-15   27744
  1.596742e+00   2.581884e-13   9.511846e-04   1.580284e-15   27888
  1.600131e+00   2.579804e-13   9.670142e-04   1.615349e-15   27780
  1.603528e+00   2.627479e-13   9.742031e-04   1.615797e-15   28734
  1.606889e+00   2.623468e-13   1.005991e-03   1.607696e-15   28232
  1.610329e+00   2.626222e-13   1.000286e-03   1.577271e-15   29016
  1.613693e+00   2.625976e-13   9.883033e-04   1.604827e-15   28056
  1.617078e+00   2.673191e-13   9.591200e-04   1.634859e-15   28710
  1.620494e+00   2.668583e-13   1.013131e-03   1.617369e-15   29220
  1.624041e+00   2.617017e-13   1.036386e-03   1.551559e-15   31584
  1.627400e+00   2.633945e-13   9.553743e-04   1.654312e-15   26904
  1.630674e+00   2.670221e-13   9.285874e-04   1.648162e-15   28512
  1.634161e+00   2.662930e-13   1.000248e-03   1.568633e-15   30878
  1.637619e+00   2.698457e-13   1.004557e-03   1.607941e-15   30408
  1.641002e+00   2.715454e-13   9.703596e-04   1.655150e-15   28632
  1.644329e+00   2.697442e-13   9.338123e-04   1.637939e-15   28764
  1.647688e+00   2.702169e-13   1.038911e-03   1.610501e-15   30630
  1.651141e+00   2.716220e-13   9.619060e-04   1.639292e-15   30240
  1.654600e+00   2.754512e-13   9.855083e-04   1.639813e-15   31008
  1.657971e+00   2.760102e-13   9.439236e-04   1.679803e-15   29240
  1.661283e+00   2.713904e-13   9.632944e-04   1.641964e-15   30000
  1.664737e+00   2.759624e-13   1.019644e-03   1.643730e-15   30978
  1.668138e+00   2.750418e-13   9.612856e-04   1.638037e-15   30696
  1.671525e+00   2.771594e-13   1.007582e-03   1.630632e-15   31320
  1.674870e+00   2.750145e-13   9.416567e-04   1.682699e-15   29280
  1.678263e+00   2.756638e-13   1.006944e-03   1.640992e-15   31488
  1.681653e+00   2.798304e-13   9.453471e-04   1.658738e-15   31326
  1.685080e+00   2.829459e-13   1.015014e-03   1.690706e-15   31480
  1.688539e+00   2.830532e-13   9.846423e-04   1.650074e-15   32572
  1.691988e+00   2.802635e-13   9.852371e-04   1.646273e-15   31296
  1.695337e+00   2.835820e-13   9.580987e-04   1.697827e-15   30798
  1.698756e+00   2.877537e-13   1.019947e-03   1.713119e-15   32256
  1.702112e+00   2.850669e-13   9.851718e-04   1.662800e-15   32088
  1.705471e+00   2.878603e-13   9.749849e-04   1.724161e-15   30936
  1.708872e+00   2.900546e-13   1.013665e-03   1.679906e-15   33036
  1.712340e+00   2.846211e-13   9.814605e-04   1.698925e-15   31846
  1.715716e+00   2.897880e-13   1.000452e-03   1.647332e-15   33832
  1.719107e+00   2.895756e-13   9.267229e-04   1.731264e-15   30912
  1.722470e+00   2.883867e-13   9.718409e-04   1.679770e-15   32976
  1.725849e+00   2.891004e-13   9.589091e-04   1.668521e-15   32712
  1.729299e+00   2.930774e-13   9.694589e-04   1.679018e-15   33438
  1.732697e+00   2.986181e-13   9.759808e-04   1.739528e-15   32556
  1.736008e+00   2.944900e-13   9.673595e-04   1.713426e-15   33144
  1.739423e+00   2.986459e-13   9.568897e-04   1.745258e-15   33504
  1.742928e+00   2.972902e-13   9.907617e-04   1.723985e-15   33542
  1.746251e+00   2.992386e-13   9.761088e-04   1.714775e-15   33768
  1.749697e+00   2.999404e-13   9.890657e-04   1.694483e-15   34368
  1.753059e+00   3.027677e-13   9.398519e-04   1.760020e-15   32856
  1.756491e+00   3.000049e-13   9.718883e-04   1.691737e-15   34524
  1.759859e+00   3.039653e-13   9.230442e-04   1.774189e-15   33510
  1.763319e+00   3.058845e-13   1.033008e-03   1.704273e-15   35856
  1.766738e+00   3.052722e-13   9.789033e-04   1.782503e-15   33888
  1.770094e+00   3.039431e-13   9.592478e-04   1.763994e-15   33752
  1.773444e+00   3.056281e-13   1.008735e-03   1.715438e-15   34902
  1.776965e+00   3.083426e-13   9.868343e-04   1.747855e-15   35484
  1.780394e+00   3.131434e-13   1.015830e-03   1.747230e-15   36648
  1.783785e+00   3.059234e-13   9.394377e-04   1.780323e-15   33000
  1.787135e+00   3.097164e-13   1.015728e-03   1.731683e-15   35520
  1.790596e+00   3.095682e-13   9.921111e-04   1.726691e-15   36078
  1.793965e+00   3.197037e-13   9.711127e-04   1.835940e-15   34992
  1.797329e+00   3.152672e-13   9.608864e-04   1.804461e-15   35072
  1.800764e+00   3.158003e-13   1.007567e-03   1.748929e-15   36876
  1.804084e+00   3.172819e-13   9.316889e-04   1.892397e-15   33216
  1.807491e+00   3.154371e-13   1.032331e-03   1.725677e-15   38382
  1.810984e+00   3.161666e-13   9.682750e-04   1.791095e-15   36072
  1.814418e+00   3.184857e-13   9.696935e-04   1.767433e-15   37464
  1.817773e+00   3.192268e-13   9.320563e-04   1.851300e-15   34416
  1.821192e+00   3.260732e-13   1.021416e-03   1.802510e-15   37386
  1.824585e+00   3.290075e-13   9.752191e-04   1.855024e-15   37040
  1.827967e+00   3.275149e-13   9.494317e-04   1.832708e-15   36240
  1.831325e+00   3.261020e-13   1.012861e-03   1.823749e-15   36432
  1.834733e+00   3.228138e-13   9.562728e-04   1.796058e-15   37560
  1.838152e+00   3.284797e-13   9.909694e-04   1.854983e-15   37350
  1.841634e+00   3.292782e-13   1.013075e-03   1.812865e-15   38616
  1.845012e+00   3.259669e-13   9.549061e-04   1.842423e-15   37092
  1.848409e+00   3.299432e-13   9.182933e-04   1.840610e-15   37272
  1.851799e+00   3.235863e-13   1.011002e-03   1.803455e-15   37616
  1.855230e+00   3.306820e-13   9.791045e-04   1.786722e-15   38478
  1.858608e+00   3.366990e-13   9.948864e-04   1.872079e-15   37992
  1.861981e+00   3.371826e-13   9.755720e-04   1.861021e-15   38232
  1.865360e+00   3.339060e-13   9.561314e-04   1.862725e-15   36708
  1.868749e+00   3.344076e-13   1.000812e-03   1.819220e-15   39534
  1.872173e+00   3.436082e-13   1.002785e-03   1.891461e-15   39336
  1.875572e+00   3.409536e-13   9.646922e-04   1.896441e-15   37624
  1.878977e+00   3.377416e-13   9.870851e-04   1.816751e-15   40408
  1.882408e+00   3.366081e-13   9.441395e-04   1.857591e-15   38256
  1.885822e+00   3.421070e-13   9.645504e-04   1.863821e-15   39438
  1.889268e+00   3.438179e-13   9.952977e-04   1.851041e-15   40524
  1.892622e+00   3.465071e-13   9.396870e-04   1.904365e-15   38448
  1.896001e+00   3.458797e-13   9.889896e-04   1.900261e-15   39312
  1.899370e+00   3.475194e-13   9.454305e-04   1.929949e-15   38718
  1.902752e+00   3.498251e-13   1.008786e-03   1.924229e-15   40872
  1.906153e+00   3.485229e-13   9.579164e-04   1.914543e-15   40088
  1.909607e+00   3.521182e-13   1.021028e-03   1.938695e-15   40644
  1.913014e+00   3.483558e-13   9.580841e-04   1.906026e-15   40176
  1.916440e+00   3.498018e-13   1.015811e-03   1.887808e-15   40998
  1.919781e+00   3.636990e-13   9.315444e-04   2.043330e-15   39192
  1.923177e+00   3.602525e-13   9.835940e-04   1.966056e-15   41640
  1.926591e+00   3.593498e-13   9.865853e-04   1.970051e-15   41400
  1.929954e+00   3.598596e-13   9.710201e-04   2.037486e-15   38640
  1.933373e+00   3.640135e-13   9.964131e-04   1.903309e-15   43658
  1.936792e+00   3.618950e-13   9.582756e-04   1.988865e-15   40608
  1.940176e+00   3.643875e-13   9.782447e-04   1.958334e-15   41880
  1.943631e+00   3.665155e-13   9.669901e-04   1.998200e-15   41712
  1.947085e+00   3.666094e-13   1.009457e-03   1.946937e-15   42942
  1.950463e+00   3.696330e-13   9.589570e-04   2.021600e-15   40896
  1.953853e+00   3.707038e-13   9.879975e-04   1.991677e-15   42708
  1.957213e+00   3.751228e-13   9.351117e-04   2.066078e-15   40968
  1.960629e+00   3.670740e-13   1.015965e-03   1.961388e-15   43496
  1.964036e+00   3.745856e-13   9.725754e-04   2.054582e-15   41454
  1.967447e+00   3.761793e-13   1.004526e-03   1.994363e-15   43704
  1.970751e+00   3.710053e-13   9.256831e-04   2.041400e-15   41208
  1.974178e+00   3.730764e-13   1.015706e-03   1.982111e-15   43944
  1.977639e+00   3.752631e-13   9.801018e-04   2.036038e-15   43218
  1.981069e+00   3.769462e-13   9.835304e-04   2.029427e-15   44136
  1.984421e+00   3.815749e-13   9.689214e-04   2.048693e-15   42304
  1.987802e+00   3.815896e-13   9.842599e-04   2.028693e-15   43096
  1.991130e+00   3.844940e-13   9.631295e-04   2.058525e-15   43464
  1.994604e+00   2.062292e-13   1.004342e-03   1.692549e-15   44382
  1.998002e+00   5.433930e-15   1.003266e-03   3.214993e-17   44316
  2.001426e+00   5.427924e-15   9.893154e-04   3.169835e-17   44592
  2.004809e+00   5.117943e-15   9.680892e-04   3.084759e-17   44328
  2.008236e+00   4.780412e-15   9.523162e-04   2.864323e-17   43560
  2.011631e+00   4.802106e-15   9.817514e-04   2.878807e-17   44763
  2.015012e+00   4.469325e-15   9.843293e-04   2.670310e-17   44216
  2.018416e+00   4.212187e-15   1.002968e-03   2.493570e-17   45144
  2.021845e+00   4.186627e-15   9.533111e-04   2.558466e-17   42876
  2.025221e+00   4.041557e-15   1.039094e-03   2.404387e-17   46164
  2.028603e+00   3.773865e-15   9.538972e-04   2.289423e-17   42360
  2.032052e+00   3.596262e-15   1.004468e-03   2.115267e-17   45324
  2.035424e+00   3.563351e-15   9.995889e-04   2.155977e-17   43320
  2.038817e+00   3.334174e-15   1.007297e-03   1.973064e-17   44580
  2.042292e+00   3.247029e-15   1.006134e-03   1.889373e-17   44468
  2.045700e+00   3.185339e-15   9.571103e-04   1.907102e-17   43416
  2.049007e+00   3.089566e-15   9.503154e-04   1.876329e-17   42264
  2.052427e+00   2.930596e-15   9.982480e-04   1.679388e-17   44580
  2.055855e+00   2.860609e-15   1.013336e-03   1.667325e-17   43824
  2.059268e+00   2.802397e-15   9.523479e-04   1.627420e-17   43392
  2.062640e+00   2.674157e-15   9.709336e-04   1.558998e-17   43296
  2.066077e+00   2.578775e-15   9.345634e-04   1.502906e-17   42656
  2.069429e+00   2.588127e-15   9.980838e-04   1.505190e-17   43728
  2.072869e+00   2.457385e-15   1.006399e-03   1.426738e-17   43536
  2.076268e+00   2.395594e-15   1.001616e-03   1.378541e-17   42180
  2.079670e+00   2.386700e-15   9.698728e-04   1.348292e-17   44136
  2.083087e+00   2.288249e-15   9.773400e-04   1.304059e-17   42372
  2.086460e+00   2.239964e-15   9.552676e-04   1.297059e-17   41604
  2.089832e+00   2.225315e-15   1.006521e-03   1.266655e-17   43440
  2.093239e+00   2.106432e-15   1.007289e-03   1.176176e-17   42488
  2.096600e+00   2.090852e-15   9.671663e-04   1.195811e-17   41496
  2.100046e+00   2.103221e-15   1.009561e-03   1.165144e-17   44112
  2.103476e+00   2.040105e-15   9.627245e-04   1.153343e-17   41688
  2.106847e+00   1.988149e-15   1.002887e-03   1.108341e-17   42276
  2.110231e+00   1.961251e-15   9.673004e-04   1.117590e-17   41172
  2.113637e+00   1.893769e-15   1.014189e-03   1.027970e-17   43536
  2.117060e+00   1.886290e-15   9.440682e-04   1.046683e-17   41496
  2.120446e+00   1.849263e-15   1.001696e-03   1.049338e-17   40764
  2.123824e+00   1.821509e-15   9.829124e-04   9.963732e-18   43220
  2.127251e+00   1.794051e-15   9.741948e-04   9.974291e-18   41076
  2.130650e+00   1.734563e-15   9.736862e-04   9.474403e-18   41532
  2.134066e+00   1.754085e-15   9.913433e-04   9.753377e-18   41928
  2.137452e+00   1.695097e-15   9.489903e-04   9.385673e-18   41412
  2.140836e+00   1.694925e-15   9.876425e-04   9.503496e-18   40032
  2.144200e+00   1.658366e-15   9.795004e-04   8.975177e-18   41880
  2.147583e+00   1.657269e-15   9.747362e-04   9.215287e-18   40264
  2.151008e+00   1.589616e-15   9.980952e-04   8.470748e-18   42592
  2.154444e+00   1.583623e-15   9.574599e-04   8.677188e-18   39588
  2.157836e+00   1.578940e-15   9.899106e-04   8.404973e-18   42180
  2.161205e+00   1.540532e-15   9.550806e-04   8.572737e-18   39240
  2.164591e+00   1.514826e-15   1.002498e-03   8.057231e-18   40920
  2.168021e+00   1.513776e-15   9.895186e-04   8.149472e-18   41184
  2.171435e+00   1.479581e-15   9.802064e-04   7.942478e-18   40872
  2.174814e+00   1.453188e-15   9.323587e-04   7.823920e-18   38748
  2.178230e+00   1.476230e-15   9.923713e-04   7.907612e-18   41420
  2.181596e+00   1.414342e-15   9.733624e-04   7.742194e-18   39816
  2.185019e+00   1.404452e-15   9.758566e-04   7.496690e-18   39792
  2.188398e+00   1.378760e-15   9.322510e-04   7.488203e-18   39816
  2.191853e+00   1.400944e-15   1.007568e-03   7.392198e-18   41064
  2.195255e+00   1.381893e-15   9.665765e-04   7.359143e-18   39204
  2.198703e+00   1.348397e-15   1.019970e-03   7.176242e-18   40080
  2.202014e+00   1.343039e-15   9.424963e-04   7.288060e-18   38332
  2.205420e+00   1.340078e-15   9.836872e-04   7.197339e-18   39952
  2.208814e+00   1.291277e-15   9.826829e-04   6.938762e-18   39000
  2.212292e+00   1.301558e-15   1.009126e-03   6.952011e-18   40356
  2.215686e+00   1.282149e-15   9.900841e-04   6.808215e-18   39300
  2.219073e+00   1.244624e-15   9.768590e-04   6.780516e-18   37452
  2.222434e+00   1.248369e-15   9.686015e-04   6.627193e-18   39732
  2.225893e+00   1.252146e-15   9.735156e-04   6.688290e-18   39312
  2.229261e+00   1.231442e-15   9.899780e-04   6.647660e-18   37632
  2.232646e+00   1.201877e-15   9.733727e-04   6.651580e-18   38420
  2.236046e+00   1.209383e-15   1.005997e-03   6.396212e-18   39564
  2.239457e+00   1.198826e-15   9.680250e-04   6.536714e-18   37236
  2.242822e+00   1.173574e-15   9.786551e-04   6.271689e-18   38100
  2.246202e+00   1.166917e-15   9.621843e-04   6.421313e-18   38208
  2.249650e+00   1.157020e-15   1.001343e-03   6.199648e-18   39072
  2.253028e+00   1.146493e-15   9.255374e-04   6.382584e-18   36192
  2.256433e+00   1.150438e-15   1.000569e-03   6.132274e-18   38928
  2.259875e+00   1.116833e-15   9.940952e-04   5.990997e-18   38768
  2.263364e+00   1.112444e-15   9.767718e-04   5.969586e-18   37596
  2.266775e+00   1.114024e-15   9.724364e-04   6.044860e-18   37296
  2.270122e+00   1.102043e-15   9.733477e-04   6.028489e-18   36948
  2.273485e+00   1.091538e-15   9.983394e-04   5.905393e-18   37248
  2.276967e+00   1.072294e-15   9.858991e-04   5.808580e-18   37152
  2.280308e+00   1.063648e-15   9.842197e-04   5.732052e-18   37512
  2.283721e+00   1.050959e-15   9.421972e-04   5.942047e-18   35876
  2.287109e+00   1.046853e-15   1.004095e-03   5.782440e-18   36936
  2.290550e+00   1.035475e-15   1.000342e-03   5.698469e-18   38028
  2.293967e+00   1.031277e-15   9.518210e-04   5.784590e-18   35592
  2.297304e+00   1.015725e-15   9.445855e-04   5.691402e-18   35508
  2.300680e+00   1.006697e-15   9.795177e-04   5.603331e-18   36492
  2.304133e+00   1.008892e-15   1.010473e-03   5.563725e-18   37608
  2.307551e+00   9.820039e-16   9.970499e-04   5.613730e-18   34848
  2.310869e+00   9.942754e-16   9.351021e-04   5.641802e-18   35220
  2.314285e+00   9.913413e-16   9.755168e-04   5.527159e-18   36884
  2.317699e+00   9.715033e-16   9.681382e-04   5.532108e-18   35412
  2.321162e+00   9.584895e-16   1.002430e-03   5.379065e-18   35652
  2.324531e+00   9.540991e-16   1.002197e-03   5.324298e-18   36072
  2.327908e+00   9.462425e-16   9.658515e-04   5.502763e-18   34368
  2.331324e+00   9.329873e-16   9.783685e-04   5.314047e-18   35484
  2.334741e+00   9.275166e-16   9.684744e-04   5.379942e-18   35256
  2.338088e+00   9.068637e-16   1.008122e-03   5.180122e-18   34476
  2.341506e+00   8.932865e-16   9.890537e-04   5.196894e-18   34916
  2.344896e+00   9.152750e-16   9.753182e-04   5.412328e-18   34596
  2.348289e+00   8.996758e-16   9.540538e-04   5.202676e-18   34656
  2.351696e+00   8.900938e-16   9.882911e-04   5.138559e-18   34596
  2.355125e+00   8.808459e-16   9.587525e-04   5.225464e-18   33984
  2.358476e+00   8.774745e-16   9.788210e-04   5.197782e-18   34080
  2.361852e+00   8.627174e-16   9.830509e-04   5.030513e-18   34140
  2.365304e+00   8.632574e-16   1.015340e-03   5.040295e-18   33804
  2.368719e+00   8.572483e-16   9.759441e-04   5.116848e-18   35096
  2.372155e+00   8.571325e-16   9.675675e-04   5.153532e-18   33108
  2.375492e+00   8.430600e-16   9.625095e-04   5.161218e-18   32280
  2.378878e+00   8.440362e-16   9.798228e-04   5.039593e-18   34404
  2.382324e+00   8.213222e-16   9.998368e-04   4.876239e-18   34248
  2.385781e+00   8.075285e-16   9.368618e-04   4.986863e-18   32016
  2.389171e+00   8.185847e-16   9.889111e-04   4.838706e-18   34344
  2.392588e+00   8.115551e-16   9.508792e-04   4.974646e-18   32024
  2.395887e+00   7.993508e-16   9.856404e-04   4.921048e-18   31908
  2.399315e+00   8.048654e-16   9.877149e-04   4.865444e-18   33192
  2.402753e+00   7.997651e-16   1.023393e-03   4.836851e-18   33288
  2.406122e+00   7.830613e-16   9.318436e-04   4.845845e-18   31356
  2.409537e+00   7.782735e-16   1.008572e-03   4.750069e-18   32496
  2.412934e+00   7.794362e-16   9.586275e-04   4.914214e-18   31944
  2.416251e+00   7.681649e-16   9.843477e-04   4.824945e-18   31512
  2.419642e+00   7.491188e-16   9.554269e-04   4.759385e-18   31156
  2.423118e+00   7.615605e-16   1.006701e-03   4.678533e-18   33352
  2.426525e+00   7.620204e-16   9.764504e-04   4.831437e-18   31344
  2.429966e+00   7.357576e-16   1.011019e-03   4.740163e-18   31068
  2.433353e+00   7.476819e-16   9.971418e-04   4.780965e-18   31752
  2.436684e+00   7.390223e-16   9.204472e-04   4.861831e-18   29868
  2.440099e+00   7.313601e-16   1.011444e-03   4.709999e-18   32052
  2.443539e+00   7.219752e-16   9.596990e-04   4.720223e-18   30012
  2.446898e+00   7.165721e-16   1.006915e-03   4.593932e-18   31520
  2.450354e+00   7.007107e-16   9.844685e-04   4.598233e-18   30648
  2.453706e+00   7.009228e-16   9.710870e-04   4.624198e-18   29304
  2.457112e+00   7.136642e-16   9.628022e-04   4.683492e-18   31140
  2.460584e+00   7.035415e-16   1.025697e-03   4.546084e-18   31320
  2.463992e+00   6.803947e-16   9.680019e-04   4.619841e-18   28356
  2.467346e+00   6.948328e-16   9.894595e-04   4.702881e-18   30288
  2.470691e+00   6.876238e-16   9.833600e-04   4.804122e-18   29472
  2.474056e+00   6.755655e-16   9.720749e-04   4.744930e-18   28716
  2.477529e+00   6.671256e-16   9.646939e-04   4.398419e-18   30740
  2.480961e+00   6.634334e-16   9.839130e-04   4.416847e-18   29304
  2.484327e+00   6.533934e-16   9.799311e-04   4.496778e-18   28476
  2.487752e+00   6.447840e-16   9.925668e-04   4.360603e-18   29304
  2.491155e+00   6.643190e-16   9.914075e-04   4.550551e-18   29280
  2.494601e+00   6.527763e-16   9.888067e-04   4.497689e-18   29100
  2.498031e+00   6.288300e-16   9.693726e-04   4.513095e-18   27816
  2.501330e+00   6.531198e-16   9.737231e-04   4.703603e-18   27692
  2.504737e+00   6.196435e-16   1.012495e-03   4.313097e-18   29724
  2.508211e+00   6.200229e-16   9.651031e-04   4.479703e-18   27240
  2.511571e+00   6.344524e-16   9.380122e-04   4.545800e-18   27588
  2.514934e+00   6.146485e-16   9.761300e-04   4.449563e-18   28560
  2.518371e+00   6.110402e-16   9.886158e-04   4.543353e-18   26952
  2.521774e+00   6.129398e-16   9.897907e-04   4.526922e-18   27516
  2.525163e+00   6.062825e-16   1.000219e-03   4.431272e-18   28344
  2.528599e+00   6.090917e-16   9.851718e-04   4.635638e-18   26196
  2.531920e+00   5.950434e-16   9.634803e-04   4.441513e-18   26360
  2.535324e+00   5.992506e-16   9.960409e-04   4.297753e-18   28152
  2.538760e+00   5.888259e-16   9.632402e-04   4.540273e-18   25896
  2.542127e+00   5.672415e-16   9.862139e-04   4.263318e-18   26592
  2.545539e+00   5.795242e-16   9.442321e-04   4.392706e-18   26568
  2.548976e+00   5.752592e-16   9.991750e-04   4.314890e-18   26832
  2.552322e+00   5.525007e-16   9.474214e-04   4.347486e-18   24972
  2.555791e+00   5.814183e-16   9.989695e-04   4.374162e-18   27000
  2.559168e+00   5.563869e-16   9.577813e-04   4.328664e-18   25448
  2.562535e+00   5.609931e-16   9.902443e-04   4.450221e-18   25476
  2.565992e+00   5.541399e-16   9.706909e-04   4.327149e-18   25152
  2.569333e+00   5.505657e-16   9.951122e-04   4.352039e-18   25968
  2.572775e+00   5.353325e-16   9.906648e-04   4.206101e-18   25320
  2.576210e+00   5.294991e-16   9.358363e-04   4.313985e-18   23796
  2.579496e+00   5.500252e-16   9.822477e-04   4.327664e-18   25500
  2.582914e+00   5.465786e-16   9.788363e-04   4.470646e-18   24420
  2.586378e+00   5.170591e-16   1.013161e-03   4.251210e-18   24656
  2.589722e+00   5.408275e-16   9.599232e-04   4.418282e-18   24036
  2.593114e+00   5.331258e-16   9.927315e-04   4.393308e-18   24528
  2.596483e+00   4.982360e-16   9.590289e-04   4.287758e-18   23004
  2.599888e+00   5.276617e-16   9.848565e-04   4.378800e-18   24576
  2.603308e+00   5.180761e-16   9.407132e-04   4.457976e-18   23736
  2.606725e+00   4.959928e-16   9.994817e-04   4.245585e-18   23712
  2.610164e+00   5.097763e-16   9.704406e-04   4.298214e-18   22992
  2.613550e+00   5.075678e-16   9.637349e-04   4.443254e-18   23984
  2.616935e+00   4.973356e-16   9.626269e-04   4.435397e-18   22344
  2.620337e+00   4.909003e-16   9.768169e-04   4.299429e-18   22536
  2.623720e+00   4.964764e-16   9.667935e-04   4.271079e-18   23268
  2.627096e+00   4.938406e-16   9.929071e-04   4.473462e-18   22152
  2.630500e+00   4.654552e-16   9.804448e-04   4.175566e-18   22068
  2.633988e+00   4.841121e-16   1.006815e-03   4.209816e-18   23664
  2.637353e+00   4.775787e-16   9.350088e-04   4.524132e-18   20640
  2.640713e+00   4.639844e-16   9.923052e-04   4.255338e-18   22376
  2.644179e+00   4.746538e-16   9.759242e-04   4.447400e-18   21444
  2.647520e+00   4.758870e-16   1.011260e-03   4.379972e-18   21576
  2.650919e+00   4.562082e-16   1.002590e-03   4.285923e-18   21660
  2.654412e+00   4.577383e-16   1.013805e-03   4.322823e-18   20916
  2.657789e+00   4.698257e-16   9.944119e-04   4.469485e-18   21504
  2.661144e+00   4.418817e-16   9.476635e-04   4.357289e-18   20508
  2.664583e+00   4.408649e-16   1.012559e-03   4.419417e-18   20036
  2.667961e+00   4.670745e-16   9.799347e-04   4.522047e-18   21276
  2.671380e+00   4.344840e-16   9.701273e-04   4.256916e-18   20652
  2.674793e+00   4.153158e-16   9.654062e-04   4.270686e-18   18696
  2.678197e+00   4.495566e-16   1.010458e-03   4.342984e-18   21504
  2.681608e+00   4.394818e-16   9.449905e-04   4.486454e-18   19284
  2.685012e+00   3.955057e-16   1.019116e-03   4.045064e-18   19356
  2.688395e+00   4.233306e-16   9.630933e-04   4.458529e-18   19236
  2.691747e+00   4.460714e-16   9.819342e-04   4.795212e-18   19476
  2.695170e+00   3.884022e-16   1.021783e-03   4.044384e-18   19184
  2.698647e+00   4.141377e-16   9.898888e-04   4.350090e-18   18852
  2.702034e+00   4.352158e-16   9.582506e-04   4.664886e-18   18876
  2.705357e+00   3.842914e-16   9.961544e-04   4.161112e-18   18336
  2.708799e+00   3.752556e-16   9.995508e-04   4.023589e-18   17820
  2.712259e+00   4.308096e-16   1.008841e-03   4.734962e-18   19392
  2.715616e+00   3.797332e-16   9.989261e-04   4.274730e-18   17616
  2.718949e+00   3.578214e-16   9.403994e-04   4.053350e-18   16320
  2.722413e+00   4.075994e-16   1.018465e-03   4.490796e-18   19292
  2.725776e+00   3.841549e-16   9.756316e-04   4.526078e-18   17112
  2.729283e+00   3.548070e-16   9.888233e-04   4.101778e-18   17388
  2.732704e+00   3.751941e-16   9.257555e-04   4.698767e-18   16692
  2.735930e+00   3.850402e-16   9.792720e-04   4.608981e-18   16956
  2.739452e+00   3.397650e-16   9.876901e-04   3.879374e-18   17040
  2.742894e+00   3.587328e-16   9.773330e-04   4.354711e-18   16092
  2.746164e+00   3.840160e-16   9.706985e-04   4.813209e-18   16380
  2.749642e+00   3.332915e-16   9.977628e-04   4.009268e-18   16688
  2.753053e+00   3.214874e-16   9.980974e-04   4.067731e-18   14940
  2.756401e+00   3.731838e-16   1.003592e-03   4.655095e-18   16668
  2.759872e+00   3.275801e-16   9.800161e-04   4.184319e-18   15804
  2.763238e+00   3.210414e-16   9.732068e-04   4.364617e-18   14280
  2.766639e+00   3.556080e-16   9.580540e-04   4.538960e-18   16068
  2.770034e+00   3.199785e-16   9.764201e-04   4.291244e-18   15048
  2.773410e+00   3.139379e-16   9.951146e-04   4.449185e-18   13940
  2.776793e+00   3.160939e-16   9.510677e-04   4.298638e-18   15072
  2.780185e+00   3.207824e-16   1.013899e-03   4.334183e-18   14808
  2.783543e+00   2.925684e-16   9.414253e-04   4.221875e-18   13200
  2.786996e+00   2.957777e-16   9.972653e-04   3.987554e-18   15156
  2.790453e+00   3.133667e-16   9.725079e-04   4.663153e-18   13788
  2.793844e+00   2.834669e-16   9.584580e-04   4.394040e-18   13608
  2.797233e+00   2.683465e-16   9.137161e-04   3.659701e-18   13224
  2.800612e+00   3.042749e-16   9.851237e-04   4.641113e-18   13320
  2.803972e+00   2.767783e-16   9.713652e-04   4.133011e-18   13220
  2.807429e+00   2.507165e-16   9.817789e-04   3.547507e-18   12984
  2.810903e+00   2.801653e-16   9.937490e-04   4.371088e-18   12780
  2.814182e+00   2.498587e-16   9.405135e-04   4.000195e-18   12360
  2.817641e+00   2.517569e-16   9.894990e-04   3.732525e-18   12480
  2.821091e+00   2.489648e-16   9.611149e-04   3.959632e-18   11892
  2.824384e+00   2.400217e-16   9.964972e-04   3.638211e-18   12192
  2.827831e+00   2.350056e-16   9.769214e-04   3.568597e-18   11328
  2.831260e+00   2.181872e-16   1.035957e-03   3.505493e-18   12020
  2.834610e+00   2.303112e-16   9.524676e-04   3.873609e-18   11052
  2.838092e+00   2.003874e-16   1.011816e-03   3.171325e-18   11304
  2.841356e+00   1.948932e-16   9.310152e-04   3.262770e-18   10368
  2.844694e+00   1.929963e-16   9.688111e-04   2.988557e-18   10899
  2.848216e+00   1.938716e-16   9.712629e-04   3.271811e-18   10752
  2.851560e+00   1.829055e-16   9.748745e-04   3.089158e-18   10446
  2.855007e+00   1.828175e-16   9.594983e-04   2.885387e-18   10092
  2.858423e+00   1.629113e-16   9.722089e-04   2.545095e-18   10220
  2.861722e+00   1.781392e-16   9.522226e-04   2.987998e-18   9636
  2.865233e+00   1.608981e-16   9.795968e-04   2.455647e-18   10020
  2.868677e+00   1.521252e-16   1.017742e-03   2.571151e-18   9906
  2.872011e+00   1.560279e-16   9.440243e-04   2.548903e-18   8940
  2.875468e+00   1.500752e-16   9.573450e-04   2.406868e-18   9558
  2.878844e+00   1.494040e-16   1.042557e-03   2.526041e-18   9180
  2.882185e+00   1.459624e-16   9.980883e-04   2.438998e-18   8674
  2.885679e+00   1.387900e-16   9.921159e-04   2.240598e-18   9454
  2.889055e+00   1.252967e-16   1.019679e-03   2.102344e-18   8316
  2.892409e+00   1.322709e-16   1.005575e-03   2.102222e-18   8622
  2.895912e+00   1.268440e-16   9.984805e-04   2.023567e-18   9006
  2.899261e+00   1.173154e-16   1.006426e-03   2.059744e-18   7698
  2.902617e+00   1.253921e-16   9.656669e-04   1.989499e-18   8406
  2.906123e+00   1.168727e-16   1.030423e-03   1.918358e-18   8646
  2.909458e+00   1.115232e-16   9.790969e-04   2.110823e-18   7014
  2.912801e+00   1.165620e-16   9.732754e-04   1.855617e-18   8510
  2.916355e+00   1.084256e-16   1.025772e-03   1.728825e-18   7890
  2.919690e+00   9.851527e-17   9.840041e-04   1.720823e-18   6966
  2.922978e+00   1.052534e-16   9.405721e-04   1.697138e-18   7902
  2.926483e+00   9.962117e-17   1.025831e-03   1.598696e-18   7278
  2.929893e+00   9.033117e-17   1.007738e-03   1.510702e-18   7338
  2.933248e+00   9.794921e-17   9.333698e-04   1.698947e-18   7254
  2.936686e+00   9.669477e-17   1.005241e-03   1.686699e-18   6678
  2.940020e+00   9.090898e-17   1.004294e-03   1.602979e-18   7286
  2.943557e+00   9.654078e-17   9.935741e-04   1.755173e-18   7200
  2.947070e+00   8.923799e-17   9.643759e-04   1.682611e-18   6234
  2.950183e+00   8.103229e-17   9.665943e-04   1.407626e-18   6630
  2.953710e+00   8.706450e-17   9.967120e-04   1.569861e-18   6822
  2.957208e+00   7.638786e-17   9.389826e-04   1.285822e-18   6078
  2.960394e+00   7.863705e-17   9.982063e-04   1.352175e-18   6528
  2.963920e+00   8.511462e-17   9.540002e-04   1.536997e-18   6034
  2.967295e+00   6.807984e-17   9.769421e-04   1.144893e-18   6190
  2.970648e+00   7.578249e-17   1.003693e-03   1.317797e-18   6270
  2.974190e+00   7.714971e-17   9.026267e-04   1.516712e-18   5520
  2.977431e+00   6.074104e-17   1.010599e-03   9.499325e-19   6126
  2.980823e+00   7.334628e-17   9.449916e-04   1.285793e-18   5562
  2.984382e+00   6.517373e-17   9.449251e-04   1.143472e-18   5790
  2.987609e+00   5.855702e-17   9.674247e-04   9.966296e-19   5496
  2.991029e+00   6.923052e-17   9.744149e-04   1.274276e-18   5262
  2.994510e+00   6.048929e-17   9.596787e-04   1.157519e-18   5774
  2.997839e+00   6.097181e-17   9.507037e-04   1.107795e-18   5124
  3.001346e+00   6.203387e-17   9.536598e-04   1.246968e-18   5070
  3.004645e+00   5.761423e-17   9.927132e-04   1.011730e-18   5430
  3.008016e+00   5.700131e-17   9.272914e-04   1.090205e-18   4680
  3.011587e+00   5.239380e-17   9.603639e-04   9.537838e-19   5370
  3.014869e+00   5.214102e-17   9.175102e-04   9.919328e-19   4638
  3.018210e+00   5.366558e-17   9.645033e-04   1.069177e-18   4536
  3.021696e+00   4.808691e-17   9.657981e-04   9.257797e-19   5222
  3.025044e+00   4.853156e-17   8.862693e-04   9.160464e-19   4254
  3.028475e+00   4.969159e-17   9.769455e-04   9.284534e-19   4548
  3.031790e+00   4.645388e-17   9.474352e-04   8.643348e-19   4638
  3.035175e+00   4.641402e-17   9.353877e-04   9.201655e-19   4176
  3.038687e+00   4.562958e-17   9.386274e-04   8.982076e-19   4518
  3.042021e+00   4.156789e-17   9.457109e-04   7.676952e-19   4278
  3.045343e+00   4.321878e-17   9.150178e-04   8.867863e-19   3732
  3.048746e+00   4.132608e-17   9.666582e-04   8.641061e-19   4502
  3.052175e+00   3.939796e-17   9.396687e-04   8.105270e-19   3984
  3.055637e+00   4.002822e-17   9.734809e-04   7.933651e-19   3726
  3.058859e+00   3.673502e-17   9.383075e-04   7.095323e-19   4014
  3.062253e+00   3.897888e-17   9.839881e-04   7.345171e-19   3756
  3.065874e+00   3.493095e-17   9.875702e-04   7.116591e-19   3894
  3.069162e+00   3.439307e-17   9.663769e-04   7.313448e-19   3744
  3.072480e+00   3.806503e-17   9.823894e-04   8.219431e-19   3174
  3.075941e+00   3.255688e-17   1.005522e-03   6.132421e-19   3968
  3.079369e+00   3.338372e-17   1.013997e-03   6.914900e-19   3522
  3.082951e+00   3.530717e-17   1.041435e-03   7.964588e-19   3198
  3.086200e+00   3.001163e-17   1.020090e-03   5.656952e-19   3648
  3.089591e+00   3.204341e-17   1.036958e-03   7.020228e-19   3054
  3.093164e+00   2.876138e-17   9.752705e-04   5.886232e-19   3312
  3.096416e+00   2.811755e-17   1.030232e-03   5.822358e-19   3354
  3.099859e+00   2.902049e-17   1.018756e-03   6.528111e-19   2624
  3.103228e+00   2.616472e-17   9.938936e-04   5.415973e-19   3462
  3.106655e+00   2.828286e-17   1.036730e-03   6.597637e-19   2976
  3.110270e+00   2.694580e-17   9.814041e-04   5.948268e-19   2670
  3.113407e+00   2.571540e-17   1.021601e-03   5.805755e-19   3186
  3.116767e+00   2.499589e-17   9.543614e-04   5.887896e-19   2376
  3.120346e+00   2.422424e-17   1.006058e-03   5.253738e-19   3102
  3.123650e+00   2.381485e-17   9.847799e-04   5.583073e-19   2688
  3.127086e+00   2.335681e-17   1.027393e-03   5.853371e-19   2286
  3.130454e+00   2.136431e-17   9.909871e-04   4.595170e-19   3020
  3.133859e+00   2.234582e-17   9.439116e-04   5.366240e-19   2310
  3.137474e+00   2.267500e-17   1.043166e-03   5.181819e-19   2544
  3.140695e+00   1.972614e-17   9.725494e-04   4.457511e-19   2526
  3.144064e+00   2.241063e-17   9.987847e-04   5.699404e-19   2112
  3.147593e+00   1.970016e-17   9.598648e-04   4.566874e-19   2538
  3.150931e+00   1.916584e-17   9.985896e-04   4.272577e-19   2304
  3.154328e+00   2.104745e-17   9.852879e-04   5.410141e-19   1902
  3.157623e+00   1.630182e-17   9.412660e-04   3.801684e-19   2408
  3.161035e+00   1.926335e-17   9.929091e-04   4.885741e-19   2094
  3.164668e+00   1.776007e-17   1.011639e-03   4.328342e-19   2028
  3.167856e+00   1.666769e-17   9.595772e-04   4.428605e-19   2094
  3.171241e+00   1.770213e-17   1.046849e-03   4.769104e-19   1920
  3.174835e+00   1.584030e-17   8.826100e-04   4.167908e-19   1926
  3.178123e+00   1.550134e-17   1.030221e-03   3.800476e-19   2088
  3.181468e+00   1.637518e-17   9.037369e-04   4.502515e-19   1434
  3.184829e+00   1.381879e-17   9.555433e-04   3.584319e-19   2048
  3.188160e+00   1.451841e-17   9.527742e-04   4.104653e-19   1758
  3.191826e+00   1.527553e-17   1.051156e-03   4.008190e-19   1584
  3.195185e+00   1.354922e-17   1.041430e-03   3.513347e-19   1998
  3.198586e+00   1.484187e-17   9.485689e-04   4.166275e-19   1428
  3.202148e+00   1.257382e-17   7.939925e-04   3.703014e-19   1488
  3.205259e+00   1.298259e-17   1.011466e-03   3.115828e-19   1806
  3.208542e+00   1.495581e-17   9.208043e-04   5.001783e-19   1040
  3.212051e+00   1.126350e-17   9.648325e-04   3.034051e-19   1782
  3.215260e+00   1.257581e-17   9.120959e-04   3.515648e-19   1428
  3.219099e+00   1.193930e-17   1.095182e-03   3.496992e-19   1206
  3.222346e+00   1.148909e-17   1.017509e-03   2.912452e-19   1728
  3.225619e+00   1.078523e-17   9.535870e-04   3.556470e-19   1038
  3.229392e+00   9.891076e-18   7.737160e-04   3.368475e-19   1248
  3.232374e+00   1.099320e-17   9.867404e-04   3.177271e-19   1530
  3.235646e+00   1.222232e-17   9.043822e-04   4.943317e-19   656
  3.239303e+00   8.997340e-18   1.013919e-03   2.238248e-19   1662
  3.242391e+00   9.938836e-18   8.393937e-04   3.272455e-19   1008
  3.246465e+00   1.089923e-17   1.114612e-03   3.675188e-19   960
  3.249524e+00   8.628535e-18   9.584513e-04   2.348506e-19   1458
  3.252720e+00   9.712252e-18   9.470398e-04   3.899566e-19   672
  3.256641e+00   8.475341e-18   7.422534e-04   2.858664e-19   1062
  3.259417e+00   8.778396e-18   9.629091e-04   2.822882e-19   1224
  3.262741e+00   1.032576e-17   8.411043e-04   5.213923e-19   374
  3.266486e+00   7.750209e-18   1.011004e-03   1.976224e-19   1512
  3.269516e+00   9.077977e-18   8.472106e-04   3.360033e-19   666
  3.273852e+00   8.031921e-18   1.035820e-03   3.110464e-19   720
  3.276572e+00   7.293176e-18   9.275922e-04   2.092502e-19   1224
  3.279914e+00   9.306409e-18   9.221403e-04   4.795333e-19   390
  3.283914e+00   6.994142e-18   6.856472e-04   2.554547e-19   936
  3.286459e+00   7.616254e-18   9.782860e-04   2.260268e-19   882
  3.290092e+00   8.311723e-18   9.551822e-04   6.174645e-19   216
  3.293625e+00   6.232760e-18   9.484183e-04   1.755458e-19   1286
  3.296619e+00   7.735600e-18   7.922754e-04   3.725461e-19   384
  3.301196e+00   6.208818e-18   9.974032e-04   2.650420e-19   576
  3.303565e+00   6.341093e-18   8.939464e-04   2.000535e-19   930
  3.306956e+00   7.502243e-18   8.781672e-04   4.617675e-19   216
  3.311281e+00   5.280860e-18   7.049195e-04   1.771700e-19   918
  3.313773e+00   6.881208e-18   9.494675e-04   3.369128e-19   480
  3.317151e+00   8.233397e-18   8.000415e-04   7.857730e-19   78
  3.320657e+00   5.184839e-18   8.648004e-04   1.575757e-19   1052
  3.323895e+00   7.009340e-18   1.006959e-03   4.282556e-19   240
  3.328852e+00   4.599658e-18   3.676460e-04   2.145125e-19   438
  3.330545e+00   6.124130e-18   8.506072e-04   2.549293e-19   648
  3.333703e+00   9.048793e-18   7.023041e-04   9.481523e-19   78
  3.338411e+00   4.489022e-18   6.127751e-04   1.561978e-19   780
  3.340778e+00   5.684190e-18   8.550342e-04   3.729724e-19   240
  3.343694e+00   1.053533e-17   0.000000e+00   2.154718e-18   6
  3.347623e+00   4.676098e-18   7.832637e-04   1.549862e-19   824
  3.350467e+00   7.970968e-18   6.055240e-04   8.249965e-19   78
  3.356076e+00   4.169744e-18   3.165921e-04   1.862434e-19   432
  3.357541e+00   4.809894e-18   7.656969e-04   2.323674e-19   348
  3.360330e+00   1.108951e-17   0.000000e+00   5.719203e-18   6
  3.365426e+00   4.541337e-18   5.413225e-04   1.724845e-19   600
  3.367442e+00   6.068328e-18   5.097238e-04   6.900895e-19   78
  3.374544e+00   4.015461e-18   6.700717e-04   1.674774e-19   572
  3.377176e+00   3.033719e-18   0.000000e+00   4.963135e-19   6
  3.383243e+00   4.485587e-18   3.146063e-04   2.301731e-19   384
  3.384459e+00   4.643422e-18   4.676281e-04   3.742927e-19   102
  3.392411e+00   3.664980e-18   4.599741e-04   1.871941e-19   396
  3.394229e+00   3.228893e-18   0.000000e+00   1.111263e-18   6
  3.401391e+00   3.521527e-18   4.161630e-04   1.958084e-19   326
  3.410329e+00   3.813249e-18   2.893928e-04   2.358572e-19   252
  3.411486e+00   3.109119e-18   0.000000e+00   1.392943e-18   6
  3.419333e+00   2.916071e-18   2.633341e-04   2.022496e-19   198
  3.428323e+00   3.898034e-18   2.009286e-04   3.088794e-19   146
  3.437326e+00   3.704097e-18   1.474817e-04   4.016079e-19   102
  3.446340e+00   3.467255e-18   1.024960e-04   5.436304e-19   66
  3.455367e+00   1.640874e-18   6.509513e-05   2.037001e-19   38
  3.464404e+00   2.548184e-18   3.357406e-05   3.171159e-19   18
  3.473449e+00   5.598151e-18   0.000000e+00   2.916661e-18   6
