# power spectrum of phi
# redshift z=48.480169
# k              Pk             sigma(k)       sigma(Pk)      count
  1.570796e-02   2.164939e-10   0.000000e+00   8.726726e-11   6
  2.221441e-02   9.803568e-11   0.000000e+00   1.957067e-11   12
  2.720699e-02   6.000403e-11   2.980232e-10   1.222595e-11   8
  3.141593e-02   1.687928e-10   0.000000e+00   1.816372e-11   6
  3.512407e-02   1.017534e-10   5.619580e-10   3.243798e-11   24
  3.847649e-02   1.291283e-10   5.619580e-10   2.178137e-11   24
  4.442883e-02   4.811172e-11   0.000000e+00   2.164349e-11   12
  4.712389e-02   5.232084e-11   6.357829e-10   9.611790e-12   30
  4.967294e-02   6.230810e-11   0.000000e+00   1.372351e-11   24
  5.209742e-02   5.431603e-11   9.733398e-10   1.347330e-11   24
  5.441398e-02   6.096891e-11   5.960464e-10   1.234097e-11   8
  5.663587e-02   5.019743e-11   7.947286e-10   6.251657e-12   24
  5.877382e-02   4.597218e-11   0.000000e+00   6.467609e-12   48
  6.283185e-02   5.229099e-11   0.000000e+00   2.299441e-11   6
  6.476559e-02   4.082351e-11   7.947286e-10   5.734515e-12   48
  6.664324e-02   3.716063e-11   7.492773e-10   3.873082e-12   36
  6.846942e-02   5.217792e-11   7.947286e-10   1.092549e-11   24
  7.024815e-02   3.009455e-11   1.123916e-09   5.161916e-12   24
  7.198293e-02   2.634550e-11   0.000000e+00   3.575486e-12   48
  7.367688e-02   3.968834e-11   1.123916e-09   5.647960e-12   24
  7.695299e-02   3.041873e-11   1.123916e-09   4.775048e-12   24
  7.853982e-02   2.021658e-11   0.000000e+00   3.313866e-12   30
  8.009521e-02   2.115975e-11   0.000000e+00   2.331524e-12   72
  8.162097e-02   2.022474e-11   1.192093e-09   4.127844e-12   32
  8.458997e-02   2.550532e-11   0.000000e+00   2.955774e-12   72
  8.603606e-02   1.523877e-11   0.000000e+00   2.229165e-12   48
  8.885766e-02   7.666363e-12   0.000000e+00   2.276934e-12   12
  9.091388e-02   1.382652e-11   6.784996e-04   1.283739e-12   96
  9.292956e-02   1.662145e-11   1.123916e-09   2.101398e-12   48
  9.424778e-02   1.959495e-11   1.271566e-09   3.433419e-12   30
  9.650974e-02   1.731712e-11   5.553727e-04   1.632276e-12   96
  9.934588e-02   9.886802e-12   0.000000e+00   1.880389e-12   24
  1.009864e-01   1.360739e-11   5.747348e-04   1.103261e-12   144
  1.030040e-01   9.234527e-12   1.946680e-09   2.262239e-12   24
  1.050779e-01   1.341138e-11   5.098206e-04   1.524212e-12   96
  1.065366e-01   1.167245e-11   0.000000e+00   1.795331e-12   48
  1.098102e-01   1.390032e-11   3.780724e-04   1.574401e-12   62
  1.114740e-01   9.996399e-12   5.316623e-04   1.200907e-12   132
  1.132717e-01   6.532199e-12   1.589457e-09   1.160746e-12   24
  1.149693e-01   1.015618e-11   5.313863e-04   8.617771e-13   168
  1.180701e-01   1.165268e-11   5.224442e-04   9.733271e-13   96
  1.203984e-01   7.827998e-12   4.446482e-04   7.405157e-13   96
  1.232554e-01   8.081801e-12   4.956196e-04   6.663946e-13   168
  1.256637e-01   1.113112e-11   0.000000e+00   4.882278e-12   6
  1.266416e-01   8.878688e-12   0.000000e+00   8.660515e-13   96
  1.278047e-01   8.444118e-12   3.852495e-04   8.337793e-13   120
  1.301638e-01   6.659122e-12   4.473436e-04   5.249362e-13   144
  1.314222e-01   7.559186e-12   0.000000e+00   1.023854e-12   48
  1.338136e-01   6.648202e-12   4.564740e-04   7.119567e-13   84
  1.351250e-01   7.260277e-12   3.114687e-09   6.501846e-13   120
  1.363061e-01   5.556716e-12   4.142175e-04   6.402197e-13   80
  1.381342e-01   5.173232e-12   4.205668e-04   3.788374e-13   144
  1.404963e-01   6.433202e-12   2.247832e-09   1.192469e-12   24
  1.416501e-01   6.921220e-12   4.058285e-04   5.791921e-13   150
  1.434502e-01   6.092476e-12   4.210699e-04   4.443608e-13   120
  1.454270e-01   5.415623e-12   3.837166e-04   4.599054e-13   168
  1.473538e-01   7.706181e-12   2.247832e-09   1.280656e-12   24
  1.485660e-01   4.518441e-12   4.133786e-04   2.873297e-13   264
  1.498444e-01   3.586655e-12   2.247832e-09   5.039808e-13   48
  1.520236e-01   4.469376e-12   3.828947e-04   3.672990e-13   144
  1.544390e-01   5.253116e-12   3.768959e-04   6.394776e-13   72
  1.558174e-01   4.126657e-12   3.876848e-04   2.622765e-13   180
  1.577444e-01   4.250829e-12   2.809042e-04   3.155508e-13   198
  1.586427e-01   4.515327e-12   0.000000e+00   4.983560e-13   48
  1.606295e-01   3.526841e-12   3.802118e-04   2.663559e-13   168
  1.621039e-01   4.073171e-12   3.805277e-04   3.726754e-13   144
  1.643345e-01   3.750461e-12   5.346625e-04   1.964202e-13   248
  1.673465e-01   2.584815e-12   3.686065e-04   1.820389e-13   192
  1.693976e-01   3.325013e-12   5.693667e-04   2.178151e-13   240
  1.706322e-01   3.612336e-12   0.000000e+00   3.924405e-13   72
  1.725150e-01   3.691441e-12   3.474519e-04   3.234938e-13   126
  1.737029e-01   3.865952e-12   3.205713e-04   3.040627e-13   168
  1.759709e-01   3.598928e-12   3.505411e-04   2.002238e-13   288
  1.783549e-01   3.224953e-12   1.846233e-04   2.767896e-13   156
  1.795894e-01   2.753586e-12   3.105899e-04   2.390821e-13   168
  1.814616e-01   2.877685e-12   5.324516e-04   1.771527e-13   264
  1.831848e-01   2.613570e-12   0.000000e+00   3.205608e-13   48
  1.844652e-01   2.667433e-12   5.299184e-04   1.747054e-13   264
  1.863009e-01   2.712915e-12   3.123533e-04   2.256478e-13   144
  1.876872e-01   2.954684e-12   6.390593e-04   3.360428e-13   78
  1.897067e-01   2.407921e-12   4.154149e-04   1.332957e-13   336
  1.916111e-01   2.209879e-12   3.160631e-04   1.497610e-13   200
  1.928618e-01   2.126246e-12   6.188557e-04   1.617108e-13   192
  1.945503e-01   2.603347e-12   3.105574e-04   1.841148e-13   240
  1.961016e-01   2.764526e-12   6.223754e-04   1.916243e-13   168
  1.976952e-01   2.241341e-12   4.982915e-04   1.931815e-13   120
  1.996091e-01   2.428438e-12   3.894583e-04   1.288362e-13   324
  2.014663e-01   2.134471e-12   3.061804e-04   1.446396e-13   192
  2.027302e-01   2.353455e-12   5.491178e-04   1.686013e-13   168
  2.048802e-01   1.760951e-12   4.522690e-04   9.559742e-14   342
  2.068188e-01   2.362190e-12   3.641675e-04   1.220759e-13   336
  2.087838e-01   2.554090e-12   2.786838e-04   2.783373e-13   72
  2.101088e-01   2.018171e-12   4.457174e-04   1.338306e-13   288
  2.116470e-01   1.957151e-12   2.902819e-04   1.413106e-13   264
  2.137954e-01   1.701916e-12   3.817923e-04   9.259874e-14   384
  2.157197e-01   1.747452e-12   4.582500e-04   1.310100e-13   240
  2.165193e-01   1.780645e-12   0.000000e+00   2.162706e-13   48
  2.188323e-01   1.736698e-12   3.751076e-04   8.747874e-14   392
  2.205970e-01   1.579710e-12   4.116619e-04   8.980157e-14   294
  2.224945e-01   1.542493e-12   2.675587e-04   1.155117e-13   228
  2.237424e-01   1.791740e-12   4.063271e-04   1.166708e-13   216
  2.252951e-01   1.478346e-12   2.475063e-04   7.836090e-14   336
  2.271958e-01   1.538408e-12   2.940781e-04   8.715843e-14   360
  2.287649e-01   1.631738e-12   4.480490e-04   1.006259e-13   240
  2.303999e-01   1.505828e-12   5.301447e-04   1.063320e-13   168
  2.319249e-01   1.336240e-12   4.172883e-04   7.580358e-14   312
  2.337418e-01   1.329738e-12   2.611535e-04   6.724798e-14   336
  2.357046e-01   1.407196e-12   3.562619e-04   8.568370e-14   294
  2.371846e-01   1.569668e-12   4.748243e-04   9.658096e-14   288
  2.383170e-01   1.099582e-12   2.971134e-04   7.152583e-14   264
  2.403364e-01   1.262977e-12   5.103645e-04   6.315733e-14   480
  2.420249e-01   1.387305e-12   2.496686e-04   8.245569e-14   240
  2.440949e-01   1.354419e-12   2.524589e-04   7.865498e-14   276
  2.457280e-01   1.240734e-12   5.541970e-04   5.213761e-14   488
  2.476682e-01   1.380667e-12   2.440802e-04   1.213199e-13   240
  2.487944e-01   1.261870e-12   4.739408e-04   6.324627e-14   360
  2.503735e-01   1.060852e-12   1.686210e-04   7.830793e-14   198
  2.524044e-01   1.018917e-12   5.697771e-04   4.408704e-14   480
  2.538913e-01   1.014637e-12   2.103076e-04   6.116284e-14   288
  2.559478e-01   1.155490e-12   4.445422e-04   5.510510e-14   480
  2.577972e-01   1.154141e-12   2.738942e-04   4.982218e-14   480
  2.596963e-01   1.004606e-12   3.542367e-04   6.650012e-14   288
  2.608812e-01   1.134639e-12   3.779053e-04   6.500889e-14   288
  2.627448e-01   1.047133e-12   6.569890e-04   5.086243e-14   456
  2.646214e-01   1.153943e-12   6.187305e-04   5.749210e-14   360
  2.658312e-01   1.022387e-12   3.708853e-04   6.356010e-14   180
  2.675821e-01   8.542328e-13   4.039393e-04   3.641100e-14   486
  2.693567e-01   9.560387e-13   5.373692e-04   4.309331e-14   504
  2.711612e-01   1.006360e-12   4.175087e-04   4.729057e-14   456
  2.726573e-01   9.421534e-13   3.468761e-04   5.511644e-14   296
  2.746340e-01   8.874312e-13   3.422861e-04   3.871645e-14   528
  2.761206e-01   8.874294e-13   3.377476e-04   4.455595e-14   336
  2.783101e-01   8.686805e-13   3.746254e-04   3.595507e-14   600
  2.799128e-01   7.185185e-13   2.194755e-04   4.281631e-14   264
  2.815189e-01   8.344311e-13   2.373367e-04   4.091762e-14   360
  2.831582e-01   7.985859e-13   4.751715e-04   3.489414e-14   630
  2.849646e-01   9.203425e-13   2.452791e-04   4.341262e-14   432
  2.865671e-01   8.700194e-13   4.725907e-04   4.209006e-14   408
  2.885340e-01   7.737150e-13   3.136768e-04   4.169184e-14   324
  2.899972e-01   7.313982e-13   4.470278e-04   2.747867e-14   744
  2.917622e-01   6.840621e-13   3.573689e-04   3.810614e-14   336
  2.934486e-01   7.915769e-13   4.912911e-04   3.417812e-14   528
  2.952978e-01   6.625704e-13   2.506716e-04   3.639049e-14   408
  2.965238e-01   6.397540e-13   4.266433e-04   3.125298e-14   408
  2.985496e-01   6.548183e-13   3.522079e-04   2.990807e-14   470
  3.000252e-01   6.997031e-13   4.231156e-04   3.202600e-14   528
  3.020857e-01   5.909403e-13   3.525700e-04   2.220009e-14   624
  3.036033e-01   6.724526e-13   2.682725e-04   3.152411e-14   504
  3.051691e-01   5.759809e-13   3.736837e-04   2.446252e-14   552
  3.067221e-01   6.218135e-13   1.816539e-04   3.130174e-14   336
  3.086668e-01   6.643097e-13   3.866695e-04   2.964785e-14   528
  3.101733e-01   6.189335e-13   4.402305e-04   2.463130e-14   564
  3.119378e-01   5.713366e-13   4.051859e-04   2.740174e-14   528
  3.138508e-01   6.376127e-13   6.290633e-04   2.759087e-14   582
  3.155905e-01   5.865275e-13   4.842838e-04   2.360682e-14   624
  3.171120e-01   5.668425e-13   5.536295e-04   2.870375e-14   432
  3.189273e-01   5.854696e-13   6.158164e-04   1.982012e-14   816
  3.207951e-01   5.930981e-13   2.806614e-04   3.332716e-14   312
  3.220171e-01   5.137294e-13   4.548743e-04   2.250203e-14   552
  3.239876e-01   5.370073e-13   2.864905e-04   1.998445e-14   744
  3.254151e-01   5.729241e-13   2.676404e-04   3.123313e-14   408
  3.272576e-01   5.000439e-13   3.835404e-04   2.058872e-14   632
  3.291717e-01   5.665957e-13   6.513489e-04   2.131459e-14   750
  3.307289e-01   5.782811e-13   4.480796e-04   3.106561e-14   312
  3.324641e-01   5.141944e-13   6.615270e-04   1.770110e-14   876
  3.341804e-01   4.241976e-13   4.319379e-04   1.738946e-14   552
  3.361143e-01   4.935870e-13   3.572110e-04   1.937029e-14   696
  3.374317e-01   4.986788e-13   3.942932e-04   2.180143e-14   576
  3.392245e-01   4.472399e-13   4.174616e-04   2.075024e-14   576
  3.407547e-01   4.819119e-13   5.593999e-04   1.898914e-14   648
  3.426040e-01   4.769420e-13   5.599242e-04   1.765231e-14   672
  3.446457e-01   4.573199e-13   2.374990e-04   2.178606e-14   480
  3.459524e-01   4.218193e-13   3.677960e-04   1.515788e-14   726
  3.476351e-01   4.636052e-13   4.167607e-04   1.667312e-14   792
  3.494576e-01   4.238987e-13   5.781572e-04   1.559928e-14   768
  3.513784e-01   4.390376e-13   4.725059e-04   1.654326e-14   672
  3.531396e-01   4.193345e-13   3.169470e-04   1.641710e-14   608
  3.544145e-01   3.905614e-13   3.042788e-04   1.536216e-14   624
  3.562333e-01   3.849591e-13   3.954077e-04   1.393463e-14   684
  3.580024e-01   3.875965e-13   5.840631e-04   1.353052e-14   768
  3.596489e-01   4.017425e-13   4.669543e-04   1.375261e-14   744
  3.616107e-01   3.712710e-13   2.940222e-04   1.287027e-14   750
  3.630406e-01   3.498290e-13   4.370248e-04   1.558805e-14   600
  3.645869e-01   3.684138e-13   4.640415e-04   1.510635e-14   600
  3.664974e-01   3.684433e-13   5.347792e-04   1.152401e-14   1008
  3.680145e-01   3.709299e-13   2.966070e-04   1.404604e-14   696
  3.696957e-01   3.785261e-13   3.918311e-04   1.579726e-14   624
  3.713857e-01   3.570447e-13   6.097387e-04   1.342296e-14   840
  3.733058e-01   3.763974e-13   4.148780e-04   1.319226e-14   816
  3.748632e-01   3.301489e-13   2.755717e-04   1.128905e-14   744
  3.764360e-01   3.370757e-13   4.871654e-04   1.429250e-14   510
  3.783359e-01   3.441496e-13   4.677188e-04   1.101885e-14   1020
  3.801042e-01   3.385711e-13   3.774027e-04   1.103131e-14   912
  3.818473e-01   3.444258e-13   5.591433e-04   1.231479e-14   752
  3.832886e-01   3.296091e-13   4.639583e-04   1.302878e-14   888
  3.852555e-01   3.146549e-13   2.993905e-04   1.112194e-14   768
  3.868644e-01   3.091437e-13   5.440188e-04   1.112357e-14   720
  3.887159e-01   3.078472e-13   4.795683e-04   1.004646e-14   1056
  3.903582e-01   3.076185e-13   3.317856e-04   1.361093e-14   504
  3.917039e-01   2.711947e-13   5.180898e-04   1.032085e-14   774
  3.936283e-01   2.964892e-13   4.982654e-04   9.126733e-15   1272
  3.954358e-01   3.007198e-13   3.264422e-04   1.167724e-14   744
  3.971211e-01   2.737844e-13   5.330594e-04   1.004232e-14   768
  3.986674e-01   2.848779e-13   4.508988e-04   9.677473e-15   840
  4.004039e-01   2.895462e-13   3.056972e-04   9.339574e-15   924
  4.020760e-01   2.765408e-13   5.389435e-04   9.102660e-15   936
  4.037194e-01   2.534697e-13   3.745454e-04   8.289068e-15   840
  4.053748e-01   2.754560e-13   4.452908e-04   8.616961e-15   1008
  4.074786e-01   2.496790e-13   5.026919e-04   9.321488e-15   696
  4.087986e-01   2.452299e-13   4.468063e-04   8.137874e-15   974
  4.107598e-01   2.643609e-13   5.934108e-04   7.697716e-15   1152
  4.124648e-01   2.533726e-13   2.322032e-04   8.601977e-15   816
  4.137908e-01   2.375194e-13   5.108209e-04   8.045916e-15   816
  4.155748e-01   2.461457e-13   4.510778e-04   7.355935e-15   1152
  4.174563e-01   2.427934e-13   4.061247e-04   7.870882e-15   912
  4.191672e-01   2.537477e-13   4.934415e-04   7.875700e-15   1056
  4.206322e-01   2.418361e-13   4.219808e-04   1.026098e-14   624
  4.226021e-01   2.290900e-13   5.271094e-04   6.900796e-15   1260
  4.243023e-01   2.337139e-13   3.179301e-04   7.830248e-15   894
  4.259628e-01   2.446124e-13   5.447273e-04   6.802469e-15   1176
  4.276242e-01   2.136334e-13   4.508728e-04   8.128875e-15   840
  4.295151e-01   2.234552e-13   5.124827e-04   5.719117e-15   1440
  4.315006e-01   2.030995e-13   2.881208e-04   6.622187e-15   864
  4.330060e-01   2.256157e-13   4.944294e-04   7.184054e-15   1056
  4.345044e-01   2.300434e-13   2.915091e-04   9.670296e-15   624
  4.363242e-01   2.105762e-13   5.398245e-04   5.414157e-15   1496
  4.380644e-01   2.112673e-13   3.811353e-04   8.261307e-15   936
  4.396135e-01   1.992566e-13   5.517639e-04   6.491497e-15   966
  4.412804e-01   1.996680e-13   3.911127e-04   6.573092e-15   936
  4.430314e-01   2.070499e-13   4.837854e-04   5.757321e-15   1248
  4.448240e-01   1.904211e-13   3.410472e-04   5.774373e-15   1044
  4.464944e-01   1.876600e-13   5.282931e-04   5.378457e-15   1392
  4.478173e-01   1.827278e-13   4.068922e-04   7.120907e-15   600
  4.497097e-01   1.796041e-13   4.622723e-04   4.708088e-15   1416
  4.514841e-01   1.860894e-13   4.975797e-04   5.403479e-15   1152
  4.532821e-01   1.797477e-13   4.773496e-04   5.790315e-15   936
  4.547305e-01   1.801352e-13   5.119809e-04   6.174369e-15   870
  4.564516e-01   1.895608e-13   4.292755e-04   5.492347e-15   1368
  4.583615e-01   1.810497e-13   5.643853e-04   4.648166e-15   1632
  4.599936e-01   1.913317e-13   2.450244e-04   6.720797e-15   816
  4.617604e-01   1.755957e-13   5.590000e-04   5.003903e-15   1200
  4.633019e-01   1.774260e-13   5.344699e-04   5.065178e-15   1184
  4.648678e-01   1.859081e-13   4.056277e-04   5.996198e-15   984
  4.667890e-01   1.672142e-13   4.952299e-04   4.424387e-15   1572
  4.685308e-01   1.816789e-13   2.727317e-04   6.716217e-15   840
  4.701539e-01   1.588381e-13   6.342482e-04   4.305210e-15   1392
  4.718677e-01   1.591548e-13   4.656646e-04   5.013897e-15   1158
  4.733973e-01   1.688144e-13   4.240237e-04   4.883448e-15   1272
  4.752392e-01   1.697349e-13   4.321181e-04   4.813011e-15   1320
  4.769691e-01   1.576081e-13   4.228227e-04   4.901161e-15   1104
  4.786151e-01   1.554245e-13   4.785761e-04   4.485685e-15   1392
  4.803427e-01   1.462126e-13   5.176282e-04   4.236772e-15   1296
  4.821220e-01   1.475836e-13   5.404894e-04   4.011084e-15   1392
  4.837916e-01   1.476009e-13   3.964922e-04   4.527439e-15   1104
  4.853363e-01   1.439545e-13   4.994197e-04   3.865895e-15   1320
  4.875364e-01   1.454857e-13   3.813995e-04   4.011061e-15   1422
  4.889418e-01   1.457192e-13   4.750117e-04   4.553554e-15   1212
  4.905562e-01   1.378987e-13   5.190595e-04   3.863391e-15   1280
  4.922146e-01   1.474900e-13   5.404823e-04   4.190546e-15   1272
  4.938041e-01   1.483165e-13   4.677338e-04   3.702389e-15   1680
  4.956881e-01   1.268455e-13   4.419216e-04   3.969844e-15   1152
  4.974225e-01   1.343816e-13   5.117608e-04   3.361272e-15   1512
  4.992459e-01   1.296617e-13   2.160634e-04   4.513307e-15   912
  5.006872e-01   1.333218e-13   5.446515e-04   3.193511e-15   1680
  5.026041e-01   1.192860e-13   4.824972e-04   3.115396e-15   1518
  5.040250e-01   1.342036e-13   4.467006e-04   4.032556e-15   1056
  5.055216e-01   1.276112e-13   4.510442e-04   3.270490e-15   1344
  5.074562e-01   1.442283e-13   4.843229e-04   3.561783e-15   1680
  5.092067e-01   1.235708e-13   4.772500e-04   3.235851e-15   1656
  5.111194e-01   1.228321e-13   4.056700e-04   4.248562e-15   1140
  5.125554e-01   1.198480e-13   4.697351e-04   3.451069e-15   1368
  5.142450e-01   1.194023e-13   5.343264e-04   3.090777e-15   1656
  5.159625e-01   1.221351e-13   5.472649e-04   3.443362e-15   1448
  5.178320e-01   1.158398e-13   5.141193e-04   3.011907e-15   1422
  5.195587e-01   1.224813e-13   5.675668e-04   3.283024e-15   1512
  5.210354e-01   1.225256e-13   4.326963e-04   3.618884e-15   1296
  5.227440e-01   1.148860e-13   3.950802e-04   2.900463e-15   1824
  5.245911e-01   1.131182e-13   5.122810e-04   2.950555e-15   1464
  5.264571e-01   1.048608e-13   4.571373e-04   2.404540e-15   1824
  5.281889e-01   1.152597e-13   3.634473e-04   3.082651e-15   1416
  5.296954e-01   1.066473e-13   5.323525e-04   2.932724e-15   1392
  5.313218e-01   1.066459e-13   4.912467e-04   2.860383e-15   1464
  5.333061e-01   9.854378e-14   4.802698e-04   2.737400e-15   1524
  5.348395e-01   1.036691e-13   4.425765e-04   2.762526e-15   1686
  5.366116e-01   1.036261e-13   5.269753e-04   2.657605e-15   1800
  5.381347e-01   1.136650e-13   4.183682e-04   3.595800e-15   1344
  5.398246e-01   1.046671e-13   4.881086e-04   2.857146e-15   1656
  5.415187e-01   1.044615e-13   3.897299e-04   2.682811e-15   1488
  5.429907e-01   1.064005e-13   3.890952e-04   2.727745e-15   1536
  5.450417e-01   9.819730e-14   4.322407e-04   2.573107e-15   1760
  5.466309e-01   9.352163e-14   4.807835e-04   2.227251e-15   1824
  5.484686e-01   1.031459e-13   4.034669e-04   2.709026e-15   1560
  5.502369e-01   1.010351e-13   4.634195e-04   2.597609e-15   1926
  5.519000e-01   1.011449e-13   3.295522e-04   3.038466e-15   1272
  5.534180e-01   9.396090e-14   5.538121e-04   2.332362e-15   1848
  5.554133e-01   9.629718e-14   4.474326e-04   2.244233e-15   1908
  5.569309e-01   9.549913e-14   4.364115e-04   2.616596e-15   1488
  5.585322e-01   8.718411e-14   4.921783e-04   2.255929e-15   1800
  5.602682e-01   8.834305e-14   4.926635e-04   2.208779e-15   1752
  5.619310e-01   8.658020e-14   5.238690e-04   2.369283e-15   1368
  5.635951e-01   8.841366e-14   4.923362e-04   1.928551e-15   2016
  5.654253e-01   9.280162e-14   5.200281e-04   2.479876e-15   1542
  5.671144e-01   8.596926e-14   5.092480e-04   2.071965e-15   2184
  5.689840e-01   9.011307e-14   4.658463e-04   2.168651e-15   1776
  5.705991e-01   8.430167e-14   5.325328e-04   2.336865e-15   1568
  5.721386e-01   8.736826e-14   4.865284e-04   2.128843e-15   2040
  5.738138e-01   8.915900e-14   5.201423e-04   2.243157e-15   1704
  5.755673e-01   7.940341e-14   5.214047e-04   2.113706e-15   1512
  5.772206e-01   8.234470e-14   4.447597e-04   1.865744e-15   2028
  5.790782e-01   8.166449e-14   5.364945e-04   1.865003e-15   1968
  5.807766e-01   7.722198e-14   5.441935e-04   1.849544e-15   1854
  5.824386e-01   8.026284e-14   5.187839e-04   2.043986e-15   1632
  5.841419e-01   8.051804e-14   5.330949e-04   1.720833e-15   2424
  5.859073e-01   7.851222e-14   5.336494e-04   2.051226e-15   1560
  5.873997e-01   7.940433e-14   5.042981e-04   1.888023e-15   1728
  5.892030e-01   7.582267e-14   5.383151e-04   1.857849e-15   2088
  5.910182e-01   7.016950e-14   5.124183e-04   1.654987e-15   1968
  5.926879e-01   7.313336e-14   5.073434e-04   1.792987e-15   2256
  5.943623e-01   7.343694e-14   4.510844e-04   1.751623e-15   1728
  5.961102e-01   7.218007e-14   4.446730e-04   2.028185e-15   1416
  5.976587e-01   7.600702e-14   4.687744e-04   1.637366e-15   2246
  5.994119e-01   7.285103e-14   5.191625e-04   1.790812e-15   2148
  6.010893e-01   7.432267e-14   4.385384e-04   2.019333e-15   1680
  6.026682e-01   7.092166e-14   5.544042e-04   1.444351e-15   2280
  6.045659e-01   7.153285e-14   5.162727e-04   1.552985e-15   2352
  6.063384e-01   6.736021e-14   4.337978e-04   1.694528e-15   1632
  6.077406e-01   6.973099e-14   4.963799e-04   1.674826e-15   1968
  6.096649e-01   6.423149e-14   5.092860e-04   1.566458e-15   2112
  6.114492e-01   6.622062e-14   3.825636e-04   1.620688e-15   2208
  6.131831e-01   6.467146e-14   3.857391e-04   1.496282e-15   1974
  6.145516e-01   6.516219e-14   3.773577e-04   1.580473e-15   1944
  6.164004e-01   6.810846e-14   4.269369e-04   1.544277e-15   2160
  6.180028e-01   6.463625e-14   3.992823e-04   1.569571e-15   2040
  6.197345e-01   6.676547e-14   5.586051e-04   1.563976e-15   2352
  6.215106e-01   6.661885e-14   4.640665e-04   1.585921e-15   1836
  6.231317e-01   6.194389e-14   4.950444e-04   1.364093e-15   2352
  6.249518e-01   5.860145e-14   5.192346e-04   1.356595e-15   2008
  6.266203e-01   6.111381e-14   5.108010e-04   1.350172e-15   2464
  6.284808e-01   5.942675e-14   4.119834e-04   1.338611e-15   2118
  6.300068e-01   5.996580e-14   4.141467e-04   1.560480e-15   1848
  6.315775e-01   6.695263e-14   5.480513e-04   1.646410e-15   2280
  6.334747e-01   6.249779e-14   5.213278e-04   1.385196e-15   2472
  6.352475e-01   5.567194e-14   3.483875e-04   1.263728e-15   2280
  6.367358e-01   6.228063e-14   4.258450e-04   1.565949e-15   1992
  6.383407e-01   5.910212e-14   4.476942e-04   1.298783e-15   2184
  6.401915e-01   5.280904e-14   5.400739e-04   1.194186e-15   2352
  6.419748e-01   5.724657e-14   5.691414e-04   1.222232e-15   2496
  6.437210e-01   5.371207e-14   5.315847e-04   1.371691e-15   1770
  6.452872e-01   5.958838e-14   4.586736e-04   1.321766e-15   2568
  6.471700e-01   5.752152e-14   5.625819e-04   1.255563e-15   2712
  6.488816e-01   5.808085e-14   4.467713e-04   1.330438e-15   2448
  6.505906e-01   5.672254e-14   3.766053e-04   1.345197e-15   2064
  6.520083e-01   5.439472e-14   3.975154e-04   1.454602e-15   1944
  6.538465e-01   5.217595e-14   4.910776e-04   1.173926e-15   2480
  6.557218e-01   5.149312e-14   5.334543e-04   1.044631e-15   2880
  6.573828e-01   5.155636e-14   5.117233e-04   1.212835e-15   2304
  6.591177e-01   5.184047e-14   4.701472e-04   1.285258e-15   1806
  6.606561e-01   5.279152e-14   4.610710e-04   1.118593e-15   2856
  6.625838e-01   5.439511e-14   4.421809e-04   1.220261e-15   2568
  6.640509e-01   4.954645e-14   4.436302e-04   1.226374e-15   2112
  6.656475e-01   5.215611e-14   4.272941e-04   1.405308e-15   2028
  6.673605e-01   4.866699e-14   5.057904e-04   1.029002e-15   2712
  6.690998e-01   5.074427e-14   5.449093e-04   1.035420e-15   2952
  6.709691e-01   4.812856e-14   4.210349e-04   1.094156e-15   2112
  6.724803e-01   4.740156e-14   4.934314e-04   1.008277e-15   2520
  6.742956e-01   4.539483e-14   4.759244e-04   1.001080e-15   2376
  6.759489e-01   4.891606e-14   3.815168e-04   1.056951e-15   2526
  6.776650e-01   5.081602e-14   4.747876e-04   1.132075e-15   2664
  6.793642e-01   5.086879e-14   5.662862e-04   1.217182e-15   2408
  6.809929e-01   4.696398e-14   4.536173e-04   1.082176e-15   2568
  6.826540e-01   4.838032e-14   4.276796e-04   9.458640e-16   2904
  6.844561e-01   4.614643e-14   4.798687e-04   9.776414e-16   2544
  6.861681e-01   4.644412e-14   3.534563e-04   1.130132e-15   2160
  6.877835e-01   4.794131e-14   6.110852e-04   1.066108e-15   2652
  6.895681e-01   4.224430e-14   4.838537e-04   8.628413e-16   2784
  6.912854e-01   4.687958e-14   4.778196e-04   9.653003e-16   2694
  6.930647e-01   4.372002e-14   4.294263e-04   9.356296e-16   2952
  6.946107e-01   4.609374e-14   4.067448e-04   1.084612e-15   2208
  6.961857e-01   4.615310e-14   4.335098e-04   1.068704e-15   2304
  6.979438e-01   4.186938e-14   5.637316e-04   7.620114e-16   3504
  6.999941e-01   4.306250e-14   4.564735e-04   9.490628e-16   2616
  7.015932e-01   4.181243e-14   4.459377e-04   9.161709e-16   2664
  7.031336e-01   4.101639e-14   4.143151e-04   9.131123e-16   2448
  7.046858e-01   4.219802e-14   5.770045e-04   9.171962e-16   2472
  7.065119e-01   4.229964e-14   4.587514e-04   8.369522e-16   3134
  7.082307e-01   4.313752e-14   5.017392e-04   9.587771e-16   2616
  7.099467e-01   4.070471e-14   4.064282e-04   9.285621e-16   2712
  7.117121e-01   4.105616e-14   4.661143e-04   8.386382e-16   3204
  7.133994e-01   3.943135e-14   5.368237e-04   8.638969e-16   2760
  7.150019e-01   3.824594e-14   4.683701e-04   8.344891e-16   2688
  7.167690e-01   3.934791e-14   4.428424e-04   8.379293e-16   2760
  7.183316e-01   3.676314e-14   3.656620e-04   8.501442e-16   2568
  7.201311e-01   3.671274e-14   5.678551e-04   7.025673e-16   3336
  7.218583e-01   3.883330e-14   4.806270e-04   9.051989e-16   2334
  7.236024e-01   3.798821e-14   5.318655e-04   7.900447e-16   3264
  7.252322e-01   4.069280e-14   3.867069e-04   1.015020e-15   2760
  7.269038e-01   3.649597e-14   4.670323e-04   7.330316e-16   3192
  7.286057e-01   3.787457e-14   4.848795e-04   8.737150e-16   2904
  7.304158e-01   3.634353e-14   4.865095e-04   7.885441e-16   2784
  7.319309e-01   3.875955e-14   4.004063e-04   8.739503e-16   2592
  7.336545e-01   3.456987e-14   5.458110e-04   7.013512e-16   3284
  7.354862e-01   3.496396e-14   5.482421e-04   7.165989e-16   3168
  7.371250e-01   3.538287e-14   4.523390e-04   7.536674e-16   2616
  7.388477e-01   3.339521e-14   4.370713e-04   7.316662e-16   3222
  7.405235e-01   3.606573e-14   4.904075e-04   7.301156e-16   3240
  7.421464e-01   3.701170e-14   4.961262e-04   8.804095e-16   2568
  7.439914e-01   3.703894e-14   4.552202e-04   8.679555e-16   3120
  7.455341e-01   3.612689e-14   5.004475e-04   7.806660e-16   3168
  7.471932e-01   3.390197e-14   4.381038e-04   7.949964e-16   3240
  7.490082e-01   3.287667e-14   4.494836e-04   6.658929e-16   3144
  7.507715e-01   3.194470e-14   4.284362e-04   6.708926e-16   2856
  7.524381e-01   3.266496e-14   4.575871e-04   6.291598e-16   3264
  7.543240e-01   3.315006e-14   5.056132e-04   6.851994e-16   3318
  7.558082e-01   3.555121e-14   3.541030e-04   9.368375e-16   2556
  7.575771e-01   3.212299e-14   6.048733e-04   6.313418e-16   4008
  7.593679e-01   3.361687e-14   4.465021e-04   7.740630e-16   2904
  7.609000e-01   3.082909e-14   4.565641e-04   6.265823e-16   3144
  7.626441e-01   3.122024e-14   4.759726e-04   6.839405e-16   3200
  7.644490e-01   2.965975e-14   4.694243e-04   6.087747e-16   3312
  7.660670e-01   3.118392e-14   3.783351e-04   6.748940e-16   2832
  7.678735e-01   3.041672e-14   5.444478e-04   5.700031e-16   3984
  7.695508e-01   3.229116e-14   4.426103e-04   7.906467e-16   2238
  7.710821e-01   3.163013e-14   5.208763e-04   6.593791e-16   3984
  7.729819e-01   3.039262e-14   4.949876e-04   6.468592e-16   3384
  7.745602e-01   3.333140e-14   4.626797e-04   7.582171e-16   3048
  7.762081e-01   2.840188e-14   4.248302e-04   6.210411e-16   3096
  7.779294e-01   3.070792e-14   4.815324e-04   5.905427e-16   3708
  7.796408e-01   2.840388e-14   4.564274e-04   6.500567e-16   2784
  7.812306e-01   3.045660e-14   4.740872e-04   6.181120e-16   3648
  7.830363e-01   2.875322e-14   4.879380e-04   5.897216e-16   3888
  7.849582e-01   2.709170e-14   5.208881e-04   6.008673e-16   2958
  7.863930e-01   2.894559e-14   4.446264e-04   5.818658e-16   3264
  7.881221e-01   3.142907e-14   4.908549e-04   7.127215e-16   3160
  7.897556e-01   2.748289e-14   4.448554e-04   5.615520e-16   3736
  7.913039e-01   2.797182e-14   4.053674e-04   6.726044e-16   3216
  7.931298e-01   2.853688e-14   4.967559e-04   5.488105e-16   4032
  7.950340e-01   2.696619e-14   4.535292e-04   5.127783e-16   3528
  7.966578e-01   2.774379e-14   4.003367e-04   5.866234e-16   3192
  7.982809e-01   2.610351e-14   4.384400e-04   5.428964e-16   3456
  8.000418e-01   2.562248e-14   4.546161e-04   5.400691e-16   3060
  8.018067e-01   2.722561e-14   5.405908e-04   5.202639e-16   4518
  8.035265e-01   2.695953e-14   4.815963e-04   5.714857e-16   3528
  8.051074e-01   2.920169e-14   4.044568e-04   7.206034e-16   3024
  8.067928e-01   2.577137e-14   5.476184e-04   5.302753e-16   3672
  8.085097e-01   2.617146e-14   4.700229e-04   5.375675e-16   3864
  8.104158e-01   2.543879e-14   4.982178e-04   5.077252e-16   3816
  8.119748e-01   2.432168e-14   4.532681e-04   4.959813e-16   3456
  8.134695e-01   2.522594e-14   4.103104e-04   5.653929e-16   2688
  8.152303e-01   2.442178e-14   4.868254e-04   4.338425e-16   4248
  8.169761e-01   2.570816e-14   4.662855e-04   5.453450e-16   3926
  8.187297e-01   2.550285e-14   4.923174e-04   5.712263e-16   3504
  8.204236e-01   2.604063e-14   4.401391e-04   5.192232e-16   3960
  8.222939e-01   2.429065e-14   4.954941e-04   5.046913e-16   3684
  8.238979e-01   2.311012e-14   4.954609e-04   4.689232e-16   4104
  8.255014e-01   2.449840e-14   4.699173e-04   5.107535e-16   3144
  8.272241e-01   2.335133e-14   5.147213e-04   4.536206e-16   4224
  8.291182e-01   2.222569e-14   4.568598e-04   4.184877e-16   4008
  8.307364e-01   2.309894e-14   5.026181e-04   4.566954e-16   3312
  8.324026e-01   2.336311e-14   4.999111e-04   5.079494e-16   3726
  8.341747e-01   2.344180e-14   5.134700e-04   4.911033e-16   3936
  8.357483e-01   2.498565e-14   5.292866e-04   5.674984e-16   3888
  8.373814e-01   2.311381e-14   5.004911e-04   4.831454e-16   3864
  8.390804e-01   2.300247e-14   5.320643e-04   4.911310e-16   3888
  8.408304e-01   2.140223e-14   5.018185e-04   4.392793e-16   4080
  8.425581e-01   2.275650e-14   5.325821e-04   4.920247e-16   3400
  8.443209e-01   2.174947e-14   4.884316e-04   4.106822e-16   4588
  8.461032e-01   2.119796e-14   4.834464e-04   4.355132e-16   3816
  8.476608e-01   2.140322e-14   4.581060e-04   4.376636e-16   3534
  8.493098e-01   2.346429e-14   4.524863e-04   4.739150e-16   4080
  8.510347e-01   2.279940e-14   4.729764e-04   4.446500e-16   4248
  8.527671e-01   2.292504e-14   4.766165e-04   5.476008e-16   3528
  8.543656e-01   2.222778e-14   4.872753e-04   4.346563e-16   4248
  8.559814e-01   2.091371e-14   4.766042e-04   4.412634e-16   3696
  8.577808e-01   2.063701e-14   4.945438e-04   3.748142e-16   4560
  8.594872e-01   2.103943e-14   4.632233e-04   4.148794e-16   3864
  8.612397e-01   1.973628e-14   5.043791e-04   3.738803e-16   4440
  8.629007e-01   2.022624e-14   4.705976e-04   4.804673e-16   3432
  8.646460e-01   2.100881e-14   4.614307e-04   4.255360e-16   4470
  8.663629e-01   2.131219e-14   4.100586e-04   4.282226e-16   4188
  8.680505e-01   2.039592e-14   5.253427e-04   4.001328e-16   4392
  8.697265e-01   2.155881e-14   4.064025e-04   4.751452e-16   3960
  8.714695e-01   2.068305e-14   4.591166e-04   4.100732e-16   4328
  8.731579e-01   1.941308e-14   4.778042e-04   3.707026e-16   4320
  8.748643e-01   1.965671e-14   4.996345e-04   3.844962e-16   4152
  8.764467e-01   2.128949e-14   4.179518e-04   4.909011e-16   3528
  8.782362e-01   1.852734e-14   4.523689e-04   3.375975e-16   4512
  8.799104e-01   2.013933e-14   4.624323e-04   4.451535e-16   4134
  8.816110e-01   2.109225e-14   4.926455e-04   4.003981e-16   5208
  8.832465e-01   2.029199e-14   4.292145e-04   4.579509e-16   3240
  8.849385e-01   2.081221e-14   4.734040e-04   4.099821e-16   4680
  8.866607e-01   1.922066e-14   4.687083e-04   4.002889e-16   4440
  8.883848e-01   1.810323e-14   5.311226e-04   3.733092e-16   4260
  8.900384e-01   1.801963e-14   4.336102e-04   3.785176e-16   4056
  8.917415e-01   1.756576e-14   4.807328e-04   3.245457e-16   4704
  8.935289e-01   1.899001e-14   5.594147e-04   3.755015e-16   4800
  8.954185e-01   1.829876e-14   4.846897e-04   3.595036e-16   4806
  8.970513e-01   2.225629e-14   4.831585e-04   5.226401e-16   3552
  8.986064e-01   1.795668e-14   4.844541e-04   4.021695e-16   4304
  9.003622e-01   1.870030e-14   4.698109e-04   3.589259e-16   5280
  9.020984e-01   1.792206e-14   4.507040e-04   3.557756e-16   4320
  9.037419e-01   1.787688e-14   5.089629e-04   3.657235e-16   4296
  9.054750e-01   1.742591e-14   5.658401e-04   3.205491e-16   4608
  9.072277e-01   1.779292e-14   5.421052e-04   3.296731e-16   4824
  9.089629e-01   1.645939e-14   5.117857e-04   3.297619e-16   4488
  9.108250e-01   1.820165e-14   4.778070e-04   3.764034e-16   4530
  9.123625e-01   1.750713e-14   4.665391e-04   3.793857e-16   4464
  9.139010e-01   1.784900e-14   4.396785e-04   3.683644e-16   4104
  9.156673e-01   1.718867e-14   4.740652e-04   3.123582e-16   5424
  9.174048e-01   1.759858e-14   5.103023e-04   3.848241e-16   4392
  9.191730e-01   1.740056e-14   4.996065e-04   3.468082e-16   4896
  9.207787e-01   1.636494e-14   4.897165e-04   3.364172e-16   4104
  9.224542e-01   1.762613e-14   4.415951e-04   3.575299e-16   4824
  9.242220e-01   1.512398e-14   4.220615e-04   2.911589e-16   4680
  9.257621e-01   1.573390e-14   4.316766e-04   3.213411e-16   4328
  9.275497e-01   1.658291e-14   4.976114e-04   3.290004e-16   5118
  9.293459e-01   1.728450e-14   5.765145e-04   3.514505e-16   5304
  9.309669e-01   1.874080e-14   4.539783e-04   4.125343e-16   4392
  9.327330e-01   1.634981e-14   4.556524e-04   3.399336e-16   4476
  9.342775e-01   1.583931e-14   4.525170e-04   3.322452e-16   4704
  9.359960e-01   1.579968e-14   5.477178e-04   2.896761e-16   5208
  9.378023e-01   1.525547e-14   4.618178e-04   3.115021e-16   5304
  9.394666e-01   1.512742e-14   4.946712e-04   2.954800e-16   4296
  9.411731e-01   1.560831e-14   4.690760e-04   2.993996e-16   4752
  9.429662e-01   1.568095e-14   4.708758e-04   3.115392e-16   4950
  9.445778e-01   1.600951e-14   4.921918e-04   3.283776e-16   5064
  9.461898e-01   1.638398e-14   4.123928e-04   3.477549e-16   4872
  9.478198e-01   1.576847e-14   4.341367e-04   3.737595e-16   4224
  9.495602e-01   1.571308e-14   4.795584e-04   2.970442e-16   6120
  9.514124e-01   1.449440e-14   5.275753e-04   2.886556e-16   4968
  9.530925e-01   1.551232e-14   4.668582e-04   3.253099e-16   4424
  9.548307e-01   1.501788e-14   5.963123e-04   3.158883e-16   5436
  9.565477e-01   1.425657e-14   5.084086e-04   2.761903e-16   4896
  9.582076e-01   1.389297e-14   4.867456e-04   2.972184e-16   5214
  9.598077e-01   1.616309e-14   4.137593e-04   3.534936e-16   4656
  9.615856e-01   1.594569e-14   5.260613e-04   3.330092e-16   5448
  9.632845e-01   1.503389e-14   4.442976e-04   3.503634e-16   4992
  9.649480e-01   1.571870e-14   4.917143e-04   3.452125e-16   5400
  9.667765e-01   1.496110e-14   5.449716e-04   2.931403e-16   5328
  9.684613e-01   1.432920e-14   4.873046e-04   3.047035e-16   4776
  9.700464e-01   1.324956e-14   4.579033e-04   2.682026e-16   4800
  9.718074e-01   1.395333e-14   5.888402e-04   2.487250e-16   6552
  9.736499e-01   1.499740e-14   4.448607e-04   3.802020e-16   3942
  9.752465e-01   1.423497e-14   5.606963e-04   2.823291e-16   6072
  9.770144e-01   1.573505e-14   4.354574e-04   3.814092e-16   4692
  9.784966e-01   1.414189e-14   4.546106e-04   2.951873e-16   4944
  9.802329e-01   1.394888e-14   4.879373e-04   2.711523e-16   5840
  9.820155e-01   1.358824e-14   5.223166e-04   2.892107e-16   5712
  9.837706e-01   1.376134e-14   4.377350e-04   3.043564e-16   4800
  9.853717e-01   1.322003e-14   5.797155e-04   2.632242e-16   5688
  9.871255e-01   1.291898e-14   4.573834e-04   2.678099e-16   4848
  9.888635e-01   1.050362e-14   5.090949e-04   2.434091e-16   5406
  9.905131e-01   4.558209e-17   4.595406e-04   6.714316e-19   5568
  9.921693e-01   4.589521e-17   4.130962e-04   6.749636e-19   5736
  9.939592e-01   4.491901e-17   5.130390e-04   6.979700e-19   5280
  9.955835e-01   4.408663e-17   4.743420e-04   6.460435e-19   5592
  9.972555e-01   4.258016e-17   5.429960e-04   6.572538e-19   4968
  9.990231e-01   4.262613e-17   4.868684e-04   5.967322e-19   5964
  1.000748e+00   4.270814e-17   4.891308e-04   6.208412e-19   5376
  1.002315e+00   4.198862e-17   4.722860e-04   6.326078e-19   5472
  1.004131e+00   3.981053e-17   4.485360e-04   5.702641e-19   5472
  1.005792e+00   3.954800e-17   5.099708e-04   6.297434e-19   5415
  1.007402e+00   3.810586e-17   4.485810e-04   5.719933e-19   5096
  1.009144e+00   3.624449e-17   5.768639e-04   4.970622e-19   6372
  1.010906e+00   3.836300e-17   4.682720e-04   6.258028e-19   4656
  1.012485e+00   3.764899e-17   5.112031e-04   5.215964e-19   5844
  1.014184e+00   3.599344e-17   4.494662e-04   5.148838e-19   5508
  1.015984e+00   3.681434e-17   5.098811e-04   4.950056e-19   6324
  1.017751e+00   3.478800e-17   4.379885e-04   5.388563e-19   4752
  1.019366e+00   3.420947e-17   4.903645e-04   4.807096e-19   5676
  1.021114e+00   3.445935e-17   4.485894e-04   5.049880e-19   5472
  1.022773e+00   3.415785e-17   5.059962e-04   4.952526e-19   5556
  1.024555e+00   3.245332e-17   4.930836e-04   4.573407e-19   5436
  1.026276e+00   3.296771e-17   5.047054e-04   4.727773e-19   5916
  1.028042e+00   3.250456e-17   5.251158e-04   4.768272e-19   5520
  1.029633e+00   3.017052e-17   4.775682e-04   4.421532e-19   5280
  1.031263e+00   3.228350e-17   4.692535e-04   4.937394e-19   4416
  1.033102e+00   3.036404e-17   4.574075e-04   4.050523e-19   6260
  1.034829e+00   3.050434e-17   5.439134e-04   4.153302e-19   5940
  1.036394e+00   3.023587e-17   4.259730e-04   4.858631e-19   4188
  1.038117e+00   2.967155e-17   5.446427e-04   3.900199e-19   6360
  1.039928e+00   2.875458e-17   4.857983e-04   4.061727e-19   5256
  1.041610e+00   2.883592e-17   4.592395e-04   4.497363e-19   4848
  1.043051e+00   2.706345e-17   4.163245e-04   4.021728e-19   4704
  1.044826e+00   2.794113e-17   5.107218e-04   3.839833e-19   5784
  1.046631e+00   2.661456e-17   5.404027e-04   3.701660e-19   5820
  1.048373e+00   2.729495e-17   4.840851e-04   3.709950e-19   5700
  1.050126e+00   2.668620e-17   4.489220e-04   3.889922e-19   5232
  1.051881e+00   2.727892e-17   4.981175e-04   3.898828e-19   4932
  1.053436e+00   2.598388e-17   4.287490e-04   3.899050e-19   4716
  1.055070e+00   2.748154e-17   5.461338e-04   3.999425e-19   5616
  1.056750e+00   2.487887e-17   4.823163e-04   3.566979e-19   5184
  1.058484e+00   2.418653e-17   4.865387e-04   3.529495e-19   5064
  1.060119e+00   2.455968e-17   4.981922e-04   3.483760e-19   5544
  1.061933e+00   2.400554e-17   5.001009e-04   3.355225e-19   5192
  1.063583e+00   2.397289e-17   4.494186e-04   3.482570e-19   5244
  1.065317e+00   2.318475e-17   4.862760e-04   3.316451e-19   5112
  1.067042e+00   2.398060e-17   4.462536e-04   3.608087e-19   5040
  1.068625e+00   2.383550e-17   4.691536e-04   3.458234e-19   5124
  1.070473e+00   2.289936e-17   5.266881e-04   3.168772e-19   5952
  1.072179e+00   2.333589e-17   4.614857e-04   3.413916e-19   4824
  1.073726e+00   2.229986e-17   4.658121e-04   3.416639e-19   4536
  1.075516e+00   2.202413e-17   4.951157e-04   3.003716e-19   5712
  1.077355e+00   2.257480e-17   5.417917e-04   3.242826e-19   5352
  1.079089e+00   2.227864e-17   4.719205e-04   3.191488e-19   5004
  1.080639e+00   2.196873e-17   4.720490e-04   3.265073e-19   4800
  1.082304e+00   2.134988e-17   5.072809e-04   3.043990e-19   5148
  1.084148e+00   2.127649e-17   5.268770e-04   2.961758e-19   5664
  1.085815e+00   2.033648e-17   4.732118e-04   3.077868e-19   4692
  1.087355e+00   2.071739e-17   4.396196e-04   3.329594e-19   4008
  1.089151e+00   2.073814e-17   5.038991e-04   2.816765e-19   5852
  1.090977e+00   1.986562e-17   4.771455e-04   2.768987e-19   5784
  1.092599e+00   2.063065e-17   4.398451e-04   3.311325e-19   4392
  1.094269e+00   2.005618e-17   4.314460e-04   3.028727e-19   4944
  1.096021e+00   1.916514e-17   5.086676e-04   2.872228e-19   4776
  1.097674e+00   1.863093e-17   4.893660e-04   2.660855e-19   5244
  1.099467e+00   1.876508e-17   4.885027e-04   2.634702e-19   4884
  1.100972e+00   1.868571e-17   4.142882e-04   2.894461e-19   4488
  1.102723e+00   1.908874e-17   4.922838e-04   2.817068e-19   5160
  1.104485e+00   1.899807e-17   5.012137e-04   2.695069e-19   5316
  1.106182e+00   1.839412e-17   5.067620e-04   2.855030e-19   4896
  1.107837e+00   1.871643e-17   4.708705e-04   3.114545e-19   4188
  1.109505e+00   1.723640e-17   5.135922e-04   2.568433e-19   4836
  1.111208e+00   1.811603e-17   5.094880e-04   2.552227e-19   5316
  1.112933e+00   1.767823e-17   4.715930e-04   2.562506e-19   4920
  1.114546e+00   1.862580e-17   4.750945e-04   3.072507e-19   4128
  1.116277e+00   1.748943e-17   5.110912e-04   2.561790e-19   5348
  1.117980e+00   1.729909e-17   4.434734e-04   2.634210e-19   4836
  1.119607e+00   1.705116e-17   4.778570e-04   2.806239e-19   4392
  1.121359e+00   1.702683e-17   4.198363e-04   2.673728e-19   4632
  1.122936e+00   1.715331e-17   4.691003e-04   2.716491e-19   4596
  1.124747e+00   1.653638e-17   4.717453e-04   2.429584e-19   5424
  1.126539e+00   1.570206e-17   4.855768e-04   2.259800e-19   5256
  1.128385e+00   1.612216e-17   4.931611e-04   2.534753e-19   4524
  1.129923e+00   1.632770e-17   4.690936e-04   2.697797e-19   4440
  1.131645e+00   1.595809e-17   4.011353e-04   2.443614e-19   4380
  1.133330e+00   1.571969e-17   5.249545e-04   2.453367e-19   4812
  1.135123e+00   1.576950e-17   5.214039e-04   2.341616e-19   5376
  1.136763e+00   1.494924e-17   4.164623e-04   2.520988e-19   3888
  1.138335e+00   1.575578e-17   4.768975e-04   2.383334e-19   4896
  1.140088e+00   1.533669e-17   5.032049e-04   2.407812e-19   4608
  1.141929e+00   1.573367e-17   4.749944e-04   2.462446e-19   4448
  1.143531e+00   1.412912e-17   4.903240e-04   2.192424e-19   4752
  1.145220e+00   1.516138e-17   5.135838e-04   2.517255e-19   4356
  1.146995e+00   1.490278e-17   4.942288e-04   2.292588e-19   5232
  1.148760e+00   1.397967e-17   4.980587e-04   2.280842e-19   4548
  1.150472e+00   1.416090e-17   4.841761e-04   2.181970e-19   4608
  1.152143e+00   1.448031e-17   4.398349e-04   2.558609e-19   3936
  1.153720e+00   1.414300e-17   5.257306e-04   2.425162e-19   4260
  1.155493e+00   1.386266e-17   4.713251e-04   2.168376e-19   5004
  1.157113e+00   1.437622e-17   4.657489e-04   2.509112e-19   4224
  1.158890e+00   1.389431e-17   5.031939e-04   2.259488e-19   4788
  1.160616e+00   1.404641e-17   5.291946e-04   2.381070e-19   4428
  1.162298e+00   1.324839e-17   4.422133e-04   2.302248e-19   4080
  1.163917e+00   1.396743e-17   4.835200e-04   2.142778e-19   4632
  1.165621e+00   1.299725e-17   5.028239e-04   2.329029e-19   4056
  1.167413e+00   1.311737e-17   4.734174e-04   2.207523e-19   4536
  1.169050e+00   1.355512e-17   4.828546e-04   2.217487e-19   4668
  1.170843e+00   1.242332e-17   5.175340e-04   2.094945e-19   4604
  1.172589e+00   1.278775e-17   4.650093e-04   2.181628e-19   4152
  1.174201e+00   1.287671e-17   4.506678e-04   2.213980e-19   4224
  1.175909e+00   1.234800e-17   4.332835e-04   2.156673e-19   4152
  1.177615e+00   1.326327e-17   4.914860e-04   2.282912e-19   4224
  1.179275e+00   1.274131e-17   4.545253e-04   2.274880e-19   3960
  1.180873e+00   1.226767e-17   4.690415e-04   2.001755e-19   4656
  1.182619e+00   1.185421e-17   5.060863e-04   1.996696e-19   4452
  1.184409e+00   1.164694e-17   5.145201e-04   2.095049e-19   4056
  1.186074e+00   1.185518e-17   5.098269e-04   2.041511e-19   4212
  1.187762e+00   1.247459e-17   4.236875e-04   2.429212e-19   3432
  1.189472e+00   1.184561e-17   5.420199e-04   1.864546e-19   5352
  1.191144e+00   1.193481e-17   3.969648e-04   2.284695e-19   3600
  1.192963e+00   1.145938e-17   4.378593e-04   1.952440e-19   4584
  1.194552e+00   1.174705e-17   4.365700e-04   2.180043e-19   3768
  1.196188e+00   1.133507e-17   4.660449e-04   2.159740e-19   3848
  1.197821e+00   1.120414e-17   4.273101e-04   2.189702e-19   3720
  1.199674e+00   1.074064e-17   5.363373e-04   1.763671e-19   4764
  1.201309e+00   1.143758e-17   4.319005e-04   2.052233e-19   3864
  1.202988e+00   1.157582e-17   5.349608e-04   2.009269e-19   4332
  1.204820e+00   1.109341e-17   4.567279e-04   2.050532e-19   3792
  1.206456e+00   1.027640e-17   5.180648e-04   1.789401e-19   4284
  1.208191e+00   1.028407e-17   4.905502e-04   2.060039e-19   3840
  1.209832e+00   9.789635e-18   4.669396e-04   2.017242e-19   3480
  1.211499e+00   1.019036e-17   5.210148e-04   1.726943e-19   4380
  1.213302e+00   1.044056e-17   4.894021e-04   1.876532e-19   4200
  1.215072e+00   1.080106e-17   4.704049e-04   1.897912e-19   4056
  1.216717e+00   9.984706e-18   4.727759e-04   1.994142e-19   3600
  1.218257e+00   1.015204e-17   4.710469e-04   1.980356e-19   3492
  1.220057e+00   9.674180e-18   5.500764e-04   1.727407e-19   4500
  1.221894e+00   1.042238e-17   4.819412e-04   2.008823e-19   3516
  1.223472e+00   1.068149e-17   5.038249e-04   2.082468e-19   3968
  1.225242e+00   9.817893e-18   4.842193e-04   1.937798e-19   3648
  1.226808e+00   9.727843e-18   4.630474e-04   1.917520e-19   4224
  1.228583e+00   9.009009e-18   5.197289e-04   1.841701e-19   3588
  1.230249e+00   9.559495e-18   4.793892e-04   1.934454e-19   3456
  1.231925e+00   8.892614e-18   4.257569e-04   1.765750e-19   3660
  1.233657e+00   9.409928e-18   4.673180e-04   1.840868e-19   3768
  1.235272e+00   9.512812e-18   4.725964e-04   1.840009e-19   3744
  1.237006e+00   9.044924e-18   5.187522e-04   1.670495e-19   4176
  1.238850e+00   9.639834e-18   4.784920e-04   1.918915e-19   3612
  1.240375e+00   9.191689e-18   5.199888e-04   1.953126e-19   3216
  1.242119e+00   8.865686e-18   5.027406e-04   1.862111e-19   3624
  1.243874e+00   8.854112e-18   4.727415e-04   1.738261e-19   3744
  1.245569e+00   9.175741e-18   5.044114e-04   1.874030e-19   3672
  1.247242e+00   8.952782e-18   4.574137e-04   1.792744e-19   3852
  1.248969e+00   9.049362e-18   4.707839e-04   1.760528e-19   3672
  1.250806e+00   8.982776e-18   4.587010e-04   2.160344e-19   3248
  1.252340e+00   7.943803e-18   4.695129e-04   1.733525e-19   3336
  1.254015e+00   7.879288e-18   4.779221e-04   1.597503e-19   3576
  1.255728e+00   8.495007e-18   4.057129e-04   1.764294e-19   3336
  1.257472e+00   8.466307e-18   4.819158e-04   1.658056e-19   3936
  1.259194e+00   8.659133e-18   5.132539e-04   1.792816e-19   3408
  1.260901e+00   8.641450e-18   4.521849e-04   1.926004e-19   3336
  1.262560e+00   6.780704e-18   5.079072e-04   1.520327e-19   3312
  1.264219e+00   7.861310e-18   5.142616e-04   1.739693e-19   3432
  1.265985e+00   8.279162e-18   4.458442e-04   1.862135e-19   3144
  1.267597e+00   7.879491e-18   4.840083e-04   1.705292e-19   3456
  1.269411e+00   7.818600e-18   4.651874e-04   1.562260e-19   3792
  1.271049e+00   8.140561e-18   4.569446e-04   1.930073e-19   2868
  1.272819e+00   7.308581e-18   4.733929e-04   1.401868e-19   3888
  1.274473e+00   6.914142e-18   4.110524e-04   1.636025e-19   2784
  1.276101e+00   7.386437e-18   4.694335e-04   1.913948e-19   2964
  1.277880e+00   7.537946e-18   4.834244e-04   1.648600e-19   3432
  1.279573e+00   7.331551e-18   5.003929e-04   1.580030e-19   3416
  1.281287e+00   7.359068e-18   5.348762e-04   1.608707e-19   3528
  1.283040e+00   7.890037e-18   4.292762e-04   1.893478e-19   2904
  1.284592e+00   6.799850e-18   4.813445e-04   1.597028e-19   3072
  1.286396e+00   6.775204e-18   5.406051e-04   1.525543e-19   3216
  1.288199e+00   6.717029e-18   4.378327e-04   1.683715e-19   2844
  1.289782e+00   6.747999e-18   5.010192e-04   1.550279e-19   3432
  1.291408e+00   7.528756e-18   4.027010e-04   1.884061e-19   2880
  1.293224e+00   6.803951e-18   5.334351e-04   1.581217e-19   3576
  1.294934e+00   7.244219e-18   4.768162e-04   1.900449e-19   2700
  1.296572e+00   6.453257e-18   5.355829e-04   1.496601e-19   3000
  1.298287e+00   6.077597e-18   4.446934e-04   1.556047e-19   2556
  1.299953e+00   6.780003e-18   4.766228e-04   1.555039e-19   3360
  1.301675e+00   6.691375e-18   4.631149e-04   1.532403e-19   3120
  1.303530e+00   6.700352e-18   5.452330e-04   1.664757e-19   3216
  1.305127e+00   7.127441e-18   3.845380e-04   1.849885e-19   2628
  1.306923e+00   6.256720e-18   5.083038e-04   1.580082e-19   3200
  1.308561e+00   5.790664e-18   4.795357e-04   1.565879e-19   2232
  1.310215e+00   5.702372e-18   5.473750e-04   1.498669e-19   3108
  1.311862e+00   7.091658e-18   4.808374e-04   1.989433e-19   2604
  1.313547e+00   6.643224e-18   5.179979e-04   1.613601e-19   3096
  1.315401e+00   6.213535e-18   4.719641e-04   1.497831e-19   3084
  1.317009e+00   5.842739e-18   4.816320e-04   1.530778e-19   2664
  1.318667e+00   6.151042e-18   4.247239e-04   1.781393e-19   2232
  1.320292e+00   5.041576e-18   5.231957e-04   1.297537e-19   2808
  1.322070e+00   6.106407e-18   4.942393e-04   1.745691e-19   2592
  1.323731e+00   6.700631e-18   5.073960e-04   1.764315e-19   2952
  1.325476e+00   5.712549e-18   4.790441e-04   1.560432e-19   2772
  1.327172e+00   5.682151e-18   5.151819e-04   1.453872e-19   3036
  1.328948e+00   5.386071e-18   4.997289e-04   1.666504e-19   2136
  1.330566e+00   5.066476e-18   3.985350e-04   1.501258e-19   2496
  1.332228e+00   6.080030e-18   5.308189e-04   1.831615e-19   2228
  1.333960e+00   6.307166e-18   4.948933e-04   1.771302e-19   3048
  1.335685e+00   5.688747e-18   4.727366e-04   1.672153e-19   2676
  1.337399e+00   5.095767e-18   4.709500e-04   1.346647e-19   2784
  1.339037e+00   5.241992e-18   4.575289e-04   1.616155e-19   1920
  1.340680e+00   4.786306e-18   4.882940e-04   1.358683e-19   2400
  1.342460e+00   4.661081e-18   4.478664e-04   1.310242e-19   2532
  1.344301e+00   5.488888e-18   4.974724e-04   1.647491e-19   2544
  1.345957e+00   6.047405e-18   5.204236e-04   1.721074e-19   2772
  1.347589e+00   4.865911e-18   4.874611e-04   1.684527e-19   2160
  1.349209e+00   5.211461e-18   5.250420e-04   1.600242e-19   2304
  1.351084e+00   4.743313e-18   5.137807e-04   1.539633e-19   2328
  1.352765e+00   4.081293e-18   4.926073e-04   1.275639e-19   2304
  1.354322e+00   4.206061e-18   4.658284e-04   1.379913e-19   1908
  1.356093e+00   5.832904e-18   5.209991e-04   1.888381e-19   2736
  1.357799e+00   5.268893e-18   4.936463e-04   1.708153e-19   2448
  1.359613e+00   5.303038e-18   4.615326e-04   1.693376e-19   2040
  1.361255e+00   3.797795e-18   4.805496e-04   1.411106e-19   2120
  1.362833e+00   4.758065e-18   3.984242e-04   1.535234e-19   2040
  1.364532e+00   3.897189e-18   4.943170e-04   1.474541e-19   2208
  1.366455e+00   5.315816e-18   4.438218e-04   1.801232e-19   2208
  1.368013e+00   6.098791e-18   4.918393e-04   1.993783e-19   2196
  1.369622e+00   3.590321e-18   4.326531e-04   1.242743e-19   1848
  1.371260e+00   4.530286e-18   4.906859e-04   1.625865e-19   2124
  1.373092e+00   4.119900e-18   5.147189e-04   1.351725e-19   2328
  1.374881e+00   3.967966e-18   5.240287e-04   1.461265e-19   1920
  1.376620e+00   3.766156e-18   4.810523e-04   1.440013e-19   1548
  1.378167e+00   5.190618e-18   5.276994e-04   1.707710e-19   2388
  1.379991e+00   3.881031e-18   4.883236e-04   1.514047e-19   2160
  1.381662e+00   4.015796e-18   4.444671e-04   1.653363e-19   1704
  1.383263e+00   3.774430e-18   5.007315e-04   1.560808e-19   1776
  1.384777e+00   3.696659e-18   4.683711e-04   1.419866e-19   1800
  1.386692e+00   3.246347e-18   5.406913e-04   1.249677e-19   1700
  1.388481e+00   4.741488e-18   4.868276e-04   1.796580e-19   2292
  1.390146e+00   3.998809e-18   4.519205e-04   1.687432e-19   1704
  1.391718e+00   3.913158e-18   5.053229e-04   1.607155e-19   1728
  1.393439e+00   3.274534e-18   4.676878e-04   1.422377e-19   1728
  1.395126e+00   4.154733e-18   4.672479e-04   1.701567e-19   1680
  1.396921e+00   2.651946e-18   5.382835e-04   1.114495e-19   1704
  1.398708e+00   2.924375e-18   4.227137e-04   1.073467e-19   1752
  1.400307e+00   4.108003e-18   5.025262e-04   1.786043e-19   1872
  1.402036e+00   3.730605e-18   4.925311e-04   1.749426e-19   1500
  1.403790e+00   3.194999e-18   4.312830e-04   1.422983e-19   1656
  1.405494e+00   3.514107e-18   4.624173e-04   1.409248e-19   1464
  1.407008e+00   2.406975e-18   4.050313e-04   1.271867e-19   1488
  1.408865e+00   2.769331e-18   4.888426e-04   1.095703e-19   1680
  1.410562e+00   3.233146e-18   5.107180e-04   1.423541e-19   1692
  1.412151e+00   3.083306e-18   4.890383e-04   1.621461e-19   1128
  1.413913e+00   3.062243e-18   4.709016e-04   1.437584e-19   1536
  1.415632e+00   2.435058e-18   4.908676e-04   1.310544e-19   1616
  1.417373e+00   2.443483e-18   4.733501e-04   1.197164e-19   1476
  1.419127e+00   2.352771e-18   5.209335e-04   1.382108e-19   1176
  1.420693e+00   2.494078e-18   5.596875e-04   1.038819e-19   1656
  1.422399e+00   2.797190e-18   4.916336e-04   2.033579e-19   891
  1.424157e+00   2.199401e-18   5.240858e-04   8.991592e-20   1596
  1.425870e+00   2.055381e-18   4.570168e-04   1.110647e-19   1422
  1.427560e+00   2.110615e-18   4.382484e-04   1.010693e-19   1254
  1.429149e+00   1.604440e-18   4.477206e-04   7.621056e-20   918
  1.430852e+00   2.173776e-18   4.900032e-04   8.521214e-20   1614
  1.432567e+00   1.689109e-18   4.232714e-04   1.053813e-19   798
  1.434273e+00   1.617702e-18   5.425837e-04   7.433064e-20   1458
  1.436002e+00   1.774399e-18   4.968256e-04   7.377741e-20   1374
  1.437711e+00   1.416606e-18   4.243221e-04   8.053553e-20   984
  1.439407e+00   1.628844e-18   5.838085e-04   7.466330e-20   1062
  1.441134e+00   1.915467e-18   4.948879e-04   8.812350e-20   1246
  1.442811e+00   1.181549e-18   4.588833e-04   6.395199e-20   1072
  1.444603e+00   1.255228e-18   4.969413e-04   7.462387e-20   1110
  1.446258e+00   1.656409e-18   5.383636e-04   7.291506e-20   1254
  1.447998e+00   1.353429e-18   5.109355e-04   7.629133e-20   1032
  1.449895e+00   1.508446e-18   4.733780e-04   1.030058e-19   786
  1.451337e+00   1.459359e-18   4.853147e-04   6.293729e-20   1152
  1.453026e+00   1.191644e-18   5.289446e-04   6.091071e-20   1086
  1.454785e+00   8.292221e-19   4.772261e-04   3.201944e-20   912
  1.456411e+00   1.844478e-18   4.783749e-04   8.602939e-20   1062
  1.458071e+00   1.016390e-18   4.768243e-04   4.110421e-20   912
  1.459989e+00   8.521556e-19   5.322923e-04   4.621917e-20   750
  1.461484e+00   1.372343e-18   5.128675e-04   6.030029e-20   1200
  1.463214e+00   1.021039e-18   4.644419e-04   5.794570e-20   918
  1.464934e+00   8.480276e-19   4.820751e-04   4.343241e-20   876
  1.466681e+00   1.357734e-18   4.212369e-04   6.227955e-20   870
  1.468211e+00   1.054963e-18   4.913058e-04   5.031612e-20   768
  1.470005e+00   6.719740e-19   4.503077e-04   3.293645e-20   830
  1.471666e+00   1.030669e-18   4.662337e-04   4.880847e-20   1080
  1.473387e+00   9.262313e-19   5.245740e-04   4.509381e-20   840
  1.475121e+00   7.128046e-19   5.051070e-04   3.281034e-20   798
  1.477088e+00   1.265890e-18   4.009113e-04   6.779909e-20   792
  1.478613e+00   7.639883e-19   4.675924e-04   3.944562e-20   726
  1.480213e+00   5.732018e-19   5.239634e-04   1.968319e-20   864
  1.481966e+00   8.303966e-19   4.485006e-04   4.635971e-20   900
  1.483743e+00   6.279253e-19   4.984474e-04   2.561531e-20   726
  1.485268e+00   6.512281e-19   4.313846e-04   2.932600e-20   576
  1.487302e+00   7.978605e-19   4.489324e-04   4.059757e-20   840
  1.488733e+00   6.531562e-19   4.660199e-04   3.609139e-20   750
  1.490428e+00   5.794951e-19   4.674350e-04   2.634625e-20   720
  1.492027e+00   7.634736e-19   4.728813e-04   4.252670e-20   702
  1.493895e+00   6.598175e-19   5.164499e-04   3.099487e-20   696
  1.495432e+00   6.665311e-19   4.618675e-04   3.805906e-20   480
  1.497243e+00   6.526325e-19   4.376385e-04   3.676861e-20   830
  1.498847e+00   6.059273e-19   5.091155e-04   2.878882e-20   756
  1.500643e+00   5.876874e-19   4.888404e-04   2.913915e-20   624
  1.502229e+00   5.347855e-19   5.165284e-04   3.157806e-20   582
  1.504104e+00   6.539464e-19   3.964472e-04   3.754248e-20   576
  1.505725e+00   4.962211e-19   5.309724e-04   2.403342e-20   624
  1.507388e+00   5.546204e-19   4.336450e-04   2.779141e-20   702
  1.509034e+00   5.086918e-19   4.988077e-04   2.621338e-20   624
  1.510988e+00   5.534795e-19   4.825630e-04   2.570564e-20   672
  1.512580e+00   3.843490e-19   3.612436e-04   2.188355e-20   342
  1.514329e+00   5.247771e-19   4.516021e-04   3.025332e-20   660
  1.515937e+00   4.001019e-19   4.642274e-04   2.591857e-20   576
  1.517597e+00   4.349422e-19   4.513226e-04   2.565148e-20   600
  1.519276e+00   3.844761e-19   5.220166e-04   2.355665e-20   510
  1.521163e+00   4.716137e-19   4.890514e-04   2.289168e-20   600
  1.522619e+00   3.314499e-19   3.895108e-04   2.242556e-20   216
  1.524315e+00   3.734326e-19   4.741021e-04   1.778837e-20   758
  1.526291e+00   3.372004e-19   5.190411e-04   1.942394e-20   576
  1.528024e+00   4.202633e-19   4.406517e-04   2.140597e-20   528
  1.529587e+00   3.647560e-19   3.034519e-04   2.774990e-20   318
  1.531266e+00   4.442959e-19   5.242157e-04   2.270653e-20   540
  1.533252e+00   1.892116e-19   3.706126e-04   1.073947e-20   384
  1.534598e+00   3.591439e-19   5.120576e-04   2.060615e-20   576
  1.536349e+00   2.662817e-19   4.184460e-04   1.536499e-20   414
  1.538006e+00   3.893604e-19   4.672675e-04   2.336424e-20   504
  1.539775e+00   3.368081e-19   5.129507e-04   1.820095e-20   312
  1.541474e+00   3.312092e-19   4.647396e-04   2.238650e-20   414
  1.543160e+00   2.262504e-19   4.293448e-04   1.267771e-20   432
  1.544729e+00   2.670600e-19   5.686055e-04   1.429931e-20   504
  1.546545e+00   3.072234e-19   5.476310e-04   1.864670e-20   432
  1.548245e+00   2.753326e-19   4.485920e-04   1.560378e-20   354
  1.549977e+00   3.085114e-19   6.527560e-04   2.461126e-20   200
  1.551463e+00   2.257392e-19   4.631515e-04   1.228686e-20   480
  1.553470e+00   2.285281e-19   5.292520e-04   1.196715e-20   552
  1.555311e+00   2.428321e-19   3.296817e-04   1.704145e-20   366
  1.556730e+00   2.864137e-19   3.509628e-04   2.927370e-20   240
  1.558291e+00   2.845035e-19   4.906603e-04   1.590354e-20   288
  1.560489e+00   2.226447e-19   3.372103e-04   1.451184e-20   366
  1.561910e+00   1.731556e-19   5.467244e-04   1.000549e-20   408
  1.563496e+00   1.982148e-19   4.109956e-04   1.464164e-20   360
  1.565137e+00   2.235508e-19   3.831167e-04   1.349641e-20   324
  1.566729e+00   2.199821e-19   4.524730e-04   1.740808e-20   174
  1.568624e+00   2.036179e-19   5.198279e-04   1.508675e-20   264
  1.570404e+00   1.757493e-19   4.741086e-04   1.101944e-20   456
  1.572178e+00   1.774779e-19   4.767346e-04   1.030028e-20   360
  1.573637e+00   1.596394e-19   5.251690e-04   1.204505e-20   270
  1.575423e+00   2.217559e-19   5.743787e-04   1.649462e-20   240
  1.577661e+00   2.579300e-19   4.185669e-04   2.067334e-20   120
  1.578762e+00   8.827116e-20   4.369696e-04   6.066469e-21   320
  1.580538e+00   1.537313e-19   5.406748e-04   7.430499e-21   462
  1.582398e+00   1.576668e-19   3.145683e-04   1.006497e-20   276
  1.584014e+00   1.752386e-19   3.568730e-04   1.639571e-20   144
  1.585571e+00   2.361940e-19   3.747862e-04   2.387910e-20   120
  1.587640e+00   9.870176e-20   2.838118e-04   5.269641e-21   294
  1.589204e+00   1.329167e-19   5.034972e-04   8.126346e-21   384
  1.590663e+00   1.209699e-19   3.333119e-04   8.123058e-21   216
  1.592060e+00   1.829120e-19   3.095363e-04   1.431890e-20   168
  1.593638e+00   1.453023e-19   3.682988e-04   1.529336e-20   102
  1.595919e+00   1.352108e-19   5.587821e-04   1.043873e-20   168
  1.597518e+00   1.186372e-19   4.890688e-04   6.788163e-21   384
  1.599271e+00   1.289155e-19   4.969061e-04   9.533525e-21   300
  1.600903e+00   1.295240e-19   5.320788e-04   8.503235e-21   144
  1.602742e+00   1.368864e-19   5.449239e-04   1.265238e-20   102
  1.604949e+00   1.672496e-19   1.289956e-04   1.564578e-20   56
  1.606006e+00   7.792241e-20   4.199761e-04   5.168072e-21   288
  1.607665e+00   8.928541e-20   5.465449e-04   4.309028e-21   360
  1.609470e+00   1.008415e-19   2.931840e-04   6.898411e-21   126
  1.610992e+00   1.020142e-19   1.443964e-04   1.239143e-20   72
  1.612650e+00   1.579404e-19   7.650143e-05   2.032442e-20   48
  1.614814e+00   6.861554e-20   3.094846e-04   4.796975e-21   240
  1.616236e+00   9.320486e-20   4.591937e-04   4.861056e-21   306
  1.617691e+00   9.722352e-20   2.552095e-04   8.311548e-21   120
  1.619368e+00   1.272381e-19   6.281048e-04   1.375498e-20   96
  1.620587e+00   1.343303e-19   0.000000e+00   2.278001e-20   24
  1.623325e+00   5.712321e-20   5.439228e-04   5.023672e-21   120
  1.624667e+00   6.942209e-20   4.703935e-04   3.880311e-21   318
  1.626308e+00   8.941679e-20   5.026794e-04   6.646169e-21   168
  1.628106e+00   1.177611e-19   5.394313e-04   1.171522e-20   72
  1.630075e+00   1.068810e-19   0.000000e+00   1.929319e-20   24
  1.632193e+00   1.069039e-19   2.618418e-04   1.989187e-20   14
  1.633200e+00   4.922998e-20   4.129830e-04   2.891262e-21   288
  1.634765e+00   6.655746e-20   4.968411e-04   5.730057e-21   204
  1.636571e+00   9.380658e-20   7.538327e-05   1.226237e-20   48
  1.638002e+00   1.659706e-19   0.000000e+00   3.165107e-20   24
  1.639659e+00   4.280997e-20   0.000000e+00   1.383195e-20   6
  1.642039e+00   5.110538e-20   3.087683e-04   3.704771e-21   216
  1.643266e+00   7.851672e-20   4.111948e-04   5.412486e-21   192
  1.644767e+00   6.013293e-20   7.500762e-05   1.058750e-20   48
  1.646341e+00   9.517292e-20   5.993235e-04   1.311107e-20   30
  1.650794e+00   5.189882e-20   1.239342e-04   4.771817e-21   96
  1.651708e+00   4.512682e-20   4.061000e-04   2.789203e-21   228
  1.653445e+00   7.122548e-20   5.310492e-04   8.689591e-21   72
  1.655533e+00   1.556652e-19   0.000000e+00   7.660627e-20   6
  1.660288e+00   4.734456e-20   4.009709e-04   2.888670e-21   248
  1.661805e+00   5.622305e-20   4.589321e-04   6.250924e-21   72
  1.663636e+00   5.622996e-20   2.543132e-08   9.521686e-21   6
  1.669168e+00   4.215944e-20   2.849355e-04   2.788968e-21   180
  1.670272e+00   5.690661e-20   3.876996e-04   6.435910e-21   72
  1.671847e+00   3.331833e-20   0.000000e+00   8.042539e-21   6
  1.677997e+00   3.905427e-20   1.219250e-04   3.642971e-21   96
  1.678732e+00   4.188034e-20   3.347351e-04   4.250347e-21   96
  1.680165e+00   9.201238e-20   0.000000e+00   2.839930e-20   6
  1.687272e+00   4.097037e-20   3.203674e-04   3.409745e-21   140
  1.688588e+00   4.239376e-20   0.000000e+00   3.800178e-21   6
  1.696205e+00   3.296437e-20   2.151411e-04   3.175785e-21   96
  1.697114e+00   1.760990e-20   0.000000e+00   5.903476e-21   6
  1.705164e+00   4.814636e-20   1.294251e-04   5.069402e-21   60
  1.705743e+00   5.188905e-20   0.000000e+00   1.342238e-20   6
  1.714199e+00   2.332103e-20   1.312104e-04   3.305069e-21   38
  1.723205e+00   2.331652e-20   6.749794e-05   6.484172e-21   18
  1.732226e+00   1.227945e-20   2.543132e-08   4.184987e-21   6
