# power spectrum of zeta
# redshift z=48.420863
# k              Pk             sigma(k)       sigma(Pk)      count
  1.570796e-02   4.010504e-20   0.000000e+00   1.616565e-20   6
  2.221441e-02   6.811641e-20   0.000000e+00   1.359758e-20   12
  2.720699e-02   9.212002e-20   2.980232e-10   1.874605e-20   8
  3.141593e-02   4.554769e-19   0.000000e+00   4.901262e-20   6
  3.512407e-02   4.274448e-19   5.619580e-10   1.362656e-19   24
  3.847649e-02   7.788160e-19   5.619580e-10   1.312115e-19   24
  4.442883e-02   5.127556e-19   0.000000e+00   2.307902e-19   12
  4.712389e-02   7.031011e-19   6.357829e-10   1.295200e-19   30
  4.967294e-02   1.024885e-18   0.000000e+00   2.258656e-19   24
  5.209742e-02   1.079322e-18   9.733398e-10   2.675458e-19   24
  5.441398e-02   1.441987e-18   5.960464e-10   2.922947e-19   8
  5.663587e-02   1.384877e-18   7.947286e-10   1.720500e-19   24
  5.877382e-02   1.467426e-18   0.000000e+00   2.062127e-19   48
  6.283185e-02   2.154589e-18   0.000000e+00   9.473290e-19   6
  6.476559e-02   1.904938e-18   7.947286e-10   2.674879e-19   48
  6.664324e-02   1.937533e-18   7.492773e-10   2.014996e-19   36
  6.846942e-02   3.041363e-18   7.947286e-10   6.359738e-19   24
  7.024815e-02   1.935057e-18   1.123916e-09   3.331282e-19   24
  7.198293e-02   1.869865e-18   0.000000e+00   2.542775e-19   48
  7.367688e-02   3.117709e-18   1.123916e-09   4.437769e-19   24
  7.695299e-02   2.823988e-18   1.123916e-09   4.442118e-19   24
  7.853982e-02   2.046148e-18   0.000000e+00   3.349168e-19   30
  8.009521e-02   2.308183e-18   0.000000e+00   2.549346e-19   72
  8.162097e-02   2.370101e-18   1.192093e-09   4.825219e-19   32
  8.458997e-02   3.486007e-18   0.000000e+00   4.043395e-19   72
  8.603606e-02   2.218298e-18   0.000000e+00   3.243083e-19   48
  8.885766e-02   1.283574e-18   0.000000e+00   3.818103e-19   12
  9.023538e-02   2.639768e-18   0.000000e+00   3.959214e-19   48
  9.159238e-02   2.424009e-18   0.000000e+00   2.412946e-19   48
  9.292956e-02   3.337885e-18   1.123916e-09   4.210652e-19   48
  9.424778e-02   4.161598e-18   1.271566e-09   7.295098e-19   30
  9.554781e-02   3.811209e-18   0.000000e+00   8.572251e-19   24
  9.683039e-02   4.077648e-18   2.369423e-09   4.099721e-19   72
  9.934588e-02   2.579323e-18   0.000000e+00   4.896079e-19   24
  1.005800e-01   4.090458e-18   0.000000e+00   4.052877e-19   96
  1.017992e-01   3.260352e-18   0.000000e+00   4.329457e-19   48
  1.030040e-01   2.818145e-18   1.946680e-09   6.922420e-19   24
  1.041948e-01   2.109201e-18   1.946680e-09   4.331227e-19   24
  1.053722e-01   5.222010e-18   0.000000e+00   6.375293e-19   72
  1.065366e-01   4.032701e-18   0.000000e+00   6.207937e-19   48
  1.088280e-01   3.757681e-18   1.192093e-09   1.121701e-18   8
  1.099557e-01   5.679617e-18   1.412851e-09   6.778014e-19   54
  1.110721e-01   3.960517e-18   0.000000e+00   6.926694e-19   84
  1.121773e-01   4.486485e-18   0.000000e+00   6.436241e-19   48
  1.132717e-01   2.878387e-18   1.589457e-09   5.134727e-19   24
  1.143557e-01   3.947375e-18   2.119276e-09   4.684072e-19   72
  1.154295e-01   5.355717e-18   0.000000e+00   6.096646e-19   96
  1.175476e-01   7.739450e-18   0.000000e+00   8.441279e-19   48
  1.185925e-01   4.355386e-18   0.000000e+00   4.081313e-19   48
  1.196283e-01   3.886470e-18   0.000000e+00   7.561655e-19   24
  1.206552e-01   4.546925e-18   0.000000e+00   4.895631e-19   72
  1.226831e-01   4.986591e-18   0.000000e+00   5.901559e-19   72
  1.236846e-01   4.982490e-18   0.000000e+00   5.679314e-19   96
  1.256637e-01   7.176536e-18   0.000000e+00   3.153961e-18   6
  1.266416e-01   6.063091e-18   0.000000e+00   5.869892e-19   96
  1.276121e-01   6.366525e-18   1.589457e-09   6.804286e-19   96
  1.285752e-01   4.379462e-18   0.000000e+00   1.041289e-18   24
  1.295312e-01   4.965147e-18   1.589457e-09   6.186128e-19   48
  1.304801e-01   5.106003e-18   0.000000e+00   5.160968e-19   96
  1.314222e-01   6.083856e-18   0.000000e+00   8.195453e-19   48
  1.332865e-01   5.588375e-18   1.498555e-09   1.048704e-18   36
  1.342089e-01   5.720065e-18   2.753021e-09   7.222112e-19   48
  1.351250e-01   6.438113e-18   3.114687e-09   5.779142e-19   120
  1.360350e-01   5.868215e-18   0.000000e+00   7.748214e-19   56
  1.369388e-01   3.347163e-18   1.589457e-09   5.856789e-19   24
  1.378368e-01   4.921600e-18   0.000000e+00   4.379190e-19   96
  1.387290e-01   5.291564e-18   0.000000e+00   6.828338e-19   48
  1.404963e-01   6.599301e-18   2.247832e-09   1.224129e-18   24
  1.413717e-01   7.295441e-18   0.000000e+00   7.299540e-19   102
  1.422417e-01   7.618703e-18   1.589457e-09   1.148500e-18   48
  1.431064e-01   7.084820e-18   0.000000e+00   7.058831e-19   72
  1.439659e-01   6.539391e-18   0.000000e+00   6.605596e-19   48
  1.448203e-01   7.091989e-18   0.000000e+00   1.313958e-18   48
  1.456697e-01   6.132881e-18   3.596531e-09   5.389999e-19   120
  1.473538e-01   9.953692e-18   2.247832e-09   1.666145e-18   24
  1.481886e-01   5.820212e-18   2.119276e-09   4.896834e-19   144
  1.490188e-01   6.044072e-18   2.543132e-09   5.811137e-19   120
  1.498444e-01   4.748547e-18   2.247832e-09   6.653640e-19   48
  1.514821e-01   7.287470e-18   2.247832e-09   9.718816e-19   48
  1.522944e-01   6.004260e-18   2.247832e-09   6.265664e-19   96
  1.544390e-01   8.185493e-18   3.768959e-04   1.005652e-18   72
  1.555009e-01   6.099842e-18   1.998073e-09   4.657651e-19   108
  1.562923e-01   7.306909e-18   0.000000e+00   7.829185e-19   72
  1.570796e-01   4.473355e-18   0.000000e+00   8.320367e-19   30
  1.578631e-01   7.599113e-18   0.000000e+00   6.038316e-19   168
  1.586427e-01   7.566210e-18   0.000000e+00   8.257854e-19   48
  1.601904e-01   5.318054e-18   0.000000e+00   6.232061e-19   72
  1.609587e-01   7.037842e-18   0.000000e+00   6.783166e-19   96
  1.617234e-01   6.973007e-18   4.238553e-09   1.071105e-18   72
  1.624844e-01   8.272304e-18   0.000000e+00   8.770975e-19   72
  1.637639e-01   7.519735e-18   3.480039e-04   5.516903e-19   104
  1.647465e-01   7.262529e-18   2.997109e-09   5.296745e-19   144
  1.669779e-01   5.219788e-18   5.026305e-09   4.903429e-19   96
  1.677152e-01   5.822919e-18   0.000000e+00   6.017314e-19   96
  1.688876e-01   8.052220e-18   3.580185e-04   7.468482e-19   120
  1.699076e-01   6.810370e-18   0.000000e+00   6.195118e-19   120
  1.706322e-01   8.252677e-18   0.000000e+00   8.945232e-19   72
  1.720721e-01   8.398498e-18   0.000000e+00   1.112388e-18   48
  1.727876e-01   9.082623e-18   3.912510e-09   1.036336e-18   78
  1.737029e-01   9.557585e-18   3.205713e-04   7.567263e-19   168
  1.756204e-01   9.075902e-18   3.670694e-09   7.841508e-19   144
  1.763215e-01   9.460692e-18   2.997109e-09   6.749722e-19   144
  1.783549e-01   8.819958e-18   1.846233e-04   7.504879e-19   156
  1.790983e-01   6.501268e-18   3.893359e-09   1.211255e-18   48
  1.797859e-01   8.152426e-18   2.543132e-09   7.997213e-19   120
  1.804708e-01   5.917181e-18   0.000000e+00   6.230481e-19   48
  1.816818e-01   8.982251e-18   2.825996e-04   6.102000e-19   216
  1.831848e-01   8.174703e-18   0.000000e+00   1.009469e-18   48
  1.838570e-01   7.603911e-18   2.247832e-09   6.688910e-19   96
  1.848128e-01   8.823414e-18   3.302618e-04   7.730073e-19   168
  1.858591e-01   7.191731e-18   2.247832e-09   1.028682e-18   48
  1.865217e-01   9.577550e-18   0.000000e+00   9.557697e-19   96
  1.871820e-01   9.353305e-18   0.000000e+00   1.702564e-18   48
  1.884956e-01   1.107295e-17   2.543132e-09   1.103313e-18   30
  1.891489e-01   7.087568e-18   0.000000e+00   5.755342e-19   96
  1.899298e-01   8.857032e-18   2.595564e-04   6.018962e-19   240
  1.909339e-01   1.239223e-17   2.800239e-04   1.709389e-18   32
  1.917401e-01   7.121904e-18   0.000000e+00   5.277885e-19   168
  1.923825e-01   8.534664e-18   0.000000e+00   8.366182e-19   120
  1.936608e-01   6.880016e-18   4.738846e-09   7.731985e-19   72
  1.942968e-01   1.133164e-17   2.119276e-09   1.040963e-18   144
  1.949307e-01   8.192211e-18   0.000000e+00   8.382921e-19   96
  1.955626e-01   1.092370e-17   0.000000e+00   8.744815e-19   96
  1.968202e-01   1.086092e-17   0.000000e+00   1.309735e-18   72
  1.974460e-01   9.213376e-18   3.178914e-09   8.927951e-19   96
  1.986918e-01   9.061228e-18   0.000000e+00   1.668652e-18   24
  1.993117e-01   1.062123e-17   0.000000e+00   7.840346e-19   192
  2.000418e-01   1.015578e-17   2.376333e-04   7.491813e-19   132
  2.011601e-01   1.101910e-17   0.000000e+00   9.962139e-19   96
  2.017724e-01   8.124456e-18   0.000000e+00   8.189443e-19   96
  2.023829e-01   1.072302e-17   2.543132e-09   9.139873e-19   120
  2.035985e-01   1.148035e-17   0.000000e+00   1.577037e-18   48
  2.045948e-01   7.490043e-18   2.879924e-04   4.909284e-19   222
  2.054083e-01   9.811800e-18   0.000000e+00   9.290092e-19   120
  2.060080e-01   1.106959e-17   3.893359e-09   2.230574e-18   24
  2.068812e-01   1.167076e-17   2.972500e-04   6.166101e-19   312
  2.087838e-01   1.311048e-17   2.786838e-04   1.462907e-18   72
  2.095704e-01   9.204895e-18   3.893359e-09   1.241191e-18   96
  2.103781e-01   1.129260e-17   2.838009e-04   8.534264e-19   192
  2.113290e-01   1.068219e-17   3.596531e-09   1.083529e-18   120
  2.119120e-01   1.070156e-17   0.000000e+00   1.099337e-18   144
  2.130732e-01   9.654610e-18   0.000000e+00   1.382804e-18   48
  2.138985e-01   9.655215e-18   2.853717e-04   5.626884e-19   336
  2.148032e-01   1.102832e-17   0.000000e+00   1.508942e-18   48
  2.159488e-01   1.007225e-17   0.000000e+00   8.809566e-19   192
  2.165193e-01   1.097087e-17   0.000000e+00   1.340686e-18   48
  2.181411e-01   1.113365e-17   1.980854e-04   1.349130e-18   56
  2.189475e-01   1.091141e-17   2.544090e-04   6.031965e-19   336
  2.199115e-01   1.095021e-17   2.825702e-09   1.559141e-18   54
  2.207512e-01   1.002915e-17   2.794324e-04   6.159293e-19   240
  2.224945e-01   1.026976e-17   2.675587e-04   7.619321e-19   228
  2.232521e-01   1.232519e-17   2.997109e-09   1.574231e-18   72
  2.239875e-01   1.230007e-17   2.595385e-04   9.141036e-19   144
  2.249038e-01   1.007757e-17   0.000000e+00   9.834507e-19   96
  2.254517e-01   1.046872e-17   3.596531e-09   6.565113e-19   240
  2.265435e-01   9.580047e-18   3.178914e-09   1.840929e-18   24
  2.272424e-01   1.133031e-17   2.451321e-04   6.751275e-19   336
  2.281713e-01   1.081137e-17   0.000000e+00   1.272558e-18   72
  2.290193e-01   1.297681e-17   2.666265e-04   9.363620e-19   168
  2.297877e-01   8.607031e-18   0.000000e+00   7.617198e-19   72
  2.308590e-01   1.343230e-17   0.000000e+00   1.231322e-18   96
  2.316886e-01   1.160251e-17   2.646263e-04   8.258302e-19   216
  2.324566e-01   8.827388e-18   0.000000e+00   6.569733e-19   96
  2.335157e-01   1.089473e-17   3.178914e-09   7.330855e-19   192
  2.340434e-01   1.074793e-17   2.997109e-09   8.382526e-19   144
  2.350953e-01   1.156040e-17   0.000000e+00   1.497076e-18   48
  2.358236e-01   1.203636e-17   2.551309e-04   8.172417e-19   246
  2.368131e-01   1.492144e-17   2.352347e-04   1.155366e-18   168
  2.377046e-01   1.181466e-17   6.229375e-09   1.179630e-18   120
  2.382231e-01   9.923455e-18   0.000000e+00   6.781719e-19   240
  2.392566e-01   7.138123e-18   0.000000e+00   1.449838e-18   24
  2.400800e-01   1.162568e-17   2.517980e-04   7.264473e-19   360
  2.411056e-01   1.095233e-17   2.507265e-04   8.149642e-19   120
  2.418210e-01   1.302711e-17   0.000000e+00   1.046227e-18   144
  2.423307e-01   1.285651e-17   0.000000e+00   1.134697e-18   96
  2.438532e-01   1.255806e-17   0.000000e+00   1.008580e-18   144
  2.443586e-01   1.355683e-17   0.000000e+00   1.157630e-18   132
  2.450688e-01   1.243486e-17   2.474633e-04   9.110394e-19   176
  2.460999e-01   1.246204e-17   2.498881e-04   6.331521e-19   312
  2.473693e-01   1.794849e-17   0.000000e+00   2.730908e-18   96
  2.478675e-01   1.220346e-17   0.000000e+00   1.064802e-18   144
  2.486319e-01   1.296057e-17   2.473817e-04   7.191589e-19   312
  2.498505e-01   1.546463e-17   0.000000e+00   1.533112e-18   48
  2.503437e-01   1.160830e-17   3.178914e-09   8.660204e-19   192
  2.513274e-01   3.910467e-18   0.000000e+00   1.205194e-18   6
  2.519810e-01   1.138791e-17   2.307253e-04   6.277926e-19   288
  2.530395e-01   1.116589e-17   2.437763e-04   7.922093e-19   192
  2.537699e-01   1.076976e-17   7.476104e-09   6.893434e-19   216
  2.542556e-01   1.363964e-17   0.000000e+00   1.850955e-18   72
  2.554657e-01   1.132915e-17   2.414611e-04   8.746780e-19   192
  2.562693e-01   1.495540e-17   1.792979e-04   8.835974e-19   288
  2.571504e-01   1.299797e-17   0.000000e+00   2.509257e-18   24
  2.578312e-01   1.409545e-17   2.362101e-04   6.092471e-19   456
  2.590624e-01   9.114097e-18   0.000000e+00   1.340053e-18   48
  2.598231e-01   1.315638e-17   2.326575e-04   9.633346e-19   240
  2.606974e-01   1.492651e-17   2.351266e-04   9.502702e-19   216
  2.614326e-01   1.186670e-17   0.000000e+00   1.455427e-18   72
  2.619041e-01   1.239411e-17   8.123736e-09   9.774077e-19   168
  2.632353e-01   1.466112e-17   1.747662e-04   8.881876e-19   288
  2.639818e-01   1.446841e-17   2.312456e-04   9.919489e-19   168
  2.651809e-01   1.663166e-17   0.000000e+00   1.149786e-18   192
  2.656458e-01   1.341100e-17   2.997109e-09   9.525685e-19   144
  2.665730e-01   1.671223e-17   2.997109e-09   2.075669e-18   36
  2.673593e-01   1.142216e-17   2.111764e-04   5.844660e-19   342
  2.681111e-01   1.365969e-17   2.168525e-04   1.033721e-18   144
  2.690776e-01   1.316152e-17   2.274240e-04   6.759656e-19   384
  2.702500e-01   1.566645e-17   6.229375e-09   1.425457e-18   120
  2.708303e-01   1.582456e-17   2.027960e-04   9.808660e-19   264
  2.716161e-01   1.365499e-17   1.005261e-08   9.949400e-19   192
  2.723561e-01   1.516644e-17   2.185515e-04   1.156680e-18   152
  2.729753e-01   1.392317e-17   5.994218e-09   1.256702e-18   144
  2.742778e-01   1.184856e-17   1.414487e-04   8.655645e-19   216
  2.748807e-01   1.540681e-17   1.890132e-04   8.404394e-19   312
  2.759419e-01   1.342467e-17   2.190625e-04   7.459194e-19   240
  2.765672e-01   1.630217e-17   3.178914e-09   1.687021e-18   96
  2.777541e-01   1.495748e-17   2.094396e-04   1.204440e-18   144
  2.784857e-01   1.441624e-17   2.058607e-04   6.951484e-19   456
  2.796723e-01   1.171230e-17   0.000000e+00   7.647585e-19   120
  2.801131e-01   1.279080e-17   0.000000e+00   1.174573e-18   144
  2.809926e-01   9.664172e-18   4.495664e-09   1.596518e-18   24
  2.815564e-01   1.501627e-17   1.978798e-04   7.577155e-19   336
  2.825316e-01   1.419250e-17   2.182345e-04   1.115403e-18   198
  2.834454e-01   1.416771e-17   2.122205e-04   7.412664e-19   432
  2.844833e-01   1.488560e-17   6.357829e-09   1.513093e-18   48
  2.850248e-01   1.673858e-17   1.873540e-04   8.643336e-19   384
  2.859970e-01   1.621369e-17   2.156842e-04   1.333093e-18   144
  2.868780e-01   1.593276e-17   2.141460e-04   9.142297e-19   264
  2.879317e-01   1.293692e-17   0.000000e+00   1.242973e-18   48
  2.886387e-01   1.526629e-17   2.036179e-04   9.213909e-19   276
  2.893208e-01   1.365893e-17   1.845741e-04   1.123537e-18   192
  2.902325e-01   1.455756e-17   2.074207e-04   6.109567e-19   552
  2.913393e-01   1.033816e-17   5.086263e-09   9.065971e-19   120
  2.919972e-01   1.626631e-17   2.099609e-04   1.096102e-18   216
  2.926069e-01   1.443625e-17   5.086263e-09   1.131472e-18   120
  2.936961e-01   1.685649e-17   2.067600e-04   8.608379e-19   408
  2.947075e-01   1.578921e-17   4.495664e-09   2.113346e-18   24
  2.953347e-01   1.389650e-17   2.088648e-04   7.787130e-19   384
  2.962106e-01   1.390835e-17   2.040684e-04   9.613874e-19   240
  2.969712e-01   1.368139e-17   2.055628e-04   9.300284e-19   168
  2.980376e-01   1.242723e-17   0.000000e+00   1.202046e-18   120
  2.987251e-01   1.514820e-17   2.142884e-04   7.655073e-19   350
  2.998430e-01   1.519254e-17   3.527601e-04   7.939535e-19   384
  3.005110e-01   1.649441e-17   0.000000e+00   1.481261e-18   144
  3.017401e-01   1.329299e-17   4.238553e-09   7.704074e-19   288
  3.023819e-01   1.390934e-17   2.019242e-04   6.654052e-19   336
  3.032549e-01   1.707285e-17   1.838353e-04   1.250789e-18   168
  3.037776e-01   1.512554e-17   1.204945e-08   8.931266e-19   336
  3.048586e-01   1.372722e-17   1.908100e-04   8.418910e-19   288
  3.055078e-01   1.409818e-17   1.797918e-04   8.593572e-19   264
  3.066072e-01   1.554506e-17   0.000000e+00   9.653295e-19   240
  3.070093e-01   1.533142e-17   0.000000e+00   1.276718e-18   96
  3.084525e-01   1.690215e-17   2.445048e-04   8.557544e-19   360
  3.091260e-01   1.658690e-17   1.802420e-04   1.387876e-18   168
  3.099770e-01   1.626029e-17   1.964825e-04   7.158654e-19   456
  3.110018e-01   1.505933e-17   5.651403e-09   1.356571e-18   108
  3.115782e-01   1.592625e-17   1.971449e-04   1.147571e-18   264
  3.122973e-01   1.504973e-17   1.758853e-04   9.535060e-19   264
  3.132820e-01   1.731456e-17   1.659735e-04   1.047497e-18   312
  3.145081e-01   1.718234e-17   1.233364e-04   1.094732e-18   270
  3.150220e-01   1.579993e-17   1.565911e-04   1.080438e-18   240
  3.159458e-01   1.629637e-17   1.937229e-04   7.890650e-19   384
  3.165067e-01   1.410635e-17   6.357829e-09   9.406960e-19   192
  3.175962e-01   1.730714e-17   1.554368e-04   1.220337e-18   240
  3.182281e-01   1.627142e-17   1.918342e-04   8.682669e-19   336
  3.194167e-01   1.710623e-17   1.931178e-04   7.622431e-19   480
  3.203808e-01   1.729714e-17   4.238553e-09   2.024688e-18   72
  3.209194e-01   1.773375e-17   1.883074e-04   1.109358e-18   240
  3.216520e-01   1.589677e-17   1.769831e-04   9.273771e-19   312
  3.224917e-01   1.527808e-17   1.912763e-04   1.059508e-18   240
  3.237607e-01   1.695207e-17   1.453205e-04   8.224396e-19   408
  3.242630e-01   1.602115e-17   1.330785e-04   9.194766e-19   336
  3.252448e-01   1.704571e-17   1.689770e-04   1.215482e-18   264
  3.257273e-01   2.071568e-17   0.000000e+00   1.722272e-18   144
  3.270696e-01   1.709838e-17   2.342121e-04   8.087257e-19   464
  3.277768e-01   1.330127e-17   1.862466e-04   9.510860e-19   168
  3.284751e-01   2.141836e-17   1.696301e-04   1.132552e-18   336
  3.297371e-01   1.688134e-17   1.782296e-04   8.505837e-19   414
  3.304484e-01   1.894680e-17   1.855264e-04   1.186725e-18   216
  3.313598e-01   1.706930e-17   4.495664e-09   1.694422e-18   96
  3.317320e-01   1.694200e-17   1.101208e-08   7.641606e-19   384
  3.330355e-01   1.819798e-17   1.851680e-04   9.007821e-19   492
  3.337341e-01   1.433221e-17   1.810784e-04   8.699289e-19   240
  3.345237e-01   1.465076e-17   1.838580e-04   8.355751e-19   312
  3.356141e-01   1.819867e-17   1.837975e-04   1.435398e-18   192
  3.363048e-01   1.802644e-17   1.781220e-04   8.159865e-19   504
  3.372212e-01   1.732878e-17   1.179198e-04   8.719848e-19   408
  3.379427e-01   2.004240e-17   3.612619e-04   1.565513e-18   168
  3.388456e-01   1.600498e-17   1.716026e-04   1.022558e-18   288
  3.396033e-01   1.665277e-17   1.790820e-04   1.112315e-18   288
  3.403794e-01   1.826933e-17   1.801128e-04   8.920551e-19   432
  3.415052e-01   1.935372e-17   1.703267e-04   1.295044e-18   216
  3.421068e-01   1.799444e-17   1.699674e-04   8.537466e-19   360
  3.431777e-01   1.935522e-17   1.658865e-04   1.090454e-18   312
  3.441442e-01   2.064503e-17   0.000000e+00   3.261910e-18   48
  3.447014e-01   1.798154e-17   1.778543e-04   8.924941e-19   432
  3.456992e-01   1.700234e-17   2.966627e-04   7.926459e-19   414
  3.462885e-01   1.738986e-17   6.776666e-09   9.679004e-19   312
  3.473878e-01   1.906551e-17   2.603051e-04   8.023176e-19   528
  3.481296e-01   1.913414e-17   1.366381e-04   1.191932e-18   264
  3.490209e-01   1.747942e-17   1.620153e-04   8.634947e-19   480
  3.501854e-01   1.813414e-17   0.000000e+00   9.594537e-19   288
  3.506883e-01   1.900869e-17   1.740804e-04   1.552623e-18   168
  3.516084e-01   1.861710e-17   2.755688e-04   7.777538e-19   504
  3.526429e-01   2.029378e-17   4.238553e-09   1.445094e-18   144
  3.532937e-01   1.776433e-17   1.769812e-04   8.152270e-19   464
  3.542716e-01   1.611528e-17   2.597299e-04   7.552823e-19   432
  3.547358e-01   2.112059e-17   4.495664e-09   1.469697e-18   192
  3.559351e-01   1.736135e-17   1.925466e-04   7.737323e-19   396
  3.566434e-01   1.856037e-17   1.729600e-04   1.110267e-18   288
  3.573592e-01   1.899964e-17   1.708549e-04   1.035195e-18   336
  3.585027e-01   1.777167e-17   1.081887e-04   7.694646e-19   432
  3.592283e-01   1.919059e-17   2.804101e-04   9.425001e-19   360
  3.600431e-01   1.911465e-17   1.658667e-04   9.172394e-19   384
  3.612003e-01   1.612190e-17   1.464092e-04   1.240829e-18   198
  3.617579e-01   1.877667e-17   1.664197e-04   7.179193e-19   552
  3.627976e-01   1.564911e-17   2.329761e-04   8.242411e-19   432
  3.636656e-01   2.067314e-17   8.899106e-09   1.555054e-18   168
  3.643942e-01   1.908833e-17   2.888052e-04   8.500765e-19   480
  3.653579e-01   1.439680e-17   0.000000e+00   1.306840e-18   120
  3.657917e-01   1.778126e-17   2.358836e-04   1.068955e-18   336
  3.668502e-01   1.954727e-17   1.664122e-04   6.837773e-19   672
  3.678969e-01   1.942356e-17   2.420693e-04   8.772033e-19   528
  3.683844e-01   1.845380e-17   7.266090e-09   1.174231e-18   168
  3.695106e-01   1.932445e-17   2.700266e-04   8.461793e-19   456
  3.701979e-01   2.157073e-17   1.649075e-04   1.922378e-18   168
  3.709113e-01   1.985812e-17   1.646115e-04   9.633445e-19   504
  3.720973e-01   1.893218e-17   2.118297e-04   1.049369e-18   336
  3.728144e-01   2.151650e-17   1.527042e-04   1.185931e-18   312
  3.736099e-01   2.040777e-17   1.492023e-04   8.946749e-19   504
  3.746568e-01   1.957466e-17   1.035207e-04   8.290818e-19   432
  3.751490e-01   1.790799e-17   1.599738e-04   1.031209e-18   312
  3.761721e-01   1.890716e-17   1.639809e-04   8.667435e-19   384
  3.772403e-01   2.170488e-17   1.393208e-04   2.007918e-18   126
  3.778999e-01   1.986044e-17   2.446141e-04   9.909571e-19   492
  3.787423e-01   2.036338e-17   1.566756e-04   8.357171e-19   528
  3.797950e-01   1.934482e-17   1.591488e-04   8.358920e-19   480
  3.804477e-01   2.052654e-17   2.198632e-04   9.499914e-19   432
  3.813922e-01   2.171091e-17   1.728933e-04   9.804003e-19   440
  3.824891e-01   1.930828e-17   8.597912e-05   1.113087e-18   312
  3.829007e-01   2.124099e-17   1.288469e-04   1.157532e-18   480
  3.837450e-01   1.948220e-17   2.522797e-04   1.005314e-18   408
  3.849786e-01   1.971023e-17   1.510870e-04   9.785013e-19   360
  3.854998e-01   1.933036e-17   1.457935e-04   9.628675e-19   408
  3.864656e-01   1.960391e-17   1.483633e-04   8.871509e-19   456
  3.875531e-01   2.096263e-17   1.417988e-04   1.235797e-18   264
  3.881567e-01   1.923973e-17   1.538873e-04   1.030079e-18   384
  3.890354e-01   2.045056e-17   2.590801e-04   8.038282e-19   672
  3.900512e-01   1.980140e-17   1.549634e-04   1.292392e-18   240
  3.906373e-01   2.088772e-17   1.572490e-04   1.210606e-18   264
  3.914646e-01   1.832880e-17   1.939407e-04   7.890346e-19   624
  3.926991e-01   2.278736e-17   0.000000e+00   1.755431e-18   150
  3.931386e-01   2.160537e-17   2.173259e-04   9.476501e-19   600
  3.940655e-01   1.867374e-17   1.499928e-04   7.795978e-19   672
  3.951151e-01   2.061501e-17   1.410788e-04   1.199113e-18   336
  3.956998e-01   2.091391e-17   1.534526e-04   1.046196e-18   408
  3.966340e-01   1.959313e-17   1.530911e-04   9.646115e-19   408
  3.976732e-01   1.875048e-17   7.741108e-05   9.587897e-19   360
  3.983137e-01   2.121224e-17   2.842286e-04   9.870447e-19   456
  3.990874e-01   1.965402e-17   1.545652e-04   8.880090e-19   384
  4.000722e-01   2.374899e-17   1.426833e-04   1.188794e-18   348
  4.006044e-01   2.034797e-17   1.759003e-04   8.459092e-19   576
  4.016040e-01   2.113225e-17   1.448308e-04   9.740146e-19   504
  4.026266e-01   2.065935e-17   2.042754e-04   9.450833e-19   432
  4.035193e-01   1.908902e-17   2.779157e-04   7.583191e-19   576
  4.041559e-01   2.057261e-17   0.000000e+00   1.190224e-18   264
  4.051657e-01   2.091831e-17   2.211515e-04   7.228221e-19   768
  4.060439e-01   2.485397e-17   2.977401e-04   1.665309e-18   240
  4.067421e-01   2.003893e-17   2.625786e-04   1.531763e-18   192
  4.077592e-01   2.015824e-17   1.932899e-04   8.399903e-19   504
  4.085134e-01   1.904696e-17   2.604655e-04   7.840282e-19   590
  4.092368e-01   1.979619e-17   2.918373e-04   9.791521e-19   384
  4.101438e-01   2.094249e-17   2.438900e-04   9.397741e-19   504
  4.112389e-01   2.217416e-17   2.347064e-04   8.141928e-19   648
  4.123011e-01   2.126512e-17   6.374317e-05   9.245262e-19   504
  4.127294e-01   2.200720e-17   1.454101e-04   1.129058e-18   312
  4.134855e-01   1.919923e-17   2.095003e-04   7.276743e-19   576
  4.145236e-01   2.047614e-17   1.457924e-04   1.283321e-18   240
  4.151287e-01   2.009105e-17   1.473162e-04   8.160424e-19   552
  4.159853e-01   2.204330e-17   1.383265e-04   8.757830e-19   600
  4.172054e-01   2.064374e-17   1.689549e-04   7.516674e-19   600
  4.179389e-01   2.280840e-17   2.705679e-04   1.344801e-18   312
  4.186695e-01   2.237698e-17   2.356379e-04   9.811682e-19   480
  4.195820e-01   2.313571e-17   1.470154e-04   9.362265e-19   576
  4.203854e-01   2.218646e-17   2.367268e-04   1.120180e-18   408
  4.210983e-01   2.253027e-17   2.761527e-04   1.391440e-18   216
  4.220194e-01   1.882798e-17   2.115019e-04   8.434202e-19   516
  4.230063e-01   2.276037e-17   2.017943e-04   8.916850e-19   744
  4.240243e-01   2.128933e-17   1.347808e-04   9.803231e-19   462
  4.245995e-01   2.296042e-17   1.369852e-04   1.119608e-18   432
  4.254918e-01   2.314622e-17   1.270838e-04   8.199912e-19   648
  4.265409e-01   2.355012e-17   1.859472e-04   9.716169e-19   528
  4.273836e-01   2.014152e-17   2.239269e-04   8.413487e-19   600
  4.282256e-01   2.020844e-17   2.823132e-04   1.531136e-18   240
  4.290411e-01   2.083963e-17   2.162492e-04   7.555877e-19   720
  4.299890e-01   2.376343e-17   1.710922e-04   8.388359e-19   720
  4.310398e-01   1.957991e-17   0.000000e+00   1.441356e-18   144
  4.315927e-01   2.062106e-17   2.205891e-04   7.375694e-19   720
  4.323793e-01   2.530183e-17   1.322696e-04   1.379833e-18   384
  4.333641e-01   2.190358e-17   1.466278e-04   8.445385e-19   672
  4.342984e-01   2.222085e-17   2.567292e-04   1.161801e-18   336
  4.347447e-01   2.498556e-17   0.000000e+00   1.523118e-18   288
  4.358374e-01   2.172047e-17   2.031840e-04   7.555114e-19   776
  4.368489e-01   2.402961e-17   1.738547e-04   9.108810e-19   720
  4.376985e-01   2.318132e-17   1.400528e-04   1.198306e-18   432
  4.383780e-01   2.249135e-17   1.996629e-04   1.199341e-18   504
  4.391339e-01   2.138078e-17   1.398922e-04   9.473448e-19   528
  4.401917e-01   2.279964e-17   1.905949e-04   1.057648e-18   438
  4.410618e-01   2.075665e-17   2.218350e-04   8.355125e-19   624
  4.417176e-01   2.439374e-17   2.717180e-04   1.324998e-18   312
  4.426191e-01   2.296521e-17   1.463948e-04   8.223707e-19   696
  4.435512e-01   2.227708e-17   1.324608e-04   9.453479e-19   552
  4.445207e-01   2.087109e-17   1.024805e-04   8.536236e-19   516
  4.451205e-01   2.189813e-17   2.046970e-04   8.944066e-19   528
  4.458506e-01   2.212928e-17   1.331200e-04   1.026929e-18   528
  4.468878e-01   2.242003e-17   1.755583e-04   7.915522e-19   864
  4.475918e-01   2.014916e-17   2.404788e-04   9.380881e-19   408
  4.482965e-01   2.221477e-17   2.382549e-04   1.487050e-18   192
  4.492953e-01   2.321088e-17   1.971674e-04   8.514769e-19   720
  4.501385e-01   2.050500e-17   1.817980e-04   7.267164e-19   696
  4.511404e-01   2.322725e-17   1.963435e-04   8.345528e-19   720
  4.520570e-01   2.198625e-17   2.661201e-04   1.048508e-18   432
  4.525916e-01   2.072346e-17   1.566487e-04   1.262065e-18   264
  4.535534e-01   2.336589e-17   2.163249e-04   8.554467e-19   672
  4.544137e-01   2.304569e-17   2.214835e-04   9.148386e-19   600
  4.554346e-01   2.278872e-17   1.296784e-04   1.454769e-18   270
  4.559493e-01   2.278373e-17   1.952021e-04   1.011759e-18   528
  4.567673e-01   2.517629e-17   1.336675e-04   9.519004e-19   840
  4.578890e-01   2.370197e-17   2.555961e-04   8.207296e-19   888
  4.589254e-01   2.319393e-17   1.904380e-04   9.030161e-19   744
  4.598014e-01   2.553318e-17   9.785730e-05   1.258887e-18   456
  4.602370e-01   2.209317e-17   1.337280e-04   1.047655e-18   360
  4.609825e-01   2.298291e-17   1.158678e-04   1.077563e-18   384
  4.621264e-01   2.454922e-17   1.858509e-04   8.741132e-19   816
  4.629847e-01   2.455783e-17   2.696437e-04   8.253549e-19   824
  4.640279e-01   2.402369e-17   1.253432e-04   1.309934e-18   360
  4.645865e-01   2.730344e-17   1.849595e-04   1.115394e-18   624
  4.653553e-01   2.132620e-17   1.249856e-04   1.041930e-18   360
  4.663795e-01   2.435476e-17   1.700172e-04   8.043447e-19   876
  4.673045e-01   2.294774e-17   2.019296e-04   9.452673e-19   696
  4.682373e-01   2.599313e-17   1.303928e-04   1.393779e-18   336
  4.687264e-01   2.586548e-17   1.302463e-04   1.201408e-18   504
  4.695341e-01   2.421527e-17   1.313750e-04   8.802599e-19   672
  4.707324e-01   2.279221e-17   2.615370e-04   8.447042e-19   720
  4.715635e-01   2.240871e-17   1.975633e-04   8.892098e-19   774
  4.724808e-01   2.445958e-17   1.130801e-04   1.168150e-18   384
  4.729612e-01   2.425764e-17   2.176147e-04   1.070551e-18   528
  4.737068e-01   2.477828e-17   2.073989e-04   8.881678e-19   744
  4.749062e-01   2.527919e-17   1.710601e-04   8.962755e-19   768
  4.757025e-01   2.468981e-17   1.920278e-04   1.022775e-18   552
  4.766960e-01   2.321091e-17   2.092886e-04   8.846674e-19   696
  4.774351e-01   2.590739e-17   2.543221e-04   1.359470e-18   408
  4.780218e-01   2.409174e-17   1.098692e-04   1.084580e-18   504
  4.789519e-01   2.356253e-17   1.973758e-04   8.371692e-19   888
  4.798671e-01   2.295092e-17   2.051305e-04   8.998434e-19   648
  4.808184e-01   2.371405e-17   2.033722e-04   9.825473e-19   648
  4.817134e-01   2.463535e-17   2.192851e-04   8.667518e-19   792
  4.826614e-01   2.390917e-17   3.208291e-04   9.718470e-19   600
  4.833600e-01   2.330726e-17   2.174285e-04   1.107488e-18   456
  4.840953e-01   2.531220e-17   1.059654e-04   9.743097e-19   648
  4.850397e-01   2.349854e-17   2.066479e-04   7.473073e-19   936
  4.860593e-01   2.396583e-17   1.269084e-04   1.139263e-18   384
  4.869469e-01   2.753974e-47   0.000000e+00   1.782064e-48   198
  4.876318e-01   2.941599e-47   3.219776e-04   8.397137e-49   1224
  4.883707e-01   2.826352e-47   2.344988e-04   1.258915e-48   420
  4.892446e-01   2.937549e-47   2.269458e-04   1.131423e-48   792
  4.900991e-01   2.982740e-47   1.876648e-04   1.197297e-48   680
  4.910742e-01   2.906781e-47   1.723226e-04   1.182849e-48   600
  4.918588e-01   2.922030e-47   2.499151e-04   1.029319e-48   840
  4.929064e-01   3.441630e-47   1.179983e-04   1.449371e-48   432
  4.933067e-01   2.932452e-47   1.105800e-04   1.070051e-48   720
  4.941771e-01   2.887243e-47   2.214723e-04   1.030791e-48   960
  4.952596e-01   3.210274e-47   1.974263e-04   1.447293e-48   528
  4.960507e-01   2.747182e-47   2.018074e-04   1.077046e-48   624
  4.969923e-01   3.067138e-47   1.586192e-04   1.061216e-48   816
  4.979269e-01   3.332194e-47   2.608527e-04   1.268847e-48   696
  4.989597e-01   3.003667e-47   1.438612e-08   2.151828e-48   240
  4.993481e-01   2.896594e-47   1.538310e-04   1.064035e-48   672
  5.002149e-01   3.315559e-47   2.749181e-04   1.139777e-48   864
  5.011872e-01   3.107409e-47   2.109550e-04   1.063114e-48   816
  5.020636e-01   3.317335e-47   1.207434e-04   1.242832e-48   648
  5.030076e-01   2.789392e-47   1.234217e-04   9.721805e-49   843
  5.038089e-01   3.246740e-47   2.220660e-04   1.059535e-48   780
  5.047639e-01   3.222378e-47   1.191565e-04   2.330398e-48   216
  5.053529e-01   3.375115e-47   2.873328e-04   1.031090e-48   1056
  5.062588e-01   3.292568e-47   2.350705e-04   2.011695e-48   228
  5.070976e-01   3.133516e-47   2.926687e-04   1.046724e-48   924
  5.079587e-01   3.351080e-47   1.085637e-04   1.306960e-48   696
  5.088706e-01   3.339585e-47   1.932122e-04   1.095731e-48   996
  5.098035e-01   3.467962e-47   1.140687e-04   1.407742e-48   576
  5.107740e-01   3.122483e-47   1.760574e-04   1.385828e-48   552
  5.114815e-01   2.942830e-47   2.102064e-04   1.297400e-48   516
  5.121995e-01   3.255920e-47   3.056837e-04   1.234125e-48   744
  5.130199e-01   3.317035e-47   1.499561e-04   1.347741e-48   576
  5.137336e-01   3.324008e-47   1.543428e-04   1.173660e-48   792
  5.147477e-01   2.959646e-47   1.764424e-04   1.128234e-48   792
  5.154909e-01   3.593739e-47   1.902913e-04   1.369533e-48   720
  5.164960e-01   3.272349e-47   2.168883e-04   1.293329e-48   656
  5.174379e-01   3.596338e-47   2.368308e-04   1.377738e-48   816
  5.184034e-01   3.470883e-47   1.276952e-04   1.387330e-48   492
  5.189522e-01   2.899648e-47   1.836985e-04   1.233303e-48   552
  5.199822e-01   3.138983e-47   3.194294e-04   1.144289e-48   780
  5.206511e-01   3.572978e-47   1.962217e-04   1.434845e-48   528
  5.213718e-01   3.122120e-47   2.290504e-04   1.241232e-48   600
  5.224340e-01   3.221779e-47   1.903590e-04   1.061040e-48   900
  5.231662e-01   3.466996e-47   1.053860e-04   1.309666e-48   696
  5.241734e-01   3.584282e-47   2.664725e-04   1.484339e-48   696
  5.251479e-01   3.384996e-47   1.081054e-04   1.487464e-48   552
  5.259673e-01   3.395045e-47   1.257166e-04   1.219255e-48   708
  5.268258e-01   3.338851e-47   2.075652e-04   1.124861e-48   876
  5.277190e-01   3.268869e-47   1.102130e-04   2.212734e-48   216
  5.283184e-01   3.459276e-47   3.014475e-04   1.054248e-48   1032
  5.292161e-01   3.329655e-47   3.356286e-04   1.313985e-48   600
  5.301478e-01   3.706683e-47   1.601495e-04   1.521368e-48   600
  5.308585e-01   3.828696e-47   2.828090e-04   1.612010e-48   528
  5.316987e-01   3.644116e-47   1.552497e-04   1.386478e-48   732
  5.325837e-01   3.580993e-47   1.146378e-04   1.899877e-48   336
  5.336024e-01   3.736167e-47   1.633817e-04   1.198627e-48   912
  5.343638e-01   3.866215e-47   1.639857e-04   1.732477e-48   624
  5.351957e-01   3.857821e-47   1.381873e-04   1.402840e-48   768
  5.361666e-01   3.723101e-47   2.493171e-04   1.202574e-48   792
  5.371196e-01   3.809661e-47   1.236011e-04   1.503834e-48   660
  5.377977e-01   3.454027e-47   1.821461e-04   1.353966e-48   504
  5.384990e-01   4.232605e-47   2.975919e-04   1.926330e-48   480
  5.395501e-01   3.725126e-47   2.752337e-04   1.225113e-48   912
  5.403731e-01   4.070655e-47   3.065154e-04   1.793881e-48   432
  5.411504e-01   3.596930e-47   1.820016e-04   1.437481e-48   564
  5.418405e-01   3.928682e-47   1.742006e-04   1.576525e-48   600
  5.428119e-01   3.511732e-47   2.428192e-04   1.096504e-48   876
  5.435417e-01   4.110760e-47   1.091788e-04   2.890705e-48   264
  5.445477e-01   3.840462e-47   2.118499e-04   1.603267e-48   560
  5.453563e-01   3.774787e-47   1.439565e-04   1.243831e-48   840
  5.463378e-01   4.087763e-47   2.219395e-04   1.411262e-48   1008
  5.472454e-01   3.069068e-47   9.928084e-05   1.358342e-48   456
  5.480744e-01   3.820051e-47   1.286043e-04   1.481693e-48   576
  5.488407e-01   3.937069e-47   1.976142e-04   1.492292e-48   612
  5.498512e-01   3.788150e-47   1.765015e-04   1.350550e-48   780
  5.506755e-01   4.163142e-47   2.022627e-04   1.485062e-48   648
  5.515194e-01   3.849017e-47   9.425702e-05   1.951727e-48   312
  5.520587e-01   4.011637e-47   2.394916e-04   1.780821e-48   528
  5.529931e-01   4.138635e-47   3.127641e-04   1.425880e-48   720
  5.538866e-01   4.105663e-47   3.137436e-04   1.735551e-48   576
  5.549699e-01   4.892707e-47   2.706443e-04   2.479117e-48   444
  5.556439e-01   3.663501e-47   2.654148e-04   1.218595e-48   996
  5.564699e-01   4.310672e-47   2.217012e-04   2.415627e-48   432
  5.572506e-01   4.182544e-47   2.427192e-04   1.749763e-48   504
  5.579250e-01   3.960662e-47   1.094306e-04   1.659976e-48   504
  5.588852e-01   4.284393e-47   2.153608e-04   1.489983e-48   876
  5.597541e-01   4.376596e-47   2.478597e-04   1.877725e-48   504
  5.606589e-01   4.230863e-47   1.580720e-04   1.434298e-48   696
  5.614066e-01   4.201019e-47   1.351349e-04   1.762020e-48   492
  5.624240e-01   4.159399e-47   1.934522e-04   1.953318e-48   432
  5.631776e-01   4.514542e-47   1.811468e-04   1.718626e-48   768
  5.640708e-01   4.224886e-47   2.256427e-04   1.725962e-48   648
  5.649237e-01   4.278065e-47   1.472076e-04   2.008061e-48   456
  5.659038e-01   4.183221e-47   2.024344e-04   1.690253e-48   552
  5.665845e-01   4.463634e-47   1.387487e-04   1.743917e-48   648
  5.675213e-01   4.389892e-47   2.261525e-04   1.573108e-48   840
  5.684363e-01   5.160816e-47   1.078474e-04   2.551095e-48   432
  5.693524e-01   4.276108e-47   1.320946e-04   1.787977e-48   600
  5.699896e-01   4.307149e-47   1.407382e-04   2.052033e-48   432
  5.710598e-01   4.259517e-47   1.401185e-04   1.938347e-48   560
  5.717846e-01   4.513706e-47   2.217929e-04   1.492417e-48   840
  5.726922e-01   4.490200e-47   1.313712e-04   2.043623e-48   504
  5.734129e-01   4.238083e-47   2.681208e-04   1.547877e-48   696
  5.744289e-01   4.469478e-47   1.464380e-04   2.413432e-48   384
  5.752203e-01   4.653511e-47   2.145144e-04   2.105989e-48   576
  5.761776e-01   4.644440e-47   1.323876e-04   2.662818e-48   360
  5.769491e-01   4.796569e-47   1.971572e-04   1.702640e-48   828
  5.777814e-01   4.645325e-47   1.756051e-04   2.303361e-48   372
  5.785440e-01   4.954163e-47   2.681827e-04   1.900080e-48   576
  5.795542e-01   4.557130e-47   1.123146e-04   1.897818e-48   636
  5.802740e-01   5.176300e-47   2.165136e-04   2.144648e-48   648
  5.812477e-01   4.725729e-47   1.760019e-04   1.843811e-48   576
  5.819467e-01   4.621092e-47   2.839096e-04   1.877843e-48   528
  5.828762e-01   4.380918e-47   1.213831e-04   2.285030e-48   360
  5.836457e-01   4.958224e-47   2.792266e-04   1.923356e-48   672
  5.846504e-01   4.783783e-47   1.430245e-04   1.660890e-48   804
  5.854866e-01   4.913217e-47   1.577731e-04   2.408094e-48   408
  5.864116e-01   4.728822e-47   9.752092e-05   2.287102e-48   384
  5.870345e-01   4.724935e-47   2.231653e-04   2.242502e-48   480
  5.879130e-01   4.949241e-47   1.441975e-04   2.421601e-48   432
  5.887557e-01   5.102947e-47   2.657252e-04   1.974790e-48   648
  5.897530e-01   4.797333e-47   1.648813e-04   2.042981e-48   624
  5.904826e-01   5.132624e-47   1.499734e-04   2.176395e-48   456
  5.914788e-01   5.123737e-47   2.048770e-04   2.181248e-48   588
  5.921465e-01   4.973257e-47   1.307107e-04   1.852385e-48   600
  5.931212e-01   4.769744e-47   2.038766e-04   1.707332e-48   708
  5.938912e-01   5.261178e-47   1.284383e-04   2.751056e-48   360
  5.947420e-01   4.684625e-47   1.476433e-04   1.832012e-48   552
  5.955576e-01   4.544442e-47   1.035752e-04   2.724424e-48   288
  5.963856e-01   4.975804e-47   1.947498e-04   1.972531e-48   528
  5.971636e-01   5.200606e-47   1.313872e-04   2.383054e-48   456
  5.980328e-01   5.347549e-47   2.329780e-04   2.082581e-48   608
  5.989070e-01   5.294388e-47   1.127174e-04   2.305653e-48   504
  5.998623e-01   4.931678e-47   2.419978e-04   2.090610e-48   540
  6.006113e-01   4.864182e-47   2.597778e-04   2.829593e-48   360
  6.014188e-01   5.378269e-47   1.176407e-04   2.209285e-48   540
  6.021329e-01   5.537068e-47   1.010085e-04   2.139016e-48   576
  6.031714e-01   5.491189e-47   2.342044e-04   2.137704e-48   588
  6.041588e-01   5.586088e-47   3.231314e-04   2.285759e-48   672
  6.050070e-01   5.658976e-47   2.469721e-04   2.236930e-48   552
  6.056908e-01   4.841250e-47   2.470970e-04   3.420248e-48   144
  6.065633e-01   5.250289e-47   2.099342e-04   2.134339e-48   600
  6.073906e-01   5.002090e-47   2.630934e-04   2.079017e-48   504
  6.083088e-01   5.601978e-47   2.702501e-04   2.796874e-48   336
  6.092745e-01   5.400177e-47   3.037623e-04   2.226544e-48   600
  6.101395e-01   5.392623e-47   1.960382e-04   2.202013e-48   636
  6.110731e-01   6.411778e-47   1.576165e-04   3.070842e-48   384
  6.117276e-01   5.426132e-47   2.198564e-04   2.382203e-48   504
  6.126710e-01   5.641540e-47   9.227064e-05   4.094162e-48   240
  6.134155e-01   5.811769e-47   2.167569e-04   2.135992e-48   744
  6.143088e-01   5.204508e-47   1.480120e-04   2.013975e-48   648
  6.151027e-01   5.783564e-47   9.825476e-05   4.912330e-48   120
  6.160331e-01   5.384882e-47   1.543455e-04   2.143199e-48   564
  6.167362e-01   4.804589e-47   2.424089e-04   2.435527e-48   432
  6.176746e-01   5.674879e-47   1.881572e-04   2.597093e-48   480
  6.183811e-01   5.159466e-47   1.384885e-04   2.301296e-48   456
  6.192152e-01   6.346741e-47   2.291780e-04   3.001434e-48   444
  6.201616e-01   5.445256e-47   3.506544e-04   2.327767e-48   528
  6.209930e-01   5.478553e-47   2.604238e-04   3.654536e-48   264
  6.217998e-01   5.915889e-47   2.668956e-04   2.560186e-48   444
  6.228852e-01   5.642749e-47   2.923449e-04   2.088698e-48   696
  6.237861e-01   5.860417e-47   1.563558e-04   2.773852e-48   384
  6.244450e-01   5.608656e-47   1.975687e-04   2.707048e-48   432
  6.254698e-01   6.096576e-47   1.365107e-04   2.719367e-48   488
  6.261352e-01   4.865463e-47   2.057386e-04   2.202607e-48   480
  6.270999e-01   5.834286e-47   2.294412e-04   2.893673e-48   480
  6.278471e-01   6.684379e-47   9.626648e-05   4.620242e-48   240
  6.286954e-01   6.036067e-47   2.248709e-04   2.302395e-48   600
  6.294955e-01   6.118194e-47   1.959519e-04   3.300020e-48   288
  6.303474e-01   6.162511e-47   1.884914e-04   2.911642e-48   480
  6.312103e-01   5.100042e-47   3.352926e-04   2.197799e-48   504
  6.320598e-01   6.102490e-47   1.438614e-04   3.868041e-48   216
  6.331433e-01   6.552331e-47   2.355240e-04   2.760910e-48   504
  6.339871e-01   6.137203e-47   1.894329e-04   2.557012e-48   456
  6.349107e-01   5.763006e-47   1.086430e-04   2.760862e-48   384
  6.355225e-01   5.977166e-47   2.205061e-04   2.759849e-48   480
  6.363918e-01   6.800561e-47   1.936290e-04   2.924203e-48   504
  6.371972e-01   5.823213e-47   1.228262e-04   3.105839e-48   312
  6.380652e-01   6.063097e-47   1.979302e-04   2.977894e-48   492
  6.388334e-01   6.264399e-47   1.855135e-04   3.178434e-48   312
  6.398223e-01   6.579436e-47   3.013519e-04   2.541418e-48   576
  6.406929e-01   6.834116e-47   2.781722e-04   3.999324e-48   336
  6.414159e-01   6.022056e-47   2.141797e-04   3.682613e-48   240
  6.424183e-01   5.856855e-47   2.839481e-04   2.517370e-48   468
  6.432837e-01   5.648396e-47   1.777925e-04   4.618738e-48   192
  6.441896e-01   6.297932e-47   1.783224e-04   3.114458e-48   324
  6.448535e-01   7.019383e-47   1.294235e-04   2.411321e-48   600
  6.457583e-01   5.750234e-47   2.099764e-04   2.535226e-48   456
  6.464302e-01   6.013127e-47   9.444737e-05   2.994818e-48   336
  6.475438e-01   5.940278e-47   2.828021e-04   2.453635e-48   612
  6.483539e-01   5.657865e-47   2.373399e-04   4.446970e-48   144
  6.491201e-01   6.735497e-47   2.770366e-04   2.525436e-48   552
  6.501620e-01   6.757784e-47   1.091004e-04   3.573265e-48   264
  6.507507e-01   6.470641e-47   2.525953e-04   3.525508e-48   336
  6.516793e-01   6.329830e-47   1.669063e-04   3.087839e-48   384
  6.524847e-01   6.724531e-47   9.395175e-05   4.321095e-48   216
  6.533762e-01   5.784077e-47   1.991971e-04   2.882878e-48   344
  6.541891e-01   6.886036e-47   2.972114e-04   3.223038e-48   408
  6.551797e-01   6.355915e-47   2.283876e-04   3.278692e-48   264
  6.560575e-01   7.020617e-47   3.183837e-04   2.950710e-48   612
  6.569345e-01   7.201990e-47   1.638646e-04   3.650922e-48   408
  6.578364e-01   6.620016e-47   1.641001e-04   3.177072e-48   444
  6.584991e-01   6.800566e-47   9.177996e-05   6.357029e-48   120
  6.593870e-01   7.599615e-47   2.535712e-04   4.115666e-48   336
  6.600460e-01   7.138690e-47   8.811499e-05   4.677382e-48   288
  6.609366e-01   6.721311e-47   2.742154e-04   2.686328e-48   552
  6.621610e-01   6.142894e-47   0.000000e+00   8.090491e-48   72
  6.627906e-01   7.118997e-47   2.723657e-04   3.128178e-48   504
  6.635259e-01   6.616919e-47   8.764464e-05   4.629601e-48   216
  6.644787e-01   6.636396e-47   1.564835e-04   3.953918e-48   312
  6.653340e-01   7.363734e-47   1.781811e-04   4.406006e-48   336
  6.661492e-01   6.600852e-47   2.469789e-04   4.817187e-48   204
  6.669611e-01   6.423674e-47   2.870270e-04   3.139865e-48   504
  6.678221e-01   6.504871e-47   2.733322e-04   3.343805e-48   396
  6.686501e-01   7.464989e-47   2.506599e-04   3.609489e-48   312
  6.696540e-01   6.774169e-47   1.531800e-04   4.153791e-48   216
  6.703613e-01   7.080864e-47   8.313373e-05   5.295373e-48   168
  6.712208e-01   6.892239e-47   2.099173e-04   3.374855e-48   588
  6.722017e-01   7.305810e-47   2.849381e-04   5.104598e-48   240
  6.729637e-01   6.844189e-47   2.516481e-04   4.417559e-48   264
  6.738575e-01   7.321451e-47   3.112147e-04   4.728997e-48   288
  6.746505e-01   7.430741e-47   1.554077e-04   3.863301e-48   288
  6.756555e-01   7.058258e-47   1.459525e-04   4.051809e-48   288
  6.763322e-01   5.608568e-47   1.690738e-04   3.624944e-48   192
  6.771836e-01   7.641857e-47   1.799115e-04   4.534518e-48   264
  6.779946e-01   6.961827e-47   2.959295e-04   3.308369e-48   372
  6.788675e-01   8.966115e-47   3.196167e-04   4.602242e-48   360
  6.799329e-01   6.278368e-47   1.352648e-04   5.064640e-48   144
  6.804835e-01   6.832920e-47   1.878769e-04   3.370930e-48   296
  6.813527e-01   6.415751e-47   2.024276e-04   3.652248e-48   288
  6.823478e-01   7.912260e-47   3.025230e-04   3.474510e-48   480
  6.832061e-01   7.084159e-47   2.513677e-04   5.132079e-48   192
  6.840407e-01   6.875849e-47   2.696262e-04   5.610299e-48   192
  6.847993e-01   8.419869e-47   1.718359e-04   4.955374e-48   288
  6.858544e-01   7.639994e-47   1.495808e-04   5.777759e-48   108
  6.863859e-01   7.185367e-47   1.438036e-04   4.345064e-48   240
  6.873243e-01   6.994631e-47   2.682690e-04   3.276717e-48   384
  6.882884e-01   5.688852e-47   3.272578e-04   6.281338e-48   108
  6.891409e-01   8.368908e-47   1.918773e-04   4.198923e-48   348
  6.900373e-01   6.709891e-47   2.002507e-04   4.087175e-48   312
  6.908379e-01   7.480166e-47   1.945855e-04   7.735338e-48   96
  6.915741e-01   7.493354e-47   2.590555e-04   4.066451e-48   384
  6.923987e-01   6.748982e-47   1.781778e-04   5.764755e-48   144
  6.932053e-01   8.562036e-47   2.737780e-04   4.140981e-48   408
  6.942079e-01   6.650702e-47   1.221243e-04   5.498536e-48   144
  6.951550e-01   7.555888e-47   2.347853e-04   6.330702e-48   192
  6.957167e-01   8.961993e-47   2.642552e-04   7.520957e-48   144
  6.966323e-01   8.058431e-47   2.148492e-04   6.754416e-48   144
  6.974962e-01   8.243191e-47   2.625805e-04   4.196676e-48   336
  6.985541e-01   8.453459e-47   1.942763e-04   5.289596e-48   240
  6.992249e-01   8.161841e-47   8.821915e-05   8.485907e-48   96
  7.001605e-01   7.919098e-47   2.587043e-04   3.947536e-48   372
  7.011070e-01   6.766271e-47   3.077232e-04   6.232694e-48   132
  7.019384e-01   9.245206e-47   1.904154e-04   6.194031e-48   264
  7.026821e-01   7.377760e-47   1.462304e-04   5.974650e-48   168
  7.034759e-01   8.431403e-47   2.337943e-04   6.564761e-48   216
  7.041771e-01   7.502953e-47   1.430383e-04   4.837165e-48   216
  7.051983e-01   8.170543e-47   2.624157e-04   7.943922e-48   96
  7.061249e-01   8.985778e-47   1.712023e-04   7.266615e-48   120
  7.069747e-01   8.169859e-47   2.176463e-04   5.092857e-48   216
  7.076747e-01   8.276569e-47   9.511215e-05   6.203194e-48   200
  7.086015e-01   8.315174e-47   2.462045e-04   5.446179e-48   288
  7.097902e-01   8.025780e-47   6.478119e-05   7.030116e-48   144
  7.102908e-01   1.023495e-46   2.015951e-04   8.569767e-48   168
  7.113130e-01   8.366356e-47   2.268765e-04   6.489675e-48   159
  7.121109e-01   7.253213e-47   2.380480e-04   4.778493e-48   174
  7.128831e-01   7.555023e-47   2.158536e-04   5.792903e-48   144
  7.138943e-01   8.321006e-47   1.246398e-04   4.693904e-48   222
  7.145705e-01   7.268288e-47   1.257726e-04   4.832708e-48   168
  7.157386e-01   6.632499e-47   2.758677e-04   9.045897e-48   30
  7.162211e-01   9.984256e-47   2.435709e-04   1.315123e-47   72
  7.171298e-01   7.440279e-47   2.173841e-04   6.370176e-48   258
  7.181290e-01   9.292989e-47   1.361533e-04   5.697617e-48   264
  7.186286e-01   8.019650e-47   1.468278e-08   8.226751e-48   72
  7.196697e-01   8.649294e-47   2.698616e-04   6.656782e-48   174
  7.206123e-01   7.266182e-47   2.873527e-04   6.197431e-48   168
  7.213701e-01   7.357226e-47   8.991328e-09   8.758308e-48   48
  7.221837e-01   7.610243e-47   1.622748e-04   6.670718e-48   150
  7.231270e-01   8.982345e-47   2.985162e-04   7.657654e-48   168
  7.240729e-01   9.691165e-47   1.818422e-04   7.374962e-48   144
  7.249427e-01   8.472413e-47   1.698820e-04   8.455649e-48   102
  7.255906e-01   6.616004e-47   2.514545e-04   7.487381e-48   96
  7.266185e-01   8.928722e-47   2.495518e-04   7.997702e-48   120
  7.273797e-01   1.073626e-46   2.676508e-04   7.929269e-48   168
  7.282031e-01   8.261623e-47   1.976389e-04   7.453308e-48   126
  7.289046e-01   6.920014e-47   1.490593e-04   5.555843e-48   168
  7.298711e-01   1.027080e-46   2.390167e-04   1.297201e-47   72
  7.307158e-01   8.969440e-47   2.993022e-04   7.024002e-48   168
  7.314557e-01   9.601750e-47   8.205344e-05   9.596236e-48   78
  7.324696e-01   7.264212e-47   1.347256e-04   8.381080e-48   60
  7.332860e-01   8.574672e-47   2.185468e-04   8.278967e-48   96
  7.341327e-01   8.803790e-47   2.651884e-04   6.922346e-48   168
  7.349284e-01   7.984541e-47   1.678009e-04   8.427110e-48   86
  7.357634e-01   7.262831e-47   1.499742e-04   7.185450e-48   120
  7.369601e-01   8.724587e-47   1.069515e-04   5.230935e-48   168
  7.376055e-01   7.997255e-47   0.000000e+00   1.067167e-47   48
  7.384747e-01   9.046975e-47   1.948541e-04   7.366988e-48   120
  7.389742e-01   8.783796e-47   1.421539e-04   7.154236e-48   126
  7.401935e-01   1.037156e-46   2.500091e-04   1.041228e-47   96
  7.409848e-01   7.741953e-47   7.209028e-05   8.527273e-48   96
  7.416089e-01   1.017414e-46   8.477105e-09   2.141861e-47   72
  7.429385e-01   6.817039e-47   8.991328e-09   1.032458e-47   24
  7.437683e-01   7.004250e-47   1.483601e-04   5.859221e-48   120
  7.444157e-01   8.159513e-47   2.164118e-04   8.812882e-48   126
  7.451355e-01   6.731129e-47   1.804085e-04   6.440981e-48   96
  7.459766e-01   1.168857e-46   3.117986e-04   1.250941e-47   72
  7.469132e-01   8.366351e-47   1.348634e-04   6.247724e-48   144
  7.476836e-01   7.602853e-47   7.778603e-05   1.044154e-47   72
  7.484533e-01   9.945686e-47   1.553665e-04   1.439473e-47   54
  7.491306e-01   8.758063e-47   1.369149e-04   8.293819e-48   108
  7.505382e-01   9.954243e-47   1.342120e-04   1.141581e-47   72
  7.509765e-01   7.976347e-47   7.744493e-05   1.140250e-47   72
  7.520162e-01   1.399175e-46   1.557344e-08   2.069795e-47   24
  7.529998e-01   8.971155e-47   1.638381e-04   1.148403e-47   48
  7.535971e-01   1.017454e-46   1.248023e-04   1.036758e-47   102
  7.544963e-01   7.279597e-47   2.822510e-04   4.916272e-48   168
  7.556711e-01   9.570216e-47   1.539331e-04   8.594111e-48   72
  7.561064e-01   9.431931e-47   0.000000e+00   9.470957e-48   48
  7.570195e-01   1.007190e-46   2.647743e-04   8.170656e-48   120
  7.582245e-01   8.293067e-47   1.627091e-04   8.206549e-48   96
  7.593627e-01   1.251604e-46   1.438612e-08   2.208667e-47   30
  7.607153e-01   8.585568e-47   7.644796e-05   8.753509e-48   72
  7.613097e-01   1.063431e-46   8.991328e-09   3.384448e-47   24
  7.620733e-01   1.305752e-46   1.133148e-04   1.946316e-47   56
  7.629285e-01   8.674394e-47   1.617059e-04   7.754408e-48   96
  7.639519e-01   9.329251e-47   1.785629e-04   6.355746e-48   144
  7.647411e-01   1.218694e-46   1.013810e-04   1.933931e-47   54
  7.658874e-01   1.276552e-46   1.518795e-04   1.216704e-47   108
  7.670409e-01   9.735885e-47   8.041947e-05   1.426684e-47   48
  7.681392e-01   8.845113e-47   3.028050e-04   8.699897e-48   72
  7.707744e-01   9.204565e-47   2.000642e-04   8.691327e-48   78
  7.715046e-01   1.025678e-46   1.507735e-04   8.438124e-48   72
  7.723570e-01   7.798918e-47   1.505863e-04   9.611776e-48   72
  7.732482e-01   1.213310e-46   3.633813e-04   1.330959e-47   96
  7.739527e-01   1.245613e-46   1.502759e-04   1.448202e-47   72
  7.748024e-01   8.616557e-47   0.000000e+00   1.183582e-47   24
  7.756510e-01   1.119169e-46   2.998733e-04   1.081848e-47   72
  7.775680e-01   1.260779e-46   1.904287e-04   1.927743e-47   30
  7.779804e-01   1.264566e-46   0.000000e+00   2.551923e-47   24
  7.801973e-01   1.052371e-46   1.581267e-04   1.073406e-47   48
  7.808927e-01   1.227066e-46   3.402886e-04   1.051402e-47   120
  7.818296e-01   1.110995e-46   1.487821e-04   1.119293e-47   72
  7.827758e-01   7.253760e-47   1.486022e-04   1.199256e-47   36
  7.834261e-01   9.045711e-47   2.937071e-04   1.310033e-47   78
  7.852411e-01   1.142774e-46   1.571111e-04   1.629873e-47   48
  7.875942e-01   1.121430e-46   1.271566e-08   2.264539e-47   24
  7.892707e-01   1.014750e-46   1.094089e-04   1.101892e-47   56
  7.901149e-01   1.139516e-46   1.683597e-04   1.051579e-47   102
  7.911888e-01   1.201621e-46   1.198844e-08   1.395592e-47   72
  7.918122e-01   1.557431e-46   8.991328e-09   3.235959e-47   24
  7.929021e-01   6.774566e-47   1.555930e-04   7.735641e-48   48
  7.949223e-01   1.177117e-46   0.000000e+00   1.742349e-47   24
  7.974016e-01   1.929505e-46   0.000000e+00   4.854991e-47   6
  7.981748e-01   1.085885e-46   0.000000e+00   1.823102e-47   24
  7.986898e-01   9.521681e-47   1.456409e-04   1.032176e-47   72
  7.996307e-01   1.313974e-46   2.717068e-04   1.405715e-47   84
  8.006440e-01   6.277424e-47   0.000000e+00   1.365227e-47   24
  8.009521e-01   1.469733e-46   1.271566e-08   3.738877e-47   24
  8.024909e-01   9.898617e-47   1.557344e-08   1.102671e-47   24
  8.046403e-01   1.837807e-46   0.000000e+00   5.224438e-47   6
  8.073954e-01   1.133524e-46   1.528000e-04   1.429640e-47   48
  8.080572e-01   1.079220e-46   2.878503e-04   1.096248e-47   72
  8.089220e-01   1.083247e-46   1.525117e-04   1.294324e-47   48
  8.102934e-01   1.483216e-46   0.000000e+00   2.252452e-47   24
  8.121184e-01   5.131201e-47   0.000000e+00   1.179128e-47   6
  8.162097e-01   1.409391e-46   0.000000e+00   2.402692e-47   8
  8.165120e-01   1.319879e-46   8.991328e-09   1.663714e-47   48
  8.172369e-01   1.489043e-46   1.479045e-04   1.911453e-47   60
  8.183231e-01   8.610956e-47   0.000000e+00   1.111089e-47   24
  8.198293e-01   2.271939e-46   0.000000e+00   5.933784e-47   6
  8.253784e-01   1.175601e-46   0.000000e+00   1.697276e-47   24
  8.258266e-01   1.711946e-46   1.493898e-04   2.158959e-47   48
  8.265733e-01   1.313722e-46   0.000000e+00   1.846692e-47   24
  8.277664e-01   1.588520e-46   0.000000e+00   6.582735e-47   6
  8.345448e-01   9.523149e-47   1.393664e-04   1.479007e-47   36
  8.350375e-01   1.374062e-46   0.000000e+00   1.819264e-47   24
  8.359234e-01   1.209316e-46   0.000000e+00   2.691235e-47   6
  8.436361e-01   1.342945e-46   1.266552e-04   2.063196e-47   32
  8.442939e-01   9.397608e-47   0.000000e+00   2.536398e-47   6
  8.525822e-01   2.172114e-46   0.000000e+00   6.011628e-47   12
  8.528715e-01   9.271240e-47   0.000000e+00   2.239430e-47   6
  8.616502e-01   8.834198e-47   0.000000e+00   1.011330e-47   6
