# power spectrum of zeta
# redshift z=48.322258
# k              Pk             sigma(k)       sigma(Pk)      count
  1.570796e-02   1.158812e-17   0.000000e+00   5.066473e-18   6
  2.221441e-02   7.078529e-18   0.000000e+00   1.381487e-18   12
  2.720699e-02   3.731877e-18   2.980232e-10   3.112615e-19   8
  3.141593e-02   4.674015e-18   0.000000e+00   1.345518e-18   6
  3.512407e-02   1.223600e-17   5.619580e-10   3.362076e-18   24
  3.847649e-02   4.379506e-18   5.619580e-10   6.779174e-19   24
  4.442883e-02   6.027503e-18   0.000000e+00   1.011659e-18   12
  4.712389e-02   2.703406e-17   6.357829e-10   1.574790e-17   30
  4.967294e-02   2.337824e-17   0.000000e+00   2.776418e-18   24
  5.209742e-02   1.278235e-17   9.733398e-10   2.135525e-18   24
  5.441398e-02   9.610328e-18   5.960464e-10   2.577224e-18   8
  5.663587e-02   1.097242e-17   7.947286e-10   2.004347e-18   24
  5.877382e-02   1.020620e-17   0.000000e+00   1.162952e-18   48
  6.283185e-02   1.188871e-17   0.000000e+00   4.611608e-18   6
  6.476559e-02   6.452830e-17   7.947286e-10   1.239299e-17   48
  6.664324e-02   3.719116e-17   7.492773e-10   6.103634e-18   36
  6.846942e-02   1.261906e-17   7.947286e-10   3.589731e-18   24
  7.024815e-02   3.596504e-17   1.123916e-09   5.972622e-18   24
  7.198293e-02   3.003118e-17   0.000000e+00   6.942726e-18   48
  7.367688e-02   2.374653e-17   1.123916e-09   4.012176e-18   24
  7.695299e-02   2.025903e-17   1.123916e-09   3.586329e-18   24
  7.853982e-02   1.202739e-16   0.000000e+00   7.227581e-17   30
  8.009521e-02   4.443706e-17   0.000000e+00   4.772206e-18   72
  8.162097e-02   3.256098e-17   1.192093e-09   6.593491e-18   32
  8.458997e-02   2.884404e-17   0.000000e+00   3.310584e-18   72
  8.603606e-02   3.927941e-17   0.000000e+00   7.064725e-18   48
  8.885766e-02   1.532330e-17   0.000000e+00   4.153618e-18   12
  9.023538e-02   2.948899e-17   0.000000e+00   5.525038e-18   48
  9.159238e-02   1.955857e-17   0.000000e+00   2.397961e-18   48
  9.292956e-02   3.203019e-17   1.123916e-09   5.168792e-18   48
  9.424778e-02   3.823559e-17   1.271566e-09   6.063832e-18   30
  9.554781e-02   3.066468e-16   0.000000e+00   4.967280e-17   24
  9.683039e-02   5.169360e-17   2.369423e-09   5.867587e-18   72
  9.934588e-02   4.671839e-17   0.000000e+00   6.869102e-18   24
  1.005800e-01   4.629273e-17   0.000000e+00   4.455894e-18   96
  1.017992e-01   2.895410e-17   0.000000e+00   3.885423e-18   48
  1.030040e-01   2.469210e-17   1.946680e-09   5.679029e-18   24
  1.041948e-01   2.418563e-17   1.946680e-09   6.200213e-18   24
  1.053722e-01   4.645570e-17   0.000000e+00   4.841637e-18   72
  1.065366e-01   4.229834e-17   0.000000e+00   5.527632e-18   48
  1.088280e-01   3.868248e-17   1.192093e-09   1.257210e-17   8
  1.099557e-01   1.521749e-16   1.412851e-09   7.531582e-17   54
  1.110721e-01   9.498254e-17   0.000000e+00   1.416671e-17   84
  1.121773e-01   8.014719e-17   0.000000e+00   1.318364e-17   48
  1.132717e-01   2.635218e-17   1.589457e-09   5.212910e-18   24
  1.143557e-01   5.261850e-17   2.119276e-09   5.488397e-18   72
  1.154295e-01   7.296269e-17   0.000000e+00   7.797969e-18   96
  1.175476e-01   6.208254e-17   0.000000e+00   6.615622e-18   48
  1.185925e-01   5.126549e-17   0.000000e+00   6.128640e-18   48
  1.196283e-01   4.213314e-17   0.000000e+00   1.408612e-17   24
  1.206552e-01   4.607772e-17   0.000000e+00   4.017466e-18   72
  1.226831e-01   4.763968e-17   0.000000e+00   7.173530e-18   72
  1.236846e-01   5.188171e-17   0.000000e+00   5.517362e-18   96
  1.256637e-01   7.307731e-17   0.000000e+00   2.646678e-17   6
  1.266416e-01   2.155360e-16   0.000000e+00   3.812028e-17   96
  1.276121e-01   1.224978e-16   1.589457e-09   2.435852e-17   96
  1.285752e-01   4.416118e-17   0.000000e+00   7.767513e-18   24
  1.295312e-01   9.097333e-17   1.589457e-09   1.216104e-17   48
  1.304801e-01   8.898372e-17   0.000000e+00   1.525501e-17   96
  1.314222e-01   5.463127e-17   0.000000e+00   7.698236e-18   48
  1.332865e-01   7.601056e-17   1.498555e-09   1.163037e-17   36
  1.342089e-01   5.132868e-17   2.753021e-09   7.872571e-18   48
  1.351250e-01   6.016710e-17   3.114687e-09   5.610024e-18   120
  1.360350e-01   5.619362e-17   0.000000e+00   7.592411e-18   56
  1.369388e-01   2.723771e-17   1.589457e-09   3.513150e-18   24
  1.378368e-01   4.684543e-17   0.000000e+00   4.292873e-18   96
  1.387290e-01   4.564142e-17   0.000000e+00   6.226646e-18   48
  1.404963e-01   5.982645e-17   2.247832e-09   1.245566e-17   24
  1.413717e-01   2.050186e-16   0.000000e+00   9.297293e-17   102
  1.422417e-01   2.885074e-16   1.589457e-09   4.497050e-17   48
  1.431064e-01   1.146475e-16   0.000000e+00   1.359180e-17   72
  1.439659e-01   6.201305e-17   0.000000e+00   6.232717e-18   48
  1.448203e-01   1.019879e-16   0.000000e+00   1.224674e-17   48
  1.456697e-01   8.490041e-17   3.596531e-09   1.019165e-17   120
  1.473538e-01   8.966119e-17   2.247832e-09   1.517676e-17   24
  1.481886e-01   5.591327e-17   2.119276e-09   5.090886e-18   144
  1.490188e-01   6.043125e-17   2.543132e-09   5.466515e-18   120
  1.498444e-01   7.878274e-17   2.247832e-09   1.359555e-17   48
  1.514821e-01   6.883902e-17   2.247832e-09   9.489053e-18   48
  1.522944e-01   6.006480e-17   2.247832e-09   6.018035e-18   96
  1.544390e-01   7.874304e-17   3.768959e-04   9.561599e-18   72
  1.555009e-01   5.829559e-17   1.998073e-09   4.953996e-18   108
  1.562923e-01   6.750174e-17   0.000000e+00   7.958254e-18   72
  1.570796e-01   1.650162e-16   0.000000e+00   8.164710e-17   30
  1.578631e-01   1.739624e-16   0.000000e+00   3.368640e-17   168
  1.586427e-01   1.628695e-16   0.000000e+00   2.374322e-17   48
  1.601904e-01   7.242528e-17   0.000000e+00   1.061646e-17   72
  1.609587e-01   8.753134e-17   0.000000e+00   9.409617e-18   96
  1.617234e-01   6.548758e-17   4.238553e-09   9.796318e-18   72
  1.624844e-01   8.038193e-17   0.000000e+00   9.267323e-18   72
  1.637639e-01   8.176024e-17   3.480039e-04   7.686552e-18   104
  1.647465e-01   7.431227e-17   2.997109e-09   5.907229e-18   144
  1.669779e-01   5.339932e-17   5.026305e-09   5.125936e-18   96
  1.677152e-01   5.140119e-17   0.000000e+00   5.063251e-18   96
  1.688876e-01   8.096056e-17   3.580185e-04   7.688252e-18   120
  1.699076e-01   5.963761e-17   0.000000e+00   5.263051e-18   120
  1.706322e-01   7.717296e-17   0.000000e+00   9.563524e-18   72
  1.720721e-01   8.245899e-17   0.000000e+00   1.055314e-17   48
  1.727876e-01   4.374825e-16   3.912510e-09   2.415926e-16   78
  1.737029e-01   2.233551e-16   3.205713e-04   2.432345e-17   168
  1.756204e-01   1.288625e-16   3.670694e-09   1.346431e-17   144
  1.763215e-01   1.288594e-16   2.997109e-09   1.270551e-17   144
  1.783549e-01   8.071568e-17   1.846233e-04   7.053330e-18   156
  1.790983e-01   9.448843e-17   3.893359e-09   2.113859e-17   48
  1.797859e-01   9.516441e-17   2.543132e-09   9.362322e-18   120
  1.804708e-01   5.674378e-17   0.000000e+00   6.181336e-18   48
  1.816818e-01   9.089653e-17   2.825996e-04   6.264899e-18   216
  1.831848e-01   7.679072e-17   0.000000e+00   8.846551e-18   48
  1.838570e-01   7.321270e-17   2.247832e-09   6.239966e-18   96
  1.848128e-01   9.149737e-17   3.302618e-04   8.413006e-18   168
  1.858591e-01   7.036706e-17   2.247832e-09   1.064477e-17   48
  1.865217e-01   9.222520e-17   0.000000e+00   9.213932e-18   96
  1.871820e-01   9.163360e-17   0.000000e+00   1.623640e-17   48
  1.884956e-01   1.102069e-16   2.543132e-09   1.010656e-17   30
  1.891489e-01   4.942042e-16   0.000000e+00   1.083528e-16   96
  1.899298e-01   1.429982e-16   2.595564e-04   1.944462e-17   240
  1.909339e-01   4.196063e-16   2.800239e-04   5.997884e-17   32
  1.917401e-01   1.173675e-16   0.000000e+00   1.484075e-17   168
  1.923825e-01   7.654929e-17   0.000000e+00   7.495213e-18   120
  1.936608e-01   8.665554e-17   4.738846e-09   1.767972e-17   72
  1.942968e-01   1.075533e-16   2.119276e-09   9.428136e-18   144
  1.949307e-01   9.483088e-17   0.000000e+00   1.031398e-17   96
  1.955626e-01   9.961125e-17   0.000000e+00   8.300976e-18   96
  1.968202e-01   1.060005e-16   0.000000e+00   1.138201e-17   72
  1.974460e-01   9.068388e-17   3.178914e-09   8.973977e-18   96
  1.986918e-01   9.700824e-17   0.000000e+00   1.739908e-17   24
  1.993117e-01   9.789931e-17   0.000000e+00   7.584175e-18   192
  2.000418e-01   9.306858e-17   2.376333e-04   7.274121e-18   132
  2.011601e-01   1.084463e-16   0.000000e+00   1.008920e-17   96
  2.017724e-01   7.522281e-17   0.000000e+00   7.984594e-18   96
  2.023829e-01   1.019446e-16   2.543132e-09   8.330043e-18   120
  2.035985e-01   1.073188e-16   0.000000e+00   1.450682e-17   48
  2.045948e-01   3.163718e-16   2.879924e-04   1.016827e-16   222
  2.054083e-01   1.477455e-16   0.000000e+00   1.541606e-17   120
  2.060080e-01   1.055608e-16   3.893359e-09   2.124545e-17   24
  2.068812e-01   1.573407e-16   2.972500e-04   1.209365e-17   312
  2.087838e-01   1.615939e-16   2.786838e-04   1.923025e-17   72
  2.095704e-01   9.924967e-17   3.893359e-09   1.203338e-17   96
  2.103781e-01   1.093874e-16   2.838009e-04   8.355507e-18   192
  2.113290e-01   9.890885e-17   3.596531e-09   9.389492e-18   120
  2.119120e-01   1.045121e-16   0.000000e+00   9.587819e-18   144
  2.130732e-01   8.966668e-17   0.000000e+00   1.327599e-17   48
  2.138985e-01   9.297096e-17   2.853717e-04   5.421900e-18   336
  2.148032e-01   9.656770e-17   0.000000e+00   1.266314e-17   48
  2.159488e-01   9.753067e-17   0.000000e+00   8.247047e-18   192
  2.165193e-01   1.024460e-16   0.000000e+00   1.207245e-17   48
  2.181411e-01   1.025285e-16   1.980854e-04   1.287057e-17   56
  2.189475e-01   1.021475e-16   2.544090e-04   5.427813e-18   336
  2.199115e-01   1.404753e-16   2.825702e-09   3.300040e-17   54
  2.207512e-01   2.926301e-16   2.794324e-04   5.637696e-17   240
  2.224945e-01   1.301157e-16   2.675587e-04   9.845301e-18   228
  2.232521e-01   1.137374e-16   2.997109e-09   1.449047e-17   72
  2.239875e-01   1.090586e-16   2.595385e-04   8.252803e-18   144
  2.249038e-01   1.257517e-16   0.000000e+00   1.475261e-17   96
  2.254517e-01   9.808537e-17   3.596531e-09   6.308134e-18   240
  2.265435e-01   9.527893e-17   3.178914e-09   1.772747e-17   24
  2.272424e-01   1.053551e-16   2.451321e-04   6.358814e-18   336
  2.281713e-01   9.734082e-17   0.000000e+00   1.226544e-17   72
  2.290193e-01   1.189825e-16   2.666265e-04   8.320953e-18   168
  2.297877e-01   9.687912e-17   0.000000e+00   1.150792e-17   72
  2.308590e-01   1.350690e-16   0.000000e+00   1.319659e-17   96
  2.316886e-01   1.073193e-16   2.646263e-04   7.408261e-18   216
  2.324566e-01   8.045697e-17   0.000000e+00   6.308921e-18   96
  2.335157e-01   9.783609e-17   3.178914e-09   6.597799e-18   192
  2.340434e-01   9.778679e-17   2.997109e-09   7.771060e-18   144
  2.350953e-01   1.084130e-16   0.000000e+00   1.511833e-17   48
  2.358236e-01   4.797044e-16   2.551309e-04   1.506734e-16   246
  2.368131e-01   2.233948e-16   2.352347e-04   2.285970e-17   168
  2.377046e-01   1.560385e-16   6.229375e-09   1.857465e-17   120
  2.382231e-01   1.466577e-16   0.000000e+00   1.598911e-17   240
  2.392566e-01   6.400685e-17   0.000000e+00   1.453407e-17   24
  2.400800e-01   1.196975e-16   2.517980e-04   7.849872e-18   360
  2.411056e-01   1.199822e-16   2.507265e-04   1.092218e-17   120
  2.418210e-01   1.187904e-16   0.000000e+00   9.078375e-18   144
  2.423307e-01   1.178690e-16   0.000000e+00   1.265931e-17   96
  2.438532e-01   1.231268e-16   0.000000e+00   1.004643e-17   144
  2.443586e-01   1.270351e-16   0.000000e+00   1.127739e-17   132
  2.450688e-01   1.108112e-16   2.474633e-04   8.322586e-18   176
  2.460999e-01   1.152842e-16   2.498881e-04   5.930161e-18   312
  2.473693e-01   1.619253e-16   0.000000e+00   2.456299e-17   96
  2.478675e-01   1.128215e-16   0.000000e+00   9.723480e-18   144
  2.486319e-01   1.226699e-16   2.473817e-04   6.840709e-18   312
  2.498505e-01   1.438677e-16   0.000000e+00   1.405300e-17   48
  2.503437e-01   1.069014e-16   3.178914e-09   7.639337e-18   192
  2.513274e-01   1.135206e-16   0.000000e+00   3.075057e-17   6
  2.519810e-01   4.639225e-16   2.307253e-04   7.718161e-17   288
  2.530395e-01   1.685646e-16   2.437763e-04   1.965169e-17   192
  2.537699e-01   1.614794e-16   7.476104e-09   2.183097e-17   216
  2.542556e-01   1.212278e-16   0.000000e+00   1.640458e-17   72
  2.554657e-01   1.123789e-16   2.414611e-04   9.303731e-18   192
  2.562693e-01   1.500625e-16   1.792979e-04   9.490985e-18   288
  2.571504e-01   1.113413e-16   0.000000e+00   2.032312e-17   24
  2.578312e-01   1.270321e-16   2.362101e-04   5.459552e-18   456
  2.590624e-01   9.994329e-17   0.000000e+00   1.164288e-17   48
  2.598231e-01   1.276409e-16   2.326575e-04   8.962443e-18   240
  2.606974e-01   1.305587e-16   2.351266e-04   8.460037e-18   216
  2.614326e-01   1.057620e-16   0.000000e+00   1.294103e-17   72
  2.619041e-01   1.090998e-16   8.123736e-09   8.441573e-18   168
  2.632353e-01   1.304303e-16   1.747662e-04   7.988709e-18   288
  2.639818e-01   1.289206e-16   2.312456e-04   8.902125e-18   168
  2.651809e-01   1.475374e-16   0.000000e+00   1.011779e-17   192
  2.656458e-01   1.177861e-16   2.997109e-09   8.403453e-18   144
  2.665730e-01   1.417869e-16   2.997109e-09   1.831988e-17   36
  2.673593e-01   3.707191e-16   2.111764e-04   1.262451e-16   342
  2.681111e-01   2.186754e-16   2.168525e-04   2.490715e-17   144
  2.690776e-01   1.883981e-16   2.274240e-04   1.429838e-17   384
  2.702500e-01   1.382461e-16   6.229375e-09   1.241669e-17   120
  2.708303e-01   1.514466e-16   2.027960e-04   9.694276e-18   264
  2.716161e-01   1.387997e-16   1.005261e-08   9.318387e-18   192
  2.723561e-01   1.265503e-16   2.185515e-04   9.770142e-18   152
  2.729753e-01   1.403358e-16   5.994218e-09   1.184717e-17   144
  2.742778e-01   1.052038e-16   1.414487e-04   7.204805e-18   216
  2.748807e-01   1.406437e-16   1.890132e-04   7.800372e-18   312
  2.759419e-01   1.197091e-16   2.190625e-04   6.385863e-18   240
  2.765672e-01   1.410876e-16   3.178914e-09   1.407655e-17   96
  2.777541e-01   1.297664e-16   2.094396e-04   1.037162e-17   144
  2.784857e-01   1.219349e-16   2.058607e-04   5.948841e-18   456
  2.796723e-01   9.801410e-17   0.000000e+00   6.520813e-18   120
  2.801131e-01   1.132347e-16   0.000000e+00   1.015870e-17   144
  2.809926e-01   8.090076e-17   4.495664e-09   1.463811e-17   24
  2.815564e-01   1.267196e-16   1.978798e-04   6.432745e-18   336
  2.825316e-01   1.598851e-16   2.182345e-04   2.405307e-17   198
  2.834454e-01   3.031422e-16   2.122205e-04   5.078569e-17   432
  2.844833e-01   2.671411e-16   6.357829e-09   3.320031e-17   48
  2.850248e-01   1.696130e-16   1.873540e-04   9.102753e-18   384
  2.859970e-01   1.346471e-16   2.156842e-04   1.130554e-17   144
  2.868780e-01   1.521145e-16   2.141460e-04   1.119092e-17   264
  2.879317e-01   1.120912e-16   0.000000e+00   1.071451e-17   48
  2.886387e-01   1.333813e-16   2.036179e-04   7.863943e-18   276
  2.893208e-01   1.166223e-16   1.845741e-04   9.354204e-18   192
  2.902325e-01   1.240534e-16   2.074207e-04   5.295785e-18   552
  2.913393e-01   9.149176e-17   5.086263e-09   8.978966e-18   120
  2.919972e-01   1.402381e-16   2.099609e-04   9.290649e-18   216
  2.926069e-01   1.208514e-16   5.086263e-09   9.576841e-18   120
  2.936961e-01   1.400867e-16   2.067600e-04   7.401514e-18   408
  2.947075e-01   1.377208e-16   4.495664e-09   1.789668e-17   24
  2.953347e-01   1.156126e-16   2.088648e-04   6.322670e-18   384
  2.962106e-01   1.202766e-16   2.040684e-04   8.266036e-18   240
  2.969712e-01   1.074314e-16   2.055628e-04   7.365780e-18   168
  2.980376e-01   1.023645e-16   0.000000e+00   9.960768e-18   120
  2.987251e-01   4.516633e-16   2.142884e-04   1.489162e-16   350
  2.998430e-01   1.866292e-16   3.527601e-04   1.373114e-17   384
  3.005110e-01   2.310449e-16   0.000000e+00   2.360374e-17   144
  3.017401e-01   1.064515e-16   4.238553e-09   6.330340e-18   288
  3.023819e-01   1.471659e-16   2.019242e-04   9.950561e-18   336
  3.032549e-01   1.437299e-16   1.838353e-04   1.042074e-17   168
  3.037776e-01   1.287216e-16   1.204945e-08   8.486765e-18   336
  3.048586e-01   1.136823e-16   1.908100e-04   7.188798e-18   288
  3.055078e-01   1.228462e-16   1.797918e-04   7.331154e-18   264
  3.066072e-01   1.311941e-16   0.000000e+00   8.079084e-18   240
  3.070093e-01   1.238436e-16   0.000000e+00   1.097853e-17   96
  3.084525e-01   1.382012e-16   2.445048e-04   7.048822e-18   360
  3.091260e-01   1.414962e-16   1.802420e-04   1.080739e-17   168
  3.099770e-01   1.349677e-16   1.964825e-04   5.813326e-18   456
  3.110018e-01   1.239203e-16   5.651403e-09   1.143811e-17   108
  3.115782e-01   1.360481e-16   1.971449e-04   1.008873e-17   264
  3.122973e-01   1.286405e-16   1.758853e-04   7.941397e-18   264
  3.132820e-01   1.427751e-16   1.659735e-04   8.869589e-18   312
  3.145081e-01   4.749443e-16   1.233364e-04   8.682813e-17   270
  3.150220e-01   2.514027e-16   1.565911e-04   4.108494e-17   240
  3.159458e-01   2.112466e-16   1.937229e-04   1.606426e-17   384
  3.165067e-01   1.119470e-16   6.357829e-09   7.589869e-18   192
  3.175962e-01   1.558251e-16   1.554368e-04   1.164092e-17   240
  3.182281e-01   1.348613e-16   1.918342e-04   7.189580e-18   336
  3.194167e-01   1.433649e-16   1.931178e-04   6.595526e-18   480
  3.203808e-01   1.502589e-16   4.238553e-09   1.697505e-17   72
  3.209194e-01   1.583649e-16   1.883074e-04   9.869574e-18   240
  3.216520e-01   1.320215e-16   1.769831e-04   7.654039e-18   312
  3.224917e-01   1.236984e-16   1.912763e-04   8.825448e-18   240
  3.237607e-01   1.375629e-16   1.453205e-04   6.671645e-18   408
  3.242630e-01   1.299826e-16   1.330785e-04   7.449167e-18   336
  3.252448e-01   1.370445e-16   1.689770e-04   9.593082e-18   264
  3.257273e-01   1.719159e-16   0.000000e+00   1.428687e-17   144
  3.270696e-01   1.397386e-16   2.342121e-04   6.428827e-18   464
  3.277768e-01   1.054610e-16   1.862466e-04   8.012146e-18   168
  3.284751e-01   1.748200e-16   1.696301e-04   9.223722e-18   336
  3.297371e-01   2.825549e-16   1.782296e-04   1.070762e-16   414
  3.304484e-01   4.069929e-16   1.855264e-04   4.869038e-17   216
  3.313598e-01   1.910601e-16   4.495664e-09   2.260063e-17   96
  3.317320e-01   1.674192e-16   1.101208e-08   9.812828e-18   384
  3.330355e-01   1.557022e-16   1.851680e-04   8.197484e-18   492
  3.337341e-01   1.248825e-16   1.810784e-04   7.834461e-18   240
  3.345237e-01   1.156795e-16   1.838580e-04   6.784565e-18   312
  3.356141e-01   1.548199e-16   1.837975e-04   1.228059e-17   192
  3.363048e-01   1.450879e-16   1.781220e-04   6.658151e-18   504
  3.372212e-01   1.331602e-16   1.179198e-04   6.332726e-18   408
  3.379427e-01   1.582540e-16   3.612619e-04   1.242201e-17   168
  3.388456e-01   1.210275e-16   1.716026e-04   7.945911e-18   288
  3.396033e-01   1.300758e-16   1.790820e-04   8.367847e-18   288
  3.403794e-01   1.464792e-16   1.801128e-04   7.252352e-18   432
  3.415052e-01   1.514046e-16   1.703267e-04   1.025118e-17   216
  3.421068e-01   1.442702e-16   1.699674e-04   6.935362e-18   360
  3.431777e-01   1.495787e-16   1.658865e-04   8.410460e-18   312
  3.441442e-01   1.484744e-16   0.000000e+00   2.295070e-17   48
  3.447014e-01   1.392257e-16   1.778543e-04   7.124958e-18   432
  3.456992e-01   2.969905e-16   2.966627e-04   4.767186e-17   414
  3.462885e-01   1.881621e-16   6.776666e-09   1.532186e-17   312
  3.473878e-01   1.826347e-16   2.603051e-04   8.928795e-18   528
  3.481296e-01   1.510445e-16   1.366381e-04   9.007125e-18   264
  3.490209e-01   1.491649e-16   1.620153e-04   7.932520e-18   480
  3.501854e-01   1.522666e-16   0.000000e+00   7.733554e-18   288
  3.506883e-01   1.407385e-16   1.740804e-04   1.138808e-17   168
  3.516084e-01   1.411668e-16   2.755688e-04   6.017886e-18   504
  3.526429e-01   1.514040e-16   4.238553e-09   1.059459e-17   144
  3.532937e-01   1.371096e-16   1.769812e-04   6.304781e-18   464
  3.542716e-01   1.236268e-16   2.597299e-04   5.894480e-18   432
  3.547358e-01   1.653635e-16   4.495664e-09   1.160614e-17   192
  3.559351e-01   1.351504e-16   1.925466e-04   6.134523e-18   396
  3.566434e-01   1.439744e-16   1.729600e-04   8.593832e-18   288
  3.573592e-01   1.465422e-16   1.708549e-04   8.102783e-18   336
  3.585027e-01   1.359443e-16   1.081887e-04   5.855238e-18   432
  3.592283e-01   1.437666e-16   2.804101e-04   7.056008e-18   360
  3.600431e-01   1.475929e-16   1.658667e-04   7.112723e-18   384
  3.612003e-01   4.832337e-16   1.464092e-04   2.523051e-16   198
  3.617579e-01   2.430564e-16   1.664197e-04   1.880144e-17   552
  3.627976e-01   1.687316e-16   2.329761e-04   1.339164e-17   432
  3.636656e-01   1.563948e-16   8.899106e-09   1.203047e-17   168
  3.643942e-01   1.644554e-16   2.888052e-04   7.775728e-18   480
  3.653579e-01   1.042646e-16   0.000000e+00   9.472810e-18   120
  3.657917e-01   1.370587e-16   2.358836e-04   8.140959e-18   336
  3.668502e-01   1.481815e-16   1.664122e-04   5.115717e-18   672
  3.678969e-01   1.445461e-16   2.420693e-04   6.693257e-18   528
  3.683844e-01   1.415369e-16   7.266090e-09   9.010193e-18   168
  3.695106e-01   1.433184e-16   2.700266e-04   6.408207e-18   456
  3.701979e-01   1.618182e-16   1.649075e-04   1.389658e-17   168
  3.709113e-01   1.464689e-16   1.646115e-04   7.058148e-18   504
  3.720973e-01   1.449491e-16   2.118297e-04   7.926442e-18   336
  3.728144e-01   1.579326e-16   1.527042e-04   8.911664e-18   312
  3.736099e-01   1.519843e-16   1.492023e-04   6.681598e-18   504
  3.746568e-01   1.459476e-16   1.035207e-04   6.342167e-18   432
  3.751490e-01   1.323768e-16   1.599738e-04   7.772353e-18   312
  3.761721e-01   1.378176e-16   1.639809e-04   6.372940e-18   384
  3.772403e-01   7.845915e-16   1.393208e-04   1.513719e-16   126
  3.778999e-01   2.288713e-16   2.446141e-04   2.084943e-17   492
  3.787423e-01   1.749663e-16   1.566756e-04   1.081104e-17   528
  3.797950e-01   1.511576e-16   1.591488e-04   7.157386e-18   480
  3.804477e-01   1.429516e-16   2.198632e-04   6.642804e-18   432
  3.813922e-01   1.619914e-16   1.728933e-04   7.129446e-18   440
  3.824891e-01   1.490704e-16   8.597912e-05   8.532084e-18   312
  3.829007e-01   1.564108e-16   1.288469e-04   8.332313e-18   480
  3.837450e-01   1.388272e-16   2.522797e-04   6.967761e-18   408
  3.849786e-01   1.397723e-16   1.510870e-04   6.947128e-18   360
  3.854998e-01   1.426092e-16   1.457935e-04   7.429059e-18   408
  3.864656e-01   1.458676e-16   1.483633e-04   6.765183e-18   456
  3.875531e-01   1.471529e-16   1.417988e-04   8.838376e-18   264
  3.881567e-01   1.341669e-16   1.538873e-04   7.030260e-18   384
  3.890354e-01   1.463467e-16   2.590801e-04   5.621416e-18   672
  3.900512e-01   1.387285e-16   1.549634e-04   9.083765e-18   240
  3.906373e-01   1.483102e-16   1.572490e-04   8.801384e-18   264
  3.914646e-01   1.354598e-16   1.939407e-04   5.793117e-18   624
  3.926991e-01   4.478565e-16   0.000000e+00   1.930038e-16   150
  3.931386e-01   2.107228e-16   2.173259e-04   1.363999e-17   600
  3.940655e-01   1.585222e-16   1.499928e-04   7.088242e-18   672
  3.951151e-01   1.508993e-16   1.410788e-04   8.755834e-18   336
  3.956998e-01   1.551708e-16   1.534526e-04   7.891161e-18   408
  3.966340e-01   1.414504e-16   1.530911e-04   6.854643e-18   408
  3.976732e-01   1.322898e-16   7.741108e-05   6.654389e-18   360
  3.983137e-01   1.521976e-16   2.842286e-04   6.986476e-18   456
  3.990874e-01   1.421983e-16   1.545652e-04   6.306568e-18   384
  4.000722e-01   1.736869e-16   1.426833e-04   9.190671e-18   348
  4.006044e-01   1.409952e-16   1.759003e-04   5.868705e-18   576
  4.016040e-01   1.476144e-16   1.448308e-04   7.005911e-18   504
  4.026266e-01   1.432750e-16   2.042754e-04   6.544161e-18   432
  4.035193e-01   1.341140e-16   2.779157e-04   5.452126e-18   576
  4.041559e-01   1.455493e-16   0.000000e+00   8.662377e-18   264
  4.051657e-01   1.447139e-16   2.211515e-04   5.084892e-18   768
  4.060439e-01   1.800602e-16   2.977401e-04   1.201493e-17   240
  4.067421e-01   1.395131e-16   2.625786e-04   1.093116e-17   192
  4.077592e-01   1.399433e-16   1.932899e-04   5.790926e-18   504
  4.085134e-01   2.086319e-16   2.604655e-04   2.453583e-17   590
  4.092368e-01   1.656158e-16   2.918373e-04   8.724364e-18   384
  4.101438e-01   1.596345e-16   2.438900e-04   7.165122e-18   504
  4.112389e-01   1.568595e-16   2.347064e-04   5.852956e-18   648
  4.123011e-01   1.520183e-16   6.374317e-05   6.394110e-18   504
  4.127294e-01   1.523461e-16   1.454101e-04   8.054194e-18   312
  4.134855e-01   1.325028e-16   2.095003e-04   4.989632e-18   576
  4.145236e-01   1.388643e-16   1.457924e-04   8.349634e-18   240
  4.151287e-01   1.372500e-16   1.473162e-04   5.478152e-18   552
  4.159853e-01   1.494505e-16   1.383265e-04   5.793956e-18   600
  4.172054e-01   1.384408e-16   1.689549e-04   4.952852e-18   600
  4.179389e-01   1.564975e-16   2.705679e-04   9.421924e-18   312
  4.186695e-01   1.498492e-16   2.356379e-04   6.637121e-18   480
  4.195820e-01   1.590308e-16   1.470154e-04   6.306545e-18   576
  4.203854e-01   1.460178e-16   2.367268e-04   6.994732e-18   408
  4.210983e-01   1.663432e-16   2.761527e-04   1.044290e-17   216
  4.220194e-01   1.230387e-16   2.115019e-04   5.391514e-18   516
  4.230063e-01   1.529199e-16   2.017943e-04   6.041837e-18   744
  4.240243e-01   2.388720e-16   1.347808e-04   6.841833e-17   462
  4.245995e-01   2.440562e-16   1.369852e-04   1.714021e-17   432
  4.254918e-01   1.763489e-16   1.270838e-04   7.593979e-18   648
  4.265409e-01   1.641714e-16   1.859472e-04   6.805775e-18   528
  4.273836e-01   1.381956e-16   2.239269e-04   6.010852e-18   600
  4.282256e-01   1.232225e-16   2.823132e-04   8.780269e-18   240
  4.290411e-01   1.411398e-16   2.162492e-04   5.153293e-18   720
  4.299890e-01   1.576750e-16   1.710922e-04   5.750853e-18   720
  4.310398e-01   1.402449e-16   0.000000e+00   1.055017e-17   144
  4.315927e-01   1.352261e-16   2.205891e-04   5.022800e-18   720
  4.323793e-01   1.674055e-16   1.322696e-04   9.654898e-18   384
  4.333641e-01   1.431944e-16   1.466278e-04   5.474292e-18   672
  4.342984e-01   1.419292e-16   2.567292e-04   7.278457e-18   336
  4.347447e-01   1.624881e-16   0.000000e+00   1.003585e-17   288
  4.358374e-01   1.458861e-16   2.031840e-04   5.158472e-18   776
  4.368489e-01   1.589975e-16   1.738547e-04   6.306087e-18   720
  4.376985e-01   1.564912e-16   1.400528e-04   8.481624e-18   432
  4.383780e-01   1.415824e-16   1.996629e-04   7.206509e-18   504
  4.391339e-01   1.399049e-16   1.398922e-04   6.194946e-18   528
  4.401917e-01   2.404984e-16   1.905949e-04   1.968633e-17   438
  4.410618e-01   1.473789e-16   2.218350e-04   6.496383e-18   624
  4.417176e-01   1.682184e-16   2.717180e-04   1.002839e-17   312
  4.426191e-01   1.464947e-16   1.463948e-04   5.393377e-18   696
  4.435512e-01   1.427908e-16   1.324608e-04   6.071806e-18   552
  4.445207e-01   1.372448e-16   1.024805e-04   5.689682e-18   516
  4.451205e-01   1.363423e-16   2.046970e-04   5.590315e-18   528
  4.458506e-01   1.493855e-16   1.331200e-04   6.959912e-18   528
  4.468878e-01   1.436426e-16   1.755583e-04   5.099112e-18   864
  4.475918e-01   1.277733e-16   2.404788e-04   5.870013e-18   408
  4.482965e-01   1.321440e-16   2.382549e-04   9.830174e-18   192
  4.492953e-01   1.501064e-16   1.971674e-04   5.598470e-18   720
  4.501385e-01   1.299610e-16   1.817980e-04   4.601005e-18   696
  4.511404e-01   1.472722e-16   1.963435e-04   5.397990e-18   720
  4.520570e-01   1.385966e-16   2.661201e-04   6.693222e-18   432
  4.525916e-01   1.298023e-16   1.566487e-04   7.835891e-18   264
  4.535534e-01   1.490109e-16   2.163249e-04   5.498382e-18   672
  4.544137e-01   1.439238e-16   2.214835e-04   5.846338e-18   600
  4.554346e-01   1.750961e-16   1.296784e-04   1.968686e-17   270
  4.559493e-01   1.663040e-16   1.952021e-04   7.562465e-18   528
  4.567673e-01   1.613746e-16   1.336675e-04   6.141844e-18   840
  4.578890e-01   1.483383e-16   2.555961e-04   5.211041e-18   888
  4.589254e-01   1.483561e-16   1.904380e-04   6.115439e-18   744
  4.598014e-01   1.526618e-16   9.785730e-05   7.668307e-18   456
  4.602370e-01   1.269693e-16   1.337280e-04   6.354025e-18   360
  4.609825e-01   1.486776e-16   1.158678e-04   7.188816e-18   384
  4.621264e-01   1.544170e-16   1.858509e-04   5.722085e-18   816
  4.629847e-01   1.534572e-16   2.696437e-04   5.380644e-18   824
  4.640279e-01   1.525866e-16   1.253432e-04   8.594575e-18   360
  4.645865e-01   1.664433e-16   1.849595e-04   6.983205e-18   624
  4.653553e-01   1.256482e-16   1.249856e-04   6.310299e-18   360
  4.663795e-01   1.510128e-16   1.700172e-04   5.065444e-18   876
  4.673045e-01   1.398380e-16   2.019296e-04   5.810224e-18   696
  4.682373e-01   1.600907e-16   1.303928e-04   8.696347e-18   336
  4.687264e-01   1.555278e-16   1.302463e-04   7.259331e-18   504
  4.695341e-01   1.502859e-16   1.313750e-04   5.353828e-18   672
  4.707324e-01   1.392652e-16   2.615370e-04   5.366530e-18   720
  4.715635e-01   1.460243e-16   1.975633e-04   6.219763e-18   774
  4.724808e-01   1.487123e-16   1.130801e-04   7.170602e-18   384
  4.729612e-01   1.424791e-16   2.176147e-04   6.440742e-18   528
  4.737068e-01   1.502294e-16   2.073989e-04   5.493276e-18   744
  4.749062e-01   1.461347e-16   1.710601e-04   5.050449e-18   768
  4.757025e-01   1.530120e-16   1.920278e-04   6.400651e-18   552
  4.766960e-01   1.416934e-16   2.092886e-04   5.777819e-18   696
  4.774351e-01   1.501265e-16   2.543221e-04   8.149174e-18   408
  4.780218e-01   1.382688e-16   1.098692e-04   6.257985e-18   504
  4.789519e-01   1.377338e-16   1.973758e-04   4.922275e-18   888
  4.798671e-01   1.361747e-16   2.051305e-04   5.283752e-18   648
  4.808184e-01   1.415180e-16   2.033722e-04   6.194151e-18   648
  4.817134e-01   1.475499e-16   2.192851e-04   5.354606e-18   792
  4.826614e-01   1.466539e-16   3.208291e-04   6.137595e-18   600
  4.833600e-01   1.408300e-16   2.174285e-04   6.812881e-18   456
  4.840953e-01   1.495740e-16   1.059654e-04   5.829864e-18   648
  4.850397e-01   1.397509e-16   2.066479e-04   4.579962e-18   936
  4.860593e-01   1.309525e-16   1.269084e-04   6.450904e-18   384
  4.869469e-01   3.777556e-17   0.000000e+00   2.588769e-17   198
  4.876318e-01   5.216197e-18   3.219776e-04   8.596075e-19   1224
  4.883707e-01   5.181380e-18   2.344988e-04   9.917813e-19   420
  4.892446e-01   1.496982e-18   2.269458e-04   2.262073e-19   792
  4.900991e-01   1.107377e-18   1.876648e-04   2.106907e-19   680
  4.910742e-01   8.068682e-19   1.723226e-04   1.357586e-19   600
  4.918588e-01   6.598415e-19   2.499151e-04   9.495762e-20   840
  4.929064e-01   1.840222e-19   1.179983e-04   1.209902e-20   432
  4.933067e-01   9.370617e-19   1.105800e-04   1.333297e-19   720
  4.941771e-01   3.496293e-19   2.214723e-04   3.422911e-20   960
  4.952596e-01   5.633860e-19   1.974263e-04   7.173134e-20   528
  4.960507e-01   4.016713e-19   2.018074e-04   5.362407e-20   624
  4.969923e-01   3.389534e-19   1.586192e-04   2.716330e-20   816
  4.979269e-01   3.444445e-19   2.608527e-04   3.921857e-20   696
  4.989597e-01   1.692315e-19   1.438612e-08   1.521799e-20   240
  4.993481e-01   2.902520e-19   1.538310e-04   3.169860e-20   672
  5.002149e-01   2.998251e-19   2.749181e-04   2.963761e-20   864
  5.011872e-01   1.889333e-19   2.109550e-04   2.194159e-20   816
  5.020636e-01   1.761602e-19   1.207434e-04   1.384668e-20   648
  5.030076e-01   1.095677e-18   1.234217e-04   3.001736e-19   843
  5.038089e-01   1.003470e-18   2.220660e-04   2.778924e-19   780
  5.047639e-01   1.533855e-18   1.191565e-04   4.162054e-19   216
  5.053529e-01   6.320213e-19   2.873328e-04   1.014033e-19   1056
  5.062588e-01   3.576347e-19   2.350705e-04   8.569319e-20   228
  5.070976e-01   5.484681e-19   2.926687e-04   5.688500e-20   924
  5.079587e-01   2.530944e-19   1.085637e-04   2.192702e-20   696
  5.088706e-01   4.307955e-19   1.932122e-04   5.507277e-20   996
  5.098035e-01   2.111477e-19   1.140687e-04   3.172538e-20   576
  5.107740e-01   2.935770e-19   1.760574e-04   4.018511e-20   552
  5.114815e-01   3.516797e-19   2.102064e-04   3.610062e-20   516
  5.121995e-01   2.688812e-19   3.056837e-04   2.899978e-20   744
  5.130199e-01   1.381201e-19   1.499561e-04   1.395722e-20   576
  5.137336e-01   1.836140e-19   1.543428e-04   1.548097e-20   792
  5.147477e-01   1.936481e-19   1.764424e-04   2.023345e-20   792
  5.154909e-01   2.592540e-19   1.902913e-04   2.617384e-20   720
  5.164960e-01   1.365171e-19   2.168883e-04   1.073975e-20   656
  5.174379e-01   1.697199e-19   2.368308e-04   1.554483e-20   816
  5.184034e-01   1.941100e-19   1.276952e-04   2.368016e-20   492
  5.189522e-01   1.742020e-19   1.836985e-04   1.236532e-20   552
  5.199822e-01   1.472686e-19   3.194294e-04   1.714146e-20   780
  5.206511e-01   1.731059e-19   1.962217e-04   1.712100e-20   528
  5.213718e-01   1.204252e-19   2.290504e-04   1.217096e-20   600
  5.224340e-01   1.562558e-19   1.903590e-04   9.517979e-21   900
  5.231662e-01   1.325794e-19   1.053860e-04   9.242471e-21   696
  5.241734e-01   1.395316e-19   2.664725e-04   1.038084e-20   696
  5.251479e-01   9.362319e-20   1.081054e-04   6.046611e-21   552
  5.259673e-01   1.250304e-19   1.257166e-04   9.159001e-21   708
  5.268258e-01   1.048352e-19   2.075652e-04   6.410485e-21   876
  5.277190e-01   1.300563e-19   1.102130e-04   1.657372e-20   216
  5.283184e-01   1.304164e-19   3.014475e-04   7.422095e-21   1032
  5.292161e-01   1.318919e-19   3.356286e-04   2.061684e-20   600
  5.301478e-01   8.104570e-20   1.601495e-04   4.626206e-21   600
  5.308585e-01   1.307268e-19   2.828090e-04   1.244498e-20   528
  5.316987e-01   1.100735e-19   1.552497e-04   7.729327e-21   732
  5.325837e-01   1.274194e-19   1.146378e-04   1.233720e-20   336
  5.336024e-01   1.070443e-19   1.633817e-04   5.321458e-21   912
  5.343638e-01   7.538959e-20   1.639857e-04   5.553680e-21   624
  5.351957e-01   9.612736e-20   1.381873e-04   7.160036e-21   768
  5.361666e-01   8.361917e-20   2.493171e-04   4.272508e-21   792
  5.371196e-01   1.081206e-19   1.236011e-04   9.081696e-21   660
  5.377977e-01   8.812421e-20   1.821461e-04   6.641473e-21   504
  5.384990e-01   7.950018e-20   2.975919e-04   4.558669e-21   480
  5.395501e-01   7.624373e-20   2.752337e-04   4.513416e-21   912
  5.403731e-01   8.657869e-20   3.065154e-04   1.024474e-20   432
  5.411504e-01   9.529379e-20   1.820016e-04   8.303659e-21   564
  5.418405e-01   7.383720e-20   1.742006e-04   3.279848e-21   600
  5.428119e-01   8.059923e-20   2.428192e-04   3.819196e-21   876
  5.435417e-01   1.080502e-19   1.091788e-04   1.163184e-20   264
  5.445477e-01   6.438915e-20   2.118499e-04   4.652636e-21   560
  5.453563e-01   7.319673e-20   1.439565e-04   3.958354e-21   840
  5.463378e-01   6.505284e-20   2.219395e-04   3.075162e-21   1008
  5.472454e-01   6.672470e-20   9.928084e-05   4.231910e-21   456
  5.480744e-01   7.501293e-20   1.286043e-04   4.842953e-21   576
  5.488407e-01   7.258918e-20   1.976142e-04   4.261788e-21   612
  5.498512e-01   7.142621e-20   1.765015e-04   3.524990e-21   780
  5.506755e-01   7.196741e-20   2.022627e-04   3.953201e-21   648
  5.515194e-01   5.839735e-20   9.425702e-05   4.185610e-21   312
  5.520587e-01   6.244270e-20   2.394916e-04   4.439716e-21   528
  5.529931e-01   4.660914e-20   3.127641e-04   2.083574e-21   720
  5.538866e-01   6.314206e-20   3.137436e-04   4.209918e-21   576
  5.549699e-01   6.333490e-20   2.706443e-04   3.852575e-21   444
  5.556439e-01   6.185410e-20   2.654148e-04   3.160285e-21   996
  5.564699e-01   5.127003e-20   2.217012e-04   4.122632e-21   432
  5.572506e-01   6.168870e-20   2.427192e-04   5.499279e-21   504
  5.579250e-01   4.480389e-20   1.094306e-04   2.305522e-21   504
  5.588852e-01   6.397366e-20   2.153608e-04   3.144251e-21   876
  5.597541e-01   4.961316e-20   2.478597e-04   2.842768e-21   504
  5.606589e-01   4.868011e-20   1.580720e-04   3.135078e-21   696
  5.614066e-01   5.183368e-20   1.351349e-04   2.777073e-21   492
  5.624240e-01   4.580511e-20   1.934522e-04   2.725435e-21   432
  5.631776e-01   5.328749e-20   1.811468e-04   3.301256e-21   768
  5.640708e-01   4.417212e-20   2.256427e-04   2.910129e-21   648
  5.649237e-01   4.751863e-20   1.472076e-04   3.655612e-21   456
  5.659038e-01   6.115320e-20   2.024344e-04   4.025681e-21   552
  5.665845e-01   4.476383e-20   1.387487e-04   2.203939e-21   648
  5.675213e-01   4.324778e-20   2.261525e-04   1.813016e-21   840
  5.684363e-01   4.589705e-20   1.078474e-04   2.928443e-21   432
  5.693524e-01   4.544162e-20   1.320946e-04   3.022196e-21   600
  5.699896e-01   4.426620e-20   1.407382e-04   2.922568e-21   432
  5.710598e-01   4.714135e-20   1.401185e-04   2.938740e-21   560
  5.717846e-01   4.389057e-20   2.217929e-04   2.065881e-21   840
  5.726922e-01   4.633891e-20   1.313712e-04   3.234491e-21   504
  5.734129e-01   4.583839e-20   2.681208e-04   2.602207e-21   696
  5.744289e-01   5.532811e-20   1.464380e-04   4.197976e-21   384
  5.752203e-01   3.078894e-20   2.145144e-04   1.418540e-21   576
  5.761776e-01   4.089298e-20   1.323876e-04   2.676100e-21   360
  5.769491e-01   4.566350e-20   1.971572e-04   2.422333e-21   828
  5.777814e-01   2.963807e-20   1.756051e-04   2.031488e-21   372
  5.785440e-01   4.191251e-20   2.681827e-04   2.472777e-21   576
  5.795542e-01   4.281893e-20   1.123146e-04   2.592103e-21   636
  5.802740e-01   4.160324e-20   2.165136e-04   2.949422e-21   648
  5.812477e-01   3.126670e-20   1.760019e-04   2.048721e-21   576
  5.819467e-01   4.002597e-20   2.839096e-04   3.392837e-21   528
  5.828762e-01   3.532343e-20   1.213831e-04   3.130466e-21   360
  5.836457e-01   3.590457e-20   2.792266e-04   1.915128e-21   672
  5.846504e-01   3.542180e-20   1.430245e-04   2.111008e-21   804
  5.854866e-01   3.686757e-20   1.577731e-04   2.501429e-21   408
  5.864116e-01   4.524022e-20   9.752092e-05   3.438720e-21   384
  5.870345e-01   2.304761e-20   2.231653e-04   1.338982e-21   480
  5.879130e-01   3.126860e-20   1.441975e-04   1.991862e-21   432
  5.887557e-01   3.125744e-20   2.657252e-04   1.467755e-21   648
  5.897530e-01   2.783137e-20   1.648813e-04   1.393540e-21   624
  5.904826e-01   2.834636e-20   1.499734e-04   2.107815e-21   456
  5.914788e-01   2.686232e-20   2.048770e-04   1.310534e-21   588
  5.921465e-01   2.874300e-20   1.307107e-04   1.426279e-21   600
  5.931212e-01   2.623294e-20   2.038766e-04   1.440193e-21   708
  5.938912e-01   3.280104e-20   1.284383e-04   2.258760e-21   360
  5.947420e-01   2.733610e-20   1.476433e-04   1.487174e-21   552
  5.955576e-01   2.480348e-20   1.035752e-04   1.949260e-21   288
  5.963856e-01   2.641278e-20   1.947498e-04   1.789321e-21   528
  5.971636e-01   2.975551e-20   1.313872e-04   2.085142e-21   456
  5.980328e-01   2.481507e-20   2.329780e-04   1.590458e-21   608
  5.989070e-01   2.098446e-20   1.127174e-04   1.385712e-21   504
  5.998623e-01   2.175446e-20   2.419978e-04   1.393599e-21   540
  6.006113e-01   2.465953e-20   2.597778e-04   1.725150e-21   360
  6.014188e-01   2.775679e-20   1.176407e-04   1.711065e-21   540
  6.021329e-01   2.166934e-20   1.010085e-04   1.164384e-21   576
  6.031714e-01   1.996566e-20   2.342044e-04   1.051651e-21   588
  6.041588e-01   2.030906e-20   3.231314e-04   1.167789e-21   672
  6.050070e-01   2.574116e-20   2.469721e-04   1.687332e-21   552
  6.056908e-01   2.957263e-20   2.470970e-04   3.218297e-21   144
  6.065633e-01   2.082357e-20   2.099342e-04   1.094055e-21   600
  6.073906e-01   2.011106e-20   2.630934e-04   1.975465e-21   504
  6.083088e-01   2.169634e-20   2.702501e-04   1.840823e-21   336
  6.092745e-01   2.206942e-20   3.037623e-04   1.285117e-21   600
  6.101395e-01   1.584708e-20   1.960382e-04   8.481218e-22   636
  6.110731e-01   1.971250e-20   1.576165e-04   1.432406e-21   384
  6.117276e-01   1.961710e-20   2.198564e-04   1.340963e-21   504
  6.126710e-01   1.468764e-20   9.227064e-05   1.216390e-21   240
  6.134155e-01   2.066384e-20   2.167569e-04   1.037925e-21   744
  6.143088e-01   2.144930e-20   1.480120e-04   1.405953e-21   648
  6.151027e-01   2.245263e-20   9.825476e-05   2.014781e-21   120
  6.160331e-01   1.801114e-20   1.543455e-04   1.053270e-21   564
  6.167362e-01   1.812720e-20   2.424089e-04   1.275804e-21   432
  6.176746e-01   1.994975e-20   1.881572e-04   1.470707e-21   480
  6.183811e-01   1.321707e-20   1.384885e-04   8.795164e-22   456
  6.192152e-01   1.678114e-20   2.291780e-04   1.327033e-21   444
  6.201616e-01   1.546916e-20   3.506544e-04   1.062074e-21   528
  6.209930e-01   1.911625e-20   2.604238e-04   2.562596e-21   264
  6.217998e-01   1.641857e-20   2.668956e-04   1.022317e-21   444
  6.228852e-01   1.608084e-20   2.923449e-04   8.654044e-22   696
  6.237861e-01   1.360298e-20   1.563558e-04   9.854738e-22   384
  6.244450e-01   1.046494e-20   1.975687e-04   6.390514e-22   432
  6.254698e-01   1.378954e-20   1.365107e-04   7.830891e-22   488
  6.261352e-01   1.475392e-20   2.057386e-04   1.012752e-21   480
  6.270999e-01   1.177779e-20   2.294412e-04   7.945355e-22   480
  6.278471e-01   1.257651e-20   9.626648e-05   8.228148e-22   240
  6.286954e-01   1.252899e-20   2.248709e-04   7.681056e-22   600
  6.294955e-01   8.036264e-21   1.959519e-04   6.360078e-22   288
  6.303474e-01   1.466881e-20   1.884914e-04   1.068454e-21   480
  6.312103e-01   1.048342e-20   3.352926e-04   7.714796e-22   504
  6.320598e-01   1.160690e-20   1.438614e-04   1.135734e-21   216
  6.331433e-01   9.830172e-21   2.355240e-04   6.331905e-22   504
  6.339871e-01   1.084258e-20   1.894329e-04   7.352619e-22   456
  6.349107e-01   1.097898e-20   1.086430e-04   9.080022e-22   384
  6.355225e-01   9.900465e-21   2.205061e-04   7.889803e-22   480
  6.363918e-01   9.383169e-21   1.936290e-04   6.074855e-22   504
  6.371972e-01   9.758305e-21   1.228262e-04   7.710877e-22   312
  6.380652e-01   1.281921e-20   1.979302e-04   7.043683e-22   492
  6.388334e-01   1.083472e-20   1.855135e-04   8.688863e-22   312
  6.398223e-01   8.221786e-21   3.013519e-04   4.914451e-22   576
  6.406929e-01   8.657892e-21   2.781722e-04   8.257524e-22   336
  6.414159e-01   5.028787e-21   2.141797e-04   8.520287e-22   240
  6.424183e-01   1.026840e-20   2.839481e-04   7.618491e-22   468
  6.432837e-01   5.282598e-21   1.777925e-04   6.227005e-22   192
  6.441896e-01   6.526959e-21   1.783224e-04   5.713380e-22   324
  6.448535e-01   6.781252e-21   1.294235e-04   4.637572e-22   600
  6.457583e-01   5.966912e-21   2.099764e-04   4.247687e-22   456
  6.464302e-01   5.472083e-21   9.444737e-05   4.804381e-22   336
  6.475438e-01   7.420416e-21   2.828021e-04   4.945877e-22   612
  6.483539e-01   8.647988e-21   2.373399e-04   1.687845e-21   144
  6.491201e-01   6.535846e-21   2.770366e-04   4.239857e-22   552
  6.501620e-01   3.360295e-21   1.091004e-04   3.397063e-22   264
  6.507507e-01   6.330946e-21   2.525953e-04   5.432012e-22   336
  6.516793e-01   5.273168e-21   1.669063e-04   6.042363e-22   384
  6.524847e-01   5.990993e-21   9.395175e-05   5.513532e-22   216
  6.533762e-01   3.533934e-21   1.991971e-04   3.563123e-22   344
  6.541891e-01   5.573170e-21   2.972114e-04   4.945354e-22   408
  6.551797e-01   3.755969e-21   2.283876e-04   4.242385e-22   264
  6.560575e-01   4.607993e-21   3.183837e-04   3.326242e-22   612
  6.569345e-01   5.266013e-21   1.638646e-04   4.288875e-22   408
  6.578364e-01   4.261691e-21   1.641001e-04   4.010762e-22   444
  6.584991e-01   5.426188e-21   9.177996e-05   5.609162e-22   120
  6.593870e-01   4.728524e-21   2.535712e-04   3.457979e-22   336
  6.600460e-01   1.505814e-21   8.811499e-05   1.217660e-22   288
  6.609366e-01   3.994893e-21   2.742154e-04   3.019389e-22   552
  6.621610e-01   1.448878e-21   0.000000e+00   2.509143e-22   72
  6.627906e-01   3.741398e-21   2.723657e-04   4.018054e-22   504
  6.635259e-01   2.146067e-21   8.764464e-05   3.494813e-22   216
  6.644787e-01   2.906801e-21   1.564835e-04   3.535126e-22   312
  6.653340e-01   3.031403e-21   1.781811e-04   4.627730e-22   336
  6.661492e-01   2.600012e-21   2.469789e-04   3.394770e-22   204
  6.669611e-01   2.148604e-21   2.870270e-04   1.903967e-22   504
  6.678221e-01   3.342545e-21   2.733322e-04   3.518033e-22   396
  6.686501e-01   2.928937e-21   2.506599e-04   3.254708e-22   312
  6.696540e-01   3.240682e-21   1.531800e-04   3.169027e-22   216
  6.703613e-01   1.221399e-21   8.313373e-05   2.206474e-22   168
  6.712208e-01   2.408454e-21   2.099173e-04   2.551131e-22   588
  6.722017e-01   2.041978e-21   2.849381e-04   2.678021e-22   240
  6.729637e-01   1.475373e-21   2.516481e-04   2.338058e-22   264
  6.738575e-01   1.460347e-21   3.112147e-04   3.018133e-22   288
  6.746505e-01   1.980767e-21   1.554077e-04   2.256848e-22   288
  6.756555e-01   5.548244e-22   1.459525e-04   1.002704e-22   288
  6.763322e-01   1.028872e-21   1.690738e-04   1.613684e-22   192
  6.771836e-01   5.538536e-22   1.799115e-04   8.701275e-23   264
  6.779946e-01   1.160201e-21   2.959295e-04   9.641883e-23   372
  6.788675e-01   1.587677e-21   3.196167e-04   1.434214e-22   360
  6.799329e-01   1.979932e-21   1.352648e-04   2.490655e-22   144
  6.804835e-01   3.967372e-22   1.878769e-04   5.847916e-23   296
  6.813527e-01   5.270157e-22   2.024276e-04   1.136637e-22   288
  6.823478e-01   6.068156e-22   3.025230e-04   7.384407e-23   480
  6.832061e-01   7.407413e-22   2.513677e-04   1.755336e-22   192
  6.840407e-01   8.221175e-22   2.696262e-04   1.423559e-22   192
  6.847993e-01   3.142846e-22   1.718359e-04   9.989831e-23   288
  6.858544e-01   1.017396e-21   1.495808e-04   2.966085e-22   108
  6.863859e-01   3.107682e-22   1.438036e-04   5.477104e-23   240
  6.873243e-01   2.450237e-22   2.682690e-04   4.622881e-23   384
  6.882884e-01   8.222294e-23   3.272578e-04   2.047231e-23   108
  6.891409e-01   2.279699e-22   1.918773e-04   4.021293e-23   348
  6.900373e-01   2.090464e-22   2.002507e-04   3.331293e-23   312
  6.908379e-01   2.169818e-22   1.945855e-04   4.842904e-23   96
  6.915741e-01   9.996134e-23   2.590555e-04   2.089605e-23   384
  6.923987e-01   2.063131e-27   1.781778e-04   3.729169e-28   144
  6.932053e-01   1.167133e-22   2.737780e-04   1.589434e-23   408
  6.942079e-01   1.635643e-22   1.221243e-04   3.629269e-23   144
  6.951550e-01   1.255631e-22   2.347853e-04   2.592013e-23   192
  6.957167e-01   1.291129e-22   2.642552e-04   2.869312e-23   144
  6.966323e-01   1.550468e-27   2.148492e-04   1.899706e-28   144
  6.974962e-01   6.834234e-24   2.625805e-04   1.602843e-24   336
  6.985541e-01   6.770999e-24   1.942763e-04   1.785594e-24   240
  6.992249e-01   2.614581e-27   8.821915e-05   4.017379e-28   96
  7.001605e-01   4.645013e-27   2.587043e-04   5.479322e-28   372
  7.011070e-01   2.501880e-27   3.077232e-04   3.886989e-28   132
  7.019384e-01   1.169722e-27   1.904154e-04   7.992204e-29   264
  7.026821e-01   4.509144e-27   1.462304e-04   1.000848e-27   168
  7.034759e-01   2.594123e-27   2.337943e-04   2.605894e-28   216
  7.041771e-01   1.897299e-27   1.430383e-04   2.224083e-28   216
  7.051983e-01   1.220704e-27   2.624157e-04   1.261066e-28   96
  7.061249e-01   2.367078e-27   1.712023e-04   2.571111e-28   120
  7.069747e-01   1.374562e-27   2.176463e-04   1.031169e-28   216
  7.076747e-01   1.229864e-27   9.511215e-05   1.007171e-28   200
  7.086015e-01   2.738166e-27   2.462045e-04   3.914950e-28   288
  7.097902e-01   1.059399e-27   6.478119e-05   1.074370e-28   144
  7.102908e-01   2.122032e-27   2.015951e-04   3.272698e-28   168
  7.113130e-01   2.740054e-27   2.268765e-04   4.146215e-28   159
  7.121109e-01   9.958375e-28   2.380480e-04   9.254562e-29   174
  7.128831e-01   1.382658e-27   2.158536e-04   1.545452e-28   144
  7.138943e-01   1.987281e-27   1.246398e-04   2.318107e-28   222
  7.145705e-01   1.343714e-27   1.257726e-04   1.737557e-28   168
  7.157386e-01   2.545458e-27   2.758677e-04   7.790769e-28   30
  7.162211e-01   6.149898e-28   2.435709e-04   8.034369e-29   72
  7.171298e-01   1.569691e-27   2.173841e-04   2.609163e-28   258
  7.181290e-01   1.339777e-27   1.361533e-04   1.122355e-28   264
  7.186286e-01   9.673728e-28   1.468278e-08   1.336703e-28   72
  7.196697e-01   1.157955e-27   2.698616e-04   1.818729e-28   174
  7.206123e-01   1.220615e-27   2.873527e-04   1.419516e-28   168
  7.213701e-01   8.116339e-28   8.991328e-09   2.115337e-28   48
  7.221837e-01   1.092728e-27   1.622748e-04   1.673443e-28   150
  7.231270e-01   1.314438e-27   2.985162e-04   1.189951e-28   168
  7.240729e-01   8.428505e-28   1.818422e-04   8.116962e-29   144
  7.249427e-01   2.130587e-27   1.698820e-04   3.669664e-28   102
  7.255906e-01   9.494759e-28   2.514545e-04   1.378156e-28   96
  7.266185e-01   5.470822e-28   2.495518e-04   6.560741e-29   120
  7.273797e-01   6.371984e-28   2.676508e-04   4.763682e-29   168
  7.282031e-01   1.387941e-27   1.976389e-04   1.594151e-28   126
  7.289046e-01   1.151341e-27   1.490593e-04   1.404860e-28   168
  7.298711e-01   5.164898e-28   2.390167e-04   5.965863e-29   72
  7.307158e-01   7.753255e-28   2.993022e-04   6.966002e-29   168
  7.314557e-01   8.565743e-28   8.205344e-05   1.424879e-28   78
  7.324696e-01   6.881424e-28   1.347256e-04   1.021470e-28   60
  7.332860e-01   1.282015e-27   2.185468e-04   1.871297e-28   96
  7.341327e-01   7.477834e-28   2.651884e-04   7.942392e-29   168
  7.349284e-01   5.963430e-28   1.678009e-04   1.071420e-28   86
  7.357634e-01   3.034133e-28   1.499742e-04   3.644712e-29   120
  7.369601e-01   4.966369e-28   1.069515e-04   4.559900e-29   168
  7.376055e-01   6.248336e-28   0.000000e+00   6.670182e-29   48
  7.384747e-01   1.372837e-27   1.948541e-04   2.397232e-28   120
  7.389742e-01   6.646306e-28   1.421539e-04   9.308970e-29   126
  7.401935e-01   7.087488e-28   2.500091e-04   6.443719e-29   96
  7.409848e-01   7.456466e-28   7.209028e-05   8.994471e-29   96
  7.416089e-01   6.896515e-28   8.477105e-09   1.384432e-28   72
  7.429385e-01   5.520215e-28   8.991328e-09   1.350622e-28   24
  7.437683e-01   4.379502e-28   1.483601e-04   6.212140e-29   120
  7.444157e-01   9.385317e-28   2.164118e-04   1.229262e-28   126
  7.451355e-01   2.276388e-28   1.804085e-04   3.034021e-29   96
  7.459766e-01   3.887767e-28   3.117986e-04   6.506680e-29   72
  7.469132e-01   4.796725e-28   1.348634e-04   4.292867e-29   144
  7.476836e-01   7.173792e-28   7.778603e-05   7.663439e-29   72
  7.484533e-01   7.640234e-28   1.553665e-04   2.376648e-28   54
  7.491306e-01   7.103794e-28   1.369149e-04   8.924762e-29   108
  7.505382e-01   6.316967e-28   1.342120e-04   7.435000e-29   72
  7.509765e-01   8.315702e-28   7.744493e-05   1.151937e-28   72
  7.520162e-01   3.234877e-28   1.557344e-08   8.416372e-29   24
  7.529998e-01   1.405111e-28   1.638381e-04   1.404113e-29   48
  7.535971e-01   3.413911e-28   1.248023e-04   5.139147e-29   102
  7.544963e-01   3.882734e-28   2.822510e-04   5.726565e-29   168
  7.556711e-01   2.780394e-28   1.539331e-04   3.558786e-29   72
  7.561064e-01   3.634053e-28   0.000000e+00   4.807950e-29   48
  7.570195e-01   4.125062e-28   2.647743e-04   4.214792e-29   120
  7.582245e-01   4.085061e-28   1.627091e-04   4.876122e-29   96
  7.593627e-01   6.377616e-28   1.438612e-08   1.751746e-28   30
  7.607153e-01   6.957740e-28   7.644796e-05   1.053245e-28   72
  7.613097e-01   6.929188e-28   8.991328e-09   2.440741e-28   24
  7.620733e-01   1.518231e-28   1.133148e-04   1.295413e-29   56
  7.629285e-01   1.338013e-28   1.617059e-04   1.471103e-29   96
  7.639519e-01   2.192732e-28   1.785629e-04   2.226919e-29   144
  7.647411e-01   3.387190e-28   1.013810e-04   1.204714e-28   54
  7.658874e-01   3.904146e-28   1.518795e-04   4.527568e-29   108
  7.670409e-01   7.568458e-28   8.041947e-05   9.113220e-29   48
  7.681392e-01   3.039325e-28   3.028050e-04   4.078416e-29   72
  7.707744e-01   3.953418e-28   2.000642e-04   6.510202e-29   78
  7.715046e-01   8.183813e-29   1.507735e-04   1.204469e-29   72
  7.723570e-01   1.221799e-28   1.505863e-04   1.576823e-29   72
  7.732482e-01   2.050001e-28   3.633813e-04   3.136979e-29   96
  7.739527e-01   1.896178e-28   1.502759e-04   2.814014e-29   72
  7.748024e-01   6.850168e-29   0.000000e+00   1.259833e-29   24
  7.756510e-01   3.226060e-28   2.998733e-04   3.513292e-29   72
  7.775680e-01   3.098722e-28   1.904287e-04   7.465572e-29   30
  7.779804e-01   2.054542e-28   0.000000e+00   4.648377e-29   24
  7.801973e-01   7.058053e-29   1.581267e-04   7.658154e-30   48
  7.808927e-01   1.808761e-28   3.402886e-04   4.808266e-29   120
  7.818296e-01   1.309132e-28   1.487821e-04   1.801423e-29   72
  7.827758e-01   1.975480e-28   1.486022e-04   3.435170e-29   36
  7.834261e-01   1.642280e-28   2.937071e-04   2.062194e-29   78
  7.852411e-01   4.169647e-28   1.571111e-04   4.915076e-29   48
  7.875942e-01   2.810080e-28   1.271566e-08   5.192348e-29   24
  7.892707e-01   3.744261e-29   1.094089e-04   5.134531e-30   56
  7.901149e-01   6.046881e-29   1.683597e-04   7.503630e-30   102
  7.911888e-01   1.134619e-28   1.198844e-08   1.617727e-29   72
  7.918122e-01   6.035246e-29   8.991328e-09   1.141187e-29   24
  7.929021e-01   1.785144e-28   1.555930e-04   3.440001e-29   48
  7.949223e-01   4.124297e-28   0.000000e+00   5.594747e-29   24
  7.974016e-01   2.406972e-28   0.000000e+00   6.843848e-29   6
  7.981748e-01   2.310193e-29   0.000000e+00   4.918806e-30   24
  7.986898e-01   3.492382e-29   1.456409e-04   3.153603e-30   72
  7.996307e-01   4.515082e-29   2.717068e-04   5.423888e-30   84
  8.006440e-01   1.385546e-28   0.000000e+00   2.702055e-29   24
  8.009521e-01   1.177151e-28   1.271566e-08   3.728896e-29   24
  8.024909e-01   1.044584e-28   1.557344e-08   2.669068e-29   24
  8.046403e-01   4.973784e-28   0.000000e+00   9.601339e-29   6
  8.073954e-01   1.434222e-29   1.528000e-04   2.468265e-30   48
  8.080572e-01   2.388456e-29   2.878503e-04   2.339519e-30   72
  8.089220e-01   3.154785e-29   1.525117e-04   4.951382e-30   48
  8.102934e-01   8.010280e-29   0.000000e+00   2.172713e-29   24
  8.121184e-01   6.371469e-29   0.000000e+00   1.781306e-29   6
  8.162097e-01   7.800418e-30   0.000000e+00   2.015972e-30   8
  8.165120e-01   7.860861e-30   8.991328e-09   1.236227e-30   48
  8.172369e-01   2.217733e-29   1.479045e-04   2.522413e-30   60
  8.183231e-01   4.056751e-29   0.000000e+00   1.243149e-29   24
  8.198293e-01   1.837986e-28   0.000000e+00   9.772817e-29   6
  8.253784e-01   2.667464e-30   0.000000e+00   3.471127e-31   24
  8.258266e-01   5.349649e-30   1.493898e-04   8.242780e-31   48
  8.265733e-01   1.716105e-29   0.000000e+00   2.396043e-30   24
  8.277664e-01   3.462551e-29   0.000000e+00   1.584160e-29   6
  8.345448e-01   2.347600e-30   1.393664e-04   5.506965e-31   36
  8.350375e-01   6.996992e-30   0.000000e+00   1.798598e-30   24
  8.359234e-01   7.872339e-30   0.000000e+00   1.262366e-30   6
  8.436361e-01   6.557743e-31   1.266552e-04   1.385224e-31   32
  8.442939e-01   6.223383e-30   0.000000e+00   2.894351e-30   6
  8.525822e-01   4.057388e-35   0.000000e+00   9.289992e-36   12
  8.528715e-01   1.639737e-30   0.000000e+00   6.205822e-31   6
  8.616502e-01   3.602353e-35   0.000000e+00   1.480632e-35   6
