# power spectrum of zeta
# redshift z=49.949074
# k              Pk             sigma(k)       sigma(Pk)      count
  1.570796e-02   3.997684e-20   0.000000e+00   1.611397e-20   6
  2.221441e-02   6.800372e-20   0.000000e+00   1.357509e-20   12
  2.720699e-02   9.201725e-20   2.980232e-10   1.872514e-20   8
  3.141593e-02   4.550938e-19   0.000000e+00   4.897139e-20   6
  3.512407e-02   4.271562e-19   5.619580e-10   1.361736e-19   24
  3.847649e-02   7.783767e-19   5.619580e-10   1.311375e-19   24
  4.442883e-02   5.125380e-19   0.000000e+00   2.306923e-19   12
  4.712389e-02   7.028355e-19   6.357829e-10   1.294711e-19   30
  4.967294e-02   1.024536e-18   0.000000e+00   2.257887e-19   24
  5.209742e-02   1.078987e-18   9.733398e-10   2.674629e-19   24
  5.441398e-02   1.441577e-18   5.960464e-10   2.922116e-19   8
  5.663587e-02   1.384514e-18   7.947286e-10   1.720048e-19   24
  5.877382e-02   1.467067e-18   0.000000e+00   2.061624e-19   48
  6.283185e-02   2.154128e-18   0.000000e+00   9.471264e-19   6
  6.476559e-02   1.904554e-18   7.947286e-10   2.674340e-19   48
  6.664324e-02   1.937164e-18   7.492773e-10   2.014613e-19   36
  6.846942e-02   3.040814e-18   7.947286e-10   6.358591e-19   24
  7.024815e-02   1.934725e-18   1.123916e-09   3.330711e-19   24
  7.198293e-02   1.869559e-18   0.000000e+00   2.542360e-19   48
  7.367688e-02   3.117223e-18   1.123916e-09   4.437077e-19   24
  7.695299e-02   2.823585e-18   1.123916e-09   4.441483e-19   24
  7.853982e-02   2.045868e-18   0.000000e+00   3.348708e-19   30
  8.009521e-02   2.307878e-18   0.000000e+00   2.549010e-19   72
  8.162097e-02   2.369800e-18   1.192093e-09   4.824607e-19   32
  8.458997e-02   3.485595e-18   0.000000e+00   4.042918e-19   72
  8.603606e-02   2.218045e-18   0.000000e+00   3.242712e-19   48
  8.885766e-02   1.283437e-18   0.000000e+00   3.817695e-19   12
  9.023538e-02   2.639494e-18   0.000000e+00   3.958803e-19   48
  9.159238e-02   2.423765e-18   0.000000e+00   2.412703e-19   48
  9.292956e-02   3.337559e-18   1.123916e-09   4.210240e-19   48
  9.424778e-02   4.161202e-18   1.271566e-09   7.294404e-19   30
  9.554781e-02   3.810856e-18   0.000000e+00   8.571458e-19   24
  9.683039e-02   4.077281e-18   2.369423e-09   4.099352e-19   72
  9.934588e-02   2.579103e-18   0.000000e+00   4.895661e-19   24
  1.005800e-01   4.090117e-18   0.000000e+00   4.052539e-19   96
  1.017992e-01   3.260086e-18   0.000000e+00   4.329105e-19   48
  1.030040e-01   2.817920e-18   1.946680e-09   6.921869e-19   24
  1.041948e-01   2.109037e-18   1.946680e-09   4.330891e-19   24
  1.053722e-01   5.221613e-18   0.000000e+00   6.374808e-19   72
  1.065366e-01   4.032401e-18   0.000000e+00   6.207476e-19   48
  1.088280e-01   3.757413e-18   1.192093e-09   1.121621e-18   8
  1.099557e-01   5.679220e-18   1.412851e-09   6.777540e-19   54
  1.110721e-01   3.960246e-18   0.000000e+00   6.926219e-19   84
  1.121773e-01   4.486184e-18   0.000000e+00   6.435809e-19   48
  1.132717e-01   2.878198e-18   1.589457e-09   5.134389e-19   24
  1.143557e-01   3.947119e-18   2.119276e-09   4.683770e-19   72
  1.154295e-01   5.355378e-18   0.000000e+00   6.096259e-19   96
  1.175476e-01   7.738976e-18   0.000000e+00   8.440763e-19   48
  1.185925e-01   4.355124e-18   0.000000e+00   4.081068e-19   48
  1.196283e-01   3.886240e-18   0.000000e+00   7.561208e-19   24
  1.206552e-01   4.546661e-18   0.000000e+00   4.895347e-19   72
  1.226831e-01   4.986310e-18   0.000000e+00   5.901227e-19   72
  1.236846e-01   4.982215e-18   0.000000e+00   5.679000e-19   96
  1.256637e-01   7.176152e-18   0.000000e+00   3.153792e-18   6
  1.266416e-01   6.062771e-18   0.000000e+00   5.869583e-19   96
  1.276121e-01   6.366194e-18   1.589457e-09   6.803932e-19   96
  1.285752e-01   4.379238e-18   0.000000e+00   1.041236e-18   24
  1.295312e-01   4.964897e-18   1.589457e-09   6.185815e-19   48
  1.304801e-01   5.105749e-18   0.000000e+00   5.160712e-19   96
  1.314222e-01   6.083557e-18   0.000000e+00   8.195051e-19   48
  1.332865e-01   5.588108e-18   1.498555e-09   1.048654e-18   36
  1.342089e-01   5.719796e-18   2.753021e-09   7.221772e-19   48
  1.351250e-01   6.437814e-18   3.114687e-09   5.778874e-19   120
  1.360350e-01   5.867946e-18   0.000000e+00   7.747859e-19   56
  1.369388e-01   3.347012e-18   1.589457e-09   5.856524e-19   24
  1.378368e-01   4.921381e-18   0.000000e+00   4.378995e-19   96
  1.387290e-01   5.291331e-18   0.000000e+00   6.828037e-19   48
  1.404963e-01   6.599018e-18   2.247832e-09   1.224076e-18   24
  1.413717e-01   7.295132e-18   0.000000e+00   7.299231e-19   102
  1.422417e-01   7.618384e-18   1.589457e-09   1.148452e-18   48
  1.431064e-01   7.084527e-18   0.000000e+00   7.058540e-19   72
  1.439659e-01   6.539124e-18   0.000000e+00   6.605326e-19   48
  1.448203e-01   7.091703e-18   0.000000e+00   1.313905e-18   48
  1.456697e-01   6.132637e-18   3.596531e-09   5.389785e-19   120
  1.473538e-01   9.953304e-18   2.247832e-09   1.666080e-18   24
  1.481886e-01   5.819988e-18   2.119276e-09   4.896645e-19   144
  1.490188e-01   6.043842e-18   2.543132e-09   5.810916e-19   120
  1.498444e-01   4.748369e-18   2.247832e-09   6.653390e-19   48
  1.514821e-01   7.287201e-18   2.247832e-09   9.718458e-19   48
  1.522944e-01   6.004041e-18   2.247832e-09   6.265436e-19   96
  1.544390e-01   8.185203e-18   3.768959e-04   1.005616e-18   72
  1.555009e-01   6.099629e-18   1.998073e-09   4.657488e-19   108
  1.562923e-01   7.306657e-18   0.000000e+00   7.828914e-19   72
  1.570796e-01   4.473201e-18   0.000000e+00   8.320082e-19   30
  1.578631e-01   7.598855e-18   0.000000e+00   6.038112e-19   168
  1.586427e-01   7.565956e-18   0.000000e+00   8.257577e-19   48
  1.601904e-01   5.317879e-18   0.000000e+00   6.231856e-19   72
  1.609587e-01   7.037613e-18   0.000000e+00   6.782945e-19   96
  1.617234e-01   6.972782e-18   4.238553e-09   1.071071e-18   72
  1.624844e-01   8.272039e-18   0.000000e+00   8.770695e-19   72
  1.637639e-01   7.519498e-18   3.480039e-04   5.516729e-19   104
  1.647465e-01   7.262303e-18   2.997109e-09   5.296580e-19   144
  1.669779e-01   5.219630e-18   5.026305e-09   4.903280e-19   96
  1.677152e-01   5.822745e-18   0.000000e+00   6.017133e-19   96
  1.688876e-01   8.051982e-18   3.580185e-04   7.468261e-19   120
  1.699076e-01   6.810171e-18   0.000000e+00   6.194937e-19   120
  1.706322e-01   8.252437e-18   0.000000e+00   8.944973e-19   72
  1.720721e-01   8.398259e-18   0.000000e+00   1.112357e-18   48
  1.727876e-01   9.082366e-18   3.912510e-09   1.036307e-18   78
  1.737029e-01   9.557318e-18   3.205713e-04   7.567051e-19   168
  1.756204e-01   9.075654e-18   3.670694e-09   7.841293e-19   144
  1.763215e-01   9.460435e-18   2.997109e-09   6.749539e-19   144
  1.783549e-01   8.819724e-18   1.846233e-04   7.504680e-19   156
  1.790983e-01   6.501097e-18   3.893359e-09   1.211223e-18   48
  1.797859e-01   8.152213e-18   2.543132e-09   7.997004e-19   120
  1.804708e-01   5.917028e-18   0.000000e+00   6.230319e-19   48
  1.816818e-01   8.982022e-18   2.825996e-04   6.101844e-19   216
  1.831848e-01   8.174497e-18   0.000000e+00   1.009443e-18   48
  1.838570e-01   7.603721e-18   2.247832e-09   6.688743e-19   96
  1.848128e-01   8.823196e-18   3.302618e-04   7.729881e-19   168
  1.858591e-01   7.191555e-18   2.247832e-09   1.028656e-18   48
  1.865217e-01   9.577317e-18   0.000000e+00   9.557465e-19   96
  1.871820e-01   9.353079e-18   0.000000e+00   1.702523e-18   48
  1.884956e-01   1.107269e-17   2.543132e-09   1.103287e-18   30
  1.891489e-01   7.087400e-18   0.000000e+00   5.755206e-19   96
  1.899298e-01   8.856824e-18   2.595564e-04   6.018821e-19   240
  1.909339e-01   1.239194e-17   2.800239e-04   1.709349e-18   32
  1.917401e-01   7.121740e-18   0.000000e+00   5.277763e-19   168
  1.923825e-01   8.534469e-18   0.000000e+00   8.365991e-19   120
  1.936608e-01   6.879861e-18   4.738846e-09   7.731811e-19   72
  1.942968e-01   1.133139e-17   2.119276e-09   1.040940e-18   144
  1.949307e-01   8.192028e-18   0.000000e+00   8.382734e-19   96
  1.955626e-01   1.092346e-17   0.000000e+00   8.744622e-19   96
  1.968202e-01   1.086068e-17   0.000000e+00   1.309707e-18   72
  1.974460e-01   9.213176e-18   3.178914e-09   8.927757e-19   96
  1.986918e-01   9.061034e-18   0.000000e+00   1.668616e-18   24
  1.993117e-01   1.062100e-17   0.000000e+00   7.840180e-19   192
  2.000418e-01   1.015557e-17   2.376333e-04   7.491655e-19   132
  2.011601e-01   1.101887e-17   0.000000e+00   9.961931e-19   96
  2.017724e-01   8.124287e-18   0.000000e+00   8.189273e-19   96
  2.023829e-01   1.072280e-17   2.543132e-09   9.139685e-19   120
  2.035985e-01   1.148011e-17   0.000000e+00   1.577005e-18   48
  2.045948e-01   7.489892e-18   2.879924e-04   4.909184e-19   222
  2.054083e-01   9.811603e-18   0.000000e+00   9.289906e-19   120
  2.060080e-01   1.106937e-17   3.893359e-09   2.230529e-18   24
  2.068812e-01   1.167053e-17   2.972500e-04   6.165979e-19   312
  2.087838e-01   1.311022e-17   2.786838e-04   1.462878e-18   72
  2.095704e-01   9.204718e-18   3.893359e-09   1.241167e-18   96
  2.103781e-01   1.129238e-17   2.838009e-04   8.534101e-19   192
  2.113290e-01   1.068198e-17   3.596531e-09   1.083509e-18   120
  2.119120e-01   1.070136e-17   0.000000e+00   1.099316e-18   144
  2.130732e-01   9.654431e-18   0.000000e+00   1.382778e-18   48
  2.138985e-01   9.655037e-18   2.853717e-04   5.626780e-19   336
  2.148032e-01   1.102812e-17   0.000000e+00   1.508915e-18   48
  2.159488e-01   1.007207e-17   0.000000e+00   8.809407e-19   192
  2.165193e-01   1.097067e-17   0.000000e+00   1.340662e-18   48
  2.181411e-01   1.113346e-17   1.980854e-04   1.349106e-18   56
  2.189475e-01   1.091121e-17   2.544090e-04   6.031859e-19   336
  2.199115e-01   1.095002e-17   2.825702e-09   1.559114e-18   54
  2.207512e-01   1.002898e-17   2.794324e-04   6.159186e-19   240
  2.224945e-01   1.026958e-17   2.675587e-04   7.619192e-19   228
  2.232521e-01   1.232498e-17   2.997109e-09   1.574204e-18   72
  2.239875e-01   1.229986e-17   2.595385e-04   9.140882e-19   144
  2.249038e-01   1.007741e-17   0.000000e+00   9.834343e-19   96
  2.254517e-01   1.046854e-17   3.596531e-09   6.565004e-19   240
  2.265435e-01   9.579890e-18   3.178914e-09   1.840898e-18   24
  2.272424e-01   1.133012e-17   2.451321e-04   6.751165e-19   336
  2.281713e-01   1.081120e-17   0.000000e+00   1.272538e-18   72
  2.290193e-01   1.297660e-17   2.666265e-04   9.363470e-19   168
  2.297877e-01   8.606894e-18   0.000000e+00   7.617077e-19   72
  2.308590e-01   1.343209e-17   0.000000e+00   1.231302e-18   96
  2.316886e-01   1.160232e-17   2.646263e-04   8.258172e-19   216
  2.324566e-01   8.827251e-18   0.000000e+00   6.569630e-19   96
  2.335157e-01   1.089456e-17   3.178914e-09   7.330742e-19   192
  2.340434e-01   1.074776e-17   2.997109e-09   8.382397e-19   144
  2.350953e-01   1.156022e-17   0.000000e+00   1.497053e-18   48
  2.358236e-01   1.203617e-17   2.551309e-04   8.172293e-19   246
  2.368131e-01   1.492121e-17   2.352347e-04   1.155349e-18   168
  2.377046e-01   1.181448e-17   6.229375e-09   1.179612e-18   120
  2.382231e-01   9.923308e-18   0.000000e+00   6.781619e-19   240
  2.392566e-01   7.138018e-18   0.000000e+00   1.449816e-18   24
  2.400800e-01   1.162551e-17   2.517980e-04   7.264366e-19   360
  2.411056e-01   1.095217e-17   2.507265e-04   8.149523e-19   120
  2.418210e-01   1.302692e-17   0.000000e+00   1.046212e-18   144
  2.423307e-01   1.285632e-17   0.000000e+00   1.134681e-18   96
  2.438532e-01   1.255788e-17   0.000000e+00   1.008566e-18   144
  2.443586e-01   1.355664e-17   0.000000e+00   1.157613e-18   132
  2.450688e-01   1.243469e-17   2.474633e-04   9.110267e-19   176
  2.460999e-01   1.246186e-17   2.498881e-04   6.331433e-19   312
  2.473693e-01   1.794824e-17   0.000000e+00   2.730870e-18   96
  2.478675e-01   1.220329e-17   0.000000e+00   1.064788e-18   144
  2.486319e-01   1.296040e-17   2.473817e-04   7.191491e-19   312
  2.498505e-01   1.546442e-17   0.000000e+00   1.533091e-18   48
  2.503437e-01   1.160814e-17   3.178914e-09   8.660088e-19   192
  2.513274e-01   3.910415e-18   0.000000e+00   1.205178e-18   6
  2.519810e-01   1.138776e-17   2.307253e-04   6.277842e-19   288
  2.530395e-01   1.116575e-17   2.437763e-04   7.921989e-19   192
  2.537699e-01   1.076962e-17   7.476104e-09   6.893344e-19   216
  2.542556e-01   1.363946e-17   0.000000e+00   1.850931e-18   72
  2.554657e-01   1.132900e-17   2.414611e-04   8.746667e-19   192
  2.562693e-01   1.495521e-17   1.792979e-04   8.835860e-19   288
  2.571504e-01   1.299781e-17   0.000000e+00   2.509225e-18   24
  2.578312e-01   1.409527e-17   2.362101e-04   6.092394e-19   456
  2.590624e-01   9.113983e-18   0.000000e+00   1.340036e-18   48
  2.598231e-01   1.315622e-17   2.326575e-04   9.633226e-19   240
  2.606974e-01   1.492632e-17   2.351266e-04   9.502584e-19   216
  2.614326e-01   1.186656e-17   0.000000e+00   1.455409e-18   72
  2.619041e-01   1.239396e-17   8.123736e-09   9.773957e-19   168
  2.632353e-01   1.466094e-17   1.747662e-04   8.881768e-19   288
  2.639818e-01   1.446823e-17   2.312456e-04   9.919369e-19   168
  2.651809e-01   1.663146e-17   0.000000e+00   1.149772e-18   192
  2.656458e-01   1.341084e-17   2.997109e-09   9.525571e-19   144
  2.665730e-01   1.671203e-17   2.997109e-09   2.075644e-18   36
  2.673593e-01   1.142203e-17   2.111764e-04   5.844591e-19   342
  2.681111e-01   1.365953e-17   2.168525e-04   1.033709e-18   144
  2.690776e-01   1.316137e-17   2.274240e-04   6.759577e-19   384
  2.702500e-01   1.566627e-17   6.229375e-09   1.425440e-18   120
  2.708303e-01   1.582438e-17   2.027960e-04   9.808547e-19   264
  2.716161e-01   1.365483e-17   1.005261e-08   9.949286e-19   192
  2.723561e-01   1.516626e-17   2.185515e-04   1.156667e-18   152
  2.729753e-01   1.392301e-17   5.994218e-09   1.256688e-18   144
  2.742778e-01   1.184843e-17   1.414487e-04   8.655548e-19   216
  2.748807e-01   1.540663e-17   1.890132e-04   8.404301e-19   312
  2.759419e-01   1.342452e-17   2.190625e-04   7.459112e-19   240
  2.765672e-01   1.630199e-17   3.178914e-09   1.687003e-18   96
  2.777541e-01   1.495732e-17   2.094396e-04   1.204427e-18   144
  2.784857e-01   1.441608e-17   2.058607e-04   6.951408e-19   456
  2.796723e-01   1.171218e-17   0.000000e+00   7.647503e-19   120
  2.801131e-01   1.279066e-17   0.000000e+00   1.174561e-18   144
  2.809926e-01   9.664069e-18   4.495664e-09   1.596501e-18   24
  2.815564e-01   1.501611e-17   1.978798e-04   7.577074e-19   336
  2.825316e-01   1.419235e-17   2.182345e-04   1.115391e-18   198
  2.834454e-01   1.416756e-17   2.122205e-04   7.412586e-19   432
  2.844833e-01   1.488545e-17   6.357829e-09   1.513077e-18   48
  2.850248e-01   1.673840e-17   1.873540e-04   8.643246e-19   384
  2.859970e-01   1.621352e-17   2.156842e-04   1.333079e-18   144
  2.868780e-01   1.593260e-17   2.141460e-04   9.142204e-19   264
  2.879317e-01   1.293678e-17   0.000000e+00   1.242961e-18   48
  2.886387e-01   1.526613e-17   2.036179e-04   9.213816e-19   276
  2.893208e-01   1.365879e-17   1.845741e-04   1.123525e-18   192
  2.902325e-01   1.455741e-17   2.074207e-04   6.109506e-19   552
  2.913393e-01   1.033806e-17   5.086263e-09   9.065881e-19   120
  2.919972e-01   1.626615e-17   2.099609e-04   1.096091e-18   216
  2.926069e-01   1.443611e-17   5.086263e-09   1.131461e-18   120
  2.936961e-01   1.685632e-17   2.067600e-04   8.608296e-19   408
  2.947075e-01   1.578906e-17   4.495664e-09   2.113326e-18   24
  2.953347e-01   1.389636e-17   2.088648e-04   7.787055e-19   384
  2.962106e-01   1.390822e-17   2.040684e-04   9.613782e-19   240
  2.969712e-01   1.368126e-17   2.055628e-04   9.300196e-19   168
  2.980376e-01   1.242711e-17   0.000000e+00   1.202035e-18   120
  2.987251e-01   1.514806e-17   2.142884e-04   7.655001e-19   350
  2.998430e-01   1.519239e-17   3.527601e-04   7.939460e-19   384
  3.005110e-01   1.649426e-17   0.000000e+00   1.481247e-18   144
  3.017401e-01   1.329286e-17   4.238553e-09   7.704003e-19   288
  3.023819e-01   1.390921e-17   2.019242e-04   6.653991e-19   336
  3.032549e-01   1.707270e-17   1.838353e-04   1.250777e-18   168
  3.037776e-01   1.512540e-17   1.204945e-08   8.931185e-19   336
  3.048586e-01   1.372709e-17   1.908100e-04   8.418834e-19   288
  3.055078e-01   1.409806e-17   1.797918e-04   8.593494e-19   264
  3.066072e-01   1.554492e-17   0.000000e+00   9.653209e-19   240
  3.070093e-01   1.533128e-17   0.000000e+00   1.276706e-18   96
  3.084525e-01   1.690200e-17   2.445048e-04   8.557468e-19   360
  3.091260e-01   1.658676e-17   1.802420e-04   1.387864e-18   168
  3.099770e-01   1.626015e-17   1.964825e-04   7.158592e-19   456
  3.110018e-01   1.505920e-17   5.651403e-09   1.356559e-18   108
  3.115782e-01   1.592611e-17   1.971449e-04   1.147561e-18   264
  3.122973e-01   1.504960e-17   1.758853e-04   9.534978e-19   264
  3.132820e-01   1.731441e-17   1.659735e-04   1.047488e-18   312
  3.145081e-01   1.718220e-17   1.233364e-04   1.094723e-18   270
  3.150220e-01   1.579980e-17   1.565911e-04   1.080429e-18   240
  3.159458e-01   1.629624e-17   1.937229e-04   7.890584e-19   384
  3.165067e-01   1.410623e-17   6.357829e-09   9.406881e-19   192
  3.175962e-01   1.730700e-17   1.554368e-04   1.220327e-18   240
  3.182281e-01   1.627129e-17   1.918342e-04   8.682597e-19   336
  3.194167e-01   1.710609e-17   1.931178e-04   7.622368e-19   480
  3.203808e-01   1.729700e-17   4.238553e-09   2.024672e-18   72
  3.209194e-01   1.773360e-17   1.883074e-04   1.109349e-18   240
  3.216520e-01   1.589664e-17   1.769831e-04   9.273695e-19   312
  3.224917e-01   1.527796e-17   1.912763e-04   1.059499e-18   240
  3.237607e-01   1.695193e-17   1.453205e-04   8.224330e-19   408
  3.242630e-01   1.602102e-17   1.330785e-04   9.194693e-19   336
  3.252448e-01   1.704558e-17   1.689770e-04   1.215473e-18   264
  3.257273e-01   2.071552e-17   0.000000e+00   1.722258e-18   144
  3.270696e-01   1.709825e-17   2.342121e-04   8.087193e-19   464
  3.277768e-01   1.330116e-17   1.862466e-04   9.510786e-19   168
  3.284751e-01   2.141820e-17   1.696301e-04   1.132543e-18   336
  3.297371e-01   1.688121e-17   1.782296e-04   8.505772e-19   414
  3.304484e-01   1.894666e-17   1.855264e-04   1.186716e-18   216
  3.313598e-01   1.706917e-17   4.495664e-09   1.694409e-18   96
  3.317320e-01   1.694187e-17   1.101208e-08   7.641548e-19   384
  3.330355e-01   1.819785e-17   1.851680e-04   9.007753e-19   492
  3.337341e-01   1.433211e-17   1.810784e-04   8.699223e-19   240
  3.345237e-01   1.465065e-17   1.838580e-04   8.355688e-19   312
  3.356141e-01   1.819853e-17   1.837975e-04   1.435387e-18   192
  3.363048e-01   1.802630e-17   1.781220e-04   8.159805e-19   504
  3.372212e-01   1.732866e-17   1.179198e-04   8.719783e-19   408
  3.379427e-01   2.004225e-17   3.612619e-04   1.565501e-18   168
  3.388456e-01   1.600486e-17   1.716026e-04   1.022550e-18   288
  3.396033e-01   1.665264e-17   1.790820e-04   1.112306e-18   288
  3.403794e-01   1.826919e-17   1.801128e-04   8.920487e-19   432
  3.415052e-01   1.935358e-17   1.703267e-04   1.295034e-18   216
  3.421068e-01   1.799431e-17   1.699674e-04   8.537405e-19   360
  3.431777e-01   1.935508e-17   1.658865e-04   1.090446e-18   312
  3.441442e-01   2.064488e-17   0.000000e+00   3.261887e-18   48
  3.447014e-01   1.798141e-17   1.778543e-04   8.924878e-19   432
  3.456992e-01   1.700223e-17   2.966627e-04   7.926403e-19   414
  3.462885e-01   1.738974e-17   6.776666e-09   9.678936e-19   312
  3.473878e-01   1.906537e-17   2.603051e-04   8.023120e-19   528
  3.481296e-01   1.913401e-17   1.366381e-04   1.191924e-18   264
  3.490209e-01   1.747930e-17   1.620153e-04   8.634887e-19   480
  3.501854e-01   1.813401e-17   0.000000e+00   9.594471e-19   288
  3.506883e-01   1.900856e-17   1.740804e-04   1.552612e-18   168
  3.516084e-01   1.861698e-17   2.755688e-04   7.777485e-19   504
  3.526429e-01   2.029365e-17   4.238553e-09   1.445084e-18   144
  3.532937e-01   1.776421e-17   1.769812e-04   8.152216e-19   464
  3.542716e-01   1.611517e-17   2.597299e-04   7.552773e-19   432
  3.547358e-01   2.112045e-17   4.495664e-09   1.469687e-18   192
  3.559351e-01   1.736124e-17   1.925466e-04   7.737272e-19   396
  3.566434e-01   1.856025e-17   1.729600e-04   1.110260e-18   288
  3.573592e-01   1.899952e-17   1.708549e-04   1.035188e-18   336
  3.585027e-01   1.777155e-17   1.081887e-04   7.694596e-19   432
  3.592283e-01   1.919046e-17   2.804101e-04   9.424940e-19   360
  3.600431e-01   1.911453e-17   1.658667e-04   9.172334e-19   384
  3.612003e-01   1.612180e-17   1.464092e-04   1.240822e-18   198
  3.617579e-01   1.877655e-17   1.664197e-04   7.179147e-19   552
  3.627976e-01   1.564901e-17   2.329761e-04   8.242358e-19   432
  3.636656e-01   2.067301e-17   8.899106e-09   1.555045e-18   168
  3.643942e-01   1.908821e-17   2.888052e-04   8.500712e-19   480
  3.653579e-01   1.439671e-17   0.000000e+00   1.306832e-18   120
  3.657917e-01   1.778115e-17   2.358836e-04   1.068948e-18   336
  3.668502e-01   1.954715e-17   1.664122e-04   6.837730e-19   672
  3.678969e-01   1.942344e-17   2.420693e-04   8.771979e-19   528
  3.683844e-01   1.845369e-17   7.266090e-09   1.174224e-18   168
  3.695106e-01   1.932433e-17   2.700266e-04   8.461741e-19   456
  3.701979e-01   2.157060e-17   1.649075e-04   1.922366e-18   168
  3.709113e-01   1.985800e-17   1.646115e-04   9.633387e-19   504
  3.720973e-01   1.893206e-17   2.118297e-04   1.049363e-18   336
  3.728144e-01   2.151637e-17   1.527042e-04   1.185924e-18   312
  3.736099e-01   2.040765e-17   1.492023e-04   8.946695e-19   504
  3.746568e-01   1.957455e-17   1.035207e-04   8.290768e-19   432
  3.751490e-01   1.790789e-17   1.599738e-04   1.031203e-18   312
  3.761721e-01   1.890705e-17   1.639809e-04   8.667384e-19   384
  3.772403e-01   2.170475e-17   1.393208e-04   2.007906e-18   126
  3.778999e-01   1.986033e-17   2.446141e-04   9.909513e-19   492
  3.787423e-01   2.036326e-17   1.566756e-04   8.357123e-19   528
  3.797950e-01   1.934471e-17   1.591488e-04   8.358871e-19   480
  3.804477e-01   2.052643e-17   2.198632e-04   9.499860e-19   432
  3.813922e-01   2.171078e-17   1.728933e-04   9.803946e-19   440
  3.824891e-01   1.930817e-17   8.597912e-05   1.113081e-18   312
  3.829007e-01   2.124087e-17   1.288469e-04   1.157525e-18   480
  3.837450e-01   1.948209e-17   2.522797e-04   1.005308e-18   408
  3.849786e-01   1.971012e-17   1.510870e-04   9.784957e-19   360
  3.854998e-01   1.933025e-17   1.457935e-04   9.628621e-19   408
  3.864656e-01   1.960380e-17   1.483633e-04   8.871459e-19   456
  3.875531e-01   2.096251e-17   1.417988e-04   1.235791e-18   264
  3.881567e-01   1.923963e-17   1.538873e-04   1.030073e-18   384
  3.890354e-01   2.045044e-17   2.590801e-04   8.038238e-19   672
  3.900512e-01   1.980130e-17   1.549634e-04   1.292385e-18   240
  3.906373e-01   2.088761e-17   1.572490e-04   1.210599e-18   264
  3.914646e-01   1.832870e-17   1.939407e-04   7.890303e-19   624
  3.926991e-01   2.278724e-17   0.000000e+00   1.755422e-18   150
  3.931386e-01   2.160526e-17   2.173259e-04   9.476450e-19   600
  3.940655e-01   1.867364e-17   1.499928e-04   7.795937e-19   672
  3.951151e-01   2.061490e-17   1.410788e-04   1.199106e-18   336
  3.956998e-01   2.091379e-17   1.534526e-04   1.046190e-18   408
  3.966340e-01   1.959302e-17   1.530911e-04   9.646064e-19   408
  3.976732e-01   1.875038e-17   7.741108e-05   9.587847e-19   360
  3.983137e-01   2.121212e-17   2.842286e-04   9.870395e-19   456
  3.990874e-01   1.965392e-17   1.545652e-04   8.880043e-19   384
  4.000722e-01   2.374887e-17   1.426833e-04   1.188787e-18   348
  4.006044e-01   2.034787e-17   1.759003e-04   8.459048e-19   576
  4.016040e-01   2.113214e-17   1.448308e-04   9.740096e-19   504
  4.026266e-01   2.065924e-17   2.042754e-04   9.450784e-19   432
  4.035193e-01   1.908892e-17   2.779157e-04   7.583152e-19   576
  4.041559e-01   2.057251e-17   0.000000e+00   1.190218e-18   264
  4.051657e-01   2.091820e-17   2.211515e-04   7.228184e-19   768
  4.060439e-01   2.485384e-17   2.977401e-04   1.665300e-18   240
  4.067421e-01   2.003883e-17   2.625786e-04   1.531755e-18   192
  4.077592e-01   2.015814e-17   1.932899e-04   8.399860e-19   504
  4.085134e-01   1.904686e-17   2.604655e-04   7.840243e-19   590
  4.092368e-01   1.979609e-17   2.918373e-04   9.791472e-19   384
  4.101438e-01   2.094238e-17   2.438900e-04   9.397695e-19   504
  4.112389e-01   2.217405e-17   2.347064e-04   8.141888e-19   648
  4.123011e-01   2.126502e-17   6.374317e-05   9.245217e-19   504
  4.127294e-01   2.200709e-17   1.454101e-04   1.129052e-18   312
  4.134855e-01   1.919914e-17   2.095003e-04   7.276707e-19   576
  4.145236e-01   2.047604e-17   1.457924e-04   1.283315e-18   240
  4.151287e-01   2.009095e-17   1.473162e-04   8.160385e-19   552
  4.159853e-01   2.204319e-17   1.383265e-04   8.757788e-19   600
  4.172054e-01   2.064365e-17   1.689549e-04   7.516638e-19   600
  4.179389e-01   2.280829e-17   2.705679e-04   1.344795e-18   312
  4.186695e-01   2.237687e-17   2.356379e-04   9.811635e-19   480
  4.195820e-01   2.313560e-17   1.470154e-04   9.362220e-19   576
  4.203854e-01   2.218635e-17   2.367268e-04   1.120174e-18   408
  4.210983e-01   2.253016e-17   2.761527e-04   1.391434e-18   216
  4.220194e-01   1.882790e-17   2.115019e-04   8.434163e-19   516
  4.230063e-01   2.276027e-17   2.017943e-04   8.916809e-19   744
  4.240243e-01   2.128924e-17   1.347808e-04   9.803186e-19   462
  4.245995e-01   2.296031e-17   1.369852e-04   1.119603e-18   432
  4.254918e-01   2.314611e-17   1.270838e-04   8.199874e-19   648
  4.265409e-01   2.355002e-17   1.859472e-04   9.716124e-19   528
  4.273836e-01   2.014143e-17   2.239269e-04   8.413449e-19   600
  4.282256e-01   2.020835e-17   2.823132e-04   1.531130e-18   240
  4.290411e-01   2.083954e-17   2.162492e-04   7.555843e-19   720
  4.299890e-01   2.376332e-17   1.710922e-04   8.388322e-19   720
  4.310398e-01   1.957982e-17   0.000000e+00   1.441349e-18   144
  4.315927e-01   2.062097e-17   2.205891e-04   7.375661e-19   720
  4.323793e-01   2.530172e-17   1.322696e-04   1.379827e-18   384
  4.333641e-01   2.190348e-17   1.466278e-04   8.445348e-19   672
  4.342984e-01   2.222075e-17   2.567292e-04   1.161796e-18   336
  4.347447e-01   2.498545e-17   0.000000e+00   1.523112e-18   288
  4.358374e-01   2.172038e-17   2.031840e-04   7.555081e-19   776
  4.368489e-01   2.402951e-17   1.738547e-04   9.108770e-19   720
  4.376985e-01   2.318122e-17   1.400528e-04   1.198301e-18   432
  4.383780e-01   2.249126e-17   1.996629e-04   1.199336e-18   504
  4.391339e-01   2.138068e-17   1.398922e-04   9.473407e-19   528
  4.401917e-01   2.279954e-17   1.905949e-04   1.057644e-18   438
  4.410618e-01   2.075656e-17   2.218350e-04   8.355089e-19   624
  4.417176e-01   2.439363e-17   2.717180e-04   1.324992e-18   312
  4.426191e-01   2.296511e-17   1.463948e-04   8.223672e-19   696
  4.435512e-01   2.227699e-17   1.324608e-04   9.453439e-19   552
  4.445207e-01   2.087100e-17   1.024805e-04   8.536200e-19   516
  4.451205e-01   2.189804e-17   2.046970e-04   8.944028e-19   528
  4.458506e-01   2.212919e-17   1.331200e-04   1.026925e-18   528
  4.468878e-01   2.241994e-17   1.755583e-04   7.915489e-19   864
  4.475918e-01   2.014907e-17   2.404788e-04   9.380843e-19   408
  4.482965e-01   2.221467e-17   2.382549e-04   1.487044e-18   192
  4.492953e-01   2.321079e-17   1.971674e-04   8.514734e-19   720
  4.501385e-01   2.050491e-17   1.817980e-04   7.267134e-19   696
  4.511404e-01   2.322715e-17   1.963435e-04   8.345494e-19   720
  4.520570e-01   2.198616e-17   2.661201e-04   1.048504e-18   432
  4.525916e-01   2.072337e-17   1.566487e-04   1.262060e-18   264
  4.535534e-01   2.336580e-17   2.163249e-04   8.554433e-19   672
  4.544137e-01   2.304560e-17   2.214835e-04   9.148349e-19   600
  4.554346e-01   2.278863e-17   1.296784e-04   1.454763e-18   270
  4.559493e-01   2.278364e-17   1.952021e-04   1.011755e-18   528
  4.567673e-01   2.517619e-17   1.336675e-04   9.518966e-19   840
  4.578890e-01   2.370187e-17   2.555961e-04   8.207263e-19   888
  4.589254e-01   2.319384e-17   1.904380e-04   9.030126e-19   744
  4.598014e-01   2.553308e-17   9.785730e-05   1.258882e-18   456
  4.602370e-01   2.209308e-17   1.337280e-04   1.047651e-18   360
  4.609825e-01   2.298282e-17   1.158678e-04   1.077559e-18   384
  4.621264e-01   2.454912e-17   1.858509e-04   8.741098e-19   816
  4.629847e-01   2.455773e-17   2.696437e-04   8.253517e-19   824
  4.640279e-01   2.402360e-17   1.253432e-04   1.309929e-18   360
  4.645865e-01   2.730333e-17   1.849595e-04   1.115389e-18   624
  4.653553e-01   2.132612e-17   1.249856e-04   1.041926e-18   360
  4.663795e-01   2.435466e-17   1.700172e-04   8.043416e-19   876
  4.673045e-01   2.294765e-17   2.019296e-04   9.452637e-19   696
  4.682373e-01   2.599304e-17   1.303928e-04   1.393774e-18   336
  4.687264e-01   2.586538e-17   1.302463e-04   1.201403e-18   504
  4.695341e-01   2.421518e-17   1.313750e-04   8.802566e-19   672
  4.707324e-01   2.279213e-17   2.615370e-04   8.447011e-19   720
  4.715635e-01   2.240863e-17   1.975633e-04   8.892065e-19   774
  4.724808e-01   2.445949e-17   1.130801e-04   1.168146e-18   384
  4.729612e-01   2.425755e-17   2.176147e-04   1.070547e-18   528
  4.737068e-01   2.477819e-17   2.073989e-04   8.881645e-19   744
  4.749062e-01   2.527910e-17   1.710601e-04   8.962722e-19   768
  4.757025e-01   2.468972e-17   1.920278e-04   1.022771e-18   552
  4.766960e-01   2.321083e-17   2.092886e-04   8.846642e-19   696
  4.774351e-01   2.590729e-17   2.543221e-04   1.359465e-18   408
  4.780218e-01   2.409165e-17   1.098692e-04   1.084576e-18   504
  4.789519e-01   2.356244e-17   1.973758e-04   8.371661e-19   888
  4.798671e-01   2.295084e-17   2.051305e-04   8.998402e-19   648
  4.808184e-01   2.371396e-17   2.033722e-04   9.825438e-19   648
  4.817134e-01   2.463526e-17   2.192851e-04   8.667487e-19   792
  4.826614e-01   2.390908e-17   3.208291e-04   9.718436e-19   600
  4.833600e-01   2.330717e-17   2.174285e-04   1.107484e-18   456
  4.840953e-01   2.531211e-17   1.059654e-04   9.743062e-19   648
  4.850397e-01   2.349845e-17   2.066479e-04   7.473047e-19   936
  4.860593e-01   2.396574e-17   1.269084e-04   1.139259e-18   384
  4.869469e-01   2.797037e-46   0.000000e+00   2.015735e-47   198
  4.876318e-01   2.699281e-46   3.219776e-04   7.478047e-48   1224
  4.883707e-01   2.843418e-46   2.344988e-04   1.504158e-47   420
  4.892446e-01   2.670777e-46   2.269458e-04   9.646650e-48   792
  4.900991e-01   2.659823e-46   1.876648e-04   1.053595e-47   680
  4.910742e-01   2.974022e-46   1.723226e-04   1.124666e-47   600
  4.918588e-01   2.924968e-46   2.499151e-04   1.026295e-47   840
  4.929064e-01   3.237948e-46   1.179983e-04   1.517169e-47   432
  4.933067e-01   2.822137e-46   1.105800e-04   1.061576e-47   720
  4.941771e-01   2.584413e-46   2.214723e-04   8.029404e-48   960
  4.952596e-01   2.968303e-46   1.974263e-04   1.351848e-47   528
  4.960507e-01   2.779131e-46   2.018074e-04   1.119611e-47   624
  4.969923e-01   2.766543e-46   1.586192e-04   9.102153e-48   816
  4.979269e-01   2.899066e-46   2.608527e-04   1.078607e-47   696
  4.989597e-01   3.032480e-46   1.438612e-08   1.895606e-47   240
  4.993481e-01   3.133310e-46   1.538310e-04   1.212923e-47   672
  5.002149e-01   2.952832e-46   2.749181e-04   9.318101e-48   864
  5.011872e-01   2.794691e-46   2.109550e-04   1.061635e-47   816
  5.020636e-01   2.836973e-46   1.207434e-04   1.096536e-47   648
  5.030076e-01   3.121960e-46   1.234217e-04   1.071386e-47   843
  5.038089e-01   2.976599e-46   2.220660e-04   9.704201e-48   780
  5.047639e-01   4.085803e-46   1.191565e-04   2.462911e-47   216
  5.053529e-01   3.024575e-46   2.873328e-04   8.843967e-48   1056
  5.062588e-01   3.527976e-46   2.350705e-04   2.214376e-47   228
  5.070976e-01   3.066590e-46   2.926687e-04   1.030705e-47   924
  5.079587e-01   3.137700e-46   1.085637e-04   1.079917e-47   696
  5.088706e-01   3.219418e-46   1.932122e-04   1.120248e-47   996
  5.098035e-01   3.087689e-46   1.140687e-04   1.338383e-47   576
  5.107740e-01   3.175281e-46   1.760574e-04   1.458063e-47   552
  5.114815e-01   2.969210e-46   2.102064e-04   1.236376e-47   516
  5.121995e-01   3.069502e-46   3.056837e-04   1.094848e-47   744
  5.130199e-01   3.436001e-46   1.499561e-04   1.528395e-47   576
  5.137336e-01   3.209108e-46   1.543428e-04   1.127925e-47   792
  5.147477e-01   3.060910e-46   1.764424e-04   1.061407e-47   792
  5.154909e-01   3.479940e-46   1.902913e-04   1.246993e-47   720
  5.164960e-01   3.366960e-46   2.168883e-04   1.302465e-47   656
  5.174379e-01   3.368768e-46   2.368308e-04   1.148508e-47   816
  5.184034e-01   3.033365e-46   1.276952e-04   1.284790e-47   492
  5.189522e-01   3.464690e-46   1.836985e-04   1.431203e-47   552
  5.199822e-01   3.118256e-46   3.194294e-04   1.151428e-47   780
  5.206511e-01   3.446168e-46   1.962217e-04   1.558269e-47   528
  5.213718e-01   3.372575e-46   2.290504e-04   1.316317e-47   600
  5.224340e-01   3.349690e-46   1.903590e-04   1.292578e-47   900
  5.231662e-01   3.421822e-46   1.053860e-04   1.301691e-47   696
  5.241734e-01   3.508253e-46   2.664725e-04   1.350254e-47   696
  5.251479e-01   3.278326e-46   1.081054e-04   1.404452e-47   552
  5.259673e-01   3.440641e-46   1.257166e-04   1.232018e-47   708
  5.268258e-01   3.407858e-46   2.075652e-04   1.089212e-47   876
  5.277190e-01   3.253541e-46   1.102130e-04   2.049343e-47   216
  5.283184e-01   3.429520e-46   3.014475e-04   1.079492e-47   1032
  5.292161e-01   3.681668e-46   3.356286e-04   1.418062e-47   600
  5.301478e-01   3.927548e-46   1.601495e-04   1.540057e-47   600
  5.308585e-01   3.557573e-46   2.828090e-04   1.557710e-47   528
  5.316987e-01   3.485458e-46   1.552497e-04   1.251450e-47   732
  5.325837e-01   3.316960e-46   1.146378e-04   1.604264e-47   336
  5.336024e-01   3.772297e-46   1.633817e-04   1.289973e-47   912
  5.343638e-01   3.734898e-46   1.639857e-04   1.617860e-47   624
  5.351957e-01   3.826039e-46   1.381873e-04   1.317644e-47   768
  5.361666e-01   3.722667e-46   2.493171e-04   1.305618e-47   792
  5.371196e-01   3.480402e-46   1.236011e-04   1.417871e-47   660
  5.377977e-01   3.776412e-46   1.821461e-04   1.713536e-47   504
  5.384990e-01   3.485077e-46   2.975919e-04   1.742753e-47   480
  5.395501e-01   3.915172e-46   2.752337e-04   1.268657e-47   912
  5.403731e-01   3.838056e-46   3.065154e-04   1.712474e-47   432
  5.411504e-01   4.065149e-46   1.820016e-04   1.550782e-47   564
  5.418405e-01   3.591426e-46   1.742006e-04   1.498221e-47   600
  5.428119e-01   3.894126e-46   2.428192e-04   1.229799e-47   876
  5.435417e-01   3.723239e-46   1.091788e-04   2.308291e-47   264
  5.445477e-01   3.824305e-46   2.118499e-04   1.701576e-47   560
  5.453563e-01   3.789887e-46   1.439565e-04   1.352868e-47   840
  5.463378e-01   3.883576e-46   2.219395e-04   1.256129e-47   1008
  5.472454e-01   3.895375e-46   9.928084e-05   1.710962e-47   456
  5.480744e-01   3.877082e-46   1.286043e-04   1.601857e-47   576
  5.488407e-01   3.629865e-46   1.976142e-04   1.505719e-47   612
  5.498512e-01   4.299816e-46   1.765015e-04   1.425228e-47   780
  5.506755e-01   4.124158e-46   2.022627e-04   1.650129e-47   648
  5.515194e-01   3.468746e-46   9.425702e-05   1.995554e-47   312
  5.520587e-01   3.957791e-46   2.394916e-04   1.682169e-47   528
  5.529931e-01   3.935338e-46   3.127641e-04   1.456190e-47   720
  5.538866e-01   4.252400e-46   3.137436e-04   1.780183e-47   576
  5.549699e-01   4.277170e-46   2.706443e-04   2.228936e-47   444
  5.556439e-01   3.921210e-46   2.654148e-04   1.230130e-47   996
  5.564699e-01   3.963148e-46   2.217012e-04   2.041533e-47   432
  5.572506e-01   3.821446e-46   2.427192e-04   1.678465e-47   504
  5.579250e-01   3.790120e-46   1.094306e-04   1.721446e-47   504
  5.588852e-01   4.546586e-46   2.153608e-04   1.580271e-47   876
  5.597541e-01   4.332093e-46   2.478597e-04   1.989040e-47   504
  5.606589e-01   4.297781e-46   1.580720e-04   1.690355e-47   696
  5.614066e-01   4.204517e-46   1.351349e-04   1.894246e-47   492
  5.624240e-01   4.392540e-46   1.934522e-04   2.032304e-47   432
  5.631776e-01   4.316599e-46   1.811468e-04   1.432676e-47   768
  5.640708e-01   4.366771e-46   2.256427e-04   1.566672e-47   648
  5.649237e-01   4.076010e-46   1.472076e-04   2.002223e-47   456
  5.659038e-01   3.830573e-46   2.024344e-04   1.424120e-47   552
  5.665845e-01   4.199581e-46   1.387487e-04   1.668760e-47   648
  5.675213e-01   4.537842e-46   2.261525e-04   1.523820e-47   840
  5.684363e-01   4.967366e-46   1.078474e-04   2.557049e-47   432
  5.693524e-01   4.531321e-46   1.320946e-04   1.715983e-47   600
  5.699896e-01   4.434234e-46   1.407382e-04   1.949517e-47   432
  5.710598e-01   4.678163e-46   1.401185e-04   2.173447e-47   560
  5.717846e-01   4.757539e-46   2.217929e-04   1.635711e-47   840
  5.726922e-01   4.314143e-46   1.313712e-04   1.841875e-47   504
  5.734129e-01   4.336948e-46   2.681208e-04   1.546332e-47   696
  5.744289e-01   4.395860e-46   1.464380e-04   2.275524e-47   384
  5.752203e-01   4.663939e-46   2.145144e-04   1.858445e-47   576
  5.761776e-01   4.223778e-46   1.323876e-04   1.941509e-47   360
  5.769491e-01   4.337161e-46   1.971572e-04   1.477115e-47   828
  5.777814e-01   4.829137e-46   1.756051e-04   2.704471e-47   372
  5.785440e-01   4.416785e-46   2.681827e-04   1.772661e-47   576
  5.795542e-01   4.655505e-46   1.123146e-04   1.600788e-47   636
  5.802740e-01   4.558762e-46   2.165136e-04   1.853373e-47   648
  5.812477e-01   4.760398e-46   1.760019e-04   1.802870e-47   576
  5.819467e-01   3.964928e-46   2.839096e-04   1.663176e-47   528
  5.828762e-01   4.843914e-46   1.213831e-04   2.514622e-47   360
  5.836457e-01   5.202968e-46   2.792266e-04   2.014702e-47   672
  5.846504e-01   4.852402e-46   1.430245e-04   1.589957e-47   804
  5.854866e-01   5.256054e-46   1.577731e-04   2.696385e-47   408
  5.864116e-01   4.655596e-46   9.752092e-05   2.241832e-47   384
  5.870345e-01   4.583732e-46   2.231653e-04   1.990134e-47   480
  5.879130e-01   5.120858e-46   1.441975e-04   2.325394e-47   432
  5.887557e-01   4.716170e-46   2.657252e-04   1.705408e-47   648
  5.897530e-01   4.817980e-46   1.648813e-04   1.983111e-47   624
  5.904826e-01   4.529525e-46   1.499734e-04   1.983432e-47   456
  5.914788e-01   5.535113e-46   2.048770e-04   2.434538e-47   588
  5.921465e-01   4.653029e-46   1.307107e-04   1.880820e-47   600
  5.931212e-01   5.060250e-46   2.038766e-04   1.835583e-47   708
  5.938912e-01   4.486074e-46   1.284383e-04   2.092496e-47   360
  5.947420e-01   5.075009e-46   1.476433e-04   2.325901e-47   552
  5.955576e-01   4.720709e-46   1.035752e-04   2.959673e-47   288
  5.963856e-01   4.911110e-46   1.947498e-04   2.431195e-47   528
  5.971636e-01   5.288083e-46   1.313872e-04   2.512303e-47   456
  5.980328e-01   4.983122e-46   2.329780e-04   2.008493e-47   608
  5.989070e-01   5.143731e-46   1.127174e-04   2.121766e-47   504
  5.998623e-01   4.942119e-46   2.419978e-04   2.232179e-47   540
  6.006113e-01   5.283592e-46   2.597778e-04   2.900222e-47   360
  6.014188e-01   5.607178e-46   1.176407e-04   2.454739e-47   540
  6.021329e-01   5.119573e-46   1.010085e-04   2.091536e-47   576
  6.031714e-01   5.376621e-46   2.342044e-04   2.188167e-47   588
  6.041588e-01   5.431343e-46   3.231314e-04   1.889774e-47   672
  6.050070e-01   5.039774e-46   2.469721e-04   2.263108e-47   552
  6.056908e-01   5.838578e-46   2.470970e-04   4.567729e-47   144
  6.065633e-01   5.531493e-46   2.099342e-04   2.361802e-47   600
  6.073906e-01   5.488496e-46   2.630934e-04   2.530986e-47   504
  6.083088e-01   5.480352e-46   2.702501e-04   2.752589e-47   336
  6.092745e-01   4.831604e-46   3.037623e-04   1.965029e-47   600
  6.101395e-01   5.365486e-46   1.960382e-04   2.253410e-47   636
  6.110731e-01   4.794949e-46   1.576165e-04   2.422435e-47   384
  6.117276e-01   5.877473e-46   2.198564e-04   2.773021e-47   504
  6.126710e-01   5.077517e-46   9.227064e-05   2.489730e-47   240
  6.134155e-01   5.731161e-46   2.167569e-04   2.056248e-47   744
  6.143088e-01   5.404485e-46   1.480120e-04   2.286625e-47   648
  6.151027e-01   4.368191e-46   9.825476e-05   4.036165e-47   120
  6.160331e-01   6.162401e-46   1.543455e-04   2.428655e-47   564
  6.167362e-01   5.691529e-46   2.424089e-04   2.729780e-47   432
  6.176746e-01   5.752874e-46   1.881572e-04   2.592823e-47   480
  6.183811e-01   5.350480e-46   1.384885e-04   2.334977e-47   456
  6.192152e-01   5.798215e-46   2.291780e-04   2.774661e-47   444
  6.201616e-01   5.768433e-46   3.506544e-04   2.596268e-47   528
  6.209930e-01   5.500534e-46   2.604238e-04   3.313109e-47   264
  6.217998e-01   5.854809e-46   2.668956e-04   2.797587e-47   444
  6.228852e-01   5.844413e-46   2.923449e-04   2.304702e-47   696
  6.237861e-01   5.602216e-46   1.563558e-04   2.835607e-47   384
  6.244450e-01   5.970627e-46   1.975687e-04   2.977073e-47   432
  6.254698e-01   6.183524e-46   1.365107e-04   2.518265e-47   488
  6.261352e-01   6.047467e-46   2.057386e-04   2.941789e-47   480
  6.270999e-01   5.622326e-46   2.294412e-04   2.604763e-47   480
  6.278471e-01   5.184805e-46   9.626648e-05   3.236904e-47   240
  6.286954e-01   6.822651e-46   2.248709e-04   2.657317e-47   600
  6.294955e-01   5.702382e-46   1.959519e-04   2.993014e-47   288
  6.303474e-01   6.485514e-46   1.884914e-04   2.998374e-47   480
  6.312103e-01   5.359391e-46   3.352926e-04   2.525676e-47   504
  6.320598e-01   5.982082e-46   1.438614e-04   3.552752e-47   216
  6.331433e-01   5.711624e-46   2.355240e-04   2.625627e-47   504
  6.339871e-01   6.772767e-46   1.894329e-04   3.175885e-47   456
  6.349107e-01   6.830023e-46   1.086430e-04   3.400678e-47   384
  6.355225e-01   6.456541e-46   2.205061e-04   2.925460e-47   480
  6.363918e-01   5.944373e-46   1.936290e-04   2.505768e-47   504
  6.371972e-01   6.318419e-46   1.228262e-04   3.646095e-47   312
  6.380652e-01   5.864225e-46   1.979302e-04   2.617468e-47   492
  6.388334e-01   6.153526e-46   1.855135e-04   3.517450e-47   312
  6.398223e-01   5.447679e-46   3.013519e-04   2.264095e-47   576
  6.406929e-01   6.774859e-46   2.781722e-04   3.503168e-47   336
  6.414159e-01   5.296117e-46   2.141797e-04   3.481821e-47   240
  6.424183e-01   6.767313e-46   2.839481e-04   3.173608e-47   468
  6.432837e-01   5.438423e-46   1.777925e-04   3.552587e-47   192
  6.441896e-01   6.052996e-46   1.783224e-04   3.617945e-47   324
  6.448535e-01   6.603085e-46   1.294235e-04   2.781281e-47   600
  6.457583e-01   5.950301e-46   2.099764e-04   2.751401e-47   456
  6.464302e-01   7.112884e-46   9.444737e-05   4.122412e-47   336
  6.475438e-01   6.718190e-46   2.828021e-04   3.001995e-47   612
  6.483539e-01   6.455111e-46   2.373399e-04   4.428462e-47   144
  6.491201e-01   6.244638e-46   2.770366e-04   2.603872e-47   552
  6.501620e-01   6.906929e-46   1.091004e-04   3.823964e-47   264
  6.507507e-01   7.831186e-46   2.525953e-04   3.779352e-47   336
  6.516793e-01   7.211953e-46   1.669063e-04   3.721878e-47   384
  6.524847e-01   6.499909e-46   9.395175e-05   4.091484e-47   216
  6.533762e-01   6.402389e-46   1.991971e-04   3.489963e-47   344
  6.541891e-01   7.022753e-46   2.972114e-04   3.912809e-47   408
  6.551797e-01   6.527940e-46   2.283876e-04   4.089885e-47   264
  6.560575e-01   6.656550e-46   3.183837e-04   2.621818e-47   612
  6.569345e-01   5.728943e-46   1.638646e-04   2.844294e-47   408
  6.578364e-01   6.239214e-46   1.641001e-04   3.141839e-47   444
  6.584991e-01   7.902666e-46   9.177996e-05   7.572282e-47   120
  6.593870e-01   7.109915e-46   2.535712e-04   4.139815e-47   336
  6.600460e-01   6.518644e-46   8.811499e-05   3.982599e-47   288
  6.609366e-01   6.116728e-46   2.742154e-04   2.695792e-47   552
  6.621610e-01   5.851999e-46   0.000000e+00   6.228482e-47   72
  6.627906e-01   7.089957e-46   2.723657e-04   3.004361e-47   504
  6.635259e-01   7.467997e-46   8.764464e-05   4.866247e-47   216
  6.644787e-01   6.323841e-46   1.564835e-04   3.048592e-47   312
  6.653340e-01   7.371188e-46   1.781811e-04   4.646313e-47   336
  6.661492e-01   7.741874e-46   2.469789e-04   6.689904e-47   204
  6.669611e-01   6.587375e-46   2.870270e-04   3.103700e-47   504
  6.678221e-01   6.473870e-46   2.733322e-04   3.143860e-47   396
  6.686501e-01   6.518026e-46   2.506599e-04   3.417746e-47   312
  6.696540e-01   7.090817e-46   1.531800e-04   4.576751e-47   216
  6.703613e-01   7.828161e-46   8.313373e-05   6.156112e-47   168
  6.712208e-01   6.623034e-46   2.099173e-04   2.677793e-47   588
  6.722017e-01   8.057108e-46   2.849381e-04   4.900951e-47   240
  6.729637e-01   6.682260e-46   2.516481e-04   3.807504e-47   264
  6.738575e-01   7.103271e-46   3.112147e-04   3.946194e-47   288
  6.746505e-01   7.195308e-46   1.554077e-04   3.953110e-47   288
  6.756555e-01   8.173553e-46   1.459525e-04   5.053912e-47   288
  6.763322e-01   8.183336e-46   1.690738e-04   6.340901e-47   192
  6.771836e-01   6.729176e-46   1.799115e-04   4.260564e-47   264
  6.779946e-01   8.342104e-46   2.959295e-04   3.966755e-47   372
  6.788675e-01   7.419875e-46   3.196167e-04   3.453976e-47   360
  6.799329e-01   7.071160e-46   1.352648e-04   5.381589e-47   144
  6.804835e-01   6.589583e-46   1.878769e-04   3.717018e-47   296
  6.813527e-01   8.098540e-46   2.024276e-04   4.294894e-47   288
  6.823478e-01   7.370988e-46   3.025230e-04   3.375580e-47   480
  6.832061e-01   8.329854e-46   2.513677e-04   5.951239e-47   192
  6.840407e-01   8.657723e-46   2.696262e-04   5.543199e-47   192
  6.847993e-01   9.118060e-46   1.718359e-04   4.955870e-47   288
  6.858544e-01   7.639732e-46   1.495808e-04   7.142481e-47   108
  6.863859e-01   9.059825e-46   1.438036e-04   6.219116e-47   240
  6.873243e-01   7.815949e-46   2.682690e-04   3.460651e-47   384
  6.882884e-01   7.423876e-46   3.272578e-04   6.038289e-47   108
  6.891409e-01   7.178447e-46   1.918773e-04   3.826731e-47   348
  6.900373e-01   7.316420e-46   2.002507e-04   4.062825e-47   312
  6.908379e-01   8.482485e-46   1.945855e-04   8.685697e-47   96
  6.915741e-01   8.123971e-46   2.590555e-04   4.146500e-47   384
  6.923987e-01   8.506031e-46   1.781778e-04   5.632789e-47   144
  6.932053e-01   8.603398e-46   2.737780e-04   3.692266e-47   408
  6.942079e-01   9.126639e-46   1.221243e-04   8.326692e-47   144
  6.951550e-01   8.452167e-46   2.347853e-04   6.171119e-47   192
  6.957167e-01   8.036507e-46   2.642552e-04   7.060787e-47   144
  6.966323e-01   8.718603e-46   2.148492e-04   6.601013e-47   144
  6.974962e-01   8.690761e-46   2.625805e-04   4.894038e-47   336
  6.985541e-01   8.463365e-46   1.942763e-04   6.336887e-47   240
  6.992249e-01   9.652797e-46   8.821915e-05   1.101430e-46   96
  7.001605e-01   7.590476e-46   2.587043e-04   3.760323e-47   372
  7.011070e-01   8.943167e-46   3.077232e-04   7.149085e-47   132
  7.019384e-01   9.196106e-46   1.904154e-04   5.065778e-47   264
  7.026821e-01   9.142569e-46   1.462304e-04   6.595498e-47   168
  7.034759e-01   9.263972e-46   2.337943e-04   7.090977e-47   216
  7.041771e-01   9.486038e-46   1.430383e-04   6.405708e-47   216
  7.051983e-01   9.272146e-46   2.624157e-04   9.236298e-47   96
  7.061249e-01   7.195253e-46   1.712023e-04   6.424250e-47   120
  7.069747e-01   9.466144e-46   2.176463e-04   6.324878e-47   216
  7.076747e-01   9.625204e-46   9.511215e-05   8.846735e-47   200
  7.086015e-01   8.192851e-46   2.462045e-04   4.364806e-47   288
  7.097902e-01   8.654463e-46   6.478119e-05   6.803372e-47   144
  7.102908e-01   7.555515e-46   2.015951e-04   5.143392e-47   168
  7.113130e-01   7.373034e-46   2.268765e-04   5.980143e-47   159
  7.121109e-01   8.859703e-46   2.380480e-04   6.509362e-47   174
  7.128831e-01   9.982870e-46   2.158536e-04   7.750260e-47   144
  7.138943e-01   8.345241e-46   1.246398e-04   5.553218e-47   222
  7.145705e-01   9.355599e-46   1.257726e-04   8.792174e-47   168
  7.157386e-01   8.131620e-46   2.758677e-04   1.306535e-46   30
  7.162211e-01   9.707915e-46   2.435709e-04   1.193796e-46   72
  7.171298e-01   1.007104e-45   2.173841e-04   6.790670e-47   258
  7.181290e-01   8.194547e-46   1.361533e-04   6.047166e-47   264
  7.186286e-01   8.593497e-46   1.468278e-08   9.251863e-47   72
  7.196697e-01   9.658196e-46   2.698616e-04   6.450213e-47   174
  7.206123e-01   8.823873e-46   2.873527e-04   7.766585e-47   168
  7.213701e-01   1.443609e-45   8.991328e-09   1.836772e-46   48
  7.221837e-01   9.439567e-46   1.622748e-04   7.122934e-47   150
  7.231270e-01   1.050421e-45   2.985162e-04   8.269315e-47   168
  7.240729e-01   9.129527e-46   1.818422e-04   7.064749e-47   144
  7.249427e-01   1.036305e-45   1.698820e-04   1.041596e-46   102
  7.255906e-01   8.415732e-46   2.514545e-04   8.281890e-47   96
  7.266185e-01   9.734153e-46   2.495518e-04   8.584557e-47   120
  7.273797e-01   1.035042e-45   2.676508e-04   1.041942e-46   168
  7.282031e-01   6.494790e-46   1.976389e-04   5.064835e-47   126
  7.289046e-01   9.162549e-46   1.490593e-04   6.063221e-47   168
  7.298711e-01   1.024419e-45   2.390167e-04   1.079632e-46   72
  7.307158e-01   1.065982e-45   2.993022e-04   7.588237e-47   168
  7.314557e-01   1.141576e-45   8.205344e-05   1.250725e-46   78
  7.324696e-01   7.630904e-46   1.347256e-04   1.062963e-46   60
  7.332860e-01   7.761524e-46   2.185468e-04   7.689432e-47   96
  7.341327e-01   9.581081e-46   2.651884e-04   7.781268e-47   168
  7.349284e-01   7.004978e-46   1.678009e-04   7.108556e-47   86
  7.357634e-01   9.083600e-46   1.499742e-04   7.590362e-47   120
  7.369601e-01   9.088268e-46   1.069515e-04   7.362399e-47   168
  7.376055e-01   9.260196e-46   0.000000e+00   1.134077e-46   48
  7.384747e-01   1.116178e-45   1.948541e-04   1.326808e-46   120
  7.389742e-01   9.111237e-46   1.421539e-04   9.320627e-47   126
  7.401935e-01   1.229243e-45   2.500091e-04   1.029220e-46   96
  7.409848e-01   9.173066e-46   7.209028e-05   1.117795e-46   96
  7.416089e-01   1.120673e-45   8.477105e-09   1.062378e-46   72
  7.429385e-01   9.514750e-46   8.991328e-09   1.688722e-46   24
  7.437683e-01   1.001913e-45   1.483601e-04   8.855504e-47   120
  7.444157e-01   1.045272e-45   2.164118e-04   1.062620e-46   126
  7.451355e-01   7.862327e-46   1.804085e-04   6.676152e-47   96
  7.459766e-01   1.226595e-45   3.117986e-04   1.141679e-46   72
  7.469132e-01   1.047729e-45   1.348634e-04   8.334958e-47   144
  7.476836e-01   1.069821e-45   7.778603e-05   9.222106e-47   72
  7.484533e-01   1.269707e-45   1.553665e-04   2.162904e-46   54
  7.491306e-01   1.182445e-45   1.369149e-04   9.828396e-47   108
  7.505382e-01   7.387121e-46   1.342120e-04   7.428045e-47   72
  7.509765e-01   1.136263e-45   7.744493e-05   1.363715e-46   72
  7.520162e-01   7.165457e-46   1.557344e-08   1.147207e-46   24
  7.529998e-01   9.957033e-46   1.638381e-04   1.179080e-46   48
  7.535971e-01   1.105031e-45   1.248023e-04   1.187828e-46   102
  7.544963e-01   7.895684e-46   2.822510e-04   6.059888e-47   168
  7.556711e-01   5.995939e-46   1.539331e-04   6.888299e-47   72
  7.561064e-01   1.144175e-45   0.000000e+00   1.368995e-46   48
  7.570195e-01   1.105219e-45   2.647743e-04   9.733639e-47   120
  7.582245e-01   1.114104e-45   1.627091e-04   1.096125e-46   96
  7.593627e-01   1.466015e-45   1.438612e-08   2.110686e-46   30
  7.607153e-01   8.693776e-46   7.644796e-05   9.089909e-47   72
  7.613097e-01   7.510626e-46   8.991328e-09   1.301736e-46   24
  7.620733e-01   1.170817e-45   1.133148e-04   1.502695e-46   56
  7.629285e-01   1.264123e-45   1.617059e-04   1.333613e-46   96
  7.639519e-01   1.112827e-45   1.785629e-04   1.091659e-46   144
  7.647411e-01   9.936658e-46   1.013810e-04   1.192003e-46   54
  7.658874e-01   1.279105e-45   1.518795e-04   1.069254e-46   108
  7.670409e-01   1.278189e-45   8.041947e-05   1.442736e-46   48
  7.681392e-01   1.072071e-45   3.028050e-04   1.152354e-46   72
  7.707744e-01   9.473724e-46   2.000642e-04   9.300291e-47   78
  7.715046e-01   1.075393e-45   1.507735e-04   1.336733e-46   72
  7.723570e-01   1.094343e-45   1.505863e-04   1.465853e-46   72
  7.732482e-01   1.125271e-45   3.633813e-04   1.122926e-46   96
  7.739527e-01   9.705070e-46   1.502759e-04   1.083378e-46   72
  7.748024e-01   1.046091e-45   0.000000e+00   1.401509e-46   24
  7.756510e-01   1.132783e-45   2.998733e-04   1.556919e-46   72
  7.775680e-01   1.207532e-45   1.904287e-04   1.374434e-46   30
  7.779804e-01   1.830792e-45   0.000000e+00   3.326272e-46   24
  7.801973e-01   1.320179e-45   1.581267e-04   1.526963e-46   48
  7.808927e-01   1.240047e-45   3.402886e-04   1.113721e-46   120
  7.818296e-01   9.906198e-46   1.487821e-04   1.282612e-46   72
  7.827758e-01   1.325827e-45   1.486022e-04   1.370583e-46   36
  7.834261e-01   1.100460e-45   2.937071e-04   1.098057e-46   78
  7.852411e-01   1.061037e-45   1.571111e-04   1.354195e-46   48
  7.875942e-01   1.807124e-45   1.271566e-08   2.956684e-46   24
  7.892707e-01   1.081127e-45   1.094089e-04   1.198224e-46   56
  7.901149e-01   9.588930e-46   1.683597e-04   9.932088e-47   102
  7.911888e-01   1.077393e-45   1.198844e-08   1.266442e-46   72
  7.918122e-01   1.556099e-45   8.991328e-09   3.793191e-46   24
  7.929021e-01   1.189040e-45   1.555930e-04   1.915048e-46   48
  7.949223e-01   1.867098e-45   0.000000e+00   2.848043e-46   24
  7.974016e-01   1.005127e-45   0.000000e+00   2.271311e-46   6
  7.981748e-01   1.367571e-45   0.000000e+00   2.468394e-46   24
  7.986898e-01   1.212992e-45   1.456409e-04   1.450253e-46   72
  7.996307e-01   1.128599e-45   2.717068e-04   1.225238e-46   84
  8.006440e-01   1.062255e-45   0.000000e+00   1.672768e-46   24
  8.009521e-01   1.044936e-45   1.271566e-08   2.499625e-46   24
  8.024909e-01   1.050708e-45   1.557344e-08   1.645621e-46   24
  8.046403e-01   8.608337e-46   0.000000e+00   2.811210e-46   6
  8.073954e-01   1.383123e-45   1.528000e-04   1.692499e-46   48
  8.080572e-01   1.087086e-45   2.878503e-04   1.054196e-46   72
  8.089220e-01   1.024569e-45   1.525117e-04   1.464250e-46   48
  8.102934e-01   1.183234e-45   0.000000e+00   1.596399e-46   24
  8.121184e-01   1.049638e-45   0.000000e+00   2.039164e-46   6
  8.162097e-01   1.592985e-45   0.000000e+00   2.170322e-46   8
  8.165120e-01   1.187355e-45   8.991328e-09   1.724817e-46   48
  8.172369e-01   1.547688e-45   1.479045e-04   1.511141e-46   60
  8.183231e-01   4.972917e-46   0.000000e+00   6.590882e-47   24
  8.198293e-01   4.696755e-46   0.000000e+00   9.901897e-47   6
  8.253784e-01   1.636854e-45   0.000000e+00   2.039809e-46   24
  8.258266e-01   2.045220e-45   1.493898e-04   3.652001e-46   48
  8.265733e-01   1.461008e-45   0.000000e+00   3.096323e-46   24
  8.277664e-01   2.501986e-46   0.000000e+00   5.967817e-47   6
  8.345448e-01   1.049250e-45   1.393664e-04   1.503947e-46   36
  8.350375e-01   1.685359e-45   0.000000e+00   2.598506e-46   24
  8.359234e-01   3.244110e-45   0.000000e+00   7.957709e-46   6
  8.436361e-01   1.441887e-45   1.266552e-04   2.591863e-46   32
  8.442939e-01   1.428567e-45   0.000000e+00   4.347565e-46   6
  8.525822e-01   1.266831e-45   0.000000e+00   3.732725e-46   12
  8.528715e-01   8.450682e-46   0.000000e+00   1.750157e-46   6
  8.616502e-01   3.399645e-45   0.000000e+00   1.060963e-45   6
