# power spectrum of phi_prime
# redshift z=9.986322
# k              Pk             sigma(k)       sigma(Pk)      count
  1.570796e-02   2.741433e-15   0.000000e+00   9.262373e-16   6
  2.221441e-02   2.614004e-15   0.000000e+00   4.072276e-16   12
  2.720699e-02   3.104746e-15   2.980232e-10   1.518658e-15   8
  3.141593e-02   1.848507e-15   0.000000e+00   6.351924e-16   6
  3.512407e-02   4.625014e-15   5.619580e-10   7.605525e-16   24
  3.847649e-02   8.437981e-15   5.619580e-10   1.078474e-15   24
  4.442883e-02   1.541973e-14   0.000000e+00   4.214851e-15   12
  4.712389e-02   1.389565e-14   6.357829e-10   2.337946e-15   30
  4.967294e-02   7.984854e-15   0.000000e+00   1.051645e-15   24
  5.209742e-02   1.053384e-14   9.733398e-10   2.315881e-15   24
  5.441398e-02   1.225611e-14   5.960464e-10   3.383587e-15   8
  5.663587e-02   1.380962e-14   7.947286e-10   4.046534e-15   24
  5.877382e-02   1.420749e-14   0.000000e+00   2.266531e-15   48
  6.283185e-02   6.833221e-15   0.000000e+00   2.357652e-15   6
  6.476559e-02   1.334006e-14   7.947286e-10   2.263133e-15   48
  6.664324e-02   1.560408e-14   7.492773e-10   2.761116e-15   36
  6.846942e-02   1.213718e-14   7.947286e-10   2.484982e-15   24
  7.024815e-02   2.325939e-14   1.123916e-09   5.163673e-15   24
  7.198293e-02   1.587463e-14   0.000000e+00   1.788721e-15   48
  7.367688e-02   3.698138e-14   1.123916e-09   5.006658e-15   24
  7.695299e-02   1.482978e-14   1.123916e-09   1.890928e-15   24
  7.853982e-02   2.013580e-14   0.000000e+00   2.847777e-15   30
  8.009521e-02   1.889988e-14   0.000000e+00   1.883195e-15   72
  8.162097e-02   1.546636e-14   1.192093e-09   2.984018e-15   32
  8.458997e-02   2.416677e-14   0.000000e+00   2.572201e-15   72
  8.603606e-02   1.543622e-14   0.000000e+00   1.888948e-15   48
  8.885766e-02   2.788661e-14   0.000000e+00   8.170593e-15   12
  9.091388e-02   2.531475e-14   6.784996e-04   2.206422e-15   96
  9.292956e-02   3.198326e-14   1.123916e-09   4.823126e-15   48
  9.424778e-02   3.715607e-14   1.271566e-09   6.838232e-15   30
  9.650974e-02   2.646351e-14   5.553727e-04   2.712648e-15   96
  9.934588e-02   3.983313e-14   0.000000e+00   1.240386e-14   24
  1.009864e-01   2.589884e-14   5.747348e-04   2.652755e-15   144
  1.030040e-01   2.652460e-14   1.946680e-09   2.401580e-15   24
  1.050779e-01   3.847469e-14   5.098206e-04   3.532386e-15   96
  1.065366e-01   2.275067e-14   0.000000e+00   2.674808e-15   48
  1.098102e-01   3.705170e-14   3.780724e-04   3.998150e-15   62
  1.114740e-01   3.216472e-14   5.316623e-04   2.605997e-15   132
  1.132717e-01   2.878095e-14   1.589457e-09   4.278514e-15   24
  1.149693e-01   2.911130e-14   5.313863e-04   2.202310e-15   168
  1.180701e-01   3.001767e-14   5.224442e-04   2.908625e-15   96
  1.203984e-01   3.287080e-14   4.446482e-04   2.702065e-15   96
  1.232554e-01   3.227995e-14   4.956196e-04   2.749076e-15   168
  1.256637e-01   3.721376e-14   0.000000e+00   1.369757e-14   6
  1.266416e-01   3.616193e-14   0.000000e+00   4.609989e-15   96
  1.278047e-01   3.577699e-14   3.852495e-04   3.619990e-15   120
  1.301638e-01   2.658694e-14   4.473436e-04   2.118085e-15   144
  1.314222e-01   4.468576e-14   0.000000e+00   7.663721e-15   48
  1.338136e-01   3.027431e-14   4.564740e-04   3.984315e-15   84
  1.351250e-01   2.616330e-14   3.114687e-09   2.314146e-15   120
  1.363061e-01   2.568805e-14   4.142175e-04   3.700000e-15   80
  1.381342e-01   3.714778e-14   4.205668e-04   2.966887e-15   144
  1.404963e-01   1.800257e-14   2.247832e-09   2.576313e-15   24
  1.416501e-01   3.444146e-14   4.058285e-04   2.237846e-15   150
  1.434502e-01   4.375154e-14   4.210699e-04   4.058032e-15   120
  1.454270e-01   3.671204e-14   3.837166e-04   3.039155e-15   168
  1.473538e-01   4.989552e-14   2.247832e-09   8.828441e-15   24
  1.485660e-01   2.856118e-14   4.133786e-04   1.745656e-15   264
  1.498444e-01   2.478914e-14   2.247832e-09   3.887469e-15   48
  1.520236e-01   3.912960e-14   3.828947e-04   2.933525e-15   144
  1.544390e-01   4.003057e-14   3.768959e-04   3.743752e-15   72
  1.558174e-01   3.547975e-14   3.876848e-04   2.793909e-15   180
  1.577444e-01   3.232023e-14   2.809042e-04   1.817711e-15   198
  1.586427e-01   4.057133e-14   0.000000e+00   6.371781e-15   48
  1.606295e-01   3.483837e-14   3.802118e-04   2.840409e-15   168
  1.621039e-01   4.168057e-14   3.805277e-04   2.985205e-15   144
  1.643345e-01   3.722358e-14   5.346625e-04   2.384474e-15   248
  1.673465e-01   2.583216e-14   3.686065e-04   1.812341e-15   192
  1.693976e-01   3.269245e-14   5.693667e-04   2.003841e-15   240
  1.706322e-01   3.395696e-14   0.000000e+00   3.443351e-15   72
  1.725150e-01   3.205554e-14   3.474519e-04   3.524627e-15   126
  1.737029e-01   3.670477e-14   3.205713e-04   2.707603e-15   168
  1.759709e-01   3.467284e-14   3.505411e-04   2.232686e-15   288
  1.783549e-01   3.679314e-14   1.846233e-04   2.702158e-15   156
  1.795894e-01   3.307108e-14   3.105899e-04   2.529961e-15   168
  1.814616e-01   3.891043e-14   5.324516e-04   2.611876e-15   264
  1.831848e-01   3.005090e-14   0.000000e+00   3.797632e-15   48
  1.844652e-01   4.160009e-14   5.299184e-04   2.518710e-15   264
  1.863009e-01   4.055998e-14   3.123533e-04   2.672906e-15   144
  1.876872e-01   4.035687e-14   6.390593e-04   4.095391e-15   78
  1.897067e-01   3.261275e-14   4.154149e-04   2.028302e-15   336
  1.916111e-01   3.325043e-14   3.160631e-04   2.630493e-15   200
  1.928618e-01   3.404648e-14   6.188557e-04   2.512322e-15   192
  1.945503e-01   2.920020e-14   3.105574e-04   2.152982e-15   240
  1.961016e-01   3.103739e-14   6.223754e-04   2.210800e-15   168
  1.976952e-01   3.302565e-14   4.982915e-04   3.187873e-15   120
  1.996091e-01   3.140103e-14   3.894583e-04   1.750412e-15   324
  2.014663e-01   3.536518e-14   3.061804e-04   2.931625e-15   192
  2.027302e-01   3.362710e-14   5.491178e-04   2.469836e-15   168
  2.048802e-01   3.814114e-14   4.522690e-04   2.276978e-15   342
  2.068188e-01   3.434578e-14   3.641675e-04   1.778706e-15   336
  2.087838e-01   3.185374e-14   2.786838e-04   3.493307e-15   72
  2.101088e-01   3.661981e-14   4.457174e-04   2.390774e-15   288
  2.116470e-01   3.498046e-14   2.902819e-04   1.902593e-15   264
  2.137954e-01   3.447246e-14   3.817923e-04   2.058863e-15   384
  2.157197e-01   3.991837e-14   4.582500e-04   3.015849e-15   240
  2.165193e-01   2.613931e-14   0.000000e+00   3.057424e-15   48
  2.188323e-01   3.716238e-14   3.751076e-04   1.903600e-15   392
  2.205970e-01   3.686274e-14   4.116619e-04   2.065162e-15   294
  2.224945e-01   3.951493e-14   2.675587e-04   3.345562e-15   228
  2.237424e-01   3.968005e-14   4.063271e-04   2.744622e-15   216
  2.252951e-01   3.173486e-14   2.475063e-04   1.764882e-15   336
  2.271958e-01   3.219173e-14   2.940781e-04   1.747957e-15   360
  2.287649e-01   3.612298e-14   4.480490e-04   2.389254e-15   240
  2.303999e-01   3.587058e-14   5.301447e-04   2.676972e-15   168
  2.319249e-01   2.823493e-14   4.172883e-04   1.753932e-15   312
  2.337418e-01   3.131431e-14   2.611535e-04   1.785223e-15   336
  2.357046e-01   3.618689e-14   3.562619e-04   2.699862e-15   294
  2.371846e-01   3.585529e-14   4.748243e-04   2.297856e-15   288
  2.383170e-01   3.582948e-14   2.971134e-04   2.592530e-15   264
  2.403364e-01   3.248454e-14   5.103645e-04   1.617660e-15   480
  2.420249e-01   3.486587e-14   2.496686e-04   2.147556e-15   240
  2.440949e-01   3.079068e-14   2.524589e-04   2.080037e-15   276
  2.457280e-01   3.198318e-14   5.541970e-04   1.415896e-15   488
  2.476682e-01   3.515333e-14   2.440802e-04   2.288737e-15   240
  2.487944e-01   3.199008e-14   4.739408e-04   1.685253e-15   360
  2.503735e-01   3.857128e-14   1.686210e-04   3.324668e-15   198
  2.524044e-01   3.356286e-14   5.697771e-04   1.488235e-15   480
  2.538913e-01   3.531040e-14   2.103076e-04   1.937261e-15   288
  2.559478e-01   3.436881e-14   4.445422e-04   1.794423e-15   480
  2.577972e-01   3.544274e-14   2.738942e-04   1.638540e-15   480
  2.596963e-01   3.184296e-14   3.542367e-04   1.830127e-15   288
  2.608812e-01   3.347876e-14   3.779053e-04   2.070860e-15   288
  2.627448e-01   3.724110e-14   6.569890e-04   2.268920e-15   456
  2.646214e-01   3.426536e-14   6.187305e-04   1.847297e-15   360
  2.658312e-01   3.327671e-14   3.708853e-04   2.792683e-15   180
  2.675821e-01   3.639719e-14   4.039393e-04   1.614498e-15   486
  2.693567e-01   3.470902e-14   5.373692e-04   1.558554e-15   504
  2.711612e-01   3.523317e-14   4.175087e-04   1.868196e-15   456
  2.726573e-01   3.517920e-14   3.468761e-04   1.809486e-15   296
  2.746340e-01   3.561059e-14   3.422861e-04   1.553038e-15   528
  2.761206e-01   3.539006e-14   3.377476e-04   2.065183e-15   336
  2.783101e-01   2.841473e-14   3.746254e-04   1.174810e-15   600
  2.799128e-01   3.250892e-14   2.194755e-04   2.086856e-15   264
  2.815189e-01   3.237449e-14   2.373367e-04   1.683838e-15   360
  2.831582e-01   2.993072e-14   4.751715e-04   1.271509e-15   630
  2.849646e-01   3.427377e-14   2.452791e-04   1.808944e-15   432
  2.865671e-01   2.969787e-14   4.725907e-04   1.716499e-15   408
  2.885340e-01   3.429134e-14   3.136768e-04   2.079951e-15   324
  2.899972e-01   3.186494e-14   4.470278e-04   1.220802e-15   744
  2.917622e-01   2.929292e-14   3.573689e-04   1.776671e-15   336
  2.934486e-01   3.591298e-14   4.912911e-04   1.873355e-15   528
  2.952978e-01   3.490917e-14   2.506716e-04   1.818738e-15   408
  2.965238e-01   2.921821e-14   4.266433e-04   1.735142e-15   408
  2.985496e-01   3.242957e-14   3.522079e-04   1.685268e-15   470
  3.000252e-01   3.722711e-14   4.231156e-04   1.825073e-15   528
  3.020857e-01   3.422376e-14   3.525700e-04   1.538239e-15   624
  3.036033e-01   3.450125e-14   2.682725e-04   1.578144e-15   504
  3.051691e-01   3.456326e-14   3.736837e-04   1.642537e-15   552
  3.067221e-01   3.091374e-14   1.816539e-04   1.805786e-15   336
  3.086668e-01   3.348157e-14   3.866695e-04   1.512876e-15   528
  3.101733e-01   2.943728e-14   4.402305e-04   1.385765e-15   564
  3.119378e-01   2.976909e-14   4.051859e-04   1.296246e-15   528
  3.138508e-01   3.376399e-14   6.290633e-04   1.707609e-15   582
  3.155905e-01   3.551172e-14   4.842838e-04   1.732281e-15   624
  3.171120e-01   3.440377e-14   5.536295e-04   1.994161e-15   432
  3.189273e-01   3.274344e-14   6.158164e-04   1.274382e-15   816
  3.207951e-01   3.709997e-14   2.806614e-04   2.779595e-15   312
  3.220171e-01   3.049562e-14   4.548743e-04   1.424292e-15   552
  3.239876e-01   3.419642e-14   2.864905e-04   1.312929e-15   744
  3.254151e-01   3.042054e-14   2.676404e-04   1.763093e-15   408
  3.272576e-01   3.032131e-14   3.835404e-04   1.341707e-15   632
  3.291717e-01   2.864474e-14   6.513489e-04   1.265214e-15   750
  3.307289e-01   3.923886e-14   4.480796e-04   2.592259e-15   312
  3.324641e-01   3.105154e-14   6.615270e-04   1.152376e-15   876
  3.341804e-01   3.248611e-14   4.319379e-04   1.590114e-15   552
  3.361143e-01   3.203813e-14   3.572110e-04   1.344957e-15   696
  3.374317e-01   2.998586e-14   3.942932e-04   1.281877e-15   576
  3.392245e-01   3.595986e-14   4.174616e-04   1.715428e-15   576
  3.407547e-01   2.942360e-14   5.593999e-04   1.202785e-15   648
  3.426040e-01   3.009833e-14   5.599242e-04   1.312797e-15   672
  3.446457e-01   3.234723e-14   2.374990e-04   1.489996e-15   480
  3.459524e-01   3.171485e-14   3.677960e-04   1.300942e-15   726
  3.476351e-01   3.056954e-14   4.167607e-04   1.247916e-15   792
  3.494576e-01   3.314422e-14   5.781572e-04   1.376216e-15   768
  3.513784e-01   3.155859e-14   4.725059e-04   1.471439e-15   672
  3.531396e-01   3.263253e-14   3.169470e-04   1.359219e-15   608
  3.544145e-01   3.117579e-14   3.042788e-04   1.459118e-15   624
  3.562333e-01   3.052562e-14   3.954077e-04   1.545953e-15   684
  3.580024e-01   2.738760e-14   5.840631e-04   1.077938e-15   768
  3.596489e-01   3.160450e-14   4.669543e-04   1.166158e-15   744
  3.616107e-01   3.016890e-14   2.940222e-04   1.334128e-15   750
  3.630406e-01   3.265444e-14   4.370248e-04   1.850865e-15   600
  3.645869e-01   3.177883e-14   4.640415e-04   1.475990e-15   600
  3.664974e-01   3.465117e-14   5.347792e-04   1.276842e-15   1008
  3.680145e-01   3.214586e-14   2.966070e-04   1.509945e-15   696
  3.696957e-01   3.202568e-14   3.918311e-04   1.458501e-15   624
  3.713857e-01   3.039354e-14   6.097387e-04   1.269403e-15   840
  3.733058e-01   2.898059e-14   4.148780e-04   1.034866e-15   816
  3.748632e-01   2.890668e-14   2.755717e-04   1.128551e-15   744
  3.764360e-01   3.038960e-14   4.871654e-04   1.494436e-15   510
  3.783359e-01   3.269675e-14   4.677188e-04   1.158154e-15   1020
  3.801042e-01   2.993123e-14   3.774027e-04   1.269523e-15   912
  3.818473e-01   2.918125e-14   5.591433e-04   1.180841e-15   752
  3.832886e-01   2.679705e-14   4.639583e-04   1.010576e-15   888
  3.852555e-01   3.192711e-14   2.993905e-04   1.411389e-15   768
  3.868644e-01   2.744917e-14   5.440188e-04   1.298154e-15   720
  3.887159e-01   2.965777e-14   4.795683e-04   1.002670e-15   1056
  3.903582e-01   2.749228e-14   3.317856e-04   1.421731e-15   504
  3.917039e-01   2.533323e-14   5.180898e-04   1.097491e-15   774
  3.936283e-01   3.242751e-14   4.982654e-04   1.107473e-15   1272
  3.954358e-01   2.922014e-14   3.264422e-04   1.300887e-15   744
  3.971211e-01   3.145140e-14   5.330594e-04   1.294877e-15   768
  3.986674e-01   2.986968e-14   4.508988e-04   1.252412e-15   840
  4.004039e-01   2.760336e-14   3.056972e-04   1.108689e-15   924
  4.020760e-01   2.743184e-14   5.389435e-04   1.036960e-15   936
  4.037194e-01   2.986519e-14   3.745454e-04   1.300638e-15   840
  4.053748e-01   2.594726e-14   4.452908e-04   1.048449e-15   1008
  4.074786e-01   2.844236e-14   5.026919e-04   1.150984e-15   696
  4.087986e-01   3.118150e-14   4.468063e-04   1.224394e-15   974
  4.107598e-01   2.868022e-14   5.934108e-04   1.056786e-15   1152
  4.124648e-01   2.779925e-14   2.322032e-04   1.356097e-15   816
  4.137908e-01   3.036547e-14   5.108209e-04   1.340694e-15   816
  4.155748e-01   2.768831e-14   4.510778e-04   9.526830e-16   1152
  4.174563e-01   2.663014e-14   4.061247e-04   9.160123e-16   912
  4.191672e-01   3.054402e-14   4.934415e-04   1.182462e-15   1056
  4.206322e-01   2.399129e-14   4.219808e-04   1.196856e-15   624
  4.226021e-01   2.864357e-14   5.271094e-04   9.195704e-16   1260
  4.243023e-01   2.873400e-14   3.179301e-04   1.117147e-15   894
  4.259628e-01   2.935566e-14   5.447273e-04   1.045943e-15   1176
  4.276242e-01   3.170142e-14   4.508728e-04   1.331610e-15   840
  4.295151e-01   2.508499e-14   5.124827e-04   8.198266e-16   1440
  4.315006e-01   2.749291e-14   2.881208e-04   9.804404e-16   864
  4.330060e-01   2.853803e-14   4.944294e-04   1.117447e-15   1056
  4.345044e-01   2.578814e-14   2.915091e-04   1.163533e-15   624
  4.363242e-01   2.496148e-14   5.398245e-04   7.548834e-16   1496
  4.380644e-01   2.601486e-14   3.811353e-04   8.973546e-16   936
  4.396135e-01   3.036925e-14   5.517639e-04   1.281965e-15   966
  4.412804e-01   2.892403e-14   3.911127e-04   1.170061e-15   936
  4.430314e-01   2.706518e-14   4.837854e-04   9.337552e-16   1248
  4.448240e-01   2.923402e-14   3.410472e-04   1.081090e-15   1044
  4.464944e-01   2.533729e-14   5.282931e-04   9.089915e-16   1392
  4.478173e-01   3.099216e-14   4.068922e-04   1.508960e-15   600
  4.497097e-01   2.625610e-14   4.622723e-04   8.049651e-16   1416
  4.514841e-01   2.692035e-14   4.975797e-04   1.020814e-15   1152
  4.532821e-01   2.498285e-14   4.773496e-04   9.510100e-16   936
  4.547305e-01   2.382240e-14   5.119809e-04   1.081930e-15   870
  4.564516e-01   2.907250e-14   4.292755e-04   1.159264e-15   1368
  4.583615e-01   2.697507e-14   5.643853e-04   8.067090e-16   1632
  4.599936e-01   3.290968e-14   2.450244e-04   1.402938e-15   816
  4.617604e-01   2.522705e-14   5.590000e-04   9.042838e-16   1200
  4.633019e-01   2.730258e-14   5.344699e-04   9.769732e-16   1184
  4.648678e-01   2.895550e-14   4.056277e-04   1.148445e-15   984
  4.667890e-01   2.559132e-14   4.952299e-04   7.881516e-16   1572
  4.685308e-01   2.534271e-14   2.727317e-04   1.120096e-15   840
  4.701539e-01   2.405530e-14   6.342482e-04   7.705630e-16   1392
  4.718677e-01   2.796894e-14   4.656646e-04   1.097082e-15   1158
  4.733973e-01   2.707559e-14   4.240237e-04   9.716026e-16   1272
  4.752392e-01   2.733395e-14   4.321181e-04   9.232051e-16   1320
  4.769691e-01   2.790282e-14   4.228227e-04   1.157195e-15   1104
  4.786151e-01   2.749154e-14   4.785761e-04   8.614247e-16   1392
  4.803427e-01   2.628140e-14   5.176282e-04   8.671031e-16   1296
  4.821220e-01   2.505441e-14   5.404894e-04   8.566526e-16   1392
  4.837916e-01   2.505915e-14   3.964922e-04   1.211572e-15   1104
  4.853363e-01   2.711319e-14   4.994197e-04   1.016687e-15   1320
  4.875364e-01   2.490263e-14   3.813995e-04   8.423766e-16   1422
  4.889418e-01   2.717592e-14   4.750117e-04   1.042042e-15   1212
  4.905562e-01   2.448323e-14   5.190595e-04   9.027356e-16   1280
  4.922146e-01   2.343252e-14   5.404823e-04   7.995275e-16   1272
  4.938041e-01   2.612856e-14   4.677338e-04   7.821481e-16   1680
  4.956881e-01   2.592970e-14   4.419216e-04   9.443204e-16   1152
  4.974225e-01   2.351447e-14   5.117608e-04   7.781689e-16   1512
  4.992459e-01   2.358182e-14   2.160634e-04   1.067408e-15   912
  5.006872e-01   2.311899e-14   5.446515e-04   8.073863e-16   1680
  5.026041e-01   2.489323e-14   4.824972e-04   8.329260e-16   1518
  5.040250e-01   2.440270e-14   4.467006e-04   1.017927e-15   1056
  5.055216e-01   2.484175e-14   4.510442e-04   8.359868e-16   1344
  5.074562e-01   2.737766e-14   4.843229e-04   8.116754e-16   1680
  5.092067e-01   2.171128e-14   4.772500e-04   6.861762e-16   1656
  5.111194e-01   2.257154e-14   4.056700e-04   8.110732e-16   1140
  5.125554e-01   2.333296e-14   4.697351e-04   8.409785e-16   1368
  5.142450e-01   2.379655e-14   5.343264e-04   7.313703e-16   1656
  5.159625e-01   2.389283e-14   5.472649e-04   8.688145e-16   1448
  5.178320e-01   2.470345e-14   5.141193e-04   9.605135e-16   1422
  5.195587e-01   2.485073e-14   5.675668e-04   8.985351e-16   1512
  5.210354e-01   2.437886e-14   4.326963e-04   8.558543e-16   1296
  5.227440e-01   2.493036e-14   3.950802e-04   7.082034e-16   1824
  5.245911e-01   2.482924e-14   5.122810e-04   8.825648e-16   1464
  5.264571e-01   2.248429e-14   4.571373e-04   6.632908e-16   1824
  5.281889e-01   2.414615e-14   3.634473e-04   8.262742e-16   1416
  5.296954e-01   2.228525e-14   5.323525e-04   8.450615e-16   1392
  5.313218e-01   2.281502e-14   4.912467e-04   7.223400e-16   1464
  5.333061e-01   2.283186e-14   4.802698e-04   7.352362e-16   1524
  5.348395e-01   2.501758e-14   4.425765e-04   9.429148e-16   1686
  5.366116e-01   2.465460e-14   5.269753e-04   8.420510e-16   1800
  5.381347e-01   2.469138e-14   4.183682e-04   8.557509e-16   1344
  5.398246e-01   2.414469e-14   4.881086e-04   8.579510e-16   1656
  5.415187e-01   2.513375e-14   3.897299e-04   9.592333e-16   1488
  5.429907e-01   2.449486e-14   3.890952e-04   8.005485e-16   1536
  5.450417e-01   2.414948e-14   4.322407e-04   7.850661e-16   1760
  5.466309e-01   2.026814e-14   4.807835e-04   6.645492e-16   1824
  5.484686e-01   2.250041e-14   4.034669e-04   7.031902e-16   1560
  5.502369e-01   2.418592e-14   4.634195e-04   7.590987e-16   1926
  5.519000e-01   2.545598e-14   3.295522e-04   9.245456e-16   1272
  5.534180e-01   2.445743e-14   5.538121e-04   8.804329e-16   1848
  5.554133e-01   2.110810e-14   4.474326e-04   5.943839e-16   1908
  5.569309e-01   2.247392e-14   4.364115e-04   7.410398e-16   1488
  5.585322e-01   2.024977e-14   4.921783e-04   6.250260e-16   1800
  5.602682e-01   1.999586e-14   4.926635e-04   7.370506e-16   1752
  5.619310e-01   2.052554e-14   5.238690e-04   7.326174e-16   1368
  5.635951e-01   2.036405e-14   4.923362e-04   5.356981e-16   2016
  5.654253e-01   2.305492e-14   5.200281e-04   7.629112e-16   1542
  5.671144e-01   2.273620e-14   5.092480e-04   7.147185e-16   2184
  5.689840e-01   2.536717e-14   4.658463e-04   8.417647e-16   1776
  5.705991e-01   2.310350e-14   5.325328e-04   9.500792e-16   1568
  5.721386e-01   2.206946e-14   4.865284e-04   7.102745e-16   2040
  5.738138e-01   2.165350e-14   5.201423e-04   7.087709e-16   1704
  5.755673e-01   2.102795e-14   5.214047e-04   8.083666e-16   1512
  5.772206e-01   2.098832e-14   4.447597e-04   6.058685e-16   2028
  5.790782e-01   2.177195e-14   5.364945e-04   6.650235e-16   1968
  5.807766e-01   2.172863e-14   5.441935e-04   8.119813e-16   1854
  5.824386e-01   2.424422e-14   5.187839e-04   8.309068e-16   1632
  5.841419e-01   2.269955e-14   5.330949e-04   6.715862e-16   2424
  5.859073e-01   2.220801e-14   5.336494e-04   7.493228e-16   1560
  5.873997e-01   2.252877e-14   5.042981e-04   7.457869e-16   1728
  5.892030e-01   2.217926e-14   5.383151e-04   6.752652e-16   2088
  5.910182e-01   1.925673e-14   5.124183e-04   5.424549e-16   1968
  5.926879e-01   2.037253e-14   5.073434e-04   6.025390e-16   2256
  5.943623e-01   2.082526e-14   4.510844e-04   6.105748e-16   1728
  5.961102e-01   2.034305e-14   4.446730e-04   7.677453e-16   1416
  5.976587e-01   2.349483e-14   4.687744e-04   7.503590e-16   2246
  5.994119e-01   2.301872e-14   5.191625e-04   8.196518e-16   2148
  6.010893e-01   2.179903e-14   4.385384e-04   7.572954e-16   1680
  6.026682e-01   2.252312e-14   5.544042e-04   6.719503e-16   2280
  6.045659e-01   2.066999e-14   5.162727e-04   6.584198e-16   2352
  6.063384e-01   2.038058e-14   4.337978e-04   6.446486e-16   1632
  6.077406e-01   2.216571e-14   4.963799e-04   7.410555e-16   1968
  6.096649e-01   1.810199e-14   5.092860e-04   5.771482e-16   2112
  6.114492e-01   2.097010e-14   3.825636e-04   6.800650e-16   2208
  6.131831e-01   2.084712e-14   3.857391e-04   7.485496e-16   1974
  6.145516e-01   2.307561e-14   3.773577e-04   8.326528e-16   1944
  6.164004e-01   2.145946e-14   4.269369e-04   6.491278e-16   2160
  6.180028e-01   2.043642e-14   3.992823e-04   7.349002e-16   2040
  6.197345e-01   2.173756e-14   5.586051e-04   6.430890e-16   2352
  6.215106e-01   2.063880e-14   4.640665e-04   6.121709e-16   1836
  6.231317e-01   1.787741e-14   4.950444e-04   5.283211e-16   2352
  6.249518e-01   1.763014e-14   5.192346e-04   5.381719e-16   2008
  6.266203e-01   1.959013e-14   5.108010e-04   5.477632e-16   2464
  6.284808e-01   1.992289e-14   4.119834e-04   6.366482e-16   2118
  6.300068e-01   2.193289e-14   4.141467e-04   7.569975e-16   1848
  6.315775e-01   2.254254e-14   5.480513e-04   7.272039e-16   2280
  6.334747e-01   2.171689e-14   5.213278e-04   6.477577e-16   2472
  6.352475e-01   1.839324e-14   3.483875e-04   6.188325e-16   2280
  6.367358e-01   1.991340e-14   4.258450e-04   6.491252e-16   1992
  6.383407e-01   1.867334e-14   4.476942e-04   6.060210e-16   2184
  6.401915e-01   1.855515e-14   5.400739e-04   5.410489e-16   2352
  6.419748e-01   1.956035e-14   5.691414e-04   5.781596e-16   2496
  6.437210e-01   2.013984e-14   5.315847e-04   7.463322e-16   1770
  6.452872e-01   2.132803e-14   4.586736e-04   7.592361e-16   2568
  6.471700e-01   1.921043e-14   5.625819e-04   5.512149e-16   2712
  6.488816e-01   2.078791e-14   4.467713e-04   6.346629e-16   2448
  6.505906e-01   2.045240e-14   3.766053e-04   6.666556e-16   2064
  6.520083e-01   1.953292e-14   3.975154e-04   6.749800e-16   1944
  6.538465e-01   1.929790e-14   4.910776e-04   5.983356e-16   2480
  6.557218e-01   1.781224e-14   5.334543e-04   4.530479e-16   2880
  6.573828e-01   1.743675e-14   5.117233e-04   5.253548e-16   2304
  6.591177e-01   1.754053e-14   4.701472e-04   6.327661e-16   1806
  6.606561e-01   2.112760e-14   4.610710e-04   6.728092e-16   2856
  6.625838e-01   2.149191e-14   4.421809e-04   6.845104e-16   2568
  6.640509e-01   1.992703e-14   4.436302e-04   8.194921e-16   2112
  6.656475e-01   2.152005e-14   4.272941e-04   6.452353e-16   2028
  6.673605e-01   1.925621e-14   5.057904e-04   5.900411e-16   2712
  6.690998e-01   1.936101e-14   5.449093e-04   4.896594e-16   2952
  6.709691e-01   1.848301e-14   4.210349e-04   6.321831e-16   2112
  6.724803e-01   1.878462e-14   4.934314e-04   5.796438e-16   2520
  6.742956e-01   1.695037e-14   4.759244e-04   4.872448e-16   2376
  6.759489e-01   2.084348e-14   3.815168e-04   6.913116e-16   2526
  6.776650e-01   2.112233e-14   4.747876e-04   6.537812e-16   2664
  6.793642e-01   2.110833e-14   5.662862e-04   6.519273e-16   2408
  6.809929e-01   1.958330e-14   4.536173e-04   6.615444e-16   2568
  6.826540e-01   1.921296e-14   4.276796e-04   5.422288e-16   2904
  6.844561e-01   1.842731e-14   4.798687e-04   5.295621e-16   2544
  6.861681e-01   1.836200e-14   3.534563e-04   5.843411e-16   2160
  6.877835e-01   1.855204e-14   6.110852e-04   5.228107e-16   2652
  6.895681e-01   1.640692e-14   4.838537e-04   4.546304e-16   2784
  6.912854e-01   1.837667e-14   4.778196e-04   5.490197e-16   2694
  6.930647e-01   1.894703e-14   4.294263e-04   5.735079e-16   2952
  6.946107e-01   1.901276e-14   4.067448e-04   6.677210e-16   2208
  6.961857e-01   2.089553e-14   4.335098e-04   6.446725e-16   2304
  6.979438e-01   1.825830e-14   5.637316e-04   4.708785e-16   3504
  6.999941e-01   1.885986e-14   4.564735e-04   5.841612e-16   2616
  7.015932e-01   1.699001e-14   4.459377e-04   4.891760e-16   2664
  7.031336e-01   1.729262e-14   4.143151e-04   5.722587e-16   2448
  7.046858e-01   1.807277e-14   5.770045e-04   5.098491e-16   2472
  7.065119e-01   1.726664e-14   4.587514e-04   4.775411e-16   3134
  7.082307e-01   1.906742e-14   5.017392e-04   6.133904e-16   2616
  7.099467e-01   1.947875e-14   4.064282e-04   5.982916e-16   2712
  7.117121e-01   1.839112e-14   4.661143e-04   4.816736e-16   3204
  7.133994e-01   1.931008e-14   5.368237e-04   6.400278e-16   2760
  7.150019e-01   1.713596e-14   4.683701e-04   5.084643e-16   2688
  7.167690e-01   1.708112e-14   4.428424e-04   4.560856e-16   2760
  7.183316e-01   1.732959e-14   3.656620e-04   5.393536e-16   2568
  7.201311e-01   1.705147e-14   5.678551e-04   4.354111e-16   3336
  7.218583e-01   1.730528e-14   4.806270e-04   5.859784e-16   2334
  7.236024e-01   1.974445e-14   5.318655e-04   6.470752e-16   3264
  7.252322e-01   1.949066e-14   3.867069e-04   6.351387e-16   2760
  7.269038e-01   1.792016e-14   4.670323e-04   5.413374e-16   3192
  7.286057e-01   1.774959e-14   4.848795e-04   5.227689e-16   2904
  7.304158e-01   1.816965e-14   4.865095e-04   5.298448e-16   2784
  7.319309e-01   1.925644e-14   4.004063e-04   5.711312e-16   2592
  7.336545e-01   1.587860e-14   5.458110e-04   4.358260e-16   3284
  7.354862e-01   1.622594e-14   5.482421e-04   4.581758e-16   3168
  7.371250e-01   1.774222e-14   4.523390e-04   6.129541e-16   2616
  7.388477e-01   1.793196e-14   4.370713e-04   5.290192e-16   3222
  7.405235e-01   1.925581e-14   4.904075e-04   5.938286e-16   3240
  7.421464e-01   2.010313e-14   4.961262e-04   6.613813e-16   2568
  7.439914e-01   1.778261e-14   4.552202e-04   5.694164e-16   3120
  7.455341e-01   1.668055e-14   5.004475e-04   4.664830e-16   3168
  7.471932e-01   1.776420e-14   4.381038e-04   5.976698e-16   3240
  7.490082e-01   1.746111e-14   4.494836e-04   4.989364e-16   3144
  7.507715e-01   1.657228e-14   4.284362e-04   5.195726e-16   2856
  7.524381e-01   1.628791e-14   4.575871e-04   4.281182e-16   3264
  7.543240e-01   1.667758e-14   5.056132e-04   5.096515e-16   3318
  7.558082e-01   2.016542e-14   3.541030e-04   6.676629e-16   2556
  7.575771e-01   1.652122e-14   6.048733e-04   4.616833e-16   4008
  7.593679e-01   1.799557e-14   4.465021e-04   5.594348e-16   2904
  7.609000e-01   1.678339e-14   4.565641e-04   5.017481e-16   3144
  7.626441e-01   1.834151e-14   4.759726e-04   5.401664e-16   3200
  7.644490e-01   1.561244e-14   4.694243e-04   4.445155e-16   3312
  7.660670e-01   1.616326e-14   3.783351e-04   4.692297e-16   2832
  7.678735e-01   1.645017e-14   5.444478e-04   4.153791e-16   3984
  7.695508e-01   1.798545e-14   4.426103e-04   6.063036e-16   2238
  7.710821e-01   1.713627e-14   5.208763e-04   4.527099e-16   3984
  7.729819e-01   1.652335e-14   4.949876e-04   4.444651e-16   3384
  7.745602e-01   1.988494e-14   4.626797e-04   6.201681e-16   3048
  7.762081e-01   1.652058e-14   4.248302e-04   5.080936e-16   3096
  7.779294e-01   1.723831e-14   4.815324e-04   4.425932e-16   3708
  7.796408e-01   1.717114e-14   4.564274e-04   5.396199e-16   2784
  7.812306e-01   1.558050e-14   4.740872e-04   4.039364e-16   3648
  7.830363e-01   1.460742e-14   4.879380e-04   3.784028e-16   3888
  7.849582e-01   1.561379e-14   5.208881e-04   5.006883e-16   2958
  7.863930e-01   1.845045e-14   4.446264e-04   5.496023e-16   3264
  7.881221e-01   1.851476e-14   4.908549e-04   5.764829e-16   3160
  7.897556e-01   1.658695e-14   4.448554e-04   4.476203e-16   3736
  7.913039e-01   1.623863e-14   4.053674e-04   5.184746e-16   3216
  7.931298e-01   1.730132e-14   4.967559e-04   4.673271e-16   4032
  7.950340e-01   1.597532e-14   4.535292e-04   4.475345e-16   3528
  7.966578e-01   1.631319e-14   4.003367e-04   4.869868e-16   3192
  7.982809e-01   1.545824e-14   4.384400e-04   4.544241e-16   3456
  8.000418e-01   1.512715e-14   4.546161e-04   4.320245e-16   3060
  8.018067e-01   1.757592e-14   5.405908e-04   4.530513e-16   4518
  8.035265e-01   1.725147e-14   4.815963e-04   5.578496e-16   3528
  8.051074e-01   1.906314e-14   4.044568e-04   6.419336e-16   3024
  8.067928e-01   1.668935e-14   5.476184e-04   4.657828e-16   3672
  8.085097e-01   1.648652e-14   4.700229e-04   4.534190e-16   3864
  8.104158e-01   1.576555e-14   4.982178e-04   4.238729e-16   3816
  8.119748e-01   1.465854e-14   4.532681e-04   4.132736e-16   3456
  8.134695e-01   1.506392e-14   4.103104e-04   4.815726e-16   2688
  8.152303e-01   1.439612e-14   4.868254e-04   3.720917e-16   4248
  8.169761e-01   1.634267e-14   4.662855e-04   4.469646e-16   3926
  8.187297e-01   1.883660e-14   4.923174e-04   6.026916e-16   3504
  8.204236e-01   1.748213e-14   4.401391e-04   4.953246e-16   3960
  8.222939e-01   1.537358e-14   4.954941e-04   4.371597e-16   3684
  8.238979e-01   1.515133e-14   4.954609e-04   4.658325e-16   4104
  8.255014e-01   1.620772e-14   4.699173e-04   4.836093e-16   3144
  8.272241e-01   1.622642e-14   5.147213e-04   4.948173e-16   4224
  8.291182e-01   1.516760e-14   4.568598e-04   4.191716e-16   4008
  8.307364e-01   1.550530e-14   5.026181e-04   4.081275e-16   3312
  8.324026e-01   1.605629e-14   4.999111e-04   4.622729e-16   3726
  8.341747e-01   1.639169e-14   5.134700e-04   4.800533e-16   3936
  8.357483e-01   1.814502e-14   5.292866e-04   5.655592e-16   3888
  8.373814e-01   1.561586e-14   5.004911e-04   4.411477e-16   3864
  8.390804e-01   1.679039e-14   5.320643e-04   4.875936e-16   3888
  8.408304e-01   1.574962e-14   5.018185e-04   4.218434e-16   4080
  8.425581e-01   1.599670e-14   5.325821e-04   5.178207e-16   3400
  8.443209e-01   1.470433e-14   4.884316e-04   3.668794e-16   4588
  8.461032e-01   1.442209e-14   4.834464e-04   4.097017e-16   3816
  8.476608e-01   1.483424e-14   4.581060e-04   4.319688e-16   3534
  8.493098e-01   1.616368e-14   4.524863e-04   4.601964e-16   4080
  8.510347e-01   1.661672e-14   4.729764e-04   4.678931e-16   4248
  8.527671e-01   1.544506e-14   4.766165e-04   4.584951e-16   3528
  8.543656e-01   1.533209e-14   4.872753e-04   4.448311e-16   4248
  8.559814e-01   1.659689e-14   4.766042e-04   4.893124e-16   3696
  8.577808e-01   1.449614e-14   4.945438e-04   3.713031e-16   4560
  8.594872e-01   1.548558e-14   4.632233e-04   4.340030e-16   3864
  8.612397e-01   1.486925e-14   5.043791e-04   3.982293e-16   4440
  8.629007e-01   1.515101e-14   4.705976e-04   4.752274e-16   3432
  8.646460e-01   1.641451e-14   4.614307e-04   4.925782e-16   4470
  8.663629e-01   1.648288e-14   4.100586e-04   4.771115e-16   4188
  8.680505e-01   1.483476e-14   5.253427e-04   4.054054e-16   4392
  8.697265e-01   1.685286e-14   4.064025e-04   5.002685e-16   3960
  8.714695e-01   1.568503e-14   4.591166e-04   4.393664e-16   4328
  8.731579e-01   1.454599e-14   4.778042e-04   4.312874e-16   4320
  8.748643e-01   1.507237e-14   4.996345e-04   4.198774e-16   4152
  8.764467e-01   1.529449e-14   4.179518e-04   5.022223e-16   3528
  8.782362e-01   1.421046e-14   4.523689e-04   3.913199e-16   4512
  8.799104e-01   1.558254e-14   4.624323e-04   4.916131e-16   4134
  8.816110e-01   1.709628e-14   4.926455e-04   4.535530e-16   5208
  8.832465e-01   1.705486e-14   4.292145e-04   6.069861e-16   3240
  8.849385e-01   1.646840e-14   4.734040e-04   4.502037e-16   4680
  8.866607e-01   1.534650e-14   4.687083e-04   4.123721e-16   4440
  8.883848e-01   1.523423e-14   5.311226e-04   4.279375e-16   4260
  8.900384e-01   1.404326e-14   4.336102e-04   4.167104e-16   4056
  8.917415e-01   1.378108e-14   4.807328e-04   3.818354e-16   4704
  8.935289e-01   1.417277e-14   5.594147e-04   3.865690e-16   4800
  8.954185e-01   1.519944e-14   4.846897e-04   3.960610e-16   4806
  8.970513e-01   1.886256e-14   4.831585e-04   5.674921e-16   3552
  8.986064e-01   1.517373e-14   4.844541e-04   4.575781e-16   4304
  9.003622e-01   1.601251e-14   4.698109e-04   4.095668e-16   5280
  9.020984e-01   1.485450e-14   4.507040e-04   4.250125e-16   4320
  9.037419e-01   1.609768e-14   5.089629e-04   4.782039e-16   4296
  9.054750e-01   1.385551e-14   5.658401e-04   3.690549e-16   4608
  9.072277e-01   1.552745e-14   5.421052e-04   4.293541e-16   4824
  9.089629e-01   1.348578e-14   5.117857e-04   3.790493e-16   4488
  9.108250e-01   1.565885e-14   4.778070e-04   4.238048e-16   4530
  9.123625e-01   1.583433e-14   4.665391e-04   4.915029e-16   4464
  9.139010e-01   1.569300e-14   4.396785e-04   5.272415e-16   4104
  9.156673e-01   1.606000e-14   4.740652e-04   4.042033e-16   5424
  9.174048e-01   1.491482e-14   5.103023e-04   4.178217e-16   4392
  9.191730e-01   1.488391e-14   4.996065e-04   3.801064e-16   4896
  9.207787e-01   1.403907e-14   4.897165e-04   3.569977e-16   4104
  9.224542e-01   1.523664e-14   4.415951e-04   4.091611e-16   4824
  9.242220e-01   1.227322e-14   4.220615e-04   3.125731e-16   4680
  9.257621e-01   1.429725e-14   4.316766e-04   4.376422e-16   4328
  9.275497e-01   1.574472e-14   4.976114e-04   4.572607e-16   5118
  9.293459e-01   1.702387e-14   5.765145e-04   4.786899e-16   5304
  9.309669e-01   1.727825e-14   4.539783e-04   4.948616e-16   4392
  9.327330e-01   1.470693e-14   4.556524e-04   4.557930e-16   4476
  9.342775e-01   1.487395e-14   4.525170e-04   3.810790e-16   4704
  9.359960e-01   1.517642e-14   5.477178e-04   4.114461e-16   5208
  9.378023e-01   1.372877e-14   4.618178e-04   3.759607e-16   5304
  9.394666e-01   1.381196e-14   4.946712e-04   3.923401e-16   4296
  9.411731e-01   1.398499e-14   4.690760e-04   3.838141e-16   4752
  9.429662e-01   1.569085e-14   4.708758e-04   4.692499e-16   4950
  9.445778e-01   1.587761e-14   4.921918e-04   4.716188e-16   5064
  9.461898e-01   1.629832e-14   4.123928e-04   4.721947e-16   4872
  9.478198e-01   1.496065e-14   4.341367e-04   4.917484e-16   4224
  9.495602e-01   1.556119e-14   4.795584e-04   3.903075e-16   6120
  9.514124e-01   1.510416e-14   5.275753e-04   4.390783e-16   4968
  9.530925e-01   1.495946e-14   4.668582e-04   4.169920e-16   4424
  9.548307e-01   1.359745e-14   5.963123e-04   3.911856e-16   5436
  9.565477e-01   1.404046e-14   5.084086e-04   3.825904e-16   4896
  9.582076e-01   1.398517e-14   4.867456e-04   4.037970e-16   5214
  9.598077e-01   1.635813e-14   4.137593e-04   4.913077e-16   4656
  9.615856e-01   1.706878e-14   5.260613e-04   4.591670e-16   5448
  9.632845e-01   1.400501e-14   4.442976e-04   3.947270e-16   4992
  9.649480e-01   1.554018e-14   4.917143e-04   4.084164e-16   5400
  9.667765e-01   1.451926e-14   5.449716e-04   4.088337e-16   5328
  9.684613e-01   1.624421e-14   4.873046e-04   5.087434e-16   4776
  9.700464e-01   1.253740e-14   4.579033e-04   3.570645e-16   4800
  9.718074e-01   1.387646e-14   5.888402e-04   3.262044e-16   6552
  9.736499e-01   1.645774e-14   4.448607e-04   5.314404e-16   3942
  9.752465e-01   1.623937e-14   5.606963e-04   4.404696e-16   6072
  9.770144e-01   1.704014e-14   4.354574e-04   5.020238e-16   4692
  9.784966e-01   1.488643e-14   4.546106e-04   4.514906e-16   4944
  9.802329e-01   1.573249e-14   4.879373e-04   4.577499e-16   5840
  9.820155e-01   1.518052e-14   5.223166e-04   4.503559e-16   5712
  9.837706e-01   1.502977e-14   4.377350e-04   3.998116e-16   4800
  9.853717e-01   1.438282e-14   5.797155e-04   3.741438e-16   5688
  9.871255e-01   1.470537e-14   4.573834e-04   4.796912e-16   4848
  9.888635e-01   1.311518e-14   5.090949e-04   3.579339e-16   5406
  9.905131e-01   1.524564e-14   4.595406e-04   4.608991e-16   5568
  9.921693e-01   1.512554e-14   4.130962e-04   4.431956e-16   5736
  9.939592e-01   1.514119e-14   5.130390e-04   4.380697e-16   5280
  9.955835e-01   1.530619e-14   4.743420e-04   4.903125e-16   5592
  9.972555e-01   1.461595e-14   5.429960e-04   4.520640e-16   4968
  9.990231e-01   1.383262e-14   4.868684e-04   3.674298e-16   5964
  1.000748e+00   1.252673e-14   4.891308e-04   3.540089e-16   5376
  1.002315e+00   1.343137e-14   4.722860e-04   4.084549e-16   5472
  1.004131e+00   1.247717e-14   4.485360e-04   3.147629e-16   5472
  1.005792e+00   1.474131e-14   5.099708e-04   4.602454e-16   5415
  1.007402e+00   1.394989e-14   4.485810e-04   4.273679e-16   5096
  1.009144e+00   1.255637e-14   5.768639e-04   3.473456e-16   6372
  1.010906e+00   1.474152e-14   4.682720e-04   4.900973e-16   4656
  1.012485e+00   1.212117e-14   5.112031e-04   3.728000e-16   5844
  1.014184e+00   1.356124e-14   4.494662e-04   3.905991e-16   5508
  1.015984e+00   1.114423e-14   5.098811e-04   2.827109e-16   6324
  1.017751e+00   1.212391e-14   4.379885e-04   3.925749e-16   4752
  1.019366e+00   1.233851e-14   4.903645e-04   3.277142e-16   5676
  1.021114e+00   1.128600e-14   4.485894e-04   3.259309e-16   5472
  1.022773e+00   1.095792e-14   5.059962e-04   3.352940e-16   5556
  1.024555e+00   1.135335e-14   4.930836e-04   3.048562e-16   5436
  1.026276e+00   9.817288e-15   5.047054e-04   2.507121e-16   5916
  1.028042e+00   9.985999e-15   5.251158e-04   2.601827e-16   5520
  1.029633e+00   1.077605e-14   4.775682e-04   3.149133e-16   5280
  1.031263e+00   1.039871e-14   4.692535e-04   3.213675e-16   4416
  1.033102e+00   9.601141e-15   4.574075e-04   2.518041e-16   6260
  1.034829e+00   9.286764e-15   5.439134e-04   2.565124e-16   5940
  1.036394e+00   8.363263e-15   4.259730e-04   2.391863e-16   4188
  1.038117e+00   8.759390e-15   5.446427e-04   2.099409e-16   6360
  1.039928e+00   8.993588e-15   4.857983e-04   2.523039e-16   5256
  1.041610e+00   8.989205e-15   4.592395e-04   2.314086e-16   4848
  1.043051e+00   8.227841e-15   4.163245e-04   2.248518e-16   4704
  1.044826e+00   8.418952e-15   5.107218e-04   2.133956e-16   5784
  1.046631e+00   7.055073e-15   5.404027e-04   1.560557e-16   5820
  1.048373e+00   8.268539e-15   4.840851e-04   2.070815e-16   5700
  1.050126e+00   7.968179e-15   4.489220e-04   1.929627e-16   5232
  1.051881e+00   7.096393e-15   4.981175e-04   1.833726e-16   4932
  1.053436e+00   7.695610e-15   4.287490e-04   2.175323e-16   4716
  1.055070e+00   7.209346e-15   5.461338e-04   1.711355e-16   5616
  1.056750e+00   7.372141e-15   4.823163e-04   1.857554e-16   5184
  1.058484e+00   6.951842e-15   4.865387e-04   1.854673e-16   5064
  1.060119e+00   6.831609e-15   4.981922e-04   1.704460e-16   5544
  1.061933e+00   6.657698e-15   5.001009e-04   1.572853e-16   5192
  1.063583e+00   6.886258e-15   4.494186e-04   1.792106e-16   5244
  1.065317e+00   6.611012e-15   4.862760e-04   1.667107e-16   5112
  1.067042e+00   6.331700e-15   4.462536e-04   1.483049e-16   5040
  1.068625e+00   6.097355e-15   4.691536e-04   1.555361e-16   5124
  1.070473e+00   6.350734e-15   5.266881e-04   1.378904e-16   5952
  1.072179e+00   5.641797e-15   4.614857e-04   1.317989e-16   4824
  1.073726e+00   5.639687e-15   4.658121e-04   1.486045e-16   4536
  1.075516e+00   5.951521e-15   4.951157e-04   1.297600e-16   5712
  1.077355e+00   5.862191e-15   5.417917e-04   1.285418e-16   5352
  1.079089e+00   5.132729e-15   4.719205e-04   1.312697e-16   5004
  1.080639e+00   5.111473e-15   4.720490e-04   1.194941e-16   4800
  1.082304e+00   5.552789e-15   5.072809e-04   1.375368e-16   5148
  1.084148e+00   5.091000e-15   5.268770e-04   1.060223e-16   5664
  1.085815e+00   4.997498e-15   4.732118e-04   1.217145e-16   4692
  1.087355e+00   5.206212e-15   4.396196e-04   1.245865e-16   4008
  1.089151e+00   4.574386e-15   5.038991e-04   9.213952e-17   5852
  1.090977e+00   4.976856e-15   4.771455e-04   1.049067e-16   5784
  1.092599e+00   4.259190e-15   4.398451e-04   1.051209e-16   4392
  1.094269e+00   4.548171e-15   4.314460e-04   1.005170e-16   4944
  1.096021e+00   4.770209e-15   5.086676e-04   1.066225e-16   4776
  1.097674e+00   4.463144e-15   4.893660e-04   1.047657e-16   5244
  1.099467e+00   4.630739e-15   4.885027e-04   1.023108e-16   4884
  1.100972e+00   4.208989e-15   4.142882e-04   9.642975e-17   4488
  1.102723e+00   4.168796e-15   4.922838e-04   8.823858e-17   5160
  1.104485e+00   4.535260e-15   5.012137e-04   9.081904e-17   5316
  1.106182e+00   3.771462e-15   5.067620e-04   8.452572e-17   4896
  1.107837e+00   4.516177e-15   4.708705e-04   1.059127e-16   4188
  1.109505e+00   3.969328e-15   5.135922e-04   9.235433e-17   4836
  1.111208e+00   4.045354e-15   5.094880e-04   8.308447e-17   5316
  1.112933e+00   3.683196e-15   4.715930e-04   7.758947e-17   4920
  1.114546e+00   3.872465e-15   4.750945e-04   8.873177e-17   4128
  1.116277e+00   3.421269e-15   5.110912e-04   7.046810e-17   5348
  1.117980e+00   4.015214e-15   4.434734e-04   8.939083e-17   4836
  1.119607e+00   3.760923e-15   4.778570e-04   8.463630e-17   4392
  1.121359e+00   3.568947e-15   4.198363e-04   7.643541e-17   4632
  1.122936e+00   3.465860e-15   4.691003e-04   7.715300e-17   4596
  1.124747e+00   3.634550e-15   4.717453e-04   6.798715e-17   5424
  1.126539e+00   3.317651e-15   4.855768e-04   6.606681e-17   5256
  1.128385e+00   3.387160e-15   4.931611e-04   6.936359e-17   4524
  1.129923e+00   3.201802e-15   4.690936e-04   6.864436e-17   4440
  1.131645e+00   3.509057e-15   4.011353e-04   7.669145e-17   4380
  1.133330e+00   3.193470e-15   5.249545e-04   6.499483e-17   4812
  1.135123e+00   3.284708e-15   5.214039e-04   6.073741e-17   5376
  1.136763e+00   3.147135e-15   4.164623e-04   7.419752e-17   3888
  1.138335e+00   3.207716e-15   4.768975e-04   6.903002e-17   4896
  1.140088e+00   3.022295e-15   5.032049e-04   6.136890e-17   4608
  1.141929e+00   3.169735e-15   4.749944e-04   6.395673e-17   4448
  1.143531e+00   2.771365e-15   4.903240e-04   5.532919e-17   4752
  1.145220e+00   2.924303e-15   5.135838e-04   6.206522e-17   4356
  1.146995e+00   2.822673e-15   4.942288e-04   5.306059e-17   5232
  1.148760e+00   2.930025e-15   4.980587e-04   5.829423e-17   4548
  1.150472e+00   2.754582e-15   4.841761e-04   5.057576e-17   4608
  1.152143e+00   2.848583e-15   4.398349e-04   6.081135e-17   3936
  1.153720e+00   2.613870e-15   5.257306e-04   5.141498e-17   4260
  1.155493e+00   2.645531e-15   4.713251e-04   4.850869e-17   5004
  1.157113e+00   2.810986e-15   4.657489e-04   5.581665e-17   4224
  1.158890e+00   2.580823e-15   5.031939e-04   4.947618e-17   4788
  1.160616e+00   2.712766e-15   5.291946e-04   5.322882e-17   4428
  1.162298e+00   2.454652e-15   4.422133e-04   5.102816e-17   4080
  1.163917e+00   2.499559e-15   4.835200e-04   4.438297e-17   4632
  1.165621e+00   2.537766e-15   5.028239e-04   5.146500e-17   4056
  1.167413e+00   2.447062e-15   4.734174e-04   4.689551e-17   4536
  1.169050e+00   2.610932e-15   4.828546e-04   4.836899e-17   4668
  1.170843e+00   2.189965e-15   5.175340e-04   3.953768e-17   4604
  1.172589e+00   2.450817e-15   4.650093e-04   4.969694e-17   4152
  1.174201e+00   2.324108e-15   4.506678e-04   4.500165e-17   4224
  1.175909e+00   2.296542e-15   4.332835e-04   4.521656e-17   4152
  1.177615e+00   2.402836e-15   4.914860e-04   4.414708e-17   4224
  1.179275e+00   2.105724e-15   4.545253e-04   4.384581e-17   3960
  1.180873e+00   2.372029e-15   4.690415e-04   4.332521e-17   4656
  1.182619e+00   2.206350e-15   5.060863e-04   4.290481e-17   4452
  1.184409e+00   2.144920e-15   5.145201e-04   4.173665e-17   4056
  1.186074e+00   2.188680e-15   5.098269e-04   4.157263e-17   4212
  1.187762e+00   2.202808e-15   4.236875e-04   4.532837e-17   3432
  1.189472e+00   2.212372e-15   5.420199e-04   3.616226e-17   5352
  1.191144e+00   2.043507e-15   3.969648e-04   4.338972e-17   3600
  1.192963e+00   2.136475e-15   4.378593e-04   3.836497e-17   4584
  1.194552e+00   2.163790e-15   4.365700e-04   4.469320e-17   3768
  1.196188e+00   2.011425e-15   4.660449e-04   3.913696e-17   3848
  1.197821e+00   2.048501e-15   4.273101e-04   4.192133e-17   3720
  1.199674e+00   1.997676e-15   5.363373e-04   3.660560e-17   4764
  1.201309e+00   2.028044e-15   4.319005e-04   3.720159e-17   3864
  1.202988e+00   1.868789e-15   5.349608e-04   3.413815e-17   4332
  1.204820e+00   2.001617e-15   4.567279e-04   3.891038e-17   3792
  1.206456e+00   1.923359e-15   5.180648e-04   3.472063e-17   4284
  1.208191e+00   1.890257e-15   4.905502e-04   3.733734e-17   3840
  1.209832e+00   1.875140e-15   4.669396e-04   4.079419e-17   3480
  1.211499e+00   1.904602e-15   5.210148e-04   3.563952e-17   4380
  1.213302e+00   1.915364e-15   4.894021e-04   3.584218e-17   4200
  1.215072e+00   1.814250e-15   4.704049e-04   3.398489e-17   4056
  1.216717e+00   1.710461e-15   4.727759e-04   3.492721e-17   3600
  1.218257e+00   1.907463e-15   4.710469e-04   4.091445e-17   3492
  1.220057e+00   1.739216e-15   5.500764e-04   3.077620e-17   4500
  1.221894e+00   1.811751e-15   4.819412e-04   3.563923e-17   3516
  1.223472e+00   1.730070e-15   5.038249e-04   3.360880e-17   3968
  1.225242e+00   1.656213e-15   4.842193e-04   3.332120e-17   3648
  1.226808e+00   1.753380e-15   4.630474e-04   3.217584e-17   4224
  1.228583e+00   1.718261e-15   5.197289e-04   3.615731e-17   3588
  1.230249e+00   1.709706e-15   4.793892e-04   3.518611e-17   3456
  1.231925e+00   1.611227e-15   4.257569e-04   3.262994e-17   3660
  1.233657e+00   1.584571e-15   4.673180e-04   2.877325e-17   3768
  1.235272e+00   1.626112e-15   4.725964e-04   3.037914e-17   3744
  1.237006e+00   1.569062e-15   5.187522e-04   2.896460e-17   4176
  1.238850e+00   1.667230e-15   4.784920e-04   3.266362e-17   3612
  1.240375e+00   1.511181e-15   5.199888e-04   2.908138e-17   3216
  1.242119e+00   1.590135e-15   5.027406e-04   3.353723e-17   3624
  1.243874e+00   1.566472e-15   4.727415e-04   3.030133e-17   3744
  1.245569e+00   1.550006e-15   5.044114e-04   3.013912e-17   3672
  1.247242e+00   1.555112e-15   4.574137e-04   2.920526e-17   3852
  1.248969e+00   1.540585e-15   4.707839e-04   2.849078e-17   3672
  1.250806e+00   1.586407e-15   4.587010e-04   3.160822e-17   3248
  1.252340e+00   1.444735e-15   4.695129e-04   3.013219e-17   3336
  1.254015e+00   1.444795e-15   4.779221e-04   2.812840e-17   3576
  1.255728e+00   1.514321e-15   4.057129e-04   3.074359e-17   3336
  1.257472e+00   1.443017e-15   4.819158e-04   2.646323e-17   3936
  1.259194e+00   1.421830e-15   5.132539e-04   2.886750e-17   3408
  1.260901e+00   1.510453e-15   4.521849e-04   2.908488e-17   3336
  1.262560e+00   1.314295e-15   5.079072e-04   2.642681e-17   3312
  1.264219e+00   1.440546e-15   5.142616e-04   2.956804e-17   3432
  1.265985e+00   1.470194e-15   4.458442e-04   3.124647e-17   3144
  1.267597e+00   1.444952e-15   4.840083e-04   2.732868e-17   3456
  1.269411e+00   1.389665e-15   4.651874e-04   2.577807e-17   3792
  1.271049e+00   1.421345e-15   4.569446e-04   3.110732e-17   2868
  1.272819e+00   1.345862e-15   4.733929e-04   2.513283e-17   3888
  1.274473e+00   1.256890e-15   4.110524e-04   2.688787e-17   2784
  1.276101e+00   1.382574e-15   4.694335e-04   2.973205e-17   2964
  1.277880e+00   1.372704e-15   4.834244e-04   2.668528e-17   3432
  1.279573e+00   1.327249e-15   5.003929e-04   2.530584e-17   3416
  1.281287e+00   1.328959e-15   5.348762e-04   2.457690e-17   3528
  1.283040e+00   1.363634e-15   4.292762e-04   2.993190e-17   2904
  1.284592e+00   1.246209e-15   4.813445e-04   2.782186e-17   3072
  1.286396e+00   1.280603e-15   5.406051e-04   2.727619e-17   3216
  1.288199e+00   1.261004e-15   4.378327e-04   2.658367e-17   2844
  1.289782e+00   1.262295e-15   5.010192e-04   2.563457e-17   3432
  1.291408e+00   1.273435e-15   4.027010e-04   2.718232e-17   2880
  1.293224e+00   1.293596e-15   5.334351e-04   2.516901e-17   3576
  1.294934e+00   1.308131e-15   4.768162e-04   3.044927e-17   2700
  1.296572e+00   1.184834e-15   5.355829e-04   2.657646e-17   3000
  1.298287e+00   1.230398e-15   4.446934e-04   2.874159e-17   2556
  1.299953e+00   1.236415e-15   4.766228e-04   2.519608e-17   3360
  1.301675e+00   1.204466e-15   4.631149e-04   2.497428e-17   3120
  1.303530e+00   1.253073e-15   5.452330e-04   2.669547e-17   3216
  1.305127e+00   1.285058e-15   3.845380e-04   2.985158e-17   2628
  1.306923e+00   1.142078e-15   5.083038e-04   2.488021e-17   3200
  1.308561e+00   1.183950e-15   4.795357e-04   2.970052e-17   2232
  1.310215e+00   1.083296e-15   5.473750e-04   2.240017e-17   3108
  1.311862e+00   1.195803e-15   4.808374e-04   2.816677e-17   2604
  1.313547e+00   1.248982e-15   5.179979e-04   2.621580e-17   3096
  1.315401e+00   1.123628e-15   4.719641e-04   2.529169e-17   3084
  1.317009e+00   1.134962e-15   4.816320e-04   2.716032e-17   2664
  1.318667e+00   1.165870e-15   4.247239e-04   2.936027e-17   2232
  1.320292e+00   1.020922e-15   5.231957e-04   2.323422e-17   2808
  1.322070e+00   1.162336e-15   4.942393e-04   2.831547e-17   2592
  1.323731e+00   1.231568e-15   5.073960e-04   2.659482e-17   2952
  1.325476e+00   1.036617e-15   4.790441e-04   2.487778e-17   2772
  1.327172e+00   1.091041e-15   5.151819e-04   2.392262e-17   3036
  1.328948e+00   1.038106e-15   4.997289e-04   2.684011e-17   2136
  1.330566e+00   9.844704e-16   3.985350e-04   2.445135e-17   2496
  1.332228e+00   1.080957e-15   5.308189e-04   2.766303e-17   2228
  1.333960e+00   1.052542e-15   4.948933e-04   2.400019e-17   3048
  1.335685e+00   1.118309e-15   4.727366e-04   2.641384e-17   2676
  1.337399e+00   1.021484e-15   4.709500e-04   2.239284e-17   2784
  1.339037e+00   1.062271e-15   4.575289e-04   2.900894e-17   1920
  1.340680e+00   1.037132e-15   4.882940e-04   2.566571e-17   2400
  1.342460e+00   9.664885e-16   4.478664e-04   2.353754e-17   2532
  1.344301e+00   9.754238e-16   4.974724e-04   2.399124e-17   2544
  1.345957e+00   1.050746e-15   5.204236e-04   2.418843e-17   2772
  1.347589e+00   9.257889e-16   4.874611e-04   2.468793e-17   2160
  1.349209e+00   1.039052e-15   5.250420e-04   2.657452e-17   2304
  1.351084e+00   9.332317e-16   5.137807e-04   2.394983e-17   2328
  1.352765e+00   8.411122e-16   4.926073e-04   2.010656e-17   2304
  1.354322e+00   8.707960e-16   4.658284e-04   2.365901e-17   1908
  1.356093e+00   1.078279e-15   5.209991e-04   2.609395e-17   2736
  1.357799e+00   9.716918e-16   4.936463e-04   2.219291e-17   2448
  1.359613e+00   1.046638e-15   4.615326e-04   2.785903e-17   2040
  1.361255e+00   8.073189e-16   4.805496e-04   2.226933e-17   2120
  1.362833e+00   9.217312e-16   3.984242e-04   2.558839e-17   2040
  1.364532e+00   8.218328e-16   4.943170e-04   2.243900e-17   2208
  1.366455e+00   9.619772e-16   4.438218e-04   2.609336e-17   2208
  1.368013e+00   1.082203e-15   4.918393e-04   2.885326e-17   2196
  1.369622e+00   8.253962e-16   4.326531e-04   2.266388e-17   1848
  1.371260e+00   9.043563e-16   4.906859e-04   2.616060e-17   2124
  1.373092e+00   8.283921e-16   5.147189e-04   2.049593e-17   2328
  1.374881e+00   8.074599e-16   5.240287e-04   2.306433e-17   1920
  1.376620e+00   8.115051e-16   4.810523e-04   2.594785e-17   1548
  1.378167e+00   1.049056e-15   5.276994e-04   2.677319e-17   2388
  1.379991e+00   8.515273e-16   4.883236e-04   2.272339e-17   2160
  1.381662e+00   8.536011e-16   4.444671e-04   2.608714e-17   1704
  1.383263e+00   7.936120e-16   5.007315e-04   2.421796e-17   1776
  1.384777e+00   8.462166e-16   4.683711e-04   2.365822e-17   1800
  1.386692e+00   7.263745e-16   5.406913e-04   2.015076e-17   1700
  1.388481e+00   8.851893e-16   4.868276e-04   2.483002e-17   2292
  1.390146e+00   8.356440e-16   4.519205e-04   2.501834e-17   1704
  1.391718e+00   8.634932e-16   5.053229e-04   2.762593e-17   1728
  1.393439e+00   7.272527e-16   4.676878e-04   2.445749e-17   1728
  1.395126e+00   8.749477e-16   4.672479e-04   2.599931e-17   1680
  1.396921e+00   6.685782e-16   5.382835e-04   2.044968e-17   1704
  1.398708e+00   6.741789e-16   4.227137e-04   1.929652e-17   1752
  1.400307e+00   8.849349e-16   5.025262e-04   2.859067e-17   1872
  1.402036e+00   8.370050e-16   4.925311e-04   3.151620e-17   1500
  1.403790e+00   7.240074e-16   4.312830e-04   2.333766e-17   1656
  1.405494e+00   7.687390e-16   4.624173e-04   2.550323e-17   1464
  1.407008e+00   5.828199e-16   4.050313e-04   2.057584e-17   1488
  1.408865e+00   6.686029e-16   4.888426e-04   1.859054e-17   1680
  1.410562e+00   7.090926e-16   5.107180e-04   2.192435e-17   1692
  1.412151e+00   6.983883e-16   4.890383e-04   3.104128e-17   1128
  1.413913e+00   6.930075e-16   4.709016e-04   1.968562e-17   1536
  1.415632e+00   5.747152e-16   4.908676e-04   1.799013e-17   1616
  1.417373e+00   6.552068e-16   4.733501e-04   2.225958e-17   1476
  1.419127e+00   6.182395e-16   5.209335e-04   2.259088e-17   1176
  1.420693e+00   6.295531e-16   5.596875e-04   1.848320e-17   1656
  1.422399e+00   7.130697e-16   4.916336e-04   3.327405e-17   891
  1.424157e+00   6.580513e-16   5.240858e-04   2.146281e-17   1596
  1.425870e+00   5.640536e-16   4.570168e-04   1.607242e-17   1422
  1.427560e+00   5.795723e-16   4.382484e-04   2.002094e-17   1254
  1.429149e+00   5.470411e-16   4.477206e-04   2.444994e-17   918
  1.430852e+00   6.169620e-16   4.900032e-04   2.003434e-17   1614
  1.432567e+00   5.033963e-16   4.232714e-04   2.035713e-17   798
  1.434273e+00   5.102481e-16   5.425837e-04   1.597427e-17   1458
  1.436002e+00   5.704861e-16   4.968256e-04   1.812703e-17   1374
  1.437711e+00   4.850624e-16   4.243221e-04   1.848764e-17   984
  1.439407e+00   5.652860e-16   5.838085e-04   2.387224e-17   1062
  1.441134e+00   5.904961e-16   4.948879e-04   2.022027e-17   1246
  1.442811e+00   4.142733e-16   4.588833e-04   1.451152e-17   1072
  1.444603e+00   4.594851e-16   4.969413e-04   1.574489e-17   1110
  1.446258e+00   5.620958e-16   5.383636e-04   1.784523e-17   1254
  1.447998e+00   4.874769e-16   5.109355e-04   1.673129e-17   1032
  1.449895e+00   4.789604e-16   4.733780e-04   2.144108e-17   786
  1.451337e+00   5.203314e-16   4.853147e-04   2.092176e-17   1152
  1.453026e+00   4.287824e-16   5.289446e-04   1.458214e-17   1086
  1.454785e+00   3.766980e-16   4.772261e-04   1.235498e-17   912
  1.456411e+00   5.750807e-16   4.783749e-04   2.036764e-17   1062
  1.458071e+00   4.559209e-16   4.768243e-04   1.782675e-17   912
  1.459989e+00   4.169978e-16   5.322923e-04   1.906065e-17   750
  1.461484e+00   5.266713e-16   5.128675e-04   1.621501e-17   1200
  1.463214e+00   4.065245e-16   4.644419e-04   1.452989e-17   918
  1.464934e+00   4.016865e-16   4.820751e-04   1.449854e-17   876
  1.466681e+00   5.565210e-16   4.212369e-04   2.051206e-17   870
  1.468211e+00   4.545079e-16   4.913058e-04   1.830725e-17   768
  1.470005e+00   3.613773e-16   4.503077e-04   1.274241e-17   830
  1.471666e+00   4.333235e-16   4.662337e-04   1.523580e-17   1080
  1.473387e+00   4.277219e-16   5.245740e-04   1.564651e-17   840
  1.475121e+00   4.065722e-16   5.051070e-04   1.650124e-17   798
  1.477088e+00   4.961494e-16   4.009113e-04   1.925516e-17   792
  1.478613e+00   3.879575e-16   4.675924e-04   1.526155e-17   726
  1.480213e+00   3.507748e-16   5.239634e-04   1.300289e-17   864
  1.481966e+00   3.927405e-16   4.485006e-04   1.409691e-17   900
  1.483743e+00   3.644148e-16   4.984474e-04   1.538741e-17   726
  1.485268e+00   3.639325e-16   4.313846e-04   1.506651e-17   576
  1.487302e+00   3.968611e-16   4.489324e-04   1.455073e-17   840
  1.488733e+00   3.943357e-16   4.660199e-04   1.475069e-17   750
  1.490428e+00   3.349159e-16   4.674350e-04   1.320779e-17   720
  1.492027e+00   3.643691e-16   4.728813e-04   1.554615e-17   702
  1.493895e+00   3.634823e-16   5.164499e-04   1.414058e-17   696
  1.495432e+00   3.732220e-16   4.618675e-04   1.901714e-17   480
  1.497243e+00   3.900448e-16   4.376385e-04   1.381005e-17   830
  1.498847e+00   3.754712e-16   5.091155e-04   1.427822e-17   756
  1.500643e+00   3.406143e-16   4.888404e-04   1.447714e-17   624
  1.502229e+00   3.546306e-16   5.165284e-04   1.529763e-17   582
  1.504104e+00   3.775065e-16   3.964472e-04   1.690706e-17   576
  1.505725e+00   3.412326e-16   5.309724e-04   1.537099e-17   624
  1.507388e+00   3.594962e-16   4.336450e-04   1.436143e-17   702
  1.509034e+00   3.674933e-16   4.988077e-04   1.671166e-17   624
  1.510988e+00   3.847701e-16   4.825630e-04   1.527796e-17   672
  1.512580e+00   3.787216e-16   3.612436e-04   2.005178e-17   342
  1.514329e+00   3.775719e-16   4.516021e-04   1.478616e-17   660
  1.515937e+00   3.078488e-16   4.642274e-04   1.399773e-17   576
  1.517597e+00   3.552177e-16   4.513226e-04   1.670686e-17   600
  1.519276e+00   3.423277e-16   5.220166e-04   1.562086e-17   510
  1.521163e+00   3.818073e-16   4.890514e-04   1.458421e-17   600
  1.522619e+00   3.364086e-16   3.895108e-04   1.960587e-17   216
  1.524315e+00   3.241706e-16   4.741021e-04   1.302269e-17   758
  1.526291e+00   3.147740e-16   5.190411e-04   1.386423e-17   576
  1.528024e+00   3.056232e-16   4.406517e-04   1.346161e-17   528
  1.529587e+00   2.739692e-16   3.034519e-04   1.530615e-17   318
  1.531266e+00   3.487160e-16   5.242157e-04   1.627058e-17   540
  1.533252e+00   2.603572e-16   3.706126e-04   1.354813e-17   384
  1.534598e+00   3.019455e-16   5.120576e-04   1.298953e-17   576
  1.536349e+00   2.976815e-16   4.184460e-04   1.448904e-17   414
  1.538006e+00   3.784560e-16   4.672675e-04   1.699457e-17   504
  1.539775e+00   3.760224e-16   5.129507e-04   2.215578e-17   312
  1.541474e+00   3.276240e-16   4.647396e-04   1.698551e-17   414
  1.543160e+00   2.592552e-16   4.293448e-04   1.185891e-17   432
  1.544729e+00   3.258899e-16   5.686055e-04   1.524963e-17   504
  1.546545e+00   3.103446e-16   5.476310e-04   1.610901e-17   432
  1.548245e+00   3.215236e-16   4.485920e-04   1.831444e-17   354
  1.549977e+00   2.814585e-16   6.527560e-04   1.873536e-17   200
  1.551463e+00   3.071013e-16   4.631515e-04   1.407201e-17   480
  1.553470e+00   2.910702e-16   5.292520e-04   1.195788e-17   552
  1.555311e+00   2.509188e-16   3.296817e-04   1.299848e-17   366
  1.556730e+00   3.322342e-16   3.509628e-04   1.982744e-17   240
  1.558291e+00   3.049141e-16   4.906603e-04   1.684456e-17   288
  1.560489e+00   2.806016e-16   3.372103e-04   1.508099e-17   366
  1.561910e+00   2.582543e-16   5.467244e-04   1.179561e-17   408
  1.563496e+00   2.590708e-16   4.109956e-04   1.328489e-17   360
  1.565137e+00   3.281174e-16   3.831167e-04   1.796256e-17   324
  1.566729e+00   3.197851e-16   4.524730e-04   2.277887e-17   174
  1.568624e+00   2.736757e-16   5.198279e-04   1.588194e-17   264
  1.570404e+00   2.896569e-16   4.741086e-04   1.257551e-17   456
  1.572178e+00   3.192653e-16   4.767346e-04   1.765567e-17   360
  1.573637e+00   2.866753e-16   5.251690e-04   1.634134e-17   270
  1.575423e+00   2.302353e-16   5.743787e-04   1.369818e-17   240
  1.577661e+00   2.907418e-16   4.185669e-04   2.442524e-17   120
  1.578762e+00   2.352098e-16   4.369696e-04   1.351803e-17   320
  1.580538e+00   2.846714e-16   5.406748e-04   1.363256e-17   462
  1.582398e+00   2.893585e-16   3.145683e-04   1.782416e-17   276
  1.584014e+00   2.399933e-16   3.568730e-04   2.276466e-17   144
  1.585571e+00   2.848367e-16   3.747862e-04   2.188370e-17   120
  1.587640e+00   2.439758e-16   2.838118e-04   1.450125e-17   294
  1.589204e+00   2.519595e-16   5.034972e-04   1.297255e-17   384
  1.590663e+00   3.048747e-16   3.333119e-04   1.903555e-17   216
  1.592060e+00   2.580011e-16   3.095363e-04   2.084887e-17   168
  1.593638e+00   3.166831e-16   3.682988e-04   3.363298e-17   102
  1.595919e+00   2.344177e-16   5.587821e-04   1.715702e-17   168
  1.597518e+00   2.720244e-16   4.890688e-04   1.315466e-17   384
  1.599271e+00   2.427790e-16   4.969061e-04   1.323322e-17   300
  1.600903e+00   3.262295e-16   5.320788e-04   2.104926e-17   144
  1.602742e+00   3.405989e-16   5.449239e-04   3.456074e-17   102
  1.604949e+00   3.667744e-16   1.289956e-04   4.714688e-17   56
  1.606006e+00   2.517256e-16   4.199761e-04   1.426810e-17   288
  1.607665e+00   2.546526e-16   5.465449e-04   1.256353e-17   360
  1.609470e+00   2.236605e-16   2.931840e-04   1.793798e-17   126
  1.610992e+00   2.662386e-16   1.443964e-04   2.987569e-17   72
  1.612650e+00   3.092155e-16   7.650143e-05   4.875867e-17   48
  1.614814e+00   2.472509e-16   3.094846e-04   1.668952e-17   240
  1.616236e+00   2.588545e-16   4.591937e-04   1.546829e-17   306
  1.617691e+00   2.633589e-16   2.552095e-04   2.368047e-17   120
  1.619368e+00   2.990137e-16   6.281048e-04   3.177382e-17   96
  1.620587e+00   2.178276e-16   0.000000e+00   2.460135e-17   24
  1.623325e+00   2.393322e-16   5.439228e-04   2.055493e-17   120
  1.624667e+00   2.615327e-16   4.703935e-04   1.516952e-17   318
  1.626308e+00   2.342975e-16   5.026794e-04   1.613468e-17   168
  1.628106e+00   2.293498e-16   5.394313e-04   1.892906e-17   72
  1.630075e+00   2.364737e-16   0.000000e+00   5.037866e-17   24
  1.632193e+00   3.294652e-16   2.618418e-04   8.132626e-17   14
  1.633200e+00   2.158778e-16   4.129830e-04   1.277231e-17   288
  1.634765e+00   2.287154e-16   4.968411e-04   1.480540e-17   204
  1.636571e+00   2.610536e-16   7.538327e-05   2.517449e-17   48
  1.638002e+00   1.194688e-16   0.000000e+00   3.122547e-17   24
  1.639659e+00   1.289381e-16   0.000000e+00   2.366318e-17   6
  1.642039e+00   2.122157e-16   3.087683e-04   1.335229e-17   216
  1.643266e+00   2.339825e-16   4.111948e-04   1.749640e-17   192
  1.644767e+00   2.704479e-16   7.500762e-05   3.643416e-17   48
  1.646341e+00   2.674146e-16   5.993235e-04   3.732723e-17   30
  1.650794e+00   2.961560e-16   1.239342e-04   2.478187e-17   96
  1.651708e+00   2.410671e-16   4.061000e-04   1.570759e-17   228
  1.653445e+00   2.838542e-16   5.310492e-04   3.155033e-17   72
  1.655533e+00   1.652687e-16   0.000000e+00   8.046706e-17   6
  1.660288e+00   1.978906e-16   4.009709e-04   1.096401e-17   248
  1.661805e+00   2.444832e-16   4.589321e-04   2.410467e-17   72
  1.663636e+00   3.458453e-16   2.543132e-08   1.174726e-16   6
  1.669168e+00   2.368994e-16   2.849355e-04   1.483212e-17   180
  1.670272e+00   2.486991e-16   3.876996e-04   2.567076e-17   72
  1.671847e+00   1.632423e-16   0.000000e+00   6.329388e-17   6
  1.677997e+00   2.319278e-16   1.219250e-04   2.145367e-17   96
  1.678732e+00   2.498754e-16   3.347351e-04   2.131764e-17   96
  1.680165e+00   2.845859e-16   0.000000e+00   7.254669e-17   6
  1.687272e+00   2.321484e-16   3.203674e-04   1.784751e-17   140
  1.688588e+00   3.122463e-16   0.000000e+00   6.272851e-17   6
  1.696205e+00   2.172596e-16   2.151411e-04   1.824442e-17   96
  1.697114e+00   2.102725e-16   0.000000e+00   5.518871e-17   6
  1.705164e+00   1.726130e-16   1.294251e-04   1.866648e-17   60
  1.705743e+00   1.575100e-16   0.000000e+00   6.824011e-17   6
  1.714199e+00   2.344299e-16   1.312104e-04   3.501463e-17   38
  1.723205e+00   2.926025e-16   6.749794e-05   3.715094e-17   18
  1.732226e+00   1.336302e-16   2.543132e-08   4.321052e-17   6
