# power spectrum of pi_k
# redshift z=9.986322
# k              Pk             sigma(k)       sigma(Pk)      count
  1.570796e-02   1.317062e-13   0.000000e+00   5.308852e-14   6
  2.221441e-02   5.983774e-14   0.000000e+00   1.194497e-14   12
  2.720699e-02   3.675599e-14   2.980232e-10   7.479695e-15   8
  3.141593e-02   1.032670e-13   0.000000e+00   1.111228e-14   6
  3.512407e-02   6.239168e-14   5.619580e-10   1.988991e-14   24
  3.847649e-02   7.926178e-14   5.619580e-10   1.335368e-14   24
  4.442883e-02   2.951479e-14   0.000000e+00   1.328454e-14   12
  4.712389e-02   3.204732e-14   6.357829e-10   5.903516e-15   30
  4.967294e-02   3.791350e-14   0.000000e+00   8.355426e-15   24
  5.209742e-02   3.305417e-14   9.733398e-10   8.193576e-15   24
  5.441398e-02   3.716363e-14   5.960464e-10   7.533172e-15   8
  5.663587e-02   3.045216e-14   7.947286e-10   3.783219e-15   24
  5.877382e-02   2.785239e-14   0.000000e+00   3.914009e-15   48
  6.283185e-02   3.135709e-14   0.000000e+00   1.378708e-14   6
  6.476559e-02   2.456836e-14   7.947286e-10   3.449844e-15   48
  6.664324e-02   2.229414e-14   7.492773e-10   2.318547e-15   36
  6.846942e-02   3.140948e-14   7.947286e-10   6.567979e-15   24
  7.024815e-02   1.803301e-14   1.123916e-09   3.104459e-15   24
  7.198293e-02   1.580060e-14   0.000000e+00   2.148678e-15   48
  7.367688e-02   2.399375e-14   1.123916e-09   3.415287e-15   24
  7.695299e-02   1.823920e-14   1.123916e-09   2.869016e-15   24
  7.853982e-02   1.216993e-14   0.000000e+00   1.991994e-15   30
  8.009521e-02   1.268203e-14   0.000000e+00   1.400707e-15   72
  8.162097e-02   1.206458e-14   1.192093e-09   2.456192e-15   32
  8.458997e-02   1.535212e-14   0.000000e+00   1.780682e-15   72
  8.603606e-02   9.119704e-15   0.000000e+00   1.333272e-15   48
  8.885766e-02   4.628656e-15   0.000000e+00   1.376834e-15   12
  9.091388e-02   8.335085e-15   6.784996e-04   7.755484e-16   96
  9.292956e-02   1.003277e-14   1.123916e-09   1.265607e-15   48
  9.424778e-02   1.181279e-14   1.271566e-09   2.070729e-15   30
  9.650974e-02   1.033639e-14   5.553727e-04   9.709190e-16   96
  9.934588e-02   5.911894e-15   0.000000e+00   1.122197e-15   24
  1.009864e-01   8.201701e-15   5.747348e-04   6.662566e-16   144
  1.030040e-01   5.579211e-15   1.946680e-09   1.370463e-15   24
  1.050779e-01   8.069280e-15   5.098206e-04   9.194384e-16   96
  1.065366e-01   6.966402e-15   0.000000e+00   1.072408e-15   48
  1.098102e-01   8.291347e-15   3.780724e-04   9.336101e-16   62
  1.114740e-01   5.968545e-15   5.316623e-04   7.228062e-16   132
  1.132717e-01   3.883170e-15   1.589457e-09   6.927148e-16   24
  1.149693e-01   6.022696e-15   5.313863e-04   5.111227e-16   168
  1.180701e-01   6.937760e-15   5.224442e-04   5.803538e-16   96
  1.203984e-01   4.618014e-15   4.446482e-04   4.357735e-16   96
  1.232554e-01   4.782595e-15   4.956196e-04   3.942404e-16   168
  1.256637e-01   6.365805e-15   0.000000e+00   2.797659e-15   6
  1.266416e-01   5.211541e-15   0.000000e+00   5.045477e-16   96
  1.278047e-01   4.952058e-15   3.852495e-04   4.880971e-16   120
  1.301638e-01   3.888935e-15   4.473436e-04   3.077945e-16   144
  1.314222e-01   4.496921e-15   0.000000e+00   6.057721e-16   48
  1.338136e-01   3.888468e-15   4.564740e-04   4.203900e-16   84
  1.351250e-01   4.247127e-15   3.114687e-09   3.812414e-16   120
  1.363061e-01   3.263277e-15   4.142175e-04   3.749191e-16   80
  1.381342e-01   3.038919e-15   4.205668e-04   2.229100e-16   144
  1.404963e-01   3.708017e-15   2.247832e-09   6.878140e-16   24
  1.416501e-01   4.018524e-15   4.058285e-04   3.352721e-16   150
  1.434502e-01   3.542125e-15   4.210699e-04   2.586849e-16   120
  1.454270e-01   3.123526e-15   3.837166e-04   2.639653e-16   168
  1.473538e-01   4.590919e-15   2.247832e-09   7.684722e-16   24
  1.485660e-01   2.639613e-15   4.133786e-04   1.673368e-16   264
  1.498444e-01   2.042801e-15   2.247832e-09   2.862363e-16   48
  1.520236e-01   2.608490e-15   3.828947e-04   2.155970e-16   144
  1.544390e-01   3.101673e-15   3.768959e-04   3.808224e-16   72
  1.558174e-01   2.404738e-15   3.876848e-04   1.536334e-16   180
  1.577444e-01   2.472597e-15   2.809042e-04   1.848921e-16   198
  1.586427e-01   2.567171e-15   0.000000e+00   2.801842e-16   48
  1.606295e-01   2.027446e-15   3.802118e-04   1.526263e-16   168
  1.621039e-01   2.362611e-15   3.805277e-04   2.156592e-16   144
  1.643345e-01   2.161224e-15   5.346625e-04   1.126836e-16   248
  1.673465e-01   1.500129e-15   3.686065e-04   1.054255e-16   192
  1.693976e-01   1.924659e-15   5.693667e-04   1.266512e-16   240
  1.706322e-01   2.069673e-15   0.000000e+00   2.243358e-16   72
  1.725150e-01   2.113654e-15   3.474519e-04   1.841143e-16   126
  1.737029e-01   2.225906e-15   3.205713e-04   1.760278e-16   168
  1.759709e-01   2.045932e-15   3.505411e-04   1.143693e-16   288
  1.783549e-01   1.840360e-15   1.846233e-04   1.564900e-16   156
  1.795894e-01   1.557631e-15   3.105899e-04   1.359443e-16   168
  1.814616e-01   1.634760e-15   5.324516e-04   9.991992e-17   264
  1.831848e-01   1.528026e-15   0.000000e+00   1.886912e-16   48
  1.844652e-01   1.520643e-15   5.299184e-04   9.964649e-17   264
  1.863009e-01   1.529121e-15   3.123533e-04   1.268514e-16   144
  1.876872e-01   1.690343e-15   6.390593e-04   1.928365e-16   78
  1.897067e-01   1.348181e-15   4.154149e-04   7.425326e-17   336
  1.916111e-01   1.236346e-15   3.160631e-04   8.380858e-17   200
  1.928618e-01   1.195218e-15   6.188557e-04   9.105922e-17   192
  1.945503e-01   1.466373e-15   3.105574e-04   1.044000e-16   240
  1.961016e-01   1.532319e-15   6.223754e-04   1.053337e-16   168
  1.976952e-01   1.247966e-15   4.982915e-04   1.072125e-16   120
  1.996091e-01   1.360989e-15   3.894583e-04   7.266411e-17   324
  2.014663e-01   1.201857e-15   3.061804e-04   8.213157e-17   192
  2.027302e-01   1.335867e-15   5.491178e-04   9.683874e-17   168
  2.048802e-01   9.692363e-16   4.522690e-04   5.349957e-17   342
  2.068188e-01   1.304875e-15   3.641675e-04   6.680565e-17   336
  2.087838e-01   1.411372e-15   2.786838e-04   1.571905e-16   72
  2.101088e-01   1.111260e-15   4.457174e-04   7.407245e-17   288
  2.116470e-01   1.086865e-15   2.902819e-04   7.882813e-17   264
  2.137954e-01   9.393707e-16   3.817923e-04   5.071836e-17   384
  2.157197e-01   9.616737e-16   4.582500e-04   7.179791e-17   240
  2.165193e-01   1.011349e-15   0.000000e+00   1.235911e-16   48
  2.188323e-01   9.635605e-16   3.751076e-04   4.859713e-17   392
  2.205970e-01   8.678986e-16   4.116619e-04   4.932133e-17   294
  2.224945e-01   8.419122e-16   2.675587e-04   6.233992e-17   228
  2.237424e-01   9.850436e-16   4.063271e-04   6.441725e-17   216
  2.252951e-01   8.047528e-16   2.475063e-04   4.247540e-17   336
  2.271958e-01   8.405022e-16   2.940781e-04   4.812144e-17   360
  2.287649e-01   8.968416e-16   4.480490e-04   5.535643e-17   240
  2.303999e-01   8.003219e-16   5.301447e-04   5.586395e-17   168
  2.319249e-01   7.375999e-16   4.172883e-04   4.199686e-17   312
  2.337418e-01   7.184880e-16   2.611535e-04   3.660894e-17   336
  2.357046e-01   7.648865e-16   3.562619e-04   4.641973e-17   294
  2.371846e-01   8.495324e-16   4.748243e-04   5.236704e-17   288
  2.383170e-01   5.903338e-16   2.971134e-04   3.863276e-17   264
  2.403364e-01   6.742444e-16   5.103645e-04   3.429580e-17   480
  2.420249e-01   7.398697e-16   2.496686e-04   4.425169e-17   240
  2.440949e-01   7.172513e-16   2.524589e-04   4.204241e-17   276
  2.457280e-01   6.659662e-16   5.541970e-04   2.791323e-17   488
  2.476682e-01   7.500363e-16   2.440802e-04   6.629568e-17   240
  2.487944e-01   6.735415e-16   4.739408e-04   3.336946e-17   360
  2.503735e-01   5.609793e-16   1.686210e-04   4.172187e-17   198
  2.524044e-01   5.377912e-16   5.697771e-04   2.341099e-17   480
  2.538913e-01   5.327530e-16   2.103076e-04   3.230571e-17   288
  2.559478e-01   6.042871e-16   4.445422e-04   2.860379e-17   480
  2.577972e-01   6.095473e-16   2.738942e-04   2.573863e-17   480
  2.596963e-01   5.242685e-16   3.542367e-04   3.518708e-17   288
  2.608812e-01   5.839554e-16   3.779053e-04   3.322119e-17   288
  2.627448e-01   5.515241e-16   6.569890e-04   2.661850e-17   456
  2.646214e-01   6.041181e-16   6.187305e-04   2.973990e-17   360
  2.658312e-01   5.331919e-16   3.708853e-04   3.306850e-17   180
  2.675821e-01   4.450501e-16   4.039393e-04   1.896446e-17   486
  2.693567e-01   4.916083e-16   5.373692e-04   2.206442e-17   504
  2.711612e-01   5.179374e-16   4.175087e-04   2.460416e-17   456
  2.726573e-01   4.932310e-16   3.468761e-04   2.889117e-17   296
  2.746340e-01   4.573016e-16   3.422861e-04   2.014579e-17   528
  2.761206e-01   4.558575e-16   3.377476e-04   2.305757e-17   336
  2.783101e-01   4.496341e-16   3.746254e-04   1.861564e-17   600
  2.799128e-01   3.703739e-16   2.194755e-04   2.193490e-17   264
  2.815189e-01   4.301848e-16   2.373367e-04   2.107967e-17   360
  2.831582e-01   4.052774e-16   4.751715e-04   1.765694e-17   630
  2.849646e-01   4.593105e-16   2.452791e-04   2.184483e-17   432
  2.865671e-01   4.342916e-16   4.725907e-04   2.048150e-17   408
  2.885340e-01   3.917186e-16   3.136768e-04   2.115641e-17   324
  2.899972e-01   3.678726e-16   4.470278e-04   1.383939e-17   744
  2.917622e-01   3.531913e-16   3.573689e-04   1.971228e-17   336
  2.934486e-01   3.967156e-16   4.912911e-04   1.736482e-17   528
  2.952978e-01   3.314550e-16   2.506716e-04   1.760272e-17   408
  2.965238e-01   3.208741e-16   4.266433e-04   1.589620e-17   408
  2.985496e-01   3.252828e-16   3.522079e-04   1.462708e-17   470
  3.000252e-01   3.421477e-16   4.231156e-04   1.551194e-17   528
  3.020857e-01   2.907328e-16   3.525700e-04   1.077975e-17   624
  3.036033e-01   3.291333e-16   2.682725e-04   1.519083e-17   504
  3.051691e-01   2.834349e-16   3.736837e-04   1.227480e-17   552
  3.067221e-01   3.083105e-16   1.816539e-04   1.553901e-17   336
  3.086668e-01   3.251871e-16   3.866695e-04   1.416433e-17   528
  3.101733e-01   3.033832e-16   4.402305e-04   1.202026e-17   564
  3.119378e-01   2.854587e-16   4.051859e-04   1.375969e-17   528
  3.138508e-01   3.092562e-16   6.290633e-04   1.356813e-17   582
  3.155905e-01   2.813550e-16   4.842838e-04   1.116968e-17   624
  3.171120e-01   2.713435e-16   5.536295e-04   1.364128e-17   432
  3.189273e-01   2.789782e-16   6.158164e-04   9.541669e-18   816
  3.207951e-01   2.857311e-16   2.806614e-04   1.576812e-17   312
  3.220171e-01   2.488341e-16   4.548743e-04   1.110742e-17   552
  3.239876e-01   2.558833e-16   2.864905e-04   9.495912e-18   744
  3.254151e-01   2.779793e-16   2.676404e-04   1.511816e-17   408
  3.272576e-01   2.377098e-16   3.835404e-04   9.595767e-18   632
  3.291717e-01   2.721173e-16   6.513489e-04   1.003336e-17   750
  3.307289e-01   2.582153e-16   4.480796e-04   1.369439e-17   312
  3.324641e-01   2.419667e-16   6.615270e-04   8.307651e-18   876
  3.341804e-01   1.942637e-16   4.319379e-04   8.100048e-18   552
  3.361143e-01   2.354569e-16   3.572110e-04   9.273181e-18   696
  3.374317e-01   2.316875e-16   3.942932e-04   9.841474e-18   576
  3.392245e-01   2.035870e-16   4.174616e-04   9.416653e-18   576
  3.407547e-01   2.273764e-16   5.593999e-04   8.969993e-18   648
  3.426040e-01   2.214880e-16   5.599242e-04   8.106583e-18   672
  3.446457e-01   2.110649e-16   2.374990e-04   1.003871e-17   480
  3.459524e-01   1.950150e-16   3.677960e-04   6.974883e-18   726
  3.476351e-01   2.118313e-16   4.167607e-04   7.389975e-18   792
  3.494576e-01   1.917830e-16   5.781572e-04   7.025294e-18   768
  3.513784e-01   1.972435e-16   4.725059e-04   7.384035e-18   672
  3.531396e-01   1.890538e-16   3.169470e-04   7.325751e-18   608
  3.544145e-01   1.784826e-16   3.042788e-04   7.045937e-18   624
  3.562333e-01   1.762792e-16   3.954077e-04   6.388318e-18   684
  3.580024e-01   1.764332e-16   5.840631e-04   6.047412e-18   768
  3.596489e-01   1.804336e-16   4.669543e-04   6.192108e-18   744
  3.616107e-01   1.659027e-16   2.940222e-04   5.723022e-18   750
  3.630406e-01   1.534633e-16   4.370248e-04   6.669756e-18   600
  3.645869e-01   1.601660e-16   4.640415e-04   6.474036e-18   600
  3.664974e-01   1.629613e-16   5.347792e-04   4.982377e-18   1008
  3.680145e-01   1.617337e-16   2.966070e-04   6.103655e-18   696
  3.696957e-01   1.642083e-16   3.918311e-04   6.649517e-18   624
  3.713857e-01   1.571185e-16   6.097387e-04   5.767220e-18   840
  3.733058e-01   1.637301e-16   4.148780e-04   5.621753e-18   816
  3.748632e-01   1.453310e-16   2.755717e-04   4.985538e-18   744
  3.764360e-01   1.477755e-16   4.871654e-04   6.184339e-18   510
  3.783359e-01   1.480049e-16   4.677188e-04   4.746943e-18   1020
  3.801042e-01   1.430455e-16   3.774027e-04   4.521765e-18   912
  3.818473e-01   1.456262e-16   5.591433e-04   5.188754e-18   752
  3.832886e-01   1.409694e-16   4.639583e-04   5.374388e-18   888
  3.852555e-01   1.311810e-16   2.993905e-04   4.621951e-18   768
  3.868644e-01   1.323468e-16   5.440188e-04   4.754875e-18   720
  3.887159e-01   1.286174e-16   4.795683e-04   4.075679e-18   1056
  3.903582e-01   1.282198e-16   3.317856e-04   5.564819e-18   504
  3.917039e-01   1.186691e-16   5.180898e-04   4.475949e-18   774
  3.936283e-01   1.211086e-16   4.982654e-04   3.681430e-18   1272
  3.954358e-01   1.225409e-16   3.264422e-04   4.653757e-18   744
  3.971211e-01   1.108213e-16   5.330594e-04   3.937687e-18   768
  3.986674e-01   1.159884e-16   4.508988e-04   3.809291e-18   840
  4.004039e-01   1.197383e-16   3.056972e-04   3.843339e-18   924
  4.020760e-01   1.133228e-16   5.389435e-04   3.699034e-18   936
  4.037194e-01   1.037596e-16   3.745454e-04   3.401447e-18   840
  4.053748e-01   1.135281e-16   4.452908e-04   3.532510e-18   1008
  4.074786e-01   1.018040e-16   5.026919e-04   3.747137e-18   696
  4.087986e-01   9.623965e-17   4.468063e-04   3.046534e-18   974
  4.107598e-01   1.049758e-16   5.934108e-04   2.986968e-18   1152
  4.124648e-01   1.023768e-16   2.322032e-04   3.401543e-18   816
  4.137908e-01   9.143926e-17   5.108209e-04   2.976028e-18   816
  4.155748e-01   9.641091e-17   4.510778e-04   2.745112e-18   1152
  4.174563e-01   9.539624e-17   4.061247e-04   3.013875e-18   912
  4.191672e-01   9.954722e-17   4.934415e-04   2.961668e-18   1056
  4.206322e-01   9.568150e-17   4.219808e-04   3.764481e-18   624
  4.226021e-01   8.844624e-17   5.271094e-04   2.639859e-18   1260
  4.243023e-01   9.050313e-17   3.179301e-04   3.036815e-18   894
  4.259628e-01   9.360829e-17   5.447273e-04   2.519036e-18   1176
  4.276242e-01   7.926938e-17   4.508728e-04   2.922676e-18   840
  4.295151e-01   8.559884e-17   5.124827e-04   2.169771e-18   1440
  4.315006e-01   7.661710e-17   2.881208e-04   2.471420e-18   864
  4.330060e-01   8.515543e-17   4.944294e-04   2.715005e-18   1056
  4.345044e-01   8.484016e-17   2.915091e-04   3.403133e-18   624
  4.363242e-01   8.060185e-17   5.398245e-04   2.077100e-18   1496
  4.380644e-01   7.883814e-17   3.811353e-04   2.938482e-18   936
  4.396135e-01   7.466638e-17   5.517639e-04   2.393058e-18   966
  4.412804e-01   7.295449e-17   3.911127e-04   2.366382e-18   936
  4.430314e-01   7.369045e-17   4.837854e-04   2.018056e-18   1248
  4.448240e-01   6.804792e-17   3.410472e-04   1.968174e-18   1044
  4.464944e-01   6.954335e-17   5.282931e-04   1.954257e-18   1392
  4.478173e-01   6.381552e-17   4.068922e-04   2.443403e-18   600
  4.497097e-01   6.560784e-17   4.622723e-04   1.688805e-18   1416
  4.514841e-01   6.676865e-17   4.975797e-04   1.916485e-18   1152
  4.532821e-01   6.488332e-17   4.773496e-04   2.038845e-18   936
  4.547305e-01   6.474609e-17   5.119809e-04   2.187425e-18   870
  4.564516e-01   6.692205e-17   4.292755e-04   1.939781e-18   1368
  4.583615e-01   6.330445e-17   5.643853e-04   1.638350e-18   1632
  4.599936e-01   6.352145e-17   2.450244e-04   2.233992e-18   816
  4.617604e-01   6.224147e-17   5.590000e-04   1.778654e-18   1200
  4.633019e-01   6.198428e-17   5.344699e-04   1.775803e-18   1184
  4.648678e-01   6.264067e-17   4.056277e-04   2.020333e-18   984
  4.667890e-01   5.779775e-17   4.952299e-04   1.493511e-18   1572
  4.685308e-01   6.178751e-17   2.727317e-04   2.171627e-18   840
  4.701539e-01   5.490815e-17   6.342482e-04   1.426146e-18   1392
  4.718677e-01   5.285998e-17   4.656646e-04   1.625956e-18   1158
  4.733973e-01   5.520624e-17   4.240237e-04   1.536913e-18   1272
  4.752392e-01   5.503121e-17   4.321181e-04   1.482812e-18   1320
  4.769691e-01   5.210645e-17   4.228227e-04   1.616689e-18   1104
  4.786151e-01   5.013308e-17   4.785761e-04   1.398539e-18   1392
  4.803427e-01   4.823443e-17   5.176282e-04   1.377831e-18   1296
  4.821220e-01   4.921014e-17   5.404894e-04   1.309408e-18   1392
  4.837916e-01   4.854025e-17   3.964922e-04   1.452801e-18   1104
  4.853363e-01   4.599340e-17   4.994197e-04   1.216342e-18   1320
  4.875364e-01   4.596464e-17   3.813995e-04   1.217589e-18   1422
  4.889418e-01   4.410034e-17   4.750117e-04   1.273374e-18   1212
  4.905562e-01   4.314373e-17   5.190595e-04   1.156163e-18   1280
  4.922146e-01   4.618826e-17   5.404823e-04   1.291199e-18   1272
  4.938041e-01   4.608567e-17   4.677338e-04   1.137285e-18   1680
  4.956881e-01   3.981872e-17   4.419216e-04   1.178581e-18   1152
  4.974225e-01   4.105918e-17   5.117608e-04   9.966553e-19   1512
  4.992459e-01   3.996009e-17   2.160634e-04   1.343115e-18   912
  5.006872e-01   4.161097e-17   5.446515e-04   9.547878e-19   1680
  5.026041e-01   3.575043e-17   4.824972e-04   8.952057e-19   1518
  5.040250e-01   4.010208e-17   4.467006e-04   1.181539e-18   1056
  5.055216e-01   3.796090e-17   4.510442e-04   9.717189e-19   1344
  5.074562e-01   4.176880e-17   4.843229e-04   1.002422e-18   1680
  5.092067e-01   3.672976e-17   4.772500e-04   9.254231e-19   1656
  5.111194e-01   3.479818e-17   4.056700e-04   1.096161e-18   1140
  5.125554e-01   3.495437e-17   4.697351e-04   9.849212e-19   1368
  5.142450e-01   3.500771e-17   5.343264e-04   8.745495e-19   1656
  5.159625e-01   3.563142e-17   5.472649e-04   9.915146e-19   1448
  5.178320e-01   3.364705e-17   5.141193e-04   8.551855e-19   1422
  5.195587e-01   3.396431e-17   5.675668e-04   8.654940e-19   1512
  5.210354e-01   3.358664e-17   4.326963e-04   9.585358e-19   1296
  5.227440e-01   3.139387e-17   3.950802e-04   7.512230e-19   1824
  5.245911e-01   3.136927e-17   5.122810e-04   7.986974e-19   1464
  5.264571e-01   2.936821e-17   4.571373e-04   6.478694e-19   1824
  5.281889e-01   3.090797e-17   3.634473e-04   8.055776e-19   1416
  5.296954e-01   3.019238e-17   5.323525e-04   8.064338e-19   1392
  5.313218e-01   2.890379e-17   4.912467e-04   7.357552e-19   1464
  5.333061e-01   2.637417e-17   4.802698e-04   7.050400e-19   1524
  5.348395e-01   2.746738e-17   4.425765e-04   6.917500e-19   1686
  5.366116e-01   2.704124e-17   5.269753e-04   6.742335e-19   1800
  5.381347e-01   2.844459e-17   4.183682e-04   8.233022e-19   1344
  5.398246e-01   2.775485e-17   4.881086e-04   7.417315e-19   1656
  5.415187e-01   2.675043e-17   3.897299e-04   6.598107e-19   1488
  5.429907e-01   2.685725e-17   3.890952e-04   6.832164e-19   1536
  5.450417e-01   2.512770e-17   4.322407e-04   6.135791e-19   1760
  5.466309e-01   2.486973e-17   4.807835e-04   5.711558e-19   1824
  5.484686e-01   2.558854e-17   4.034669e-04   6.348482e-19   1560
  5.502369e-01   2.434184e-17   4.634195e-04   5.608792e-19   1926
  5.519000e-01   2.419441e-17   3.295522e-04   6.700692e-19   1272
  5.534180e-01   2.273686e-17   5.538121e-04   5.269191e-19   1848
  5.554133e-01   2.369368e-17   4.474326e-04   5.204234e-19   1908
  5.569309e-01   2.220135e-17   4.364115e-04   5.693052e-19   1488
  5.585322e-01   2.115596e-17   4.921783e-04   5.205986e-19   1800
  5.602682e-01   2.122838e-17   4.926635e-04   5.101238e-19   1752
  5.619310e-01   2.024266e-17   5.238690e-04   5.353084e-19   1368
  5.635951e-01   2.112602e-17   4.923362e-04   4.440125e-19   2016
  5.654253e-01   2.116017e-17   5.200281e-04   5.262529e-19   1542
  5.671144e-01   1.946448e-17   5.092480e-04   4.369136e-19   2184
  5.689840e-01   2.006086e-17   4.658463e-04   4.608128e-19   1776
  5.705991e-01   1.900643e-17   5.325328e-04   5.456280e-19   1568
  5.721386e-01   1.945250e-17   4.865284e-04   4.311410e-19   2040
  5.738138e-01   1.962635e-17   5.201423e-04   4.732842e-19   1704
  5.755673e-01   1.769566e-17   5.214047e-04   4.565077e-19   1512
  5.772206e-01   1.817381e-17   4.447597e-04   4.047432e-19   2028
  5.790782e-01   1.762677e-17   5.364945e-04   3.822547e-19   1968
  5.807766e-01   1.699315e-17   5.441935e-04   3.764437e-19   1854
  5.824386e-01   1.614795e-17   5.187839e-04   3.761492e-19   1632
  5.841419e-01   1.668965e-17   5.330949e-04   3.223643e-19   2424
  5.859073e-01   1.576947e-17   5.336494e-04   3.880625e-19   1560
  5.873997e-01   1.616424e-17   5.042981e-04   3.654100e-19   1728
  5.892030e-01   1.531999e-17   5.383151e-04   3.480948e-19   2088
  5.910182e-01   1.456206e-17   5.124183e-04   3.321946e-19   1968
  5.926879e-01   1.483043e-17   5.073434e-04   3.274492e-19   2256
  5.943623e-01   1.486816e-17   4.510844e-04   3.395986e-19   1728
  5.961102e-01   1.437622e-17   4.446730e-04   3.972676e-19   1416
  5.976587e-01   1.482061e-17   4.687744e-04   3.111947e-19   2246
  5.994119e-01   1.361836e-17   5.191625e-04   3.122704e-19   2148
  6.010893e-01   1.393656e-17   4.385384e-04   3.465755e-19   1680
  6.026682e-01   1.330336e-17   5.544042e-04   2.557627e-19   2280
  6.045659e-01   1.324302e-17   5.162727e-04   2.616685e-19   2352
  6.063384e-01   1.290609e-17   4.337978e-04   3.200333e-19   1632
  6.077406e-01   1.270761e-17   4.963799e-04   2.930619e-19   1968
  6.096649e-01   1.215044e-17   5.092860e-04   2.672055e-19   2112
  6.114492e-01   1.159458e-17   3.825636e-04   2.586199e-19   2208
  6.131831e-01   1.161520e-17   3.857391e-04   2.517215e-19   1974
  6.145516e-01   1.107172e-17   3.773577e-04   2.511304e-19   1944
  6.164004e-01   1.167049e-17   4.269369e-04   2.506852e-19   2160
  6.180028e-01   1.105992e-17   3.992823e-04   2.507493e-19   2040
  6.197345e-01   1.113044e-17   5.586051e-04   2.379862e-19   2352
  6.215106e-01   1.117561e-17   4.640665e-04   2.571536e-19   1836
  6.231317e-01   1.045545e-17   4.950444e-04   2.063782e-19   2352
  6.249518e-01   9.999820e-18   5.192346e-04   2.218107e-19   2008
  6.266203e-01   9.861128e-18   5.108010e-04   2.080828e-19   2464
  6.284808e-01   9.731889e-18   4.119834e-04   2.044846e-19   2118
  6.300068e-01   9.463917e-18   4.141467e-04   2.205102e-19   1848
  6.315775e-01   9.961141e-18   5.480513e-04   2.213325e-19   2280
  6.334747e-01   9.437178e-18   5.213278e-04   1.924806e-19   2472
  6.352475e-01   8.869711e-18   3.483875e-04   1.915054e-19   2280
  6.367358e-01   9.403763e-18   4.258450e-04   2.209824e-19   1992
  6.383407e-01   8.937513e-18   4.476942e-04   1.760117e-19   2184
  6.401915e-01   7.888624e-18   5.400739e-04   1.660131e-19   2352
  6.419748e-01   8.269807e-18   5.691414e-04   1.645089e-19   2496
  6.437210e-01   7.716429e-18   5.315847e-04   1.865847e-19   1770
  6.452872e-01   8.244431e-18   4.586736e-04   1.656139e-19   2568
  6.471700e-01   7.852395e-18   5.625819e-04   1.520509e-19   2712
  6.488816e-01   7.763645e-18   4.467713e-04   1.609098e-19   2448
  6.505906e-01   7.799345e-18   3.766053e-04   1.676756e-19   2064
  6.520083e-01   7.059062e-18   3.975154e-04   1.674387e-19   1944
  6.538465e-01   6.939311e-18   4.910776e-04   1.446016e-19   2480
  6.557218e-01   6.969647e-18   5.334543e-04   1.320641e-19   2880
  6.573828e-01   6.838409e-18   5.117233e-04   1.397453e-19   2304
  6.591177e-01   6.633536e-18   4.701472e-04   1.463617e-19   1806
  6.606561e-01   6.479981e-18   4.610710e-04   1.191692e-19   2856
  6.625838e-01   6.465248e-18   4.421809e-04   1.302070e-19   2568
  6.640509e-01   5.894332e-18   4.436302e-04   1.310023e-19   2112
  6.656475e-01   6.057791e-18   4.272941e-04   1.399702e-19   2028
  6.673605e-01   5.922896e-18   5.057904e-04   1.098321e-19   2712
  6.690998e-01   5.924029e-18   5.449093e-04   1.093019e-19   2952
  6.709691e-01   5.797877e-18   4.210349e-04   1.242917e-19   2112
  6.724803e-01   5.521798e-18   4.934314e-04   1.078814e-19   2520
  6.742956e-01   5.267585e-18   4.759244e-04   1.087265e-19   2376
  6.759489e-01   5.306565e-18   3.815168e-04   1.068781e-19   2526
  6.776650e-01   5.322418e-18   4.747876e-04   1.047884e-19   2664
  6.793642e-01   5.135474e-18   5.662862e-04   1.031777e-19   2408
  6.809929e-01   5.018619e-18   4.536173e-04   1.012238e-19   2568
  6.826540e-01   5.012936e-18   4.276796e-04   9.179586e-20   2904
  6.844561e-01   4.702650e-18   4.798687e-04   9.183112e-20   2544
  6.861681e-01   4.592685e-18   3.534563e-04   9.822302e-20   2160
  6.877835e-01   4.771507e-18   6.110852e-04   9.332094e-20   2652
  6.895681e-01   4.291770e-18   4.838537e-04   8.169555e-20   2784
  6.912854e-01   4.395916e-18   4.778196e-04   8.023688e-20   2694
  6.930647e-01   4.008312e-18   4.294263e-04   7.385241e-20   2952
  6.946107e-01   4.271343e-18   4.067448e-04   8.855370e-20   2208
  6.961857e-01   3.890081e-18   4.335098e-04   8.052586e-20   2304
  6.979438e-01   3.706522e-18   5.637316e-04   5.906961e-20   3504
  6.999941e-01   3.802795e-18   4.564735e-04   7.921600e-20   2616
  7.015932e-01   3.717590e-18   4.459377e-04   7.305415e-20   2664
  7.031336e-01   3.530571e-18   4.143151e-04   7.003799e-20   2448
  7.046858e-01   3.546229e-18   5.770045e-04   7.033054e-20   2472
  7.065119e-01   3.447156e-18   4.587514e-04   6.084618e-20   3134
  7.082307e-01   3.338681e-18   5.017392e-04   6.589275e-20   2616
  7.099467e-01   3.066161e-18   4.064282e-04   6.029155e-20   2712
  7.117121e-01   3.029431e-18   4.661143e-04   5.380093e-20   3204
  7.133994e-01   2.945352e-18   5.368237e-04   5.882902e-20   2760
  7.150019e-01   2.850170e-18   4.683701e-04   5.449053e-20   2688
  7.167690e-01   2.843094e-18   4.428424e-04   5.663995e-20   2760
  7.183316e-01   2.670665e-18   3.656620e-04   5.364599e-20   2568
  7.201311e-01   2.587456e-18   5.678551e-04   4.417838e-20   3336
  7.218583e-01   2.605162e-18   4.806270e-04   5.195842e-20   2334
  7.236024e-01   2.414947e-18   5.318655e-04   4.275548e-20   3264
  7.252322e-01   2.467785e-18   3.867069e-04   4.747229e-20   2760
  7.269038e-01   2.309793e-18   4.670323e-04   4.067766e-20   3192
  7.286057e-01   2.277369e-18   4.848795e-04   4.378875e-20   2904
  7.304158e-01   2.196637e-18   4.865095e-04   4.235707e-20   2784
  7.319309e-01   2.240234e-18   4.004063e-04   4.563123e-20   2592
  7.336545e-01   2.050668e-18   5.458110e-04   3.467117e-20   3284
  7.354862e-01   2.050432e-18   5.482421e-04   3.755723e-20   3168
  7.371250e-01   1.971825e-18   4.523390e-04   3.832645e-20   2616
  7.388477e-01   1.796873e-18   4.370713e-04   3.261744e-20   3222
  7.405235e-01   1.802710e-18   4.904075e-04   2.973759e-20   3240
  7.421464e-01   1.795622e-18   4.961262e-04   3.661361e-20   2568
  7.439914e-01   1.770361e-18   4.552202e-04   3.165546e-20   3120
  7.455341e-01   1.728971e-18   5.004475e-04   3.150243e-20   3168
  7.471932e-01   1.571359e-18   4.381038e-04   2.840200e-20   3240
  7.490082e-01   1.514964e-18   4.494836e-04   2.646675e-20   3144
  7.507715e-01   1.436095e-18   4.284362e-04   2.629781e-20   2856
  7.524381e-01   1.422800e-18   4.575871e-04   2.435950e-20   3264
  7.543240e-01   1.393606e-18   5.056132e-04   2.432049e-20   3318
  7.558082e-01   1.352411e-18   3.541030e-04   2.875001e-20   2556
  7.575771e-01   1.273719e-18   6.048733e-04   1.968879e-20   4008
  7.593679e-01   1.241841e-18   4.465021e-04   2.362800e-20   2904
  7.609000e-01   1.168833e-18   4.565641e-04   2.018720e-20   3144
  7.626441e-01   1.096340e-18   4.759726e-04   1.998252e-20   3200
  7.644490e-01   1.089213e-18   4.694243e-04   1.904506e-20   3312
  7.660670e-01   1.091968e-18   3.783351e-04   2.089936e-20   2832
  7.678735e-01   1.007505e-18   5.444478e-04   1.605622e-20   3984
  7.695508e-01   1.045198e-18   4.426103e-04   2.278854e-20   2238
  7.710821e-01   9.373165e-19   5.208763e-04   1.512882e-20   3984
  7.729819e-01   8.747855e-19   4.949876e-04   1.550509e-20   3384
  7.745602e-01   8.942627e-19   4.626797e-04   1.641267e-20   3048
  7.762081e-01   7.990270e-19   4.248302e-04   1.448901e-20   3096
  7.779294e-01   8.092406e-19   4.815324e-04   1.283921e-20   3708
  7.796408e-01   7.319192e-19   4.564274e-04   1.429141e-20   2784
  7.812306e-01   7.540536e-19   4.740872e-04   1.265229e-20   3648
  7.830363e-01   6.891892e-19   4.879380e-04   1.142870e-20   3888
  7.849582e-01   6.398174e-19   5.208881e-04   1.137017e-20   2958
  7.863930e-01   6.036071e-19   4.446264e-04   1.036415e-20   3264
  7.881221e-01   6.135754e-19   4.908549e-04   1.087895e-20   3160
  7.897556e-01   5.393210e-19   4.448554e-04   9.027640e-21   3736
  7.913039e-01   5.393605e-19   4.053674e-04   9.771906e-21   3216
  7.931298e-01   5.113509e-19   4.967559e-04   8.104212e-21   4032
  7.950340e-01   4.816211e-19   4.535292e-04   8.074424e-21   3528
  7.966578e-01   4.617311e-19   4.003367e-04   8.069318e-21   3192
  7.982809e-01   4.230978e-19   4.384400e-04   7.315339e-21   3456
  8.000418e-01   4.081064e-19   4.546161e-04   7.599056e-21   3060
  8.018067e-01   3.782901e-19   5.405908e-04   5.797644e-21   4518
  8.035265e-01   3.582640e-19   4.815963e-04   5.867490e-21   3528
  8.051074e-01   3.329943e-19   4.044568e-04   6.122771e-21   3024
  8.067928e-01   3.009707e-19   5.476184e-04   4.962016e-21   3672
  8.085097e-01   2.957551e-19   4.700229e-04   5.021045e-21   3864
  8.104158e-01   2.644029e-19   4.982178e-04   4.192294e-21   3816
  8.119748e-01   2.569007e-19   4.532681e-04   4.426900e-21   3456
  8.134695e-01   2.423239e-19   4.103104e-04   4.734826e-21   2688
  8.152303e-01   2.239046e-19   4.868254e-04   3.465738e-21   4248
  8.169761e-01   2.027135e-19   4.662855e-04   3.213670e-21   3926
  8.187297e-01   1.829396e-19   4.923174e-04   2.974167e-21   3504
  8.204236e-01   1.751102e-19   4.401391e-04   2.734062e-21   3960
  8.222939e-01   1.538890e-19   4.954941e-04   2.516095e-21   3684
  8.238979e-01   1.386521e-19   4.954609e-04   2.226498e-21   4104
  8.255014e-01   1.325706e-19   4.699173e-04   2.354368e-21   3144
  8.272241e-01   1.193407e-19   5.147213e-04   1.839442e-21   4224
  8.291182e-01   1.058229e-19   4.568598e-04   1.664395e-21   4008
  8.307364e-01   9.689526e-20   5.026181e-04   1.651713e-21   3312
  8.324026e-01   8.490563e-20   4.999111e-04   1.410614e-21   3726
  8.341747e-01   7.577070e-20   5.134700e-04   1.216638e-21   3936
  8.357483e-01   6.858878e-20   5.292866e-04   1.108636e-21   3888
  8.373814e-01   5.945500e-20   5.004911e-04   9.372026e-22   3864
  8.390804e-01   5.019198e-20   5.320643e-04   8.080807e-22   3888
  8.408304e-01   4.146733e-20   5.018185e-04   6.505614e-22   4080
  8.425581e-01   3.687645e-20   5.325821e-04   6.338071e-22   3400
  8.443209e-01   3.069117e-20   4.884316e-04   4.484709e-22   4588
  8.461032e-01   2.549071e-20   4.834464e-04   4.187919e-22   3816
  8.476608e-01   2.098182e-20   4.581060e-04   3.403524e-22   3534
  8.493098e-01   1.681494e-20   4.524863e-04   2.592454e-22   4080
  8.510347e-01   1.267004e-20   4.729764e-04   1.944715e-22   4248
  8.527671e-01   8.995195e-21   4.766165e-04   1.571322e-22   3528
  8.543656e-01   6.653664e-21   4.872753e-04   1.053042e-22   4248
  8.559814e-01   4.177794e-21   4.766042e-04   7.151059e-23   3696
  8.577808e-01   2.354726e-21   4.945438e-04   3.666010e-23   4560
  8.594872e-01   1.038730e-21   4.632233e-04   1.763695e-23   3864
  8.612397e-01   2.649885e-22   5.043791e-04   5.166871e-24   4440
  8.629007e-01   1.895792e-23   4.705976e-04   5.802645e-25   3432
  8.646460e-01   2.551646e-22   4.614307e-04   4.660489e-24   4470
  8.663629e-01   9.853884e-22   4.100586e-04   1.594846e-23   4188
  8.680505e-01   2.214275e-21   5.253427e-04   3.468221e-23   4392
  8.697265e-01   3.906161e-21   4.064025e-04   6.542612e-23   3960
  8.714695e-01   6.156144e-21   4.591166e-04   9.617593e-23   4328
  8.731579e-01   8.617262e-21   4.778042e-04   1.366915e-22   4320
  8.748643e-01   1.163075e-20   4.996345e-04   1.728677e-22   4152
  8.764467e-01   1.600135e-20   4.179518e-04   2.708862e-22   3528
  8.782362e-01   1.893826e-20   4.523689e-04   2.798374e-22   4512
  8.799104e-01   2.322761e-20   4.624323e-04   3.598241e-22   4134
  8.816110e-01   2.887192e-20   4.926455e-04   3.944268e-22   5208
  8.832465e-01   3.358257e-20   4.292145e-04   5.797572e-22   3240
  8.849385e-01   4.151637e-20   4.734040e-04   6.195623e-22   4680
  8.866607e-01   4.460569e-20   4.687083e-04   6.828780e-22   4440
  8.883848e-01   4.865553e-20   5.311226e-04   7.436789e-22   4260
  8.900384e-01   5.782478e-20   4.336102e-04   9.164170e-22   4056
  8.917415e-01   6.538474e-20   4.807328e-04   9.606956e-22   4704
  8.935289e-01   7.562541e-20   5.594147e-04   1.075517e-21   4800
  8.954185e-01   8.135015e-20   4.846897e-04   1.136198e-21   4806
  8.970513e-01   9.574231e-20   4.831585e-04   1.679301e-21   3552
  8.986064e-01   9.715486e-20   4.844541e-04   1.549190e-21   4304
  9.003622e-01   1.065174e-19   4.698109e-04   1.461873e-21   5280
  9.020984e-01   1.173623e-19   4.507040e-04   1.771517e-21   4320
  9.037419e-01   1.244945e-19   5.089629e-04   1.903754e-21   4296
  9.054750e-01   1.434031e-19   5.658401e-04   2.070833e-21   4608
  9.072277e-01   1.510085e-19   5.421052e-04   2.197839e-21   4824
  9.089629e-01   1.620087e-19   5.117857e-04   2.393672e-21   4488
  9.108250e-01   1.764536e-19   4.778070e-04   2.665234e-21   4530
  9.123625e-01   1.795407e-19   4.665391e-04   2.621800e-21   4464
  9.139010e-01   1.961442e-19   4.396785e-04   3.053747e-21   4104
  9.156673e-01   1.979647e-19   4.740652e-04   2.695679e-21   5424
  9.174048e-01   2.203883e-19   5.103023e-04   3.111060e-21   4392
  9.191730e-01   2.414676e-19   4.996065e-04   3.499404e-21   4896
  9.207787e-01   2.472185e-19   4.897165e-04   3.860487e-21   4104
  9.224542e-01   2.693665e-19   4.415951e-04   3.921520e-21   4824
  9.242220e-01   2.708314e-19   4.220615e-04   4.087670e-21   4680
  9.257621e-01   2.813210e-19   4.316766e-04   4.215090e-21   4328
  9.275497e-01   2.993527e-19   4.976114e-04   4.169439e-21   5118
  9.293459e-01   3.217328e-19   5.765145e-04   4.406177e-21   5304
  9.309669e-01   3.351420e-19   4.539783e-04   4.867581e-21   4392
  9.327330e-01   3.577860e-19   4.556524e-04   5.279792e-21   4476
  9.342775e-01   3.516337e-19   4.525170e-04   5.023926e-21   4704
  9.359960e-01   3.806764e-19   5.477178e-04   5.233780e-21   5208
  9.378023e-01   3.811218e-19   4.618178e-04   5.380583e-21   5304
  9.394666e-01   4.217411e-19   4.946712e-04   6.583310e-21   4296
  9.411731e-01   4.420629e-19   4.690760e-04   6.423736e-21   4752
  9.429662e-01   4.266251e-19   4.708758e-04   6.036875e-21   4950
  9.445778e-01   4.588155e-19   4.921918e-04   6.455463e-21   5064
  9.461898e-01   4.758198e-19   4.123928e-04   6.851916e-21   4872
  9.478198e-01   4.828859e-19   4.341367e-04   7.753076e-21   4224
  9.495602e-01   5.122299e-19   4.795584e-04   6.543004e-21   6120
  9.514124e-01   5.187735e-19   5.275753e-04   7.257785e-21   4968
  9.530925e-01   5.587240e-19   4.668582e-04   8.140609e-21   4424
  9.548307e-01   5.908882e-19   5.963123e-04   8.038699e-21   5436
  9.565477e-01   5.811877e-19   5.084086e-04   8.584880e-21   4896
  9.582076e-01   5.909091e-19   4.867456e-04   8.190965e-21   5214
  9.598077e-01   6.278958e-19   4.137593e-04   9.171035e-21   4656
  9.615856e-01   6.562571e-19   5.260613e-04   9.264217e-21   5448
  9.632845e-01   6.694198e-19   4.442976e-04   9.371769e-21   4992
  9.649480e-01   6.894102e-19   4.917143e-04   9.379643e-21   5400
  9.667765e-01   7.242867e-19   5.449716e-04   9.685773e-21   5328
  9.684613e-01   6.992899e-19   4.873046e-04   9.615732e-21   4776
  9.700464e-01   7.634232e-19   4.579033e-04   1.075168e-20   4800
  9.718074e-01   7.727898e-19   5.888402e-04   9.468932e-21   6552
  9.736499e-01   7.835818e-19   4.448607e-04   1.224640e-20   3942
  9.752465e-01   7.932114e-19   5.606963e-04   1.040397e-20   6072
  9.770144e-01   8.117171e-19   4.354574e-04   1.212914e-20   4692
  9.784966e-01   8.766333e-19   4.546106e-04   1.219888e-20   4944
  9.802329e-01   8.734769e-19   4.879373e-04   1.103141e-20   5840
  9.820155e-01   8.746024e-19   5.223166e-04   1.188415e-20   5712
  9.837706e-01   8.954219e-19   4.377350e-04   1.273386e-20   4800
  9.853717e-01   9.315628e-19   5.797155e-04   1.253328e-20   5688
  9.871255e-01   9.826339e-19   4.573834e-04   1.459905e-20   4848
  9.888635e-01   8.180989e-19   5.090949e-04   1.307204e-20   5406
  9.905131e-01   1.560031e-42   4.595406e-04   4.894242e-44   5568
  9.921693e-01   1.328360e-42   4.130962e-04   1.738436e-44   5736
  9.939592e-01   1.314613e-42   5.130390e-04   1.829995e-44   5280
  9.955835e-01   1.309892e-42   4.743420e-04   1.768882e-44   5592
  9.972555e-01   1.338340e-42   5.429960e-04   1.878704e-44   4968
  9.990231e-01   1.352667e-42   4.868684e-04   1.761824e-44   5964
  1.000748e+00   1.402512e-42   4.891308e-04   1.932290e-44   5376
  1.002315e+00   1.398664e-42   4.722860e-04   1.956377e-44   5472
  1.004131e+00   1.370324e-42   4.485360e-04   1.852818e-44   5472
  1.005792e+00   1.457968e-42   5.099708e-04   3.250507e-44   5415
  1.007402e+00   1.388819e-42   4.485810e-04   1.894019e-44   5096
  1.009144e+00   1.412996e-42   5.768639e-04   1.831740e-44   6372
  1.010906e+00   1.453197e-42   4.682720e-04   2.148729e-44   4656
  1.012485e+00   1.433677e-42   5.112031e-04   1.841912e-44   5844
  1.014184e+00   1.428146e-42   4.494662e-04   1.891280e-44   5508
  1.015984e+00   1.431680e-42   5.098811e-04   1.839121e-44   6324
  1.017751e+00   1.428788e-42   4.379885e-04   2.076298e-44   4752
  1.019366e+00   1.473687e-42   4.903645e-04   1.943563e-44   5676
  1.021114e+00   1.476943e-42   4.485894e-04   1.979603e-44   5472
  1.022773e+00   1.488037e-42   5.059962e-04   2.027528e-44   5556
  1.024555e+00   1.468433e-42   4.930836e-04   2.025744e-44   5436
  1.026276e+00   1.481311e-42   5.047054e-04   1.922010e-44   5916
  1.028042e+00   1.471148e-42   5.251158e-04   1.967309e-44   5520
  1.029633e+00   1.484200e-42   4.775682e-04   2.024059e-44   5280
  1.031263e+00   1.526503e-42   4.692535e-04   2.223704e-44   4416
  1.033102e+00   1.524973e-42   4.574075e-04   1.874678e-44   6260
  1.034829e+00   1.540900e-42   5.439134e-04   2.011452e-44   5940
  1.036394e+00   1.574281e-42   4.259730e-04   2.412636e-44   4188
  1.038117e+00   1.546066e-42   5.446427e-04   1.969107e-44   6360
  1.039928e+00   1.546988e-42   4.857983e-04   2.092581e-44   5256
  1.041610e+00   1.593601e-42   4.592395e-04   2.258299e-44   4848
  1.043051e+00   1.529861e-42   4.163245e-04   2.145379e-44   4704
  1.044826e+00   1.543791e-42   5.107218e-04   2.055430e-44   5784
  1.046631e+00   1.546950e-42   5.404027e-04   2.007261e-44   5820
  1.048373e+00   1.524183e-42   4.840851e-04   2.044470e-44   5700
  1.050126e+00   1.556605e-42   4.489220e-04   2.166763e-44   5232
  1.051881e+00   1.584713e-42   4.981175e-04   2.264729e-44   4932
  1.053436e+00   1.661087e-42   4.287490e-04   2.413125e-44   4716
  1.055070e+00   1.617007e-42   5.461338e-04   2.161028e-44   5616
  1.056750e+00   1.644206e-42   4.823163e-04   2.343446e-44   5184
  1.058484e+00   1.679746e-42   4.865387e-04   2.380019e-44   5064
  1.060119e+00   1.636752e-42   4.981922e-04   2.273836e-44   5544
  1.061933e+00   1.637291e-42   5.001009e-04   2.198670e-44   5192
  1.063583e+00   1.707461e-42   4.494186e-04   2.392081e-44   5244
  1.065317e+00   1.660182e-42   4.862760e-04   2.325628e-44   5112
  1.067042e+00   1.677721e-42   4.462536e-04   2.347665e-44   5040
  1.068625e+00   1.623708e-42   4.691536e-04   2.187138e-44   5124
  1.070473e+00   1.638192e-42   5.266881e-04   2.097136e-44   5952
  1.072179e+00   1.778363e-42   4.614857e-04   2.508798e-44   4824
  1.073726e+00   1.730406e-42   4.658121e-04   2.578609e-44   4536
  1.075516e+00   1.728569e-42   4.951157e-04   2.307249e-44   5712
  1.077355e+00   1.704162e-42   5.417917e-04   2.323678e-44   5352
  1.079089e+00   1.720412e-42   4.719205e-04   2.387613e-44   5004
  1.080639e+00   1.742426e-42   4.720490e-04   2.499406e-44   4800
  1.082304e+00   1.798730e-42   5.072809e-04   2.596004e-44   5148
  1.084148e+00   1.755345e-42   5.268770e-04   2.314170e-44   5664
  1.085815e+00   1.789088e-42   4.732118e-04   2.667185e-44   4692
  1.087355e+00   1.748427e-42   4.396196e-04   2.758148e-44   4008
  1.089151e+00   1.800699e-42   5.038991e-04   2.322833e-44   5852
  1.090977e+00   1.742571e-42   4.771455e-04   2.253862e-44   5784
  1.092599e+00   1.789736e-42   4.398451e-04   2.611302e-44   4392
  1.094269e+00   1.809699e-42   4.314460e-04   2.595310e-44   4944
  1.096021e+00   1.821243e-42   5.086676e-04   2.704390e-44   4776
  1.097674e+00   1.749026e-42   4.893660e-04   2.371190e-44   5244
  1.099467e+00   1.857638e-42   4.885027e-04   2.667200e-44   4884
  1.100972e+00   1.852820e-42   4.142882e-04   2.738713e-44   4488
  1.102723e+00   1.786594e-42   4.922838e-04   2.471782e-44   5160
  1.104485e+00   1.816244e-42   5.012137e-04   2.417066e-44   5316
  1.106182e+00   1.837827e-42   5.067620e-04   2.583305e-44   4896
  1.107837e+00   1.866262e-42   4.708705e-04   2.882944e-44   4188
  1.109505e+00   1.841832e-42   5.135922e-04   2.637698e-44   4836
  1.111208e+00   1.906166e-42   5.094880e-04   2.590926e-44   5316
  1.112933e+00   1.866844e-42   4.715930e-04   2.661729e-44   4920
  1.114546e+00   1.784540e-42   4.750945e-04   2.795464e-44   4128
  1.116277e+00   1.917904e-42   5.110912e-04   2.620845e-44   5348
  1.117980e+00   1.940971e-42   4.434734e-04   2.836519e-44   4836
  1.119607e+00   1.889603e-42   4.778570e-04   2.826126e-44   4392
  1.121359e+00   1.898688e-42   4.198363e-04   2.786819e-44   4632
  1.122936e+00   1.939592e-42   4.691003e-04   2.911234e-44   4596
  1.124747e+00   1.955833e-42   4.717453e-04   2.654190e-44   5424
  1.126539e+00   1.924233e-42   4.855768e-04   2.726191e-44   5256
  1.128385e+00   1.959647e-42   4.931611e-04   3.018209e-44   4524
  1.129923e+00   1.959841e-42   4.690936e-04   2.967067e-44   4440
  1.131645e+00   1.929464e-42   4.011353e-04   2.897409e-44   4380
  1.133330e+00   1.974143e-42   5.249545e-04   2.786626e-44   4812
  1.135123e+00   1.929347e-42   5.214039e-04   2.601014e-44   5376
  1.136763e+00   1.971959e-42   4.164623e-04   3.042468e-44   3888
  1.138335e+00   1.966642e-42   4.768975e-04   2.917425e-44   4896
  1.140088e+00   1.969318e-42   5.032049e-04   2.846262e-44   4608
  1.141929e+00   2.031288e-42   4.749944e-04   3.058498e-44   4448
  1.143531e+00   2.010193e-42   4.903240e-04   2.904478e-44   4752
  1.145220e+00   2.061824e-42   5.135838e-04   3.076585e-44   4356
  1.146995e+00   2.040477e-42   4.942288e-04   2.723997e-44   5232
  1.148760e+00   2.029899e-42   4.980587e-04   3.016564e-44   4548
  1.150472e+00   1.968953e-42   4.841761e-04   2.883195e-44   4608
  1.152143e+00   2.027270e-42   4.398349e-04   3.342301e-44   3936
  1.153720e+00   2.095260e-42   5.257306e-04   3.358044e-44   4260
  1.155493e+00   2.082480e-42   4.713251e-04   2.861576e-44   5004
  1.157113e+00   2.068444e-42   4.657489e-04   3.177240e-44   4224
  1.158890e+00   2.133131e-42   5.031939e-04   3.244890e-44   4788
  1.160616e+00   2.065256e-42   5.291946e-04   3.100068e-44   4428
  1.162298e+00   2.076417e-42   4.422133e-04   3.321309e-44   4080
  1.163917e+00   2.142661e-42   4.835200e-04   3.188120e-44   4632
  1.165621e+00   2.159147e-42   5.028239e-04   3.428512e-44   4056
  1.167413e+00   2.189184e-42   4.734174e-04   3.304333e-44   4536
  1.169050e+00   2.195405e-42   4.828546e-04   3.116233e-44   4668
  1.170843e+00   2.248650e-42   5.175340e-04   3.246925e-44   4604
  1.172589e+00   2.218920e-42   4.650093e-04   3.351749e-44   4152
  1.174201e+00   2.187621e-42   4.506678e-04   3.409292e-44   4224
  1.175909e+00   2.223196e-42   4.332835e-04   3.625097e-44   4152
  1.177615e+00   2.219491e-42   4.914860e-04   3.514175e-44   4224
  1.179275e+00   2.203961e-42   4.545253e-04   3.540094e-44   3960
  1.180873e+00   2.219866e-42   4.690415e-04   3.279443e-44   4656
  1.182619e+00   2.236385e-42   5.060863e-04   3.593724e-44   4452
  1.184409e+00   2.249814e-42   5.145201e-04   3.449825e-44   4056
  1.186074e+00   2.254145e-42   5.098269e-04   3.431099e-44   4212
  1.187762e+00   2.279458e-42   4.236875e-04   3.912309e-44   3432
  1.189472e+00   2.330185e-42   5.420199e-04   3.202704e-44   5352
  1.191144e+00   2.255643e-42   3.969648e-04   3.754518e-44   3600
  1.192963e+00   2.198044e-42   4.378593e-04   3.269714e-44   4584
  1.194552e+00   2.253301e-42   4.365700e-04   3.626812e-44   3768
  1.196188e+00   2.332945e-42   4.660449e-04   3.687930e-44   3848
  1.197821e+00   2.393249e-42   4.273101e-04   4.014678e-44   3720
  1.199674e+00   2.280032e-42   5.363373e-04   3.347955e-44   4764
  1.201309e+00   2.361091e-42   4.319005e-04   3.955720e-44   3864
  1.202988e+00   2.331130e-42   5.349608e-04   3.732533e-44   4332
  1.204820e+00   2.324430e-42   4.567279e-04   3.587887e-44   3792
  1.206456e+00   2.374620e-42   5.180648e-04   3.566992e-44   4284
  1.208191e+00   2.436983e-42   4.905502e-04   3.875163e-44   3840
  1.209832e+00   2.464956e-42   4.669396e-04   4.108053e-44   3480
  1.211499e+00   2.427491e-42   5.210148e-04   3.816289e-44   4380
  1.213302e+00   2.373042e-42   4.894021e-04   3.581847e-44   4200
  1.215072e+00   2.382788e-42   4.704049e-04   3.776548e-44   4056
  1.216717e+00   2.362887e-42   4.727759e-04   4.075956e-44   3600
  1.218257e+00   2.444104e-42   4.710469e-04   4.260111e-44   3492
  1.220057e+00   2.450133e-42   5.500764e-04   3.749152e-44   4500
  1.221894e+00   2.404219e-42   4.819412e-04   3.930056e-44   3516
  1.223472e+00   2.543172e-42   5.038249e-04   4.095530e-44   3968
  1.225242e+00   2.506534e-42   4.842193e-04   4.278614e-44   3648
  1.226808e+00   2.506693e-42   4.630474e-04   3.996303e-44   4224
  1.228583e+00   2.575173e-42   5.197289e-04   4.238183e-44   3588
  1.230249e+00   2.469877e-42   4.793892e-04   4.281907e-44   3456
  1.231925e+00   2.535780e-42   4.257569e-04   4.148464e-44   3660
  1.233657e+00   2.577137e-42   4.673180e-04   4.207964e-44   3768
  1.235272e+00   2.602262e-42   4.725964e-04   4.237090e-44   3744
  1.237006e+00   2.580787e-42   5.187522e-04   4.096392e-44   4176
  1.238850e+00   2.572411e-42   4.784920e-04   4.255490e-44   3612
  1.240375e+00   2.671697e-42   5.199888e-04   4.751825e-44   3216
  1.242119e+00   2.623567e-42   5.027406e-04   4.135278e-44   3624
  1.243874e+00   2.584410e-42   4.727415e-04   4.280181e-44   3744
  1.245569e+00   2.568797e-42   5.044114e-04   4.305551e-44   3672
  1.247242e+00   2.624114e-42   4.574137e-04   4.273365e-44   3852
  1.248969e+00   2.631948e-42   4.707839e-04   4.358281e-44   3672
  1.250806e+00   2.588168e-42   4.587010e-04   4.545267e-44   3248
  1.252340e+00   2.561161e-42   4.695129e-04   4.517366e-44   3336
  1.254015e+00   2.753108e-42   4.779221e-04   4.514544e-44   3576
  1.255728e+00   2.788406e-42   4.057129e-04   4.979142e-44   3336
  1.257472e+00   2.762148e-42   4.819158e-04   4.378319e-44   3936
  1.259194e+00   2.760309e-42   5.132539e-04   4.609613e-44   3408
  1.260901e+00   2.690651e-42   4.521849e-04   4.517783e-44   3336
  1.262560e+00   2.866171e-42   5.079072e-04   4.877126e-44   3312
  1.264219e+00   2.858066e-42   5.142616e-04   4.873039e-44   3432
  1.265985e+00   2.785105e-42   4.458442e-04   4.920771e-44   3144
  1.267597e+00   2.713812e-42   4.840083e-04   4.635998e-44   3456
  1.269411e+00   2.816301e-42   4.651874e-04   4.524389e-44   3792
  1.271049e+00   2.747807e-42   4.569446e-04   5.195874e-44   2868
  1.272819e+00   2.806233e-42   4.733929e-04   4.468540e-44   3888
  1.274473e+00   2.994277e-42   4.110524e-04   5.646538e-44   2784
  1.276101e+00   2.897282e-42   4.694335e-04   5.495977e-44   2964
  1.277880e+00   2.817372e-42   4.834244e-04   4.618472e-44   3432
  1.279573e+00   2.814641e-42   5.003929e-04   4.833691e-44   3416
  1.281287e+00   2.968668e-42   5.348762e-04   5.068018e-44   3528
  1.283040e+00   3.026733e-42   4.292762e-04   5.595189e-44   2904
  1.284592e+00   2.739732e-42   4.813445e-04   5.158903e-44   3072
  1.286396e+00   2.870645e-42   5.406051e-04   5.061340e-44   3216
  1.288199e+00   2.905774e-42   4.378327e-04   5.290070e-44   2844
  1.289782e+00   2.957097e-42   5.010192e-04   5.169940e-44   3432
  1.291408e+00   3.078754e-42   4.027010e-04   5.823134e-44   2880
  1.293224e+00   2.960078e-42   5.334351e-04   4.858152e-44   3576
  1.294934e+00   2.932135e-42   4.768162e-04   5.740608e-44   2700
  1.296572e+00   2.825129e-42   5.355829e-04   5.192335e-44   3000
  1.298287e+00   3.096279e-42   4.446934e-04   6.223227e-44   2556
  1.299953e+00   3.056619e-42   4.766228e-04   5.167189e-44   3360
  1.301675e+00   3.019282e-42   4.631149e-04   5.477217e-44   3120
  1.303530e+00   3.010672e-42   5.452330e-04   5.423978e-44   3216
  1.305127e+00   2.953698e-42   3.845380e-04   5.794332e-44   2628
  1.306923e+00   2.944798e-42   5.083038e-04   5.165582e-44   3200
  1.308561e+00   3.137844e-42   4.795357e-04   6.510072e-44   2232
  1.310215e+00   3.059929e-42   5.473750e-04   5.332252e-44   3108
  1.311862e+00   3.095577e-42   4.808374e-04   6.322982e-44   2604
  1.313547e+00   3.186871e-42   5.179979e-04   5.847966e-44   3096
  1.315401e+00   3.159296e-42   4.719641e-04   5.675579e-44   3084
  1.317009e+00   3.210917e-42   4.816320e-04   6.200119e-44   2664
  1.318667e+00   3.087380e-42   4.247239e-04   6.570516e-44   2232
  1.320292e+00   3.101748e-42   5.231957e-04   6.025442e-44   2808
  1.322070e+00   3.142297e-42   4.942393e-04   6.290219e-44   2592
  1.323731e+00   3.131417e-42   5.073960e-04   5.736666e-44   2952
  1.325476e+00   3.303330e-42   4.790441e-04   6.395737e-44   2772
  1.327172e+00   3.156872e-42   5.151819e-04   5.612539e-44   3036
  1.328948e+00   3.286813e-42   4.997289e-04   6.971619e-44   2136
  1.330566e+00   3.284433e-42   3.985350e-04   6.349505e-44   2496
  1.332228e+00   3.310865e-42   5.308189e-04   6.807545e-44   2228
  1.333960e+00   3.247374e-42   4.948933e-04   5.709068e-44   3048
  1.335685e+00   3.349049e-42   4.727366e-04   6.313313e-44   2676
  1.337399e+00   3.297251e-42   4.709500e-04   6.179356e-44   2784
  1.339037e+00   3.427888e-42   4.575289e-04   7.873296e-44   1920
  1.340680e+00   3.410291e-42   4.882940e-04   6.642311e-44   2400
  1.342460e+00   3.211024e-42   4.478664e-04   5.919046e-44   2532
  1.344301e+00   3.365241e-42   4.974724e-04   6.661850e-44   2544
  1.345957e+00   3.289889e-42   5.204236e-04   6.260362e-44   2772
  1.347589e+00   3.283220e-42   4.874611e-04   7.129348e-44   2160
  1.349209e+00   3.323722e-42   5.250420e-04   6.930744e-44   2304
  1.351084e+00   3.422524e-42   5.137807e-04   7.279307e-44   2328
  1.352765e+00   3.266398e-42   4.926073e-04   6.817451e-44   2304
  1.354322e+00   3.326337e-42   4.658284e-04   7.591439e-44   1908
  1.356093e+00   3.538380e-42   5.209991e-04   6.585426e-44   2736
  1.357799e+00   3.390230e-42   4.936463e-04   7.277113e-44   2448
  1.359613e+00   3.368411e-42   4.615326e-04   7.787092e-44   2040
  1.361255e+00   3.461529e-42   4.805496e-04   7.577108e-44   2120
  1.362833e+00   3.293526e-42   3.984242e-04   7.194669e-44   2040
  1.364532e+00   3.561917e-42   4.943170e-04   7.269129e-44   2208
  1.366455e+00   3.480610e-42   4.438218e-04   7.417864e-44   2208
  1.368013e+00   3.447577e-42   4.918393e-04   7.190203e-44   2196
  1.369622e+00   3.543747e-42   4.326531e-04   8.550065e-44   1848
  1.371260e+00   3.628795e-42   4.906859e-04   8.119473e-44   2124
  1.373092e+00   3.651520e-42   5.147189e-04   8.094099e-44   2328
  1.374881e+00   3.213291e-42   5.240287e-04   7.325281e-44   1920
  1.376620e+00   3.344253e-42   4.810523e-04   8.798515e-44   1548
  1.378167e+00   3.855294e-42   5.276994e-04   8.243814e-44   2388
  1.379991e+00   3.554983e-42   4.883236e-04   7.521940e-44   2160
  1.381662e+00   3.817960e-42   4.444671e-04   8.641224e-44   1704
  1.383263e+00   3.690176e-42   5.007315e-04   9.076605e-44   1776
  1.384777e+00   3.637904e-42   4.683711e-04   8.739603e-44   1800
  1.386692e+00   3.448248e-42   5.406913e-04   8.125694e-44   1700
  1.388481e+00   3.655515e-42   4.868276e-04   7.637809e-44   2292
  1.390146e+00   3.505950e-42   4.519205e-04   8.680828e-44   1704
  1.391718e+00   3.564165e-42   5.053229e-04   9.259397e-44   1728
  1.393439e+00   3.721287e-42   4.676878e-04   9.011571e-44   1728
  1.395126e+00   3.746241e-42   4.672479e-04   9.055623e-44   1680
  1.396921e+00   3.833958e-42   5.382835e-04   9.672183e-44   1704
  1.398708e+00   3.644994e-42   4.227137e-04   8.981618e-44   1752
  1.400307e+00   3.934206e-42   5.025262e-04   8.509841e-44   1872
  1.402036e+00   3.572061e-42   4.925311e-04   9.730310e-44   1500
  1.403790e+00   3.721221e-42   4.312830e-04   8.949156e-44   1656
  1.405494e+00   3.687445e-42   4.624173e-04   9.450241e-44   1464
  1.407008e+00   3.681504e-42   4.050313e-04   9.481042e-44   1488
  1.408865e+00   3.787384e-42   4.888426e-04   8.880073e-44   1680
  1.410562e+00   3.764737e-42   5.107180e-04   9.201382e-44   1692
  1.412151e+00   3.799874e-42   4.890383e-04   1.133057e-43   1128
  1.413913e+00   3.712147e-42   4.709016e-04   1.009359e-43   1536
  1.415632e+00   3.805580e-42   4.908676e-04   9.258473e-44   1616
  1.417373e+00   4.080010e-42   4.733501e-04   1.039236e-43   1476
  1.419127e+00   3.768550e-42   5.209335e-04   1.049772e-43   1176
  1.420693e+00   3.893667e-42   5.596875e-04   1.041378e-43   1656
  1.422399e+00   3.978327e-42   4.916336e-04   1.267662e-43   891
  1.424157e+00   3.802992e-42   5.240858e-04   1.005442e-43   1596
  1.425870e+00   3.809310e-42   4.570168e-04   1.052383e-43   1422
  1.427560e+00   3.802823e-42   4.382484e-04   1.042268e-43   1254
  1.429149e+00   3.729054e-42   4.477206e-04   1.257490e-43   918
  1.430852e+00   4.253498e-42   4.900032e-04   1.053206e-43   1614
  1.432567e+00   4.063325e-42   4.232714e-04   1.456899e-43   798
  1.434273e+00   4.237802e-42   5.425837e-04   1.019095e-43   1458
  1.436002e+00   3.915244e-42   4.968256e-04   1.137899e-43   1374
  1.437711e+00   3.997208e-42   4.243221e-04   1.333073e-43   984
  1.439407e+00   4.052050e-42   5.838085e-04   1.234424e-43   1062
  1.441134e+00   4.136577e-42   4.948879e-04   1.170637e-43   1246
  1.442811e+00   3.892580e-42   4.588833e-04   1.103345e-43   1072
  1.444603e+00   4.374447e-42   4.969413e-04   1.232860e-43   1110
  1.446258e+00   4.490439e-42   5.383636e-04   1.139844e-43   1254
  1.447998e+00   4.120035e-42   5.109355e-04   1.244752e-43   1032
  1.449895e+00   4.559747e-42   4.733780e-04   1.657193e-43   786
  1.451337e+00   3.987334e-42   4.853147e-04   1.187766e-43   1152
  1.453026e+00   4.233625e-42   5.289446e-04   1.210215e-43   1086
  1.454785e+00   4.555141e-42   4.772261e-04   1.575119e-43   912
  1.456411e+00   4.468659e-42   4.783749e-04   1.313204e-43   1062
  1.458071e+00   4.119089e-42   4.768243e-04   1.312144e-43   912
  1.459989e+00   4.044114e-42   5.322923e-04   1.479696e-43   750
  1.461484e+00   4.177176e-42   5.128675e-04   1.214880e-43   1200
  1.463214e+00   4.250541e-42   4.644419e-04   1.320264e-43   918
  1.464934e+00   4.500348e-42   4.820751e-04   1.461316e-43   876
  1.466681e+00   4.326844e-42   4.212369e-04   1.360973e-43   870
  1.468211e+00   4.460019e-42   4.913058e-04   1.614327e-43   768
  1.470005e+00   4.031792e-42   4.503077e-04   1.316989e-43   830
  1.471666e+00   4.396946e-42   4.662337e-04   1.347004e-43   1080
  1.473387e+00   4.261748e-42   5.245740e-04   1.440626e-43   840
  1.475121e+00   4.179014e-42   5.051070e-04   1.523394e-43   798
  1.477088e+00   4.062750e-42   4.009113e-04   1.418200e-43   792
  1.478613e+00   4.179565e-42   4.675924e-04   1.456473e-43   726
  1.480213e+00   4.476669e-42   5.239634e-04   1.462644e-43   864
  1.481966e+00   4.182654e-42   4.485006e-04   1.397546e-43   900
  1.483743e+00   4.557823e-42   4.984474e-04   1.615038e-43   726
  1.485268e+00   4.363968e-42   4.313846e-04   1.792232e-43   576
  1.487302e+00   4.373553e-42   4.489324e-04   1.534121e-43   840
  1.488733e+00   4.460207e-42   4.660199e-04   1.597641e-43   750
  1.490428e+00   4.289076e-42   4.674350e-04   1.595110e-43   720
  1.492027e+00   4.282888e-42   4.728813e-04   1.630020e-43   702
  1.493895e+00   4.279666e-42   5.164499e-04   1.558795e-43   696
  1.495432e+00   4.397420e-42   4.618675e-04   2.015702e-43   480
  1.497243e+00   4.338995e-42   4.376385e-04   1.444903e-43   830
  1.498847e+00   4.597428e-42   5.091155e-04   1.611636e-43   756
  1.500643e+00   4.535574e-42   4.888404e-04   1.711091e-43   624
  1.502229e+00   4.648163e-42   5.165284e-04   2.025110e-43   582
  1.504104e+00   4.026330e-42   3.964472e-04   1.721026e-43   576
  1.505725e+00   4.567871e-42   5.309724e-04   1.862288e-43   624
  1.507388e+00   4.703824e-42   4.336450e-04   1.787770e-43   702
  1.509034e+00   4.457145e-42   4.988077e-04   1.859060e-43   624
  1.510988e+00   4.544923e-42   4.825630e-04   1.759929e-43   672
  1.512580e+00   4.362722e-42   3.612436e-04   2.309169e-43   342
  1.514329e+00   4.652457e-42   4.516021e-04   1.885717e-43   660
  1.515937e+00   4.729131e-42   4.642274e-04   1.769565e-43   576
  1.517597e+00   4.547225e-42   4.513226e-04   1.815198e-43   600
  1.519276e+00   4.599546e-42   5.220166e-04   1.932887e-43   510
  1.521163e+00   5.367073e-42   4.890514e-04   2.076481e-43   600
  1.522619e+00   5.464238e-42   3.895108e-04   3.803970e-43   216
  1.524315e+00   4.882397e-42   4.741021e-04   1.724947e-43   758
  1.526291e+00   5.301997e-42   5.190411e-04   2.309133e-43   576
  1.528024e+00   4.742216e-42   4.406517e-04   1.877893e-43   528
  1.529587e+00   4.846735e-42   3.034519e-04   2.524413e-43   318
  1.531266e+00   4.900814e-42   5.242157e-04   2.078839e-43   540
  1.533252e+00   5.401357e-42   3.706126e-04   2.375247e-43   384
  1.534598e+00   5.329339e-42   5.120576e-04   2.495900e-43   576
  1.536349e+00   4.699520e-42   4.184460e-04   2.026413e-43   414
  1.538006e+00   4.297477e-42   4.672675e-04   1.821916e-43   504
  1.539775e+00   4.923717e-42   5.129507e-04   2.803410e-43   312
  1.541474e+00   5.046620e-42   4.647396e-04   2.450303e-43   414
  1.543160e+00   5.363862e-42   4.293448e-04   2.567522e-43   432
  1.544729e+00   5.423081e-42   5.686055e-04   2.617033e-43   504
  1.546545e+00   4.333634e-42   5.476310e-04   2.115529e-43   432
  1.548245e+00   4.963981e-42   4.485920e-04   2.564503e-43   354
  1.549977e+00   4.294537e-42   6.527560e-04   2.963233e-43   200
  1.551463e+00   5.227500e-42   4.631515e-04   2.392138e-43   480
  1.553470e+00   5.006043e-42   5.292520e-04   2.047068e-43   552
  1.555311e+00   4.483625e-42   3.296817e-04   2.359373e-43   366
  1.556730e+00   4.431186e-42   3.509628e-04   2.687656e-43   240
  1.558291e+00   5.443382e-42   4.906603e-04   3.130068e-43   288
  1.560489e+00   4.461140e-42   3.372103e-04   2.299355e-43   366
  1.561910e+00   5.072816e-42   5.467244e-04   2.346131e-43   408
  1.563496e+00   4.318452e-42   4.109956e-04   2.330639e-43   360
  1.565137e+00   5.517188e-42   3.831167e-04   2.645446e-43   324
  1.566729e+00   4.902291e-42   4.524730e-04   3.803934e-43   174
  1.568624e+00   5.376248e-42   5.198279e-04   2.863960e-43   264
  1.570404e+00   5.678191e-42   4.741086e-04   2.692827e-43   456
  1.572178e+00   5.148620e-42   4.767346e-04   2.672680e-43   360
  1.573637e+00   5.013712e-42   5.251690e-04   3.034592e-43   270
  1.575423e+00   5.411089e-42   5.743787e-04   3.104419e-43   240
  1.577661e+00   4.418274e-42   4.185669e-04   3.826109e-43   120
  1.578762e+00   5.580044e-42   4.369696e-04   3.753355e-43   320
  1.580538e+00   5.340147e-42   5.406748e-04   2.668425e-43   462
  1.582398e+00   5.471538e-42   3.145683e-04   3.371197e-43   276
  1.584014e+00   5.834142e-42   3.568730e-04   4.661573e-43   144
  1.585571e+00   5.423436e-42   3.747862e-04   4.987458e-43   120
  1.587640e+00   5.768731e-42   2.838118e-04   3.709878e-43   294
  1.589204e+00   5.496856e-42   5.034972e-04   3.018338e-43   384
  1.590663e+00   5.522888e-42   3.333119e-04   4.001969e-43   216
  1.592060e+00   5.734804e-42   3.095363e-04   3.672358e-43   168
  1.593638e+00   6.233537e-42   3.682988e-04   6.667696e-43   102
  1.595919e+00   5.032578e-42   5.587821e-04   3.621557e-43   168
  1.597518e+00   5.436854e-42   4.890688e-04   2.461316e-43   384
  1.599271e+00   5.670090e-42   4.969061e-04   3.480733e-43   300
  1.600903e+00   5.803048e-42   5.320788e-04   4.738909e-43   144
  1.602742e+00   4.734438e-42   5.449239e-04   5.687575e-43   102
  1.604949e+00   5.807121e-42   1.289956e-04   5.634430e-43   56
  1.606006e+00   6.361003e-42   4.199761e-04   3.430438e-43   288
  1.607665e+00   6.094482e-42   5.465449e-04   3.075637e-43   360
  1.609470e+00   7.332234e-42   2.931840e-04   5.913319e-43   126
  1.610992e+00   5.697355e-42   1.443964e-04   5.895612e-43   72
  1.612650e+00   4.794106e-42   7.650143e-05   5.561929e-43   48
  1.614814e+00   5.377896e-42   3.094846e-04   4.535547e-43   240
  1.616236e+00   5.921617e-42   4.591937e-04   3.381138e-43   306
  1.617691e+00   6.630409e-42   2.552095e-04   5.822513e-43   120
  1.619368e+00   5.626860e-42   6.281048e-04   5.977430e-43   96
  1.620587e+00   3.689346e-42   0.000000e+00   4.561223e-43   24
  1.623325e+00   5.828622e-42   5.439228e-04   4.989402e-43   120
  1.624667e+00   5.773964e-42   4.703935e-04   2.908430e-43   318
  1.626308e+00   5.769495e-42   5.026794e-04   5.033402e-43   168
  1.628106e+00   6.571664e-42   5.394313e-04   8.476736e-43   72
  1.630075e+00   4.150834e-42   0.000000e+00   7.541689e-43   24
  1.632193e+00   6.469115e-42   2.618418e-04   2.221561e-42   14
  1.633200e+00   6.393076e-42   4.129830e-04   3.362372e-43   288
  1.634765e+00   6.234688e-42   4.968411e-04   4.015757e-43   204
  1.636571e+00   6.605642e-42   7.538327e-05   9.397904e-43   48
  1.638002e+00   5.327709e-42   0.000000e+00   1.176246e-42   24
  1.639659e+00   2.705678e-42   0.000000e+00   6.228588e-43   6
  1.642039e+00   6.427915e-42   3.087683e-04   4.440230e-43   216
  1.643266e+00   5.823380e-42   4.111948e-04   3.942183e-43   192
  1.644767e+00   8.987299e-42   7.500762e-05   1.179525e-42   48
  1.646341e+00   6.596779e-42   5.993235e-04   1.280457e-42   30
  1.650794e+00   4.841143e-42   1.239342e-04   5.258865e-43   96
  1.651708e+00   5.268682e-42   4.061000e-04   3.787443e-43   228
  1.653445e+00   5.463191e-42   5.310492e-04   5.624471e-43   72
  1.655533e+00   1.032670e-41   0.000000e+00   2.841181e-42   6
  1.660288e+00   6.384515e-42   4.009709e-04   4.484603e-43   248
  1.661805e+00   6.464342e-42   4.589321e-04   6.678674e-43   72
  1.663636e+00   3.696007e-42   2.543132e-08   1.335599e-42   6
  1.669168e+00   6.907753e-42   2.849355e-04   5.335982e-43   180
  1.670272e+00   4.825257e-42   3.876996e-04   6.602093e-43   72
  1.671847e+00   5.419898e-42   0.000000e+00   1.031983e-42   6
  1.677997e+00   6.794749e-42   1.219250e-04   6.141891e-43   96
  1.678732e+00   5.573571e-42   3.347351e-04   5.863839e-43   96
  1.680165e+00   5.743387e-42   0.000000e+00   1.623830e-42   6
  1.687272e+00   7.301523e-42   3.203674e-04   5.384365e-43   140
  1.688588e+00   1.565176e-41   0.000000e+00   3.411145e-42   6
  1.696205e+00   6.037213e-42   2.151411e-04   5.901151e-43   96
  1.697114e+00   2.477198e-42   0.000000e+00   5.807425e-43   6
  1.705164e+00   8.434996e-42   1.294251e-04   1.091524e-42   60
  1.705743e+00   2.169565e-41   0.000000e+00   8.769552e-42   6
  1.714199e+00   7.860601e-42   1.312104e-04   1.238798e-42   38
  1.723205e+00   7.060802e-42   6.749794e-05   7.638165e-43   18
  1.732226e+00   1.401912e-42   2.543132e-08   4.062367e-43   6
