# power spectrum of phi_prime
# redshift z=48.480169
# k              Pk             sigma(k)       sigma(Pk)      count
  1.570796e-02   1.844728e-14   0.000000e+00   7.397440e-15   6
  2.221441e-02   1.046440e-14   0.000000e+00   2.077928e-15   12
  2.720699e-02   7.464564e-15   2.980232e-10   1.375541e-15   8
  3.141593e-02   1.665650e-14   0.000000e+00   1.921413e-15   6
  3.512407e-02   1.166385e-14   5.619580e-10   3.704662e-15   24
  3.847649e-02   1.648208e-14   5.619580e-10   2.425853e-15   24
  4.442883e-02   7.467608e-15   0.000000e+00   3.350388e-15   12
  4.712389e-02   8.538142e-15   6.357829e-10   1.842496e-15   30
  4.967294e-02   7.146496e-15   0.000000e+00   1.639801e-15   24
  5.209742e-02   7.859749e-15   9.733398e-10   1.813510e-15   24
  5.441398e-02   1.085397e-14   5.960464e-10   2.287685e-15   8
  5.663587e-02   8.135198e-15   7.947286e-10   9.205218e-16   24
  5.877382e-02   7.794170e-15   0.000000e+00   9.492971e-16   48
  6.283185e-02   6.190314e-15   0.000000e+00   2.670390e-15   6
  6.476559e-02   6.726706e-15   7.947286e-10   8.950816e-16   48
  6.664324e-02   5.616774e-15   7.492773e-10   6.414284e-16   36
  6.846942e-02   9.853903e-15   7.947286e-10   2.009900e-15   24
  7.024815e-02   4.952747e-15   1.123916e-09   1.260212e-15   24
  7.198293e-02   4.682623e-15   0.000000e+00   7.248787e-16   48
  7.367688e-02   1.184515e-14   1.123916e-09   1.770734e-15   24
  7.695299e-02   5.281810e-15   1.123916e-09   9.350114e-16   24
  7.853982e-02   5.189134e-15   0.000000e+00   8.043387e-16   30
  8.009521e-02   4.209598e-15   0.000000e+00   5.352507e-16   72
  8.162097e-02   3.083693e-15   1.192093e-09   4.826732e-16   32
  8.458997e-02   6.246691e-15   0.000000e+00   7.205369e-16   72
  8.603606e-02   2.776499e-15   0.000000e+00   3.840118e-16   48
  8.885766e-02   2.883534e-15   0.000000e+00   9.304526e-16   12
  9.091388e-02   4.191415e-15   6.784996e-04   4.262597e-16   96
  9.292956e-02   5.521430e-15   1.123916e-09   6.311828e-16   48
  9.424778e-02   6.352171e-15   1.271566e-09   1.139010e-15   30
  9.650974e-02   3.157874e-15   5.553727e-04   3.100230e-16   96
  9.934588e-02   2.398709e-15   0.000000e+00   4.479847e-16   24
  1.009864e-01   4.801262e-15   5.747348e-04   4.704753e-16   144
  1.030040e-01   3.873483e-15   1.946680e-09   8.988558e-16   24
  1.050779e-01   5.323911e-15   5.098206e-04   6.826917e-16   96
  1.065366e-01   3.140662e-15   0.000000e+00   4.360384e-16   48
  1.098102e-01   4.759855e-15   3.780724e-04   5.537121e-16   62
  1.114740e-01   4.176512e-15   5.316623e-04   6.742713e-16   132
  1.132717e-01   2.372265e-15   1.589457e-09   5.225336e-16   24
  1.149693e-01   3.623408e-15   5.313863e-04   3.383693e-16   168
  1.180701e-01   5.542415e-15   5.224442e-04   5.072883e-16   96
  1.203984e-01   3.297689e-15   4.446482e-04   3.221393e-16   96
  1.232554e-01   4.095820e-15   4.956196e-04   3.120898e-16   168
  1.256637e-01   8.621244e-16   0.000000e+00   4.663203e-16   6
  1.266416e-01   4.183655e-15   0.000000e+00   4.380863e-16   96
  1.278047e-01   3.893722e-15   3.852495e-04   3.738076e-16   120
  1.301638e-01   3.052324e-15   4.473436e-04   3.599485e-16   144
  1.314222e-01   6.516389e-15   0.000000e+00   8.697737e-16   48
  1.338136e-01   3.653698e-15   4.564740e-04   6.405173e-16   84
  1.351250e-01   3.875497e-15   3.114687e-09   4.020736e-16   120
  1.363061e-01   3.551557e-15   4.142175e-04   3.275713e-16   80
  1.381342e-01   3.900071e-15   4.205668e-04   3.497422e-16   144
  1.404963e-01   2.045744e-15   2.247832e-09   3.449815e-16   24
  1.416501e-01   3.640904e-15   4.058285e-04   3.337179e-16   150
  1.434502e-01   3.709487e-15   4.210699e-04   3.859433e-16   120
  1.454270e-01   2.810118e-15   3.837166e-04   2.731747e-16   168
  1.473538e-01   9.604184e-15   2.247832e-09   1.869474e-15   24
  1.485660e-01   3.361661e-15   4.133786e-04   2.293904e-16   264
  1.498444e-01   1.050992e-15   2.247832e-09   1.142253e-16   48
  1.520236e-01   3.610152e-15   3.828947e-04   3.749871e-16   144
  1.544390e-01   6.082636e-15   3.768959e-04   8.765058e-16   72
  1.558174e-01   3.368016e-15   3.876848e-04   3.093819e-16   180
  1.577444e-01   3.522589e-15   2.809042e-04   3.336539e-16   198
  1.586427e-01   2.184540e-15   0.000000e+00   3.644700e-16   48
  1.606295e-01   2.463720e-15   3.802118e-04   2.229728e-16   168
  1.621039e-01   3.531021e-15   3.805277e-04   2.888648e-16   144
  1.643345e-01   3.086973e-15   5.346625e-04   2.019188e-16   248
  1.673465e-01   2.667354e-15   3.686065e-04   1.896953e-16   192
  1.693976e-01   3.520623e-15   5.693667e-04   2.672176e-16   240
  1.706322e-01   2.759083e-15   0.000000e+00   2.906528e-16   72
  1.725150e-01   3.378776e-15   3.474519e-04   3.367332e-16   126
  1.737029e-01   4.459267e-15   3.205713e-04   4.888979e-16   168
  1.759709e-01   3.218683e-15   3.505411e-04   2.815781e-16   288
  1.783549e-01   3.586918e-15   1.846233e-04   2.975361e-16   156
  1.795894e-01   2.604128e-15   3.105899e-04   3.111089e-16   168
  1.814616e-01   3.086962e-15   5.324516e-04   2.088298e-16   264
  1.831848e-01   5.260311e-15   0.000000e+00   6.730002e-16   48
  1.844652e-01   3.614191e-15   5.299184e-04   2.629525e-16   264
  1.863009e-01   2.934556e-15   3.123533e-04   2.514674e-16   144
  1.876872e-01   4.612883e-15   6.390593e-04   4.974345e-16   78
  1.897067e-01   2.716294e-15   4.154149e-04   1.873668e-16   336
  1.916111e-01   2.879926e-15   3.160631e-04   3.228199e-16   200
  1.928618e-01   2.876340e-15   6.188557e-04   2.494514e-16   192
  1.945503e-01   3.695746e-15   3.105574e-04   3.496429e-16   240
  1.961016e-01   2.752119e-15   6.223754e-04   2.259434e-16   168
  1.976952e-01   2.750795e-15   4.982915e-04   2.575972e-16   120
  1.996091e-01   3.588795e-15   3.894583e-04   2.398022e-16   324
  2.014663e-01   3.879538e-15   3.061804e-04   3.309339e-16   192
  2.027302e-01   4.624096e-15   5.491178e-04   4.191445e-16   168
  2.048802e-01   2.396162e-15   4.522690e-04   2.121297e-16   342
  2.068188e-01   3.436660e-15   3.641675e-04   2.120990e-16   336
  2.087838e-01   4.115628e-15   2.786838e-04   8.110163e-16   72
  2.101088e-01   3.041980e-15   4.457174e-04   2.723259e-16   288
  2.116470e-01   3.418350e-15   2.902819e-04   2.873377e-16   264
  2.137954e-01   2.898384e-15   3.817923e-04   1.606611e-16   384
  2.157197e-01   2.989529e-15   4.582500e-04   2.981523e-16   240
  2.165193e-01   4.718799e-15   0.000000e+00   6.637520e-16   48
  2.188323e-01   3.734286e-15   3.751076e-04   2.339231e-16   392
  2.205970e-01   3.211223e-15   4.116619e-04   2.378848e-16   294
  2.224945e-01   3.057461e-15   2.675587e-04   2.714406e-16   228
  2.237424e-01   3.727795e-15   4.063271e-04   2.875979e-16   216
  2.252951e-01   2.838713e-15   2.475063e-04   1.809407e-16   336
  2.271958e-01   3.144661e-15   2.940781e-04   2.223366e-16   360
  2.287649e-01   4.066102e-15   4.480490e-04   3.108073e-16   240
  2.303999e-01   2.192149e-15   5.301447e-04   2.060200e-16   168
  2.319249e-01   3.411380e-15   4.172883e-04   2.061888e-16   312
  2.337418e-01   2.747672e-15   2.611535e-04   1.746219e-16   336
  2.357046e-01   3.452186e-15   3.562619e-04   2.558327e-16   294
  2.371846e-01   3.976885e-15   4.748243e-04   3.378526e-16   288
  2.383170e-01   2.622493e-15   2.971134e-04   2.403681e-16   264
  2.403364e-01   2.786706e-15   5.103645e-04   2.063778e-16   480
  2.420249e-01   3.237161e-15   2.496686e-04   2.747209e-16   240
  2.440949e-01   2.798886e-15   2.524589e-04   2.357061e-16   276
  2.457280e-01   3.401127e-15   5.541970e-04   1.753348e-16   488
  2.476682e-01   4.542687e-15   2.440802e-04   4.201662e-16   240
  2.487944e-01   3.635508e-15   4.739408e-04   2.126139e-16   360
  2.503735e-01   2.717954e-15   1.686210e-04   2.135969e-16   198
  2.524044e-01   2.869367e-15   5.697771e-04   1.682641e-16   480
  2.538913e-01   2.790615e-15   2.103076e-04   2.396394e-16   288
  2.559478e-01   3.228085e-15   4.445422e-04   2.067776e-16   480
  2.577972e-01   3.750690e-15   2.738942e-04   1.789690e-16   480
  2.596963e-01   3.129502e-15   3.542367e-04   2.772365e-16   288
  2.608812e-01   2.510575e-15   3.779053e-04   1.526389e-16   288
  2.627448e-01   3.653630e-15   6.569890e-04   2.066230e-16   456
  2.646214e-01   3.981997e-15   6.187305e-04   2.418882e-16   360
  2.658312e-01   3.235779e-15   3.708853e-04   2.380598e-16   180
  2.675821e-01   3.200145e-15   4.039393e-04   1.821517e-16   486
  2.693567e-01   3.191456e-15   5.373692e-04   1.905117e-16   504
  2.711612e-01   3.232107e-15   4.175087e-04   1.983212e-16   456
  2.726573e-01   4.056037e-15   3.468761e-04   2.827954e-16   296
  2.746340e-01   3.412109e-15   3.422861e-04   2.214874e-16   528
  2.761206e-01   3.246113e-15   3.377476e-04   2.175307e-16   336
  2.783101e-01   3.670868e-15   3.746254e-04   1.879724e-16   600
  2.799128e-01   3.014270e-15   2.194755e-04   1.883995e-16   264
  2.815189e-01   3.443482e-15   2.373367e-04   1.941515e-16   360
  2.831582e-01   3.232658e-15   4.751715e-04   1.789602e-16   630
  2.849646e-01   3.166535e-15   2.452791e-04   2.345101e-16   432
  2.865671e-01   3.259908e-15   4.725907e-04   2.098393e-16   408
  2.885340e-01   3.403236e-15   3.136768e-04   2.324022e-16   324
  2.899972e-01   3.112774e-15   4.470278e-04   1.561057e-16   744
  2.917622e-01   3.772295e-15   3.573689e-04   2.530122e-16   336
  2.934486e-01   3.489659e-15   4.912911e-04   2.114090e-16   528
  2.952978e-01   3.177003e-15   2.506716e-04   1.901936e-16   408
  2.965238e-01   2.843722e-15   4.266433e-04   1.719521e-16   408
  2.985496e-01   3.012460e-15   3.522079e-04   1.603336e-16   470
  3.000252e-01   3.101679e-15   4.231156e-04   1.925633e-16   528
  3.020857e-01   2.839303e-15   3.525700e-04   1.398545e-16   624
  3.036033e-01   3.036266e-15   2.682725e-04   1.680878e-16   504
  3.051691e-01   2.849894e-15   3.736837e-04   1.707545e-16   552
  3.067221e-01   3.516540e-15   1.816539e-04   2.198791e-16   336
  3.086668e-01   3.529898e-15   3.866695e-04   1.886168e-16   528
  3.101733e-01   3.321094e-15   4.402305e-04   1.758550e-16   564
  3.119378e-01   3.783757e-15   4.051859e-04   2.197052e-16   528
  3.138508e-01   3.416364e-15   6.290633e-04   2.030997e-16   582
  3.155905e-01   3.227554e-15   4.842838e-04   1.678992e-16   624
  3.171120e-01   2.942143e-15   5.536295e-04   1.858704e-16   432
  3.189273e-01   3.072314e-15   6.158164e-04   1.591069e-16   816
  3.207951e-01   3.866400e-15   2.806614e-04   2.693291e-16   312
  3.220171e-01   3.295861e-15   4.548743e-04   1.854981e-16   552
  3.239876e-01   3.139334e-15   2.864905e-04   1.401461e-16   744
  3.254151e-01   4.076457e-15   2.676404e-04   2.675945e-16   408
  3.272576e-01   3.129989e-15   3.835404e-04   1.495440e-16   632
  3.291717e-01   4.078341e-15   6.513489e-04   1.728696e-16   750
  3.307289e-01   2.410212e-15   4.480796e-04   2.196072e-16   312
  3.324641e-01   3.471548e-15   6.615270e-04   1.482593e-16   876
  3.341804e-01   2.328420e-15   4.319379e-04   1.359401e-16   552
  3.361143e-01   4.094971e-15   3.572110e-04   1.983420e-16   696
  3.374317e-01   3.230981e-15   3.942932e-04   1.577361e-16   576
  3.392245e-01   2.602791e-15   4.174616e-04   1.509571e-16   576
  3.407547e-01   3.824770e-15   5.593999e-04   1.779521e-16   648
  3.426040e-01   3.502329e-15   5.599242e-04   1.580961e-16   672
  3.446457e-01   3.480768e-15   2.374990e-04   2.278915e-16   480
  3.459524e-01   3.369316e-15   3.677960e-04   1.616742e-16   726
  3.476351e-01   3.521162e-15   4.167607e-04   1.523427e-16   792
  3.494576e-01   3.153058e-15   5.781572e-04   1.551260e-16   768
  3.513784e-01   3.176494e-15   4.725059e-04   1.669208e-16   672
  3.531396e-01   3.159548e-15   3.169470e-04   1.622537e-16   608
  3.544145e-01   3.564094e-15   3.042788e-04   1.829026e-16   624
  3.562333e-01   3.539901e-15   3.954077e-04   1.666050e-16   684
  3.580024e-01   3.511416e-15   5.840631e-04   1.362581e-16   768
  3.596489e-01   3.427037e-15   4.669543e-04   1.643023e-16   744
  3.616107e-01   3.283874e-15   2.940222e-04   1.414479e-16   750
  3.630406e-01   3.159272e-15   4.370248e-04   1.921545e-16   600
  3.645869e-01   2.940371e-15   4.640415e-04   1.697746e-16   600
  3.664974e-01   3.439183e-15   5.347792e-04   1.351934e-16   1008
  3.680145e-01   3.092556e-15   2.966070e-04   1.502864e-16   696
  3.696957e-01   3.354212e-15   3.918311e-04   1.816270e-16   624
  3.713857e-01   3.444489e-15   6.097387e-04   1.419326e-16   840
  3.733058e-01   3.638025e-15   4.148780e-04   1.706361e-16   816
  3.748632e-01   3.455344e-15   2.755717e-04   1.441530e-16   744
  3.764360e-01   3.788248e-15   4.871654e-04   2.066306e-16   510
  3.783359e-01   3.560986e-15   4.677188e-04   1.518382e-16   1020
  3.801042e-01   3.093484e-15   3.774027e-04   1.187357e-16   912
  3.818473e-01   3.423850e-15   5.591433e-04   1.669848e-16   752
  3.832886e-01   3.621998e-15   4.639583e-04   1.649515e-16   888
  3.852555e-01   3.104020e-15   2.993905e-04   1.613727e-16   768
  3.868644e-01   3.552677e-15   5.440188e-04   1.639734e-16   720
  3.887159e-01   3.144628e-15   4.795683e-04   1.176248e-16   1056
  3.903582e-01   3.362982e-15   3.317856e-04   2.039541e-16   504
  3.917039e-01   3.915586e-15   5.180898e-04   1.614881e-16   774
  3.936283e-01   3.127213e-15   4.982654e-04   1.264891e-16   1272
  3.954358e-01   3.255673e-15   3.264422e-04   1.627000e-16   744
  3.971211e-01   2.922762e-15   5.330594e-04   1.357095e-16   768
  3.986674e-01   3.286331e-15   4.508988e-04   1.431173e-16   840
  4.004039e-01   3.840926e-15   3.056972e-04   1.674983e-16   924
  4.020760e-01   3.431109e-15   5.389435e-04   1.436589e-16   936
  4.037194e-01   3.286944e-15   3.745454e-04   1.438083e-16   840
  4.053748e-01   3.735959e-15   4.452908e-04   1.417631e-16   1008
  4.074786e-01   3.330655e-15   5.026919e-04   1.514859e-16   696
  4.087986e-01   2.860087e-15   4.468063e-04   1.258153e-16   974
  4.107598e-01   3.489515e-15   5.934108e-04   1.293810e-16   1152
  4.124648e-01   3.649699e-15   2.322032e-04   1.491746e-16   816
  4.137908e-01   2.805186e-15   5.108209e-04   1.260201e-16   816
  4.155748e-01   3.235372e-15   4.510778e-04   1.159607e-16   1152
  4.174563e-01   3.359389e-15   4.061247e-04   1.350845e-16   912
  4.191672e-01   3.620242e-15   4.934415e-04   1.321221e-16   1056
  4.206322e-01   3.859578e-15   4.219808e-04   1.766380e-16   624
  4.226021e-01   3.122994e-15   5.271094e-04   1.212713e-16   1260
  4.243023e-01   3.514909e-15   3.179301e-04   1.581366e-16   894
  4.259628e-01   3.634758e-15   5.447273e-04   1.247433e-16   1176
  4.276242e-01   2.891660e-15   4.508728e-04   1.548392e-16   840
  4.295151e-01   3.530204e-15   5.124827e-04   1.236222e-16   1440
  4.315006e-01   3.070578e-15   2.881208e-04   1.307688e-16   864
  4.330060e-01   3.462681e-15   4.944294e-04   1.422716e-16   1056
  4.345044e-01   3.433609e-15   2.915091e-04   1.795220e-16   624
  4.363242e-01   3.772919e-15   5.398245e-04   1.261179e-16   1496
  4.380644e-01   3.494444e-15   3.811353e-04   1.602170e-16   936
  4.396135e-01   3.519979e-15   5.517639e-04   1.401075e-16   966
  4.412804e-01   3.329844e-15   3.911127e-04   1.469171e-16   936
  4.430314e-01   3.003661e-15   4.837854e-04   1.143211e-16   1248
  4.448240e-01   3.029286e-15   3.410472e-04   1.161627e-16   1044
  4.464944e-01   3.629691e-15   5.282931e-04   1.247006e-16   1392
  4.478173e-01   2.825768e-15   4.068922e-04   1.595572e-16   600
  4.497097e-01   3.403495e-15   4.622723e-04   1.096231e-16   1416
  4.514841e-01   3.345947e-15   4.975797e-04   1.196674e-16   1152
  4.532821e-01   3.429957e-15   4.773496e-04   1.322179e-16   936
  4.547305e-01   3.511115e-15   5.119809e-04   1.468954e-16   870
  4.564516e-01   3.637673e-15   4.292755e-04   1.347776e-16   1368
  4.583615e-01   3.453759e-15   5.643853e-04   1.188889e-16   1632
  4.599936e-01   2.788894e-15   2.450244e-04   1.391560e-16   816
  4.617604e-01   3.802158e-15   5.590000e-04   1.384872e-16   1200
  4.633019e-01   3.687852e-15   5.344699e-04   1.429272e-16   1184
  4.648678e-01   3.282826e-15   4.056277e-04   1.429283e-16   984
  4.667890e-01   3.517965e-15   4.952299e-04   1.117530e-16   1572
  4.685308e-01   3.627148e-15   2.727317e-04   1.598764e-16   840
  4.701539e-01   3.610799e-15   6.342482e-04   1.166800e-16   1392
  4.718677e-01   3.345837e-15   4.656646e-04   1.314908e-16   1158
  4.733973e-01   3.250145e-15   4.240237e-04   1.210116e-16   1272
  4.752392e-01   3.246157e-15   4.321181e-04   1.110385e-16   1320
  4.769691e-01   3.505077e-15   4.228227e-04   1.481989e-16   1104
  4.786151e-01   3.098279e-15   4.785761e-04   1.080211e-16   1392
  4.803427e-01   3.339227e-15   5.176282e-04   1.184989e-16   1296
  4.821220e-01   3.709686e-15   5.404894e-04   1.249314e-16   1392
  4.837916e-01   3.521244e-15   3.964922e-04   1.305697e-16   1104
  4.853363e-01   3.139842e-15   4.994197e-04   1.110108e-16   1320
  4.875364e-01   3.306538e-15   3.813995e-04   1.144422e-16   1422
  4.889418e-01   2.872191e-15   4.750117e-04   1.068310e-16   1212
  4.905562e-01   3.224917e-15   5.190595e-04   1.138518e-16   1280
  4.922146e-01   3.526513e-15   5.404823e-04   1.307019e-16   1272
  4.938041e-01   3.512874e-15   4.677338e-04   1.140910e-16   1680
  4.956881e-01   3.426546e-15   4.419216e-04   1.293521e-16   1152
  4.974225e-01   3.179128e-15   5.117608e-04   9.998960e-17   1512
  4.992459e-01   3.312052e-15   2.160634e-04   1.395822e-16   912
  5.006872e-01   3.660277e-15   5.446515e-04   1.022113e-16   1680
  5.026041e-01   3.013668e-15   4.824972e-04   9.957869e-17   1518
  5.040250e-01   3.550166e-15   4.467006e-04   1.447682e-16   1056
  5.055216e-01   3.274013e-15   4.510442e-04   1.124023e-16   1344
  5.074562e-01   3.401101e-15   4.843229e-04   1.104365e-16   1680
  5.092067e-01   3.482050e-15   4.772500e-04   1.143776e-16   1656
  5.111194e-01   2.989880e-15   4.056700e-04   1.123184e-16   1140
  5.125554e-01   3.241498e-15   4.697351e-04   1.160786e-16   1368
  5.142450e-01   3.425636e-15   5.343264e-04   1.047953e-16   1656
  5.159625e-01   3.604349e-15   5.472649e-04   1.302340e-16   1448
  5.178320e-01   3.563542e-15   5.141193e-04   1.181483e-16   1422
  5.195587e-01   3.290357e-15   5.675668e-04   1.130046e-16   1512
  5.210354e-01   3.223175e-15   4.326963e-04   1.176959e-16   1296
  5.227440e-01   3.128604e-15   3.950802e-04   1.012463e-16   1824
  5.245911e-01   3.378547e-15   5.122810e-04   1.109882e-16   1464
  5.264571e-01   3.351044e-15   4.571373e-04   9.675520e-17   1824
  5.281889e-01   3.140615e-15   3.634473e-04   1.114236e-16   1416
  5.296954e-01   3.837802e-15   5.323525e-04   1.303770e-16   1392
  5.313218e-01   3.315773e-15   4.912467e-04   1.069310e-16   1464
  5.333061e-01   2.999758e-15   4.802698e-04   9.918433e-17   1524
  5.348395e-01   3.328456e-15   4.425765e-04   1.067476e-16   1686
  5.366116e-01   3.222362e-15   5.269753e-04   1.052047e-16   1800
  5.381347e-01   3.166755e-15   4.183682e-04   1.179986e-16   1344
  5.398246e-01   3.654198e-15   4.881086e-04   1.219485e-16   1656
  5.415187e-01   3.260802e-15   3.897299e-04   1.052218e-16   1488
  5.429907e-01   3.272120e-15   3.890952e-04   1.146614e-16   1536
  5.450417e-01   3.338786e-15   4.322407e-04   9.820241e-17   1760
  5.466309e-01   3.795834e-15   4.807835e-04   1.090917e-16   1824
  5.484686e-01   3.324103e-15   4.034669e-04   1.047798e-16   1560
  5.502369e-01   3.182886e-15   4.634195e-04   9.210069e-17   1926
  5.519000e-01   3.245244e-15   3.295522e-04   1.186006e-16   1272
  5.534180e-01   3.292854e-15   5.538121e-04   9.880506e-17   1848
  5.554133e-01   3.563910e-15   4.474326e-04   9.643447e-17   1908
  5.569309e-01   3.063088e-15   4.364115e-04   1.108043e-16   1488
  5.585322e-01   3.335874e-15   4.921783e-04   1.016281e-16   1800
  5.602682e-01   3.375335e-15   4.926635e-04   1.036566e-16   1752
  5.619310e-01   3.125764e-15   5.238690e-04   1.094851e-16   1368
  5.635951e-01   3.531468e-15   4.923362e-04   9.724391e-17   2016
  5.654253e-01   3.321123e-15   5.200281e-04   1.008054e-16   1542
  5.671144e-01   3.211182e-15   5.092480e-04   8.857817e-17   2184
  5.689840e-01   3.270282e-15   4.658463e-04   1.031441e-16   1776
  5.705991e-01   3.284712e-15   5.325328e-04   1.262057e-16   1568
  5.721386e-01   3.398302e-15   4.865284e-04   9.021400e-17   2040
  5.738138e-01   3.457219e-15   5.201423e-04   1.095217e-16   1704
  5.755673e-01   3.327104e-15   5.214047e-04   1.103376e-16   1512
  5.772206e-01   3.404530e-15   4.447597e-04   1.000830e-16   2028
  5.790782e-01   3.242757e-15   5.364945e-04   8.765803e-17   1968
  5.807766e-01   3.525672e-15   5.441935e-04   9.714148e-17   1854
  5.824386e-01   2.919103e-15   5.187839e-04   9.332041e-17   1632
  5.841419e-01   3.317423e-15   5.330949e-04   8.059626e-17   2424
  5.859073e-01   2.991849e-15   5.336494e-04   9.799810e-17   1560
  5.873997e-01   3.298345e-15   5.042981e-04   1.005551e-16   1728
  5.892030e-01   3.220014e-15   5.383151e-04   9.277104e-17   2088
  5.910182e-01   3.296114e-15   5.124183e-04   9.529652e-17   1968
  5.926879e-01   3.313746e-15   5.073434e-04   8.935878e-17   2256
  5.943623e-01   3.430897e-15   4.510844e-04   9.966213e-17   1728
  5.961102e-01   3.383656e-15   4.446730e-04   1.251419e-16   1416
  5.976587e-01   3.411128e-15   4.687744e-04   9.109295e-17   2246
  5.994119e-01   3.109061e-15   5.191625e-04   9.234750e-17   2148
  6.010893e-01   3.292560e-15   4.385384e-04   1.095964e-16   1680
  6.026682e-01   3.261456e-15   5.544042e-04   8.429598e-17   2280
  6.045659e-01   3.244142e-15   5.162727e-04   8.195054e-17   2352
  6.063384e-01   3.433383e-15   4.337978e-04   1.058187e-16   1632
  6.077406e-01   3.236643e-15   4.963799e-04   1.033174e-16   1968
  6.096649e-01   3.557409e-15   5.092860e-04   9.194402e-17   2112
  6.114492e-01   2.904746e-15   3.825636e-04   7.754871e-17   2208
  6.131831e-01   3.335857e-15   3.857391e-04   9.131903e-17   1974
  6.145516e-01   2.950707e-15   3.773577e-04   8.796436e-17   1944
  6.164004e-01   3.258251e-15   4.269369e-04   9.081384e-17   2160
  6.180028e-01   3.213621e-15   3.992823e-04   9.013450e-17   2040
  6.197345e-01   3.172036e-15   5.586051e-04   8.545659e-17   2352
  6.215106e-01   3.385998e-15   4.640665e-04   1.058965e-16   1836
  6.231317e-01   3.327864e-15   4.950444e-04   7.993902e-17   2352
  6.249518e-01   3.375924e-15   5.192346e-04   9.418551e-17   2008
  6.266203e-01   3.072798e-15   5.108010e-04   8.668537e-17   2464
  6.284808e-01   3.285321e-15   4.119834e-04   8.320288e-17   2118
  6.300068e-01   3.299975e-15   4.141467e-04   9.672717e-17   1848
  6.315775e-01   3.087712e-15   5.480513e-04   8.347819e-17   2280
  6.334747e-01   3.140703e-15   5.213278e-04   8.134120e-17   2472
  6.352475e-01   3.399917e-15   3.483875e-04   9.117769e-17   2280
  6.367358e-01   3.453344e-15   4.258450e-04   1.072459e-16   1992
  6.383407e-01   3.375080e-15   4.476942e-04   8.436549e-17   2184
  6.401915e-01   2.994002e-15   5.400739e-04   7.760052e-17   2352
  6.419748e-01   3.096854e-15   5.691414e-04   7.791403e-17   2496
  6.437210e-01   3.061908e-15   5.315847e-04   9.701236e-17   1770
  6.452872e-01   3.253947e-15   4.586736e-04   8.216293e-17   2568
  6.471700e-01   3.185207e-15   5.625819e-04   7.898753e-17   2712
  6.488816e-01   3.052863e-15   4.467713e-04   7.842197e-17   2448
  6.505906e-01   3.413102e-15   3.766053e-04   9.211582e-17   2064
  6.520083e-01   2.888737e-15   3.975154e-04   8.429279e-17   1944
  6.538465e-01   3.095828e-15   4.910776e-04   8.340471e-17   2480
  6.557218e-01   3.326360e-15   5.334543e-04   7.704211e-17   2880
  6.573828e-01   3.324277e-15   5.117233e-04   8.160327e-17   2304
  6.591177e-01   3.117593e-15   4.701472e-04   8.269803e-17   1806
  6.606561e-01   3.120310e-15   4.610710e-04   7.276694e-17   2856
  6.625838e-01   3.040429e-15   4.421809e-04   7.852769e-17   2568
  6.640509e-01   2.938855e-15   4.436302e-04   8.464873e-17   2112
  6.656475e-01   2.980669e-15   4.272941e-04   8.569880e-17   2028
  6.673605e-01   3.306720e-15   5.057904e-04   7.430893e-17   2712
  6.690998e-01   3.133024e-15   5.449093e-04   7.090317e-17   2952
  6.709691e-01   3.473966e-15   4.210349e-04   9.674458e-17   2112
  6.724803e-01   3.251119e-15   4.934314e-04   8.015721e-17   2520
  6.742956e-01   3.175812e-15   4.759244e-04   8.158797e-17   2376
  6.759489e-01   3.084546e-15   3.815168e-04   8.029752e-17   2526
  6.776650e-01   3.130924e-15   4.747876e-04   7.874685e-17   2664
  6.793642e-01   2.977425e-15   5.662862e-04   7.531315e-17   2408
  6.809929e-01   3.338787e-15   4.536173e-04   8.286422e-17   2568
  6.826540e-01   3.239013e-15   4.276796e-04   7.651149e-17   2904
  6.844561e-01   3.196148e-15   4.798687e-04   8.042968e-17   2544
  6.861681e-01   3.031611e-15   3.534563e-04   7.920328e-17   2160
  6.877835e-01   3.368491e-15   6.110852e-04   7.746366e-17   2652
  6.895681e-01   3.248576e-15   4.838537e-04   7.594426e-17   2784
  6.912854e-01   3.238545e-15   4.778196e-04   7.713199e-17   2694
  6.930647e-01   2.983943e-15   4.294263e-04   6.847444e-17   2952
  6.946107e-01   3.379419e-15   4.067448e-04   8.724074e-17   2208
  6.961857e-01   2.795024e-15   4.335098e-04   7.845950e-17   2304
  6.979438e-01   3.009113e-15   5.637316e-04   6.135675e-17   3504
  6.999941e-01   3.249003e-15   4.564735e-04   8.278389e-17   2616
  7.015932e-01   3.335385e-15   4.459377e-04   7.997972e-17   2664
  7.031336e-01   3.155573e-15   4.143151e-04   7.563624e-17   2448
  7.046858e-01   3.244404e-15   5.770045e-04   8.193777e-17   2472
  7.065119e-01   3.184986e-15   4.587514e-04   6.886717e-17   3134
  7.082307e-01   3.150801e-15   5.017392e-04   8.086273e-17   2616
  7.099467e-01   2.934547e-15   4.064282e-04   7.238030e-17   2712
  7.117121e-01   2.899294e-15   4.661143e-04   6.588081e-17   3204
  7.133994e-01   3.092617e-15   5.368237e-04   7.765889e-17   2760
  7.150019e-01   3.071786e-15   4.683701e-04   7.178853e-17   2688
  7.167690e-01   3.065413e-15   4.428424e-04   7.702578e-17   2760
  7.183316e-01   3.092618e-15   3.656620e-04   7.651254e-17   2568
  7.201311e-01   2.995631e-15   5.678551e-04   6.314985e-17   3336
  7.218583e-01   3.071384e-15   4.806270e-04   7.774062e-17   2334
  7.236024e-01   2.877557e-15   5.318655e-04   6.452571e-17   3264
  7.252322e-01   2.917844e-15   3.867069e-04   7.018839e-17   2760
  7.269038e-01   2.984130e-15   4.670323e-04   6.618230e-17   3192
  7.286057e-01   2.983927e-15   4.848795e-04   7.223972e-17   2904
  7.304158e-01   3.003811e-15   4.865095e-04   7.112257e-17   2784
  7.319309e-01   3.024607e-15   4.004063e-04   7.699637e-17   2592
  7.336545e-01   3.072134e-15   5.458110e-04   6.344563e-17   3284
  7.354862e-01   3.230744e-15   5.482421e-04   7.291829e-17   3168
  7.371250e-01   3.066095e-15   4.523390e-04   7.541286e-17   2616
  7.388477e-01   2.898779e-15   4.370713e-04   6.112148e-17   3222
  7.405235e-01   2.832405e-15   4.904075e-04   5.872522e-17   3240
  7.421464e-01   2.882339e-15   4.961262e-04   7.294104e-17   2568
  7.439914e-01   3.009652e-15   4.552202e-04   6.570675e-17   3120
  7.455341e-01   3.048055e-15   5.004475e-04   6.739524e-17   3168
  7.471932e-01   2.875420e-15   4.381038e-04   5.975595e-17   3240
  7.490082e-01   2.916941e-15   4.494836e-04   6.285806e-17   3144
  7.507715e-01   2.888820e-15   4.284362e-04   6.661988e-17   2856
  7.524381e-01   2.910739e-15   4.575871e-04   5.958921e-17   3264
  7.543240e-01   3.028235e-15   5.056132e-04   6.503280e-17   3318
  7.558082e-01   2.807859e-15   3.541030e-04   7.604111e-17   2556
  7.575771e-01   2.996937e-15   6.048733e-04   5.499734e-17   4008
  7.593679e-01   2.856334e-15   4.465021e-04   6.664500e-17   2904
  7.609000e-01   2.910312e-15   4.565641e-04   6.122994e-17   3144
  7.626441e-01   2.739755e-15   4.759726e-04   6.388316e-17   3200
  7.644490e-01   3.065549e-15   4.694243e-04   6.401045e-17   3312
  7.660670e-01   3.070218e-15   3.783351e-04   7.043122e-17   2832
  7.678735e-01   2.909508e-15   5.444478e-04   5.545848e-17   3984
  7.695508e-01   3.163900e-15   4.426103e-04   8.219051e-17   2238
  7.710821e-01   2.899492e-15   5.208763e-04   5.769888e-17   3984
  7.729819e-01   2.826093e-15   4.949876e-04   6.226315e-17   3384
  7.745602e-01   2.815802e-15   4.626797e-04   6.417653e-17   3048
  7.762081e-01   2.896723e-15   4.248302e-04   6.193873e-17   3096
  7.779294e-01   2.958001e-15   4.815324e-04   5.804083e-17   3708
  7.796408e-01   2.866532e-15   4.564274e-04   6.949345e-17   2784
  7.812306e-01   2.993244e-15   4.740872e-04   5.937271e-17   3648
  7.830363e-01   2.917037e-15   4.879380e-04   5.617016e-17   3888
  7.849582e-01   2.986795e-15   5.208881e-04   6.463657e-17   2958
  7.863930e-01   2.716747e-15   4.446264e-04   5.911533e-17   3264
  7.881221e-01   2.812167e-15   4.908549e-04   6.089051e-17   3160
  7.897556e-01   2.732275e-15   4.448554e-04   5.635481e-17   3736
  7.913039e-01   2.926729e-15   4.053674e-04   6.306534e-17   3216
  7.931298e-01   2.828743e-15   4.967559e-04   5.649587e-17   4032
  7.950340e-01   2.937889e-15   4.535292e-04   6.056724e-17   3528
  7.966578e-01   2.888486e-15   4.003367e-04   6.150560e-17   3192
  7.982809e-01   2.850099e-15   4.384400e-04   5.912105e-17   3456
  8.000418e-01   2.995861e-15   4.546161e-04   6.724837e-17   3060
  8.018067e-01   2.789814e-15   5.405908e-04   5.045045e-17   4518
  8.035265e-01   2.882684e-15   4.815963e-04   5.687552e-17   3528
  8.051074e-01   2.543914e-15   4.044568e-04   6.016702e-17   3024
  8.067928e-01   2.619325e-15   5.476184e-04   5.323925e-17   3672
  8.085097e-01   2.831291e-15   4.700229e-04   5.856154e-17   3864
  8.104158e-01   2.644734e-15   4.982178e-04   5.154447e-17   3816
  8.119748e-01   2.949893e-15   4.532681e-04   6.156238e-17   3456
  8.134695e-01   2.890720e-15   4.103104e-04   6.977110e-17   2688
  8.152303e-01   2.849580e-15   4.868254e-04   5.319201e-17   4248
  8.169761e-01   2.698745e-15   4.662855e-04   5.163330e-17   3926
  8.187297e-01   2.629562e-15   4.923174e-04   5.245262e-17   3504
  8.204236e-01   2.693167e-15   4.401391e-04   5.226617e-17   3960
  8.222939e-01   2.681641e-15   4.954941e-04   5.213502e-17   3684
  8.238979e-01   2.676102e-15   4.954609e-04   5.085820e-17   4104
  8.255014e-01   2.679855e-15   4.699173e-04   5.878209e-17   3144
  8.272241e-01   2.789074e-15   5.147213e-04   5.226139e-17   4224
  8.291182e-01   2.821452e-15   4.568598e-04   5.312495e-17   4008
  8.307364e-01   2.744240e-15   5.026181e-04   5.533272e-17   3312
  8.324026e-01   2.672829e-15   4.999111e-04   5.257380e-17   3726
  8.341747e-01   2.748974e-15   5.134700e-04   5.267316e-17   3936
  8.357483e-01   2.659051e-15   5.292866e-04   5.327116e-17   3888
  8.373814e-01   2.694957e-15   5.004911e-04   4.848555e-17   3864
  8.390804e-01   2.556522e-15   5.320643e-04   4.961473e-17   3888
  8.408304e-01   2.509841e-15   5.018185e-04   4.689733e-17   4080
  8.425581e-01   2.620730e-15   5.325821e-04   5.646614e-17   3400
  8.443209e-01   2.659528e-15   4.884316e-04   4.577259e-17   4588
  8.461032e-01   2.825608e-15   4.834464e-04   5.490091e-17   3816
  8.476608e-01   2.811870e-15   4.581060e-04   5.493735e-17   3534
  8.493098e-01   2.688615e-15   4.524863e-04   5.072326e-17   4080
  8.510347e-01   2.669884e-15   4.729764e-04   4.844304e-17   4248
  8.527671e-01   2.536280e-15   4.766165e-04   5.155940e-17   3528
  8.543656e-01   2.739184e-15   4.872753e-04   5.255000e-17   4248
  8.559814e-01   2.685549e-15   4.766042e-04   5.551791e-17   3696
  8.577808e-01   2.805477e-15   4.945438e-04   5.044013e-17   4560
  8.594872e-01   2.574355e-15   4.632233e-04   5.067446e-17   3864
  8.612397e-01   2.649549e-15   5.043791e-04   4.796823e-17   4440
  8.629007e-01   2.588554e-15   4.705976e-04   5.448734e-17   3432
  8.646460e-01   2.505799e-15   4.614307e-04   4.516812e-17   4470
  8.663629e-01   2.530923e-15   4.100586e-04   4.811744e-17   4188
  8.680505e-01   2.653881e-15   5.253427e-04   4.709765e-17   4392
  8.697265e-01   2.584675e-15   4.064025e-04   5.155304e-17   3960
  8.714695e-01   2.602960e-15   4.591166e-04   4.760557e-17   4328
  8.731579e-01   2.623446e-15   4.778042e-04   4.839030e-17   4320
  8.748643e-01   2.562457e-15   4.996345e-04   4.550862e-17   4152
  8.764467e-01   2.754714e-15   4.179518e-04   5.584778e-17   3528
  8.782362e-01   2.637058e-15   4.523689e-04   4.579421e-17   4512
  8.799104e-01   2.564477e-15   4.624323e-04   4.693221e-17   4134
  8.816110e-01   2.549582e-15   4.926455e-04   4.102736e-17   5208
  8.832465e-01   2.549319e-15   4.292145e-04   5.379072e-17   3240
  8.849385e-01   2.725594e-15   4.734040e-04   4.870079e-17   4680
  8.866607e-01   2.517125e-15   4.687083e-04   4.583422e-17   4440
  8.883848e-01   2.408694e-15   5.311226e-04   4.352725e-17   4260
  8.900384e-01   2.596503e-15   4.336102e-04   4.767166e-17   4056
  8.917415e-01   2.649496e-15   4.807328e-04   4.594788e-17   4704
  8.935289e-01   2.598046e-15   5.594147e-04   4.263101e-17   4800
  8.954185e-01   2.529414e-15   4.846897e-04   4.264131e-17   4806
  8.970513e-01   2.479958e-15   4.831585e-04   5.467165e-17   3552
  8.986064e-01   2.535184e-15   4.844541e-04   4.734668e-17   4304
  9.003622e-01   2.432703e-15   4.698109e-04   4.104245e-17   5280
  9.020984e-01   2.531466e-15   4.507040e-04   4.523410e-17   4320
  9.037419e-01   2.431889e-15   5.089629e-04   4.522538e-17   4296
  9.054750e-01   2.691710e-15   5.658401e-04   4.543951e-17   4608
  9.072277e-01   2.525580e-15   5.421052e-04   4.428617e-17   4824
  9.089629e-01   2.620344e-15   5.117857e-04   4.342702e-17   4488
  9.108250e-01   2.486625e-15   4.778070e-04   4.469777e-17   4530
  9.123625e-01   2.484395e-15   4.665391e-04   4.400336e-17   4464
  9.139010e-01   2.512541e-15   4.396785e-04   4.647722e-17   4104
  9.156673e-01   2.301035e-15   4.740652e-04   3.831551e-17   5424
  9.174048e-01   2.486720e-15   5.103023e-04   4.232810e-17   4392
  9.191730e-01   2.557931e-15   4.996065e-04   4.416516e-17   4896
  9.207787e-01   2.489284e-15   4.897165e-04   4.603344e-17   4104
  9.224542e-01   2.530650e-15   4.415951e-04   4.318911e-17   4824
  9.242220e-01   2.543536e-15   4.220615e-04   4.359799e-17   4680
  9.257621e-01   2.437668e-15   4.316766e-04   4.403079e-17   4328
  9.275497e-01   2.462421e-15   4.976114e-04   4.161357e-17   5118
  9.293459e-01   2.439145e-15   5.765145e-04   3.939722e-17   5304
  9.309669e-01   2.268674e-15   4.539783e-04   4.102726e-17   4392
  9.327330e-01   2.571716e-15   4.556524e-04   4.471507e-17   4476
  9.342775e-01   2.352261e-15   4.525170e-04   4.059310e-17   4704
  9.359960e-01   2.469049e-15   5.477178e-04   3.993587e-17   5208
  9.378023e-01   2.336044e-15   4.618178e-04   3.865171e-17   5304
  9.394666e-01   2.554526e-15   4.946712e-04   4.743643e-17   4296
  9.411731e-01   2.517025e-15   4.690760e-04   4.281861e-17   4752
  9.429662e-01   2.248162e-15   4.708758e-04   3.785286e-17   4950
  9.445778e-01   2.357949e-15   4.921918e-04   4.005461e-17   5064
  9.461898e-01   2.339504e-15   4.123928e-04   4.029275e-17   4872
  9.478198e-01   2.274499e-15   4.341367e-04   4.272777e-17   4224
  9.495602e-01   2.332456e-15   4.795584e-04   3.517970e-17   6120
  9.514124e-01   2.334196e-15   5.275753e-04   3.805952e-17   4968
  9.530925e-01   2.351533e-15   4.668582e-04   4.089955e-17   4424
  9.548307e-01   2.475933e-15   5.963123e-04   3.862267e-17   5436
  9.565477e-01   2.331290e-15   5.084086e-04   4.043416e-17   4896
  9.582076e-01   2.369254e-15   4.867456e-04   3.695399e-17   5214
  9.598077e-01   2.282975e-15   4.137593e-04   4.013544e-17   4656
  9.615856e-01   2.292862e-15   5.260613e-04   3.845251e-17   5448
  9.632845e-01   2.360707e-15   4.442976e-04   3.786055e-17   4992
  9.649480e-01   2.232736e-15   4.917143e-04   3.563381e-17   5400
  9.667765e-01   2.366975e-15   5.449716e-04   3.659733e-17   5328
  9.684613e-01   2.195698e-15   4.873046e-04   3.589027e-17   4776
  9.700464e-01   2.465902e-15   4.579033e-04   3.920713e-17   4800
  9.718074e-01   2.322164e-15   5.888402e-04   3.315065e-17   6552
  9.736499e-01   2.195776e-15   4.448607e-04   4.069322e-17   3942
  9.752465e-01   2.247724e-15   5.606963e-04   3.486822e-17   6072
  9.770144e-01   2.110106e-15   4.354574e-04   3.784444e-17   4692
  9.784966e-01   2.392548e-15   4.546106e-04   3.870768e-17   4944
  9.802329e-01   2.287275e-15   4.879373e-04   3.491169e-17   5840
  9.820155e-01   2.193265e-15   5.223166e-04   3.421440e-17   5712
  9.837706e-01   2.154588e-15   4.377350e-04   3.619901e-17   4800
  9.853717e-01   2.237587e-15   5.797155e-04   3.350566e-17   5688
  9.871255e-01   2.368680e-15   4.573834e-04   4.125598e-17   4848
  9.888635e-01   1.911890e-15   5.090949e-04   3.464904e-17   5406
  9.905131e-01   1.720433e-17   4.595406e-04   2.575350e-19   5568
  9.921693e-01   1.636493e-17   4.130962e-04   2.416960e-19   5736
  9.939592e-01   1.674872e-17   5.130390e-04   2.574415e-19   5280
  9.955835e-01   1.569707e-17   4.743420e-04   2.266352e-19   5592
  9.972555e-01   1.577626e-17   5.429960e-04   2.465727e-19   4968
  9.990231e-01   1.646903e-17   4.868684e-04   2.400672e-19   5964
  1.000748e+00   1.539719e-17   4.891308e-04   2.266037e-19   5376
  1.002315e+00   1.442497e-17   4.722860e-04   2.131837e-19   5472
  1.004131e+00   1.508536e-17   4.485360e-04   2.213771e-19   5472
  1.005792e+00   1.457121e-17   5.099708e-04   2.187453e-19   5415
  1.007402e+00   1.397058e-17   4.485810e-04   2.135361e-19   5096
  1.009144e+00   1.322829e-17   5.768639e-04   1.893755e-19   6372
  1.010906e+00   1.415184e-17   4.682720e-04   2.357831e-19   4656
  1.012485e+00   1.376361e-17   5.112031e-04   1.939616e-19   5844
  1.014184e+00   1.379175e-17   4.494662e-04   2.070078e-19   5508
  1.015984e+00   1.342035e-17   5.098811e-04   1.903730e-19   6324
  1.017751e+00   1.228571e-17   4.379885e-04   2.042774e-19   4752
  1.019366e+00   1.358465e-17   4.903645e-04   2.015527e-19   5676
  1.021114e+00   1.278519e-17   4.485894e-04   1.932918e-19   5472
  1.022773e+00   1.211439e-17   5.059962e-04   1.804493e-19   5556
  1.024555e+00   1.225754e-17   4.930836e-04   1.854621e-19   5436
  1.026276e+00   1.200262e-17   5.047054e-04   1.855222e-19   5916
  1.028042e+00   1.168747e-17   5.251158e-04   1.758042e-19   5520
  1.029633e+00   1.141178e-17   4.775682e-04   1.829999e-19   5280
  1.031263e+00   1.186492e-17   4.692535e-04   2.046481e-19   4416
  1.033102e+00   1.116692e-17   4.574075e-04   1.632927e-19   6260
  1.034829e+00   1.084502e-17   5.439134e-04   1.660057e-19   5940
  1.036394e+00   1.088788e-17   4.259730e-04   1.970495e-19   4188
  1.038117e+00   1.020868e-17   5.446427e-04   1.455062e-19   6360
  1.039928e+00   1.058729e-17   4.857983e-04   1.728755e-19   5256
  1.041610e+00   1.068645e-17   4.592395e-04   1.838048e-19   4848
  1.043051e+00   9.655526e-18   4.163245e-04   1.613274e-19   4704
  1.044826e+00   9.697980e-18   5.107218e-04   1.532637e-19   5784
  1.046631e+00   9.465230e-18   5.404027e-04   1.455714e-19   5820
  1.048373e+00   9.704258e-18   4.840851e-04   1.561282e-19   5700
  1.050126e+00   9.664592e-18   4.489220e-04   1.560921e-19   5232
  1.051881e+00   9.287545e-18   4.981175e-04   1.521622e-19   4932
  1.053436e+00   9.202974e-18   4.287490e-04   1.661024e-19   4716
  1.055070e+00   9.145268e-18   5.461338e-04   1.430988e-19   5616
  1.056750e+00   8.567165e-18   4.823163e-04   1.416591e-19   5184
  1.058484e+00   8.255172e-18   4.865387e-04   1.387931e-19   5064
  1.060119e+00   8.247787e-18   4.981922e-04   1.372509e-19   5544
  1.061933e+00   8.343733e-18   5.001009e-04   1.337221e-19   5192
  1.063583e+00   8.166184e-18   4.494186e-04   1.348605e-19   5244
  1.065317e+00   7.808357e-18   4.862760e-04   1.341882e-19   5112
  1.067042e+00   7.958759e-18   4.462536e-04   1.298518e-19   5040
  1.068625e+00   7.752413e-18   4.691536e-04   1.275125e-19   5124
  1.070473e+00   7.706156e-18   5.266881e-04   1.244911e-19   5952
  1.072179e+00   7.571070e-18   4.614857e-04   1.292531e-19   4824
  1.073726e+00   7.384166e-18   4.658121e-04   1.371719e-19   4536
  1.075516e+00   7.290075e-18   4.951157e-04   1.211920e-19   5712
  1.077355e+00   7.618750e-18   5.417917e-04   1.252948e-19   5352
  1.079089e+00   6.976793e-18   4.719205e-04   1.155834e-19   5004
  1.080639e+00   6.643049e-18   4.720490e-04   1.121610e-19   4800
  1.082304e+00   6.966278e-18   5.072809e-04   1.203787e-19   5148
  1.084148e+00   6.913892e-18   5.268770e-04   1.115253e-19   5664
  1.085815e+00   6.350639e-18   4.732118e-04   1.153120e-19   4692
  1.087355e+00   6.589145e-18   4.396196e-04   1.226496e-19   4008
  1.089151e+00   6.230983e-18   5.038991e-04   9.696299e-20   5852
  1.090977e+00   6.274544e-18   4.771455e-04   1.056924e-19   5784
  1.092599e+00   6.150711e-18   4.398451e-04   1.145373e-19   4392
  1.094269e+00   6.166088e-18   4.314460e-04   1.116015e-19   4944
  1.096021e+00   5.959316e-18   5.086676e-04   1.064922e-19   4776
  1.097674e+00   5.676070e-18   4.893660e-04   9.627679e-20   5244
  1.099467e+00   5.720879e-18   4.885027e-04   9.585943e-20   4884
  1.100972e+00   5.400489e-18   4.142882e-04   9.520867e-20   4488
  1.102723e+00   5.510654e-18   4.922838e-04   9.725807e-20   5160
  1.104485e+00   5.913004e-18   5.012137e-04   9.676077e-20   5316
  1.106182e+00   4.998695e-18   5.067620e-04   8.933104e-20   4896
  1.107837e+00   5.713396e-18   4.708705e-04   1.087141e-19   4188
  1.109505e+00   4.919474e-18   5.135922e-04   8.966893e-20   4836
  1.111208e+00   5.353613e-18   5.094880e-04   8.947223e-20   5316
  1.112933e+00   4.924102e-18   4.715930e-04   7.857516e-20   4920
  1.114546e+00   5.385432e-18   4.750945e-04   1.012097e-19   4128
  1.116277e+00   4.740132e-18   5.110912e-04   7.951393e-20   5348
  1.117980e+00   5.012431e-18   4.434734e-04   9.064044e-20   4836
  1.119607e+00   4.828404e-18   4.778570e-04   9.809505e-20   4392
  1.121359e+00   4.674448e-18   4.198363e-04   8.652861e-20   4632
  1.122936e+00   4.516101e-18   4.691003e-04   7.757832e-20   4596
  1.124747e+00   4.651490e-18   4.717453e-04   8.148756e-20   5424
  1.126539e+00   4.195139e-18   4.855768e-04   7.078759e-20   5256
  1.128385e+00   4.411071e-18   4.931611e-04   7.912997e-20   4524
  1.129923e+00   4.404976e-18   4.690936e-04   8.385302e-20   4440
  1.131645e+00   4.328615e-18   4.011353e-04   7.822611e-20   4380
  1.133330e+00   4.149711e-18   5.249545e-04   7.529130e-20   4812
  1.135123e+00   4.195278e-18   5.214039e-04   7.031910e-20   5376
  1.136763e+00   3.805795e-18   4.164623e-04   7.680943e-20   3888
  1.138335e+00   4.146851e-18   4.768975e-04   7.381710e-20   4896
  1.140088e+00   3.922983e-18   5.032049e-04   7.409717e-20   4608
  1.141929e+00   4.155057e-18   4.749944e-04   7.379129e-20   4448
  1.143531e+00   3.452533e-18   4.903240e-04   6.270866e-20   4752
  1.145220e+00   3.865246e-18   5.135838e-04   7.476455e-20   4356
  1.146995e+00   3.674663e-18   4.942288e-04   6.587337e-20   5232
  1.148760e+00   3.497958e-18   4.980587e-04   6.515261e-20   4548
  1.150472e+00   3.546688e-18   4.841761e-04   6.427746e-20   4608
  1.152143e+00   3.471189e-18   4.398349e-04   7.177426e-20   3936
  1.153720e+00   3.538150e-18   5.257306e-04   7.101918e-20   4260
  1.155493e+00   3.373345e-18   4.713251e-04   6.275006e-20   5004
  1.157113e+00   3.418599e-18   4.657489e-04   6.914989e-20   4224
  1.158890e+00   3.298592e-18   5.031939e-04   6.309240e-20   4788
  1.160616e+00   3.396330e-18   5.291946e-04   6.544331e-20   4428
  1.162298e+00   3.077075e-18   4.422133e-04   6.367632e-20   4080
  1.163917e+00   3.250063e-18   4.835200e-04   5.730468e-20   4632
  1.165621e+00   3.070044e-18   5.028239e-04   6.334255e-20   4056
  1.167413e+00   2.982531e-18   4.734174e-04   5.441149e-20   4536
  1.169050e+00   3.210289e-18   4.828546e-04   5.951240e-20   4668
  1.170843e+00   2.695325e-18   5.175340e-04   5.223815e-20   4604
  1.172589e+00   3.007241e-18   4.650093e-04   5.943205e-20   4152
  1.174201e+00   2.907995e-18   4.506678e-04   5.830855e-20   4224
  1.175909e+00   2.712495e-18   4.332835e-04   5.521248e-20   4152
  1.177615e+00   3.016411e-18   4.914860e-04   5.879112e-20   4224
  1.179275e+00   2.729785e-18   4.545253e-04   5.371053e-20   3960
  1.180873e+00   2.679522e-18   4.690415e-04   4.898252e-20   4656
  1.182619e+00   2.597482e-18   5.060863e-04   5.016008e-20   4452
  1.184409e+00   2.505393e-18   5.145201e-04   5.273908e-20   4056
  1.186074e+00   2.571142e-18   5.098269e-04   5.339954e-20   4212
  1.187762e+00   2.754623e-18   4.236875e-04   5.978926e-20   3432
  1.189472e+00   2.443804e-18   5.420199e-04   4.508631e-20   5352
  1.191144e+00   2.515050e-18   3.969648e-04   5.590389e-20   3600
  1.192963e+00   2.392370e-18   4.378593e-04   4.630485e-20   4584
  1.194552e+00   2.490438e-18   4.365700e-04   5.510142e-20   3768
  1.196188e+00   2.312198e-18   4.660449e-04   4.930418e-20   3848
  1.197821e+00   2.390075e-18   4.273101e-04   5.289192e-20   3720
  1.199674e+00   2.181353e-18   5.363373e-04   4.172048e-20   4764
  1.201309e+00   2.285238e-18   4.319005e-04   4.373482e-20   3864
  1.202988e+00   2.335789e-18   5.349608e-04   4.631377e-20   4332
  1.204820e+00   2.209920e-18   4.567279e-04   4.489966e-20   3792
  1.206456e+00   2.078897e-18   5.180648e-04   4.157410e-20   4284
  1.208191e+00   2.112941e-18   4.905502e-04   5.083597e-20   3840
  1.209832e+00   1.882142e-18   4.669396e-04   4.190206e-20   3480
  1.211499e+00   2.008683e-18   5.210148e-04   3.806211e-20   4380
  1.213302e+00   2.079899e-18   4.894021e-04   4.322117e-20   4200
  1.215072e+00   2.064877e-18   4.704049e-04   4.227227e-20   4056
  1.216717e+00   1.900620e-18   4.727759e-04   4.568220e-20   3600
  1.218257e+00   1.945666e-18   4.710469e-04   4.134477e-20   3492
  1.220057e+00   1.827601e-18   5.500764e-04   3.820902e-20   4500
  1.221894e+00   2.015456e-18   4.819412e-04   4.625797e-20   3516
  1.223472e+00   1.977151e-18   5.038249e-04   4.235457e-20   3968
  1.225242e+00   1.806903e-18   4.842193e-04   4.111784e-20   3648
  1.226808e+00   1.795581e-18   4.630474e-04   3.800906e-20   4224
  1.228583e+00   1.648315e-18   5.197289e-04   3.868441e-20   3588
  1.230249e+00   1.780619e-18   4.793892e-04   4.108171e-20   3456
  1.231925e+00   1.612366e-18   4.257569e-04   3.799711e-20   3660
  1.233657e+00   1.647540e-18   4.673180e-04   3.589244e-20   3768
  1.235272e+00   1.723855e-18   4.725964e-04   3.790253e-20   3744
  1.237006e+00   1.597994e-18   5.187522e-04   3.417027e-20   4176
  1.238850e+00   1.809069e-18   4.784920e-04   4.066841e-20   3612
  1.240375e+00   1.566468e-18   5.199888e-04   3.847450e-20   3216
  1.242119e+00   1.555831e-18   5.027406e-04   3.755385e-20   3624
  1.243874e+00   1.515414e-18   4.727415e-04   3.378529e-20   3744
  1.245569e+00   1.582106e-18   5.044114e-04   3.618510e-20   3672
  1.247242e+00   1.534012e-18   4.574137e-04   3.559671e-20   3852
  1.248969e+00   1.600148e-18   4.707839e-04   3.813428e-20   3672
  1.250806e+00   1.492225e-18   4.587010e-04   3.894453e-20   3248
  1.252340e+00   1.279285e-18   4.695129e-04   3.123152e-20   3336
  1.254015e+00   1.316913e-18   4.779221e-04   3.116446e-20   3576
  1.255728e+00   1.419767e-18   4.057129e-04   3.428210e-20   3336
  1.257472e+00   1.406636e-18   4.819158e-04   3.096366e-20   3936
  1.259194e+00   1.419892e-18   5.132539e-04   3.445203e-20   3408
  1.260901e+00   1.397801e-18   4.521849e-04   3.510586e-20   3336
  1.262560e+00   1.087694e-18   5.079072e-04   2.776044e-20   3312
  1.264219e+00   1.312053e-18   5.142616e-04   3.557177e-20   3432
  1.265985e+00   1.338539e-18   4.458442e-04   3.755034e-20   3144
  1.267597e+00   1.250859e-18   4.840083e-04   3.030566e-20   3456
  1.269411e+00   1.222480e-18   4.651874e-04   2.728969e-20   3792
  1.271049e+00   1.287765e-18   4.569446e-04   3.533085e-20   2868
  1.272819e+00   1.103562e-18   4.733929e-04   2.497398e-20   3888
  1.274473e+00   1.050867e-18   4.110524e-04   2.774739e-20   2784
  1.276101e+00   1.124460e-18   4.694335e-04   3.254730e-20   2964
  1.277880e+00   1.182608e-18   4.834244e-04   2.925980e-20   3432
  1.279573e+00   1.107931e-18   5.003929e-04   2.704413e-20   3416
  1.281287e+00   1.153663e-18   5.348762e-04   2.804865e-20   3528
  1.283040e+00   1.180522e-18   4.292762e-04   3.172190e-20   2904
  1.284592e+00   1.009838e-18   4.813445e-04   2.734678e-20   3072
  1.286396e+00   9.806769e-19   5.406051e-04   2.496435e-20   3216
  1.288199e+00   9.992834e-19   4.378327e-04   2.832721e-20   2844
  1.289782e+00   1.025051e-18   5.010192e-04   2.781374e-20   3432
  1.291408e+00   1.148489e-18   4.027010e-04   3.252239e-20   2880
  1.293224e+00   1.030316e-18   5.334351e-04   2.719546e-20   3576
  1.294934e+00   1.099867e-18   4.768162e-04   3.135715e-20   2700
  1.296572e+00   9.225124e-19   5.355829e-04   2.623296e-20   3000
  1.298287e+00   8.877479e-19   4.446934e-04   2.705238e-20   2556
  1.299953e+00   9.860243e-19   4.766228e-04   2.647373e-20   3360
  1.301675e+00   9.887438e-19   4.631149e-04   2.612157e-20   3120
  1.303530e+00   9.824029e-19   5.452330e-04   2.796239e-20   3216
  1.305127e+00   1.009233e-18   3.845380e-04   2.926276e-20   2628
  1.306923e+00   8.232159e-19   5.083038e-04   2.270766e-20   3200
  1.308561e+00   8.066675e-19   4.795357e-04   2.480181e-20   2232
  1.310215e+00   7.941590e-19   5.473750e-04   2.526171e-20   3108
  1.311862e+00   1.036914e-18   4.808374e-04   3.250137e-20   2604
  1.313547e+00   9.507071e-19   5.179979e-04   2.589187e-20   3096
  1.315401e+00   8.780478e-19   4.719641e-04   2.706431e-20   3084
  1.317009e+00   8.004050e-19   4.816320e-04   2.478625e-20   2664
  1.318667e+00   8.129770e-19   4.247239e-04   2.758667e-20   2232
  1.320292e+00   6.429245e-19   5.231957e-04   2.075311e-20   2808
  1.322070e+00   8.705426e-19   4.942393e-04   2.887215e-20   2592
  1.323731e+00   9.343263e-19   5.073960e-04   2.758745e-20   2952
  1.325476e+00   7.444797e-19   4.790441e-04   2.274742e-20   2772
  1.327172e+00   7.552809e-19   5.151819e-04   2.259283e-20   3036
  1.328948e+00   7.439724e-19   4.997289e-04   2.603865e-20   2136
  1.330566e+00   5.793927e-19   3.985350e-04   2.091006e-20   2496
  1.332228e+00   7.668542e-19   5.308189e-04   2.657285e-20   2228
  1.333960e+00   8.286520e-19   4.948933e-04   2.569481e-20   3048
  1.335685e+00   7.707246e-19   4.727366e-04   2.586822e-20   2676
  1.337399e+00   6.661303e-19   4.709500e-04   2.187556e-20   2784
  1.339037e+00   6.805830e-19   4.575289e-04   2.430365e-20   1920
  1.340680e+00   5.873412e-19   4.882940e-04   1.930112e-20   2400
  1.342460e+00   5.786878e-19   4.478664e-04   1.992689e-20   2532
  1.344301e+00   7.263868e-19   4.974724e-04   2.536373e-20   2544
  1.345957e+00   7.909789e-19   5.204236e-04   2.641637e-20   2772
  1.347589e+00   6.163444e-19   4.874611e-04   2.357658e-20   2160
  1.349209e+00   6.454464e-19   5.250420e-04   2.312873e-20   2304
  1.351084e+00   5.638967e-19   5.137807e-04   2.188081e-20   2328
  1.352765e+00   4.684936e-19   4.926073e-04   1.838827e-20   2304
  1.354322e+00   5.028646e-19   4.658284e-04   1.951298e-20   1908
  1.356093e+00   7.763791e-19   5.209991e-04   2.758154e-20   2736
  1.357799e+00   6.821422e-19   4.936463e-04   2.717748e-20   2448
  1.359613e+00   6.100223e-19   4.615326e-04   2.225993e-20   2040
  1.361255e+00   4.316868e-19   4.805496e-04   1.847212e-20   2120
  1.362833e+00   5.638344e-19   3.984242e-04   2.249778e-20   2040
  1.364532e+00   4.382836e-19   4.943170e-04   1.925345e-20   2208
  1.366455e+00   6.618451e-19   4.438218e-04   2.603274e-20   2208
  1.368013e+00   7.653168e-19   4.918393e-04   2.915529e-20   2196
  1.369622e+00   4.076859e-19   4.326531e-04   1.901779e-20   1848
  1.371260e+00   5.343313e-19   4.906859e-04   2.345619e-20   2124
  1.373092e+00   4.648769e-19   5.147189e-04   1.675217e-20   2328
  1.374881e+00   4.523727e-19   5.240287e-04   2.120215e-20   1920
  1.376620e+00   4.063021e-19   4.810523e-04   1.908481e-20   1548
  1.378167e+00   6.587589e-19   5.276994e-04   2.580655e-20   2388
  1.379991e+00   4.519898e-19   4.883236e-04   2.050707e-20   2160
  1.381662e+00   4.330056e-19   4.444671e-04   1.991561e-20   1704
  1.383263e+00   3.932299e-19   5.007315e-04   1.981353e-20   1776
  1.384777e+00   3.871632e-19   4.683711e-04   1.973944e-20   1800
  1.386692e+00   3.534077e-19   5.406913e-04   1.730771e-20   1700
  1.388481e+00   5.634778e-19   4.868276e-04   2.500091e-20   2292
  1.390146e+00   4.539735e-19   4.519205e-04   2.310097e-20   1704
  1.391718e+00   4.728367e-19   5.053229e-04   2.337157e-20   1728
  1.393439e+00   3.390025e-19   4.676878e-04   1.688673e-20   1728
  1.395126e+00   4.267123e-19   4.672479e-04   2.195618e-20   1680
  1.396921e+00   2.707506e-19   5.382835e-04   1.521503e-20   1704
  1.398708e+00   2.884982e-19   4.227137e-04   1.297947e-20   1752
  1.400307e+00   5.119980e-19   5.025262e-04   2.798132e-20   1872
  1.402036e+00   4.026415e-19   4.925311e-04   2.336343e-20   1500
  1.403790e+00   3.561688e-19   4.312830e-04   2.000139e-20   1656
  1.405494e+00   3.372279e-19   4.624173e-04   1.656053e-20   1464
  1.407008e+00   2.138842e-19   4.050313e-04   1.272307e-20   1488
  1.408865e+00   2.895565e-19   4.888426e-04   1.320995e-20   1680
  1.410562e+00   3.740030e-19   5.107180e-04   2.365703e-20   1692
  1.412151e+00   3.287365e-19   4.890383e-04   2.170965e-20   1128
  1.413913e+00   2.908947e-19   4.709016e-04   1.563853e-20   1536
  1.415632e+00   2.283720e-19   4.908676e-04   1.495134e-20   1616
  1.417373e+00   2.109213e-19   4.733501e-04   1.356775e-20   1476
  1.419127e+00   2.287342e-19   5.209335e-04   1.946735e-20   1176
  1.420693e+00   2.204253e-19   5.596875e-04   1.071914e-20   1656
  1.422399e+00   2.710429e-19   4.916336e-04   2.555294e-20   891
  1.424157e+00   2.108067e-19   5.240858e-04   1.124086e-20   1596
  1.425870e+00   1.645403e-19   4.570168e-04   1.281201e-20   1422
  1.427560e+00   1.988334e-19   4.382484e-04   1.057082e-20   1254
  1.429149e+00   1.218463e-19   4.477206e-04   7.391861e-21   918
  1.430852e+00   1.880748e-19   4.900032e-04   9.504200e-21   1614
  1.432567e+00   1.557955e-19   4.232714e-04   1.256629e-20   798
  1.434273e+00   1.381964e-19   5.425837e-04   7.838319e-21   1458
  1.436002e+00   1.441243e-19   4.968256e-04   6.797764e-21   1374
  1.437711e+00   1.135705e-19   4.243221e-04   8.673448e-21   984
  1.439407e+00   1.331626e-19   5.838085e-04   7.957099e-21   1062
  1.441134e+00   1.589256e-19   4.948879e-04   8.540272e-21   1246
  1.442811e+00   8.627628e-20   4.588833e-04   4.673954e-21   1072
  1.444603e+00   9.550448e-20   4.969413e-04   7.125405e-21   1110
  1.446258e+00   1.460910e-19   5.383636e-04   8.907824e-21   1254
  1.447998e+00   1.033262e-19   5.109355e-04   6.149973e-21   1032
  1.449895e+00   1.182224e-19   4.733780e-04   1.039098e-20   786
  1.451337e+00   1.126242e-19   4.853147e-04   5.584172e-21   1152
  1.453026e+00   9.143307e-20   5.289446e-04   6.420167e-21   1086
  1.454785e+00   5.878827e-20   4.772261e-04   2.033208e-21   912
  1.456411e+00   1.393960e-19   4.783749e-04   7.627386e-21   1062
  1.458071e+00   6.372626e-20   4.768243e-04   2.900376e-21   912
  1.459989e+00   6.681248e-20   5.322923e-04   3.970610e-21   750
  1.461484e+00   9.725957e-20   5.128675e-04   4.809606e-21   1200
  1.463214e+00   6.548995e-20   4.644419e-04   3.602435e-21   918
  1.464934e+00   5.522938e-20   4.820751e-04   3.043960e-21   876
  1.466681e+00   1.083122e-19   4.212369e-04   5.371825e-21   870
  1.468211e+00   6.876831e-20   4.913058e-04   3.316338e-21   768
  1.470005e+00   5.079901e-20   4.503077e-04   2.465313e-21   830
  1.471666e+00   7.429349e-20   4.662337e-04   3.854100e-21   1080
  1.473387e+00   5.833612e-20   5.245740e-04   2.838898e-21   840
  1.475121e+00   5.381839e-20   5.051070e-04   2.473898e-21   798
  1.477088e+00   8.451291e-20   4.009113e-04   4.510466e-21   792
  1.478613e+00   5.284514e-20   4.675924e-04   2.449186e-21   726
  1.480213e+00   3.895911e-20   5.239634e-04   1.418458e-21   864
  1.481966e+00   6.351274e-20   4.485006e-04   3.374882e-21   900
  1.483743e+00   4.852290e-20   4.984474e-04   1.996115e-21   726
  1.485268e+00   4.591370e-20   4.313846e-04   1.988563e-21   576
  1.487302e+00   6.730753e-20   4.489324e-04   3.687256e-21   840
  1.488733e+00   4.721781e-20   4.660199e-04   2.255639e-21   750
  1.490428e+00   4.054494e-20   4.674350e-04   1.700936e-21   720
  1.492027e+00   4.885624e-20   4.728813e-04   2.431883e-21   702
  1.493895e+00   4.431430e-20   5.164499e-04   1.759797e-21   696
  1.495432e+00   4.718760e-20   4.618675e-04   2.145161e-21   480
  1.497243e+00   4.773332e-20   4.376385e-04   2.542598e-21   830
  1.498847e+00   4.516835e-20   5.091155e-04   2.275156e-21   756
  1.500643e+00   4.200475e-20   4.888404e-04   1.790081e-21   624
  1.502229e+00   3.935775e-20   5.165284e-04   1.956025e-21   582
  1.504104e+00   4.204428e-20   3.964472e-04   1.830751e-21   576
  1.505725e+00   3.605942e-20   5.309724e-04   1.584966e-21   624
  1.507388e+00   4.266083e-20   4.336450e-04   1.585256e-21   702
  1.509034e+00   3.920316e-20   4.988077e-04   1.993181e-21   624
  1.510988e+00   3.907215e-20   4.825630e-04   1.666537e-21   672
  1.512580e+00   3.549039e-20   3.612436e-04   2.026445e-21   342
  1.514329e+00   4.056766e-20   4.516021e-04   1.752853e-21   660
  1.515937e+00   3.635270e-20   4.642274e-04   1.492460e-21   576
  1.517597e+00   3.645306e-20   4.513226e-04   1.570845e-21   600
  1.519276e+00   3.646635e-20   5.220166e-04   1.994285e-21   510
  1.521163e+00   3.653234e-20   4.890514e-04   1.464578e-21   600
  1.522619e+00   3.071299e-20   3.895108e-04   1.922025e-21   216
  1.524315e+00   3.313449e-20   4.741021e-04   1.259074e-21   758
  1.526291e+00   3.245717e-20   5.190411e-04   1.588122e-21   576
  1.528024e+00   3.713556e-20   4.406517e-04   1.761496e-21   528
  1.529587e+00   3.566430e-20   3.034519e-04   1.993098e-21   318
  1.531266e+00   3.453816e-20   5.242157e-04   1.560685e-21   540
  1.533252e+00   2.487996e-20   3.706126e-04   1.213048e-21   384
  1.534598e+00   3.181245e-20   5.120576e-04   1.387298e-21   576
  1.536349e+00   2.937778e-20   4.184460e-04   1.489583e-21   414
  1.538006e+00   3.519178e-20   4.672675e-04   1.681498e-21   504
  1.539775e+00   3.001182e-20   5.129507e-04   1.709694e-21   312
  1.541474e+00   3.113720e-20   4.647396e-04   1.652982e-21   414
  1.543160e+00   3.055956e-20   4.293448e-04   1.640676e-21   432
  1.544729e+00   3.064106e-20   5.686055e-04   1.340289e-21   504
  1.546545e+00   3.248215e-20   5.476310e-04   1.564474e-21   432
  1.548245e+00   2.918715e-20   4.485920e-04   1.425409e-21   354
  1.549977e+00   3.663239e-20   6.527560e-04   2.900934e-21   200
  1.551463e+00   2.939673e-20   4.631515e-04   1.358601e-21   480
  1.553470e+00   3.279609e-20   5.292520e-04   1.289640e-21   552
  1.555311e+00   3.092983e-20   3.296817e-04   1.760565e-21   366
  1.556730e+00   2.823015e-20   3.509628e-04   1.991870e-21   240
  1.558291e+00   3.299752e-20   4.906603e-04   1.912824e-21   288
  1.560489e+00   2.711801e-20   3.372103e-04   1.468079e-21   366
  1.561910e+00   2.751707e-20   5.467244e-04   1.368818e-21   408
  1.563496e+00   2.684118e-20   4.109956e-04   1.477203e-21   360
  1.565137e+00   2.920174e-20   3.831167e-04   1.460721e-21   324
  1.566729e+00   2.774802e-20   4.524730e-04   2.001012e-21   174
  1.568624e+00   2.971009e-20   5.198279e-04   1.778546e-21   264
  1.570404e+00   2.734354e-20   4.741086e-04   1.188951e-21   456
  1.572178e+00   2.906941e-20   4.767346e-04   1.631700e-21   360
  1.573637e+00   3.005413e-20   5.251690e-04   1.846594e-21   270
  1.575423e+00   2.976767e-20   5.743787e-04   1.772097e-21   240
  1.577661e+00   2.923635e-20   4.185669e-04   2.987899e-21   120
  1.578762e+00   2.605320e-20   4.369696e-04   1.343746e-21   320
  1.580538e+00   2.800081e-20   5.406748e-04   1.255485e-21   462
  1.582398e+00   3.135523e-20   3.145683e-04   1.749460e-21   276
  1.584014e+00   2.469951e-20   3.568730e-04   2.095688e-21   144
  1.585571e+00   3.699346e-20   3.747862e-04   3.115931e-21   120
  1.587640e+00   2.217870e-20   2.838118e-04   1.403131e-21   294
  1.589204e+00   2.718726e-20   5.034972e-04   1.248195e-21   384
  1.590663e+00   2.910433e-20   3.333119e-04   2.314509e-21   216
  1.592060e+00   2.910080e-20   3.095363e-04   1.914173e-21   168
  1.593638e+00   2.774290e-20   3.682988e-04   2.623544e-21   102
  1.595919e+00   3.237209e-20   5.587821e-04   2.190623e-21   168
  1.597518e+00   2.594280e-20   4.890688e-04   1.229537e-21   384
  1.599271e+00   2.997242e-20   4.969061e-04   1.629978e-21   300
  1.600903e+00   2.972761e-20   5.320788e-04   2.509493e-21   144
  1.602742e+00   3.369208e-20   5.449239e-04   3.912675e-21   102
  1.604949e+00   3.953817e-20   1.289956e-04   5.562578e-21   56
  1.606006e+00   2.407115e-20   4.199761e-04   1.374318e-21   288
  1.607665e+00   2.702832e-20   5.465449e-04   1.385321e-21   360
  1.609470e+00   3.219626e-20   2.931840e-04   2.874962e-21   126
  1.610992e+00   3.384659e-20   1.443964e-04   3.713985e-21   72
  1.612650e+00   2.727228e-20   7.650143e-05   4.197963e-21   48
  1.614814e+00   2.577164e-20   3.094846e-04   1.742846e-21   240
  1.616236e+00   2.405285e-20   4.591937e-04   1.330182e-21   306
  1.617691e+00   2.139438e-20   2.552095e-04   1.609881e-21   120
  1.619368e+00   3.406459e-20   6.281048e-04   3.650147e-21   96
  1.620587e+00   2.013706e-20   0.000000e+00   3.158465e-21   24
  1.623325e+00   2.793332e-20   5.439228e-04   2.017223e-21   120
  1.624667e+00   2.673160e-20   4.703935e-04   1.420733e-21   318
  1.626308e+00   2.782661e-20   5.026794e-04   1.863937e-21   168
  1.628106e+00   2.460826e-20   5.394313e-04   3.882918e-21   72
  1.630075e+00   2.755944e-20   0.000000e+00   6.396431e-21   24
  1.632193e+00   3.620924e-20   2.618418e-04   1.117371e-20   14
  1.633200e+00   2.749784e-20   4.129830e-04   1.952785e-21   288
  1.634765e+00   2.557963e-20   4.968411e-04   1.728379e-21   204
  1.636571e+00   2.902491e-20   7.538327e-05   5.603226e-21   48
  1.638002e+00   2.633661e-20   0.000000e+00   3.121177e-21   24
  1.639659e+00   2.083254e-20   0.000000e+00   5.236335e-21   6
  1.642039e+00   2.423827e-20   3.087683e-04   1.732247e-21   216
  1.643266e+00   3.000130e-20   4.111948e-04   2.170547e-21   192
  1.644767e+00   2.952765e-20   7.500762e-05   3.677775e-21   48
  1.646341e+00   2.579883e-20   5.993235e-04   4.451751e-21   30
  1.650794e+00   2.597291e-20   1.239342e-04   1.922937e-21   96
  1.651708e+00   2.764503e-20   4.061000e-04   1.731842e-21   228
  1.653445e+00   2.625722e-20   5.310492e-04   3.320476e-21   72
  1.655533e+00   5.720556e-20   0.000000e+00   2.537488e-20   6
  1.660288e+00   2.760721e-20   4.009709e-04   1.769359e-21   248
  1.661805e+00   2.901743e-20   4.589321e-04   3.715876e-21   72
  1.663636e+00   2.148435e-20   2.543132e-08   8.572915e-21   6
  1.669168e+00   2.299652e-20   2.849355e-04   1.566876e-21   180
  1.670272e+00   2.829023e-20   3.876996e-04   5.253800e-21   72
  1.671847e+00   1.608462e-20   0.000000e+00   3.583735e-21   6
  1.677997e+00   2.800593e-20   1.219250e-04   2.601983e-21   96
  1.678732e+00   2.830060e-20   3.347351e-04   2.628928e-21   96
  1.680165e+00   2.378444e-20   0.000000e+00   5.609086e-22   6
  1.687272e+00   2.663096e-20   3.203674e-04   1.703823e-21   140
  1.688588e+00   6.579800e-20   0.000000e+00   1.995007e-20   6
  1.696205e+00   2.386251e-20   2.151411e-04   2.109712e-21   96
  1.697114e+00   1.938057e-20   0.000000e+00   4.225089e-21   6
  1.705164e+00   3.541196e-20   1.294251e-04   3.962394e-21   60
  1.705743e+00   3.386016e-20   0.000000e+00   1.096560e-20   6
  1.714199e+00   1.828357e-20   1.312104e-04   2.469100e-21   38
  1.723205e+00   1.456474e-20   6.749794e-05   3.402315e-21   18
  1.732226e+00   9.102940e-21   2.543132e-08   2.455966e-21   6
