# power spectrum of zeta
# redshift z=9.986322
# k              Pk             sigma(k)       sigma(Pk)      count
  1.570796e-02   4.264065e-20   0.000000e+00   1.718771e-20   6
  2.221441e-02   7.032787e-20   0.000000e+00   1.403904e-20   12
  2.720699e-02   9.413089e-20   2.980232e-10   1.915525e-20   8
  3.141593e-02   4.629636e-19   0.000000e+00   4.981824e-20   6
  3.512407e-02   4.330791e-19   5.619580e-10   1.380618e-19   24
  3.847649e-02   7.873856e-19   5.619580e-10   1.326553e-19   24
  4.442883e-02   5.169981e-19   0.000000e+00   2.326997e-19   12
  4.712389e-02   7.082778e-19   6.357829e-10   1.304736e-19   30
  4.967294e-02   1.031684e-18   0.000000e+00   2.273638e-19   24
  5.209742e-02   1.085837e-18   9.733398e-10   2.691608e-19   24
  5.441398e-02   1.449972e-18   5.960464e-10   2.939135e-19   8
  5.663587e-02   1.391963e-18   7.947286e-10   1.729303e-19   24
  5.877382e-02   1.474402e-18   0.000000e+00   2.071931e-19   48
  6.283185e-02   2.163561e-18   0.000000e+00   9.512741e-19   6
  6.476559e-02   1.912407e-18   7.947286e-10   2.685367e-19   48
  6.664324e-02   1.944710e-18   7.492773e-10   2.022461e-19   36
  6.846942e-02   3.052038e-18   7.947286e-10   6.382062e-19   24
  7.024815e-02   1.941510e-18   1.123916e-09   3.342393e-19   24
  7.198293e-02   1.875804e-18   0.000000e+00   2.550853e-19   48
  7.367688e-02   3.127162e-18   1.123916e-09   4.451224e-19   24
  7.695299e-02   2.831836e-18   1.123916e-09   4.454462e-19   24
  7.853982e-02   2.051606e-18   0.000000e+00   3.358101e-19   30
  8.009521e-02   2.314102e-18   0.000000e+00   2.555884e-19   72
  8.162097e-02   2.375952e-18   1.192093e-09   4.837131e-19   32
  8.458997e-02   3.494015e-18   0.000000e+00   4.052685e-19   72
  8.603606e-02   2.223224e-18   0.000000e+00   3.250283e-19   48
  8.885766e-02   1.286245e-18   0.000000e+00   3.826046e-19   12
  9.091388e-02   2.536922e-18   6.784996e-04   2.325540e-19   96
  9.292956e-02   3.344230e-18   1.123916e-09   4.218655e-19   48
  9.424778e-02   4.169287e-18   1.271566e-09   7.308576e-19   30
  9.650974e-02   4.018102e-18   5.553727e-04   3.756407e-19   96
  9.934588e-02   2.583610e-18   0.000000e+00   4.904216e-19   24
  1.009864e-01   3.819897e-18   5.747348e-04   3.085458e-19   144
  1.030040e-01   2.822500e-18   1.946680e-09   6.933119e-19   24
  1.050779e-01   4.450388e-18   5.098206e-04   5.099417e-19   96
  1.065366e-01   4.038528e-18   0.000000e+00   6.216907e-19   48
  1.098102e-01   5.439008e-18   3.780724e-04   6.141423e-19   62
  1.114740e-01   4.157257e-18   5.316623e-04   5.002185e-19   132
  1.132717e-01   2.882068e-18   1.589457e-09   5.141293e-19   24
  1.149693e-01   4.758034e-18   5.313863e-04   4.061598e-19   168
  1.180701e-01   6.054556e-18   5.224442e-04   5.001966e-19   96
  1.203984e-01   4.386772e-18   4.446482e-04   4.144782e-19   96
  1.232554e-01   4.989636e-18   4.956196e-04   4.118952e-19   168
  1.256637e-01   7.184000e-18   0.000000e+00   3.157241e-18   6
  1.266416e-01   6.069300e-18   0.000000e+00   5.875903e-19   96
  1.278047e-01   5.975120e-18   3.852495e-04   5.879118e-19   120
  1.301638e-01   5.063955e-18   4.473436e-04   4.015508e-19   144
  1.314222e-01   6.089640e-18   0.000000e+00   8.203245e-19   48
  1.338136e-01   5.668820e-18   4.564740e-04   6.107781e-19   84
  1.351250e-01   6.443902e-18   3.114687e-09   5.784338e-19   120
  1.363061e-01   5.116422e-18   4.142175e-04   5.850918e-19   80
  1.381342e-01   5.049260e-18   4.205668e-04   3.707918e-19   144
  1.404963e-01   6.604786e-18   2.247832e-09   1.225146e-18   24
  1.416501e-01   7.404933e-18   4.058285e-04   6.182462e-19   150
  1.434502e-01   6.872121e-18   4.210699e-04   5.001857e-19   120
  1.454270e-01   6.411880e-18   3.837166e-04   5.391952e-19   168
  1.473538e-01   9.961203e-18   2.247832e-09   1.667402e-18   24
  1.485660e-01   5.926361e-18   4.133786e-04   3.759924e-19   264
  1.498444e-01   4.752011e-18   2.247832e-09   6.658493e-19   48
  1.520236e-01   6.436555e-18   3.828947e-04   5.313886e-19   144
  1.544390e-01   8.191104e-18   3.768959e-04   1.006341e-18   72
  1.558174e-01   6.587102e-18   3.876848e-04   4.223191e-19   180
  1.577444e-01   7.130193e-18   2.809042e-04   5.339519e-19   198
  1.586427e-01   7.571125e-18   0.000000e+00   8.263218e-19   48
  1.606295e-01   6.304779e-18   3.802118e-04   4.755781e-19   168
  1.621039e-01   7.627394e-18   3.805277e-04   6.947465e-19   144
  1.643345e-01   7.374849e-18   5.346625e-04   3.851722e-19   248
  1.673465e-01   5.524573e-18   3.686065e-04   3.889459e-19   192
  1.693976e-01   7.435528e-18   5.693667e-04   4.871051e-19   240
  1.706322e-01   8.257305e-18   0.000000e+00   8.950249e-19   72
  1.725150e-01   8.826843e-18   3.474519e-04   7.698567e-19   126
  1.737029e-01   9.562757e-18   3.205713e-04   7.571355e-19   168
  1.759709e-01   9.273184e-18   3.505411e-04   5.177172e-19   288
  1.783549e-01   8.824483e-18   1.846233e-04   7.508728e-19   156
  1.795894e-01   7.684553e-18   3.105899e-04   6.706984e-19   168
  1.814616e-01   8.429139e-18   5.324516e-04   5.173451e-19   264
  1.831848e-01   8.178679e-18   0.000000e+00   1.009960e-18   48
  1.844652e-01   8.383978e-18   5.299184e-04   5.502136e-19   264
  1.863009e-01   8.786405e-18   3.123533e-04   7.299717e-19   144
  1.876872e-01   1.001935e-17   6.390593e-04   1.134895e-18   78
  1.897067e-01   8.355256e-18   4.154149e-04   4.625703e-19   336
  1.916111e-01   7.968699e-18   3.160631e-04   5.387763e-19   200
  1.928618e-01   7.917645e-18   6.188557e-04   6.009496e-19   192
  1.945503e-01   1.008022e-17   3.105574e-04   7.161238e-19   240
  1.961016e-01   1.090142e-17   6.223754e-04   7.518395e-19   168
  1.976952e-01   9.186779e-18   4.982915e-04   7.887071e-19   120
  1.996091e-01   1.043587e-17   3.894583e-04   5.562738e-19   324
  2.014663e-01   9.575623e-18   3.061804e-04   6.534763e-19   192
  2.027302e-01   1.094374e-17   5.491178e-04   7.939967e-19   168
  2.048802e-01   8.307916e-18   4.522690e-04   4.599580e-19   342
  2.068188e-01   1.163225e-17   3.641675e-04   5.946074e-19   336
  2.087838e-01   1.311537e-17   2.786838e-04   1.463452e-18   72
  2.101088e-01   1.060060e-17   4.457174e-04   7.061221e-19   288
  2.116470e-01   1.069664e-17   2.902819e-04   7.762557e-19   264
  2.137954e-01   9.658573e-18   3.817923e-04   5.219978e-19   384
  2.157197e-01   1.026705e-17   4.582500e-04   7.673270e-19   240
  2.165193e-01   1.097467e-17   0.000000e+00   1.341151e-18   48
  2.188323e-01   1.094687e-17   3.751076e-04   5.519813e-19   392
  2.205970e-01   1.020173e-17   4.116619e-04   5.792005e-19   294
  2.224945e-01   1.027312e-17   2.675587e-04   7.621817e-19   228
  2.237424e-01   1.231243e-17   4.063271e-04   8.044546e-19   216
  2.252951e-01   1.036027e-17   2.475063e-04   5.469357e-19   336
  2.271958e-01   1.121715e-17   2.940781e-04   6.425738e-19   360
  2.287649e-01   1.233100e-17   4.480490e-04   7.614641e-19   240
  2.303999e-01   1.136780e-17   5.301447e-04   7.974763e-19   168
  2.319249e-01   1.075186e-17   4.172883e-04   6.109170e-19   312
  2.337418e-01   1.083503e-17   2.611535e-04   5.520326e-19   336
  2.357046e-01   1.196214e-17   3.562619e-04   7.264684e-19   294
  2.371846e-01   1.363087e-17   4.748243e-04   8.392633e-19   288
  2.383170e-01   9.673001e-18   2.971134e-04   6.325550e-19   264
  2.403364e-01   1.146055e-17   5.103645e-04   5.819993e-19   480
  2.420249e-01   1.296245e-17   2.496686e-04   7.748676e-19   240
  2.440949e-01   1.303927e-17   2.524589e-04   7.646239e-19   276
  2.457280e-01   1.245557e-17   5.541970e-04   5.215077e-19   488
  2.476682e-01   1.450530e-17   2.440802e-04   1.278787e-18   240
  2.487944e-01   1.329792e-17   4.739408e-04   6.576405e-19   360
  2.503735e-01   1.137796e-17   1.686210e-04   8.460043e-19   198
  2.524044e-01   1.130197e-17   5.697771e-04   4.923895e-19   480
  2.538913e-01   1.149011e-17   2.103076e-04   6.978754e-19   288
  2.559478e-01   1.350823e-17   4.445422e-04   6.405114e-19   480
  2.577972e-01   1.404399e-17   2.738942e-04   5.924717e-19   480
  2.596963e-01   1.248566e-17   3.542367e-04   8.381837e-19   288
  2.608812e-01   1.416492e-17   3.779053e-04   8.042011e-19   288
  2.627448e-01   1.382914e-17   6.569890e-04   6.687140e-19   456
  2.646214e-01   1.562574e-17   6.187305e-04   7.706046e-19   360
  2.658312e-01   1.407446e-17   3.708853e-04   8.735554e-19   180
  2.675821e-01   1.208786e-17   4.039393e-04   5.150144e-19   486
  2.693567e-01   1.376099e-17   5.373692e-04   6.187601e-19   504
  2.711612e-01   1.491433e-17   4.175087e-04   7.076071e-19   456
  2.726573e-01   1.456476e-17   3.468761e-04   8.533422e-19   296
  2.746340e-01   1.395414e-17   3.422861e-04   6.147973e-19   528
  2.761206e-01   1.424982e-17   3.377476e-04   7.221180e-19   336
  2.783101e-01   1.454916e-17   3.746254e-04   6.024227e-19   600
  2.799128e-01   1.230310e-17   2.194755e-04   7.298047e-19   264
  2.815189e-01   1.466243e-17   2.373367e-04   7.187644e-19   360
  2.831582e-01   1.417834e-17   4.751715e-04   6.175822e-19   630
  2.849646e-01   1.653596e-17   2.452791e-04   7.871305e-19   432
  2.865671e-01   1.603505e-17   4.725907e-04   7.560324e-19   408
  2.885340e-01   1.492407e-17   3.136768e-04   8.076657e-19   324
  2.899972e-01   1.432839e-17   4.470278e-04   5.383854e-19   744
  2.917622e-01   1.415178e-17   3.573689e-04   7.909480e-19   336
  2.934486e-01   1.630947e-17   4.912911e-04   7.146661e-19   528
  2.952978e-01   1.401041e-17   2.506716e-04   7.438383e-19   408
  2.965238e-01   1.381742e-17   4.266433e-04   6.831317e-19   408
  2.985496e-01   1.445608e-17   3.522079e-04   6.498497e-19   470
  3.000252e-01   1.555036e-17   4.231156e-04   7.052861e-19   528
  3.020857e-01   1.362726e-17   3.525700e-04   5.050229e-19   624
  3.036033e-01   1.577738e-17   2.682725e-04   7.281544e-19   504
  3.051691e-01   1.390703e-17   3.736837e-04   6.017006e-19   552
  3.067221e-01   1.548665e-17   1.816539e-04   7.802154e-19   336
  3.086668e-01   1.680467e-17   3.866695e-04   7.318911e-19   528
  3.101733e-01   1.603299e-17   4.402305e-04   6.348241e-19   564
  3.119378e-01   1.549054e-17   4.051859e-04   7.463712e-19   528
  3.138508e-01   1.725602e-17   6.290633e-04   7.572669e-19   582
  3.155905e-01   1.610802e-17   4.842838e-04   6.392930e-19   624
  3.171120e-01   1.588709e-17   5.536295e-04   8.003078e-19   432
  3.189273e-01   1.676512e-17   6.158164e-04   5.737377e-19   816
  3.207951e-01   1.763573e-17   2.806614e-04   9.730993e-19   312
  3.220171e-01   1.563018e-17   4.548743e-04   6.980528e-19   552
  3.239876e-01   1.653417e-17   2.864905e-04   6.133907e-19   744
  3.254151e-01   1.834376e-17   2.676404e-04   9.979467e-19   408
  3.272576e-01   1.609142e-17   3.835404e-04   6.488701e-19   632
  3.291717e-01   1.891671e-17   6.513489e-04   6.962894e-19   750
  3.307289e-01   1.837178e-17   4.480796e-04   9.744186e-19   312
  3.324641e-01   1.764996e-17   6.615270e-04   6.072159e-19   876
  3.341804e-01   1.451433e-17   4.319379e-04   6.051920e-19   552
  3.361143e-01   1.807649e-17   3.572110e-04   7.114014e-19   696
  3.374317e-01   1.812279e-17   3.942932e-04   7.699327e-19   576
  3.392245e-01   1.633113e-17   4.174616e-04   7.556830e-19   576
  3.407547e-01   1.863334e-17   5.593999e-04   7.352360e-19   648
  3.426040e-01   1.862875e-17   5.599242e-04   6.828727e-19   672
  3.446457e-01   1.825033e-17   2.374990e-04   8.678330e-19   480
  3.459524e-01   1.717116e-17   3.677960e-04   6.143935e-19   726
  3.476351e-01   1.909089e-17   4.167607e-04   6.663846e-19   792
  3.494576e-01   1.772724e-17   5.781572e-04   6.488079e-19   768
  3.513784e-01   1.871740e-17   4.725059e-04   7.007785e-19   672
  3.531396e-01   1.836574e-17   3.169470e-04   7.115046e-19   608
  3.544145e-01   1.765760e-17   3.042788e-04   6.975562e-19   624
  3.562333e-01   1.786843e-17   3.954077e-04   6.479313e-19   684
  3.580024e-01   1.831117e-17   5.840631e-04   6.269237e-19   768
  3.596489e-01   1.915374e-17   4.669543e-04   6.574256e-19   744
  3.616107e-01   1.807799e-17   2.940222e-04   6.232354e-19   750
  3.630406e-01   1.705788e-17   4.370248e-04   7.418803e-19   600
  3.645869e-01   1.815218e-17   4.640415e-04   7.326620e-19   600
  3.664974e-01   1.896083e-17   5.347792e-04   5.792493e-19   1008
  3.680145e-01   1.919172e-17   2.966070e-04   7.235662e-19   696
  3.696957e-01   1.993152e-17   3.918311e-04   8.074555e-19   624
  3.713857e-01   1.948997e-17   6.097387e-04   7.145919e-19   840
  3.733058e-01   2.083406e-17   4.148780e-04   7.151521e-19   816
  3.748632e-01   1.887785e-17   2.755717e-04   6.478874e-19   744
  3.764360e-01   1.960054e-17   4.871654e-04   8.215777e-19   510
  3.783359e-01   2.012300e-17   4.677188e-04   6.448080e-19   1020
  3.801042e-01   1.990675e-17   3.774027e-04   6.296939e-19   912
  3.818473e-01   2.071631e-17   5.591433e-04   7.377757e-19   752
  3.832886e-01   2.043508e-17   4.639583e-04   7.783566e-19   888
  3.852555e-01   1.951049e-17   2.993905e-04   6.871560e-19   768
  3.868644e-01   2.010422e-17   5.440188e-04   7.222998e-19   720
  3.887159e-01   2.001234e-17   4.795683e-04   6.343269e-19   1056
  3.903582e-01   2.037253e-17   3.317856e-04   8.840870e-19   504
  3.917039e-01   1.919482e-17   5.180898e-04   7.242277e-19   774
  3.936283e-01   2.005862e-17   4.982654e-04   6.092646e-19   1272
  3.954358e-01   2.078101e-17   3.264422e-04   7.890307e-19   744
  3.971211e-01   1.920004e-17   5.330594e-04   6.818484e-19   768
  3.986674e-01   2.050193e-17   4.508988e-04   6.728352e-19   840
  4.004039e-01   2.163099e-17   3.056972e-04   6.939448e-19   924
  4.020760e-01   2.091601e-17   5.389435e-04   6.822620e-19   936
  4.037194e-01   1.955717e-17   3.745454e-04   6.410633e-19   840
  4.053748e-01   2.185745e-17   4.452908e-04   6.807230e-19   1008
  4.074786e-01   2.012722e-17   5.026919e-04   7.407100e-19   696
  4.087986e-01   1.934415e-17   4.468063e-04   6.121938e-19   974
  4.107598e-01   2.163731e-17   5.934108e-04   6.157827e-19   1152
  4.124648e-01   2.155083e-17   2.322032e-04   7.160262e-19   816
  4.137908e-01   1.957658e-17   5.108209e-04   6.378042e-19   816
  4.155748e-01   2.110975e-17   4.510778e-04   6.015387e-19   1152
  4.174563e-01   2.138620e-17   4.061247e-04   6.763466e-19   912
  4.191672e-01   2.279285e-17   4.934415e-04   6.781612e-19   1056
  4.206322e-01   2.230743e-17   4.219808e-04   8.767063e-19   624
  4.226021e-01   2.115181e-17   5.271094e-04   6.321083e-19   1260
  4.243023e-01   2.209875e-17   3.179301e-04   7.417749e-19   894
  4.259628e-01   2.332956e-17   5.447273e-04   6.281369e-19   1176
  4.276242e-01   2.016235e-17   4.508728e-04   7.433908e-19   840
  4.295151e-01   2.230341e-17   5.124827e-04   5.658424e-19   1440
  4.315006e-01   2.044924e-17   2.881208e-04   6.601054e-19   864
  4.330060e-01   2.314122e-17   4.944294e-04   7.370319e-19   1056
  4.345044e-01   2.349880e-17   2.915091e-04   9.427220e-19   624
  4.363242e-01   2.283368e-17   5.398245e-04   5.888263e-19   1496
  4.380644e-01   2.281164e-17   3.811353e-04   8.503999e-19   936
  4.396135e-01   2.202588e-17   5.517639e-04   7.061794e-19   966
  4.412804e-01   2.197076e-17   3.911127e-04   7.131259e-19   936
  4.430314e-01   2.266263e-17   4.837854e-04   6.207513e-19   1248
  4.448240e-01   2.139219e-17   3.410472e-04   6.188147e-19   1044
  4.464944e-01   2.231148e-17   5.282931e-04   6.270476e-19   1392
  4.478173e-01   2.081175e-17   4.068922e-04   7.968691e-19   600
  4.497097e-01   2.188254e-17   4.622723e-04   5.624781e-19   1416
  4.514841e-01   2.276359e-17   4.975797e-04   6.534819e-19   1152
  4.532821e-01   2.262229e-17   4.773496e-04   7.109852e-19   936
  4.547305e-01   2.296765e-17   5.119809e-04   7.758893e-19   870
  4.564516e-01   2.425464e-17   4.292755e-04   7.037034e-19   1368
  4.583615e-01   2.347208e-17   5.643853e-04   6.074476e-19   1632
  4.599936e-01   2.401727e-17   2.450244e-04   8.439282e-19   816
  4.617604e-01   2.404973e-17   5.590000e-04   6.875477e-19   1200
  4.633019e-01   2.439717e-17   5.344699e-04   6.990670e-19   1184
  4.648678e-01   2.511843e-17   4.056277e-04   8.087838e-19   984
  4.667890e-01   2.373347e-17   4.952299e-04   6.135326e-19   1572
  4.685308e-01   2.591835e-17   2.727317e-04   9.113489e-19   840
  4.701539e-01   2.348084e-17   6.342482e-04   6.098324e-19   1392
  4.718677e-01   2.309038e-17   4.656646e-04   7.100490e-19   1158
  4.733973e-01   2.456384e-17   4.240237e-04   6.837129e-19   1272
  4.752392e-01   2.503442e-17   4.321181e-04   6.745283e-19   1320
  4.769691e-01   2.420906e-17   4.228227e-04   7.517223e-19   1104
  4.786151e-01   2.375573e-17   4.785761e-04   6.629696e-19   1392
  4.803427e-01   2.333403e-17   5.176282e-04   6.662961e-19   1296
  4.821220e-01   2.432394e-17   5.404894e-04   6.471658e-19   1392
  4.837916e-01   2.448567e-17   3.964922e-04   7.329725e-19   1104
  4.853363e-01   2.363601e-17   4.994197e-04   6.250829e-19   1320
  4.875364e-01   2.426320e-17   3.813995e-04   6.433321e-19   1422
  4.889418e-01   2.366821e-17   4.750117e-04   6.837822e-19   1212
  4.905562e-01   2.361459e-17   5.190595e-04   6.327817e-19   1280
  4.922146e-01   2.578794e-17   5.404823e-04   7.213423e-19   1272
  4.938041e-01   2.622956e-17   4.677338e-04   6.479767e-19   1680
  4.956881e-01   2.318148e-17   4.419216e-04   6.869782e-19   1152
  4.974225e-01   2.441761e-17   5.117608e-04   5.930994e-19   1512
  4.992459e-01   2.427683e-17   2.160634e-04   8.154318e-19   912
  5.006872e-01   2.572686e-17   5.446515e-04   5.906666e-19   1680
  5.026041e-01   2.262171e-17   4.824972e-04   5.666245e-19   1518
  5.040250e-01   2.580415e-17   4.467006e-04   7.596105e-19   1056
  5.055216e-01   2.487801e-17   4.510442e-04   6.364875e-19   1344
  5.074562e-01   2.801449e-17   4.843229e-04   6.723080e-19   1680
  5.092067e-01   2.515277e-17   4.772500e-04   6.336744e-19   1656
  5.111194e-01   2.438491e-17   4.056700e-04   7.678636e-19   1140
  5.125554e-01   2.492853e-17   4.697351e-04   7.025261e-19   1368
  5.142450e-01   2.548317e-17   5.343264e-04   6.366286e-19   1656
  5.159625e-01   2.647656e-17   5.472649e-04   7.367215e-19   1448
  5.178320e-01   2.557025e-17   5.141193e-04   6.500844e-19   1422
  5.195587e-01   2.634156e-17   5.675668e-04   6.703797e-19   1512
  5.210354e-01   2.654303e-17   4.326963e-04   7.576985e-19   1296
  5.227440e-01   2.532701e-17   3.950802e-04   6.063261e-19   1824
  5.245911e-01   2.586773e-17   5.122810e-04   6.587370e-19   1464
  5.264571e-01   2.477097e-17   4.571373e-04   5.463244e-19   1824
  5.281889e-01   2.661956e-17   3.634473e-04   6.932643e-19   1416
  5.296954e-01   2.647769e-17   5.323525e-04   7.073984e-19   1392
  5.313218e-01   2.586207e-17   4.912467e-04   6.581151e-19   1464
  5.333061e-01   2.416645e-17   4.802698e-04   6.453276e-19   1524
  5.348395e-01   2.563524e-17   4.425765e-04   6.449333e-19   1686
  5.366116e-01   2.580140e-17   5.269753e-04   6.435759e-19   1800
  5.381347e-01   2.764401e-17   4.183682e-04   7.999428e-19   1344
  5.398246e-01   2.753896e-17   4.881086e-04   7.358328e-19   1656
  5.415187e-01   2.709544e-17   3.897299e-04   6.684615e-19   1488
  5.429907e-01   2.768812e-17   3.890952e-04   7.034866e-19   1536
  5.450417e-01   2.656516e-17   4.322407e-04   6.483552e-19   1760
  5.466309e-01   2.680432e-17   4.807835e-04   6.150915e-19   1824
  5.484686e-01   2.821543e-17   4.034669e-04   6.997628e-19   1560
  5.502369e-01   2.742630e-17   4.634195e-04   6.319935e-19   1926
  5.519000e-01   2.782677e-17   3.295522e-04   7.709074e-19   1272
  5.534180e-01   2.663302e-17   5.538121e-04   6.171693e-19   1848
  5.554133e-01   2.844706e-17   4.474326e-04   6.245999e-19   1908
  5.569309e-01   2.715521e-17   4.364115e-04   6.962972e-19   1488
  5.585322e-01   2.639081e-17   4.921783e-04   6.496548e-19   1800
  5.602682e-01   2.706943e-17   4.926635e-04   6.511035e-19   1752
  5.619310e-01   2.634959e-17   5.238690e-04   6.971768e-19   1368
  5.635951e-01   2.805083e-17   4.923362e-04   5.894409e-19   2016
  5.654253e-01   2.875175e-17   5.200281e-04   7.147772e-19   1542
  5.671144e-01   2.701308e-17   5.092480e-04   6.066706e-19   2184
  5.689840e-01   2.848856e-17   4.658463e-04   6.546771e-19   1776
  5.705991e-01   2.752614e-17   5.325328e-04   7.887936e-19   1568
  5.721386e-01   2.873559e-17   4.865284e-04   6.372669e-19   2040
  5.738138e-01   2.959269e-17   5.201423e-04   7.133980e-19   1704
  5.755673e-01   2.727965e-17   5.214047e-04   7.041059e-19   1512
  5.772206e-01   2.858706e-17   4.447597e-04   6.363348e-19   2028
  5.790782e-01   2.839082e-17   5.364945e-04   6.156203e-19   1968
  5.807766e-01   2.797361e-17   5.441935e-04   6.199375e-19   1854
  5.824386e-01   2.713756e-17   5.187839e-04   6.324080e-19   1632
  5.841419e-01   2.865442e-17   5.330949e-04   5.535462e-19   2424
  5.859073e-01   2.768385e-17   5.336494e-04   6.812473e-19   1560
  5.873997e-01   2.892618e-17   5.042981e-04   6.540811e-19   1728
  5.892030e-01   2.804400e-17   5.383151e-04   6.369851e-19   2088
  5.910182e-01   2.728125e-17   5.124183e-04   6.221471e-19   1968
  5.926879e-01   2.837931e-17   5.073434e-04   6.263740e-19   2256
  5.943623e-01   2.906991e-17   4.510844e-04   6.636736e-19   1728
  5.961102e-01   2.874792e-17   4.446730e-04   7.942760e-19   1416
  5.976587e-01   3.022596e-17   4.687744e-04   6.348700e-19   2246
  5.994119e-01   2.840172e-17   5.191625e-04   6.503126e-19   2148
  6.010893e-01   2.970548e-17   4.385384e-04   7.389020e-19   1680
  6.026682e-01   2.894876e-17   5.544042e-04   5.565748e-19   2280
  6.045659e-01   2.952515e-17   5.162727e-04   5.831877e-19   2352
  6.063384e-01   2.945805e-17   4.337978e-04   7.299994e-19   1632
  6.077406e-01   2.953630e-17   4.963799e-04   6.809446e-19   1968
  6.096649e-01   2.896267e-17   5.092860e-04   6.369277e-19   2112
  6.114492e-01   2.829626e-17   3.825636e-04   6.314331e-19   2208
  6.131831e-01   2.899611e-17   3.857391e-04   6.281313e-19   1974
  6.145516e-01   2.815013e-17   3.773577e-04   6.382515e-19   1944
  6.164004e-01   3.040835e-17   4.269369e-04   6.536914e-19   2160
  6.180028e-01   2.943132e-17   3.992823e-04   6.670334e-19   2040
  6.197345e-01   3.030812e-17   5.586051e-04   6.481550e-19   2352
  6.215106e-01   3.115700e-17   4.640665e-04   7.165297e-19   1836
  6.231317e-01   2.979431e-17   4.950444e-04   5.879871e-19   2352
  6.249518e-01   2.919682e-17   5.192346e-04   6.473694e-19   2008
  6.266203e-01   2.944619e-17   5.108010e-04   6.214150e-19   2464
  6.284808e-01   2.980543e-17   4.119834e-04   6.263003e-19   2118
  6.300068e-01   2.959504e-17   4.141467e-04   6.896447e-19   1848
  6.315775e-01   3.181291e-17   5.480513e-04   7.075906e-19   2280
  6.334747e-01   3.093662e-17   5.213278e-04   6.311142e-19   2472
  6.352475e-01   2.978549e-17   3.483875e-04   6.430482e-19   2280
  6.367358e-01   3.224216e-17   4.258450e-04   7.576873e-19   1992
  6.383407e-01   3.133561e-17   4.476942e-04   6.172072e-19   2184
  6.401915e-01   2.836088e-17   5.400739e-04   5.965060e-19   2352
  6.419748e-01   3.049042e-17   5.691414e-04   6.066255e-19   2496
  6.437210e-01   2.915766e-17   5.315847e-04   7.054966e-19   1770
  6.452872e-01   3.183101e-17   4.586736e-04   6.394369e-19   2568
  6.471700e-01   3.115743e-17   5.625819e-04   6.042075e-19   2712
  6.488816e-01   3.153764e-17   4.467713e-04   6.534518e-19   2448
  6.505906e-01   3.246285e-17   3.766053e-04   6.974382e-19   2064
  6.520083e-01   2.998565e-17   3.975154e-04   7.113857e-19   1944
  6.538465e-01   3.026669e-17   4.910776e-04   6.309440e-19   2480
  6.557218e-01   3.123336e-17   5.334543e-04   5.920671e-19   2880
  6.573828e-01   3.138883e-17   5.117233e-04   6.414326e-19   2304
  6.591177e-01   3.121858e-17   4.701472e-04   6.891083e-19   1806
  6.606561e-01   3.118881e-17   4.610710e-04   5.732645e-19   2856
  6.625838e-01   3.202034e-17   4.421809e-04   6.453035e-19   2568
  6.640509e-01   2.981971e-17   4.436302e-04   6.623538e-19   2112
  6.656475e-01   3.138749e-17   4.272941e-04   7.257022e-19   2028
  6.673605e-01   3.147074e-17   5.057904e-04   5.834101e-19   2712
  6.690998e-01   3.230322e-17   5.449093e-04   5.965368e-19   2952
  6.709691e-01   3.252184e-17   4.210349e-04   6.969379e-19   2112
  6.724803e-01   3.168292e-17   4.934314e-04   6.186173e-19   2520
  6.742956e-01   3.109058e-17   4.759244e-04   6.418495e-19   2376
  6.759489e-01   3.211524e-17   3.815168e-04   6.470899e-19   2526
  6.776650e-01   3.305460e-17   4.747876e-04   6.505960e-19   2664
  6.793642e-01   3.274852e-17   5.662862e-04   6.577387e-19   2408
  6.809929e-01   3.282079e-17   4.536173e-04   6.618221e-19   2568
  6.826540e-01   3.365765e-17   4.276796e-04   6.168636e-19   2904
  6.844561e-01   3.246875e-17   4.798687e-04   6.335820e-19   2544
  6.861681e-01   3.258686e-17   3.534563e-04   6.969525e-19   2160
  6.877835e-01   3.473147e-17   6.110852e-04   6.793615e-19   2652
  6.895681e-01   3.215057e-17   4.838537e-04   6.122427e-19   2784
  6.912854e-01   3.384866e-17   4.778196e-04   6.177901e-19   2694
  6.930647e-01   3.177498e-17   4.294263e-04   5.856996e-19   2952
  6.946107e-01   3.470908e-17   4.067448e-04   7.195200e-19   2208
  6.961857e-01   3.243789e-17   4.335098e-04   6.708749e-19   2304
  6.979438e-01   3.182234e-17   5.637316e-04   5.070367e-19   3504
  6.999941e-01   3.379502e-17   4.564735e-04   7.044511e-19   2616
  7.015932e-01   3.392414e-17   4.459377e-04   6.661541e-19   2664
  7.031336e-01   3.307375e-17   4.143151e-04   6.562277e-19   2448
  7.046858e-01   3.408592e-17   5.770045e-04   6.750302e-19   2472
  7.065119e-01   3.419840e-17   4.587514e-04   6.035837e-19   3134
  7.082307e-01   3.411277e-17   5.017392e-04   6.725911e-19   2616
  7.099467e-01   3.227508e-17   4.064282e-04   6.343123e-19   2712
  7.117121e-01   3.289578e-17   4.661143e-04   5.844662e-19   3204
  7.133994e-01   3.294740e-17   5.368237e-04   6.580782e-19   2760
  7.150019e-01   3.279591e-17   4.683701e-04   6.268425e-19   2688
  7.167690e-01   3.376654e-17   4.428424e-04   6.722712e-19   2760
  7.183316e-01   3.263097e-17   3.656620e-04   6.548943e-19   2568
  7.201311e-01   3.266118e-17   5.678551e-04   5.572456e-19   3336
  7.218583e-01   3.393468e-17   4.806270e-04   6.757905e-19   2334
  7.236024e-01   3.250368e-17   5.318655e-04   5.754731e-19   3264
  7.252322e-01   3.425671e-17   3.867069e-04   6.588674e-19   2760
  7.269038e-01   3.309702e-17   4.670323e-04   5.831822e-19   3192
  7.286057e-01   3.369464e-17   4.848795e-04   6.472663e-19   2904
  7.304158e-01   3.365115e-17   4.865095e-04   6.492624e-19   2784
  7.319309e-01   3.533513e-17   4.004063e-04   7.193007e-19   2592
  7.336545e-01   3.346100e-17   5.458110e-04   5.657277e-19   3284
  7.354862e-01   3.469463e-17   5.482421e-04   6.360098e-19   3168
  7.371250e-01   3.447866e-17   4.523390e-04   6.693396e-19   2616
  7.388477e-01   3.251801e-17   4.370713e-04   5.897661e-19   3222
  7.405235e-01   3.376888e-17   4.904075e-04   5.571423e-19   3240
  7.421464e-01   3.476470e-17   4.961262e-04   7.086180e-19   2568
  7.439914e-01   3.561520e-17   4.552202e-04   6.357873e-19   3120
  7.455341e-01   3.594488e-17   5.004475e-04   6.547996e-19   3168
  7.471932e-01   3.383233e-17   4.381038e-04   6.107480e-19   3240
  7.490082e-01   3.393429e-17   4.494836e-04   5.932401e-19   3144
  7.507715e-01   3.341761e-17   4.284362e-04   6.119011e-19   2856
  7.524381e-01   3.435204e-17   4.575871e-04   5.884864e-19   3264
  7.543240e-01   3.508497e-17   5.056132e-04   6.117861e-19   3318
  7.558082e-01   3.522035e-17   3.541030e-04   7.491118e-19   2556
  7.575771e-01   3.454342e-17   6.048733e-04   5.339158e-19   4008
  7.593679e-01   3.508848e-17   4.465021e-04   6.670883e-19   2904
  7.609000e-01   3.424185e-17   4.565641e-04   5.912784e-19   3144
  7.626441e-01   3.346105e-17   4.759726e-04   6.090878e-19   3200
  7.644490e-01   3.473548e-17   4.694243e-04   6.067978e-19   3312
  7.660670e-01   3.625545e-17   3.783351e-04   6.938531e-19   2832
  7.678735e-01   3.496074e-17   5.444478e-04   5.569055e-19   3984
  7.695508e-01   3.780526e-17   4.426103e-04   8.229726e-19   2238
  7.710821e-01   3.529773e-17   5.208763e-04   5.698792e-19   3984
  7.729819e-01   3.461794e-17   4.949876e-04   6.139859e-19   3384
  7.745602e-01   3.687217e-17   4.626797e-04   6.760629e-19   3048
  7.762081e-01   3.442875e-17   4.248302e-04   6.241083e-19   3096
  7.779294e-01   3.656368e-17   4.815324e-04   5.803180e-19   3708
  7.796408e-01   3.463915e-17   4.564274e-04   6.758023e-19   2784
  7.812306e-01   3.734024e-17   4.740872e-04   6.258050e-19   3648
  7.830363e-01   3.595333e-17   4.879380e-04   5.965951e-19   3888
  7.849582e-01   3.529567e-17   5.208881e-04   6.270504e-19   2958
  7.863930e-01   3.474355e-17   4.446264e-04   5.968770e-19   3264
  7.881221e-01   3.721407e-17   4.908549e-04   6.593553e-19   3160
  7.897556e-01   3.442777e-17   4.448554e-04   5.770304e-19   3736
  7.913039e-01   3.612737e-17   4.053674e-04   6.545685e-19   3216
  7.931298e-01   3.631533e-17   4.967559e-04   5.743174e-19   4032
  7.950340e-01   3.641581e-17   4.535292e-04   6.099566e-19   3528
  7.966578e-01   3.687574e-17   4.003367e-04   6.438078e-19   3192
  7.982809e-01   3.573447e-17   4.384400e-04   6.175698e-19   3456
  8.000418e-01   3.667217e-17   4.546161e-04   6.830922e-19   3060
  8.018067e-01   3.620954e-17   5.405908e-04   5.546003e-19   4518
  8.035265e-01   3.653511e-17   4.815963e-04   5.975495e-19   3528
  8.051074e-01   3.607948e-17   4.044568e-04   6.635505e-19   3024
  8.067928e-01   3.482132e-17   5.476184e-04   5.737191e-19   3672
  8.085097e-01   3.663145e-17   4.700229e-04   6.222664e-19   3864
  8.104158e-01   3.540769e-17   4.982178e-04   5.606741e-19   3816
  8.119748e-01   3.671463e-17   4.532681e-04   6.297813e-19   3456
  8.134695e-01   3.699955e-17   4.103104e-04   7.222519e-19   2688
  8.152303e-01   3.700979e-17   4.868254e-04   5.726377e-19   4248
  8.169761e-01   3.631436e-17   4.662855e-04   5.748862e-19   3926
  8.187297e-01   3.567953e-17   4.923174e-04   5.805538e-19   3504
  8.204236e-01   3.713263e-17   4.401391e-04   5.796674e-19   3960
  8.222939e-01   3.594527e-17   4.954941e-04   5.872149e-19   3684
  8.238979e-01   3.533954e-17   4.954609e-04   5.674670e-19   4104
  8.255014e-01   3.699690e-17   4.699173e-04   6.573753e-19   3144
  8.272241e-01   3.678750e-17   5.147213e-04   5.673326e-19   4224
  8.291182e-01   3.665004e-17   4.568598e-04   5.777250e-19   4008
  8.307364e-01   3.720607e-17   5.026181e-04   6.340272e-19   3312
  8.324026e-01   3.643752e-17   4.999111e-04   6.041499e-19   3726
  8.341747e-01   3.689934e-17   5.134700e-04   5.919514e-19   3936
  8.357483e-01   3.754429e-17   5.292866e-04   6.047687e-19   3888
  8.373814e-01   3.711852e-17   5.004911e-04   5.837605e-19   3864
  8.390804e-01   3.614421e-17   5.320643e-04   5.799471e-19   3888
  8.408304e-01   3.511247e-17   5.018185e-04   5.524888e-19   4080
  8.425581e-01   3.689165e-17   5.325821e-04   6.346036e-19   3400
  8.443209e-01   3.704362e-17   4.884316e-04   5.409075e-19   4588
  8.461032e-01   3.791922e-17   4.834464e-04   6.239933e-19   3816
  8.476608e-01   3.802454e-17   4.581060e-04   6.141623e-19   3534
  8.493098e-01   3.847570e-17   4.524863e-04   5.913047e-19   4080
  8.510347e-01   3.821417e-17   4.729764e-04   5.842016e-19   4248
  8.527671e-01   3.732089e-17   4.766165e-04   6.372855e-19   3528
  8.543656e-01   3.906660e-17   4.872753e-04   6.089079e-19   4248
  8.559814e-01   3.734905e-17   4.766042e-04   6.239509e-19   3696
  8.577808e-01   3.862825e-17   4.945438e-04   5.834712e-19   4560
  8.594872e-01   3.753248e-17   4.632233e-04   6.048986e-19   3864
  8.612397e-01   3.728536e-17   5.043791e-04   5.645335e-19   4440
  8.629007e-01   3.712220e-17   4.705976e-04   6.617064e-19   3432
  8.646460e-01   3.695048e-17   4.614307e-04   5.504944e-19   4470
  8.663629e-01   3.771551e-17   4.100586e-04   5.845388e-19   4188
  8.680505e-01   3.819517e-17   5.253427e-04   5.734340e-19   4392
  8.697265e-01   3.876521e-17   4.064025e-04   6.427970e-19   3960
  8.714695e-01   3.875802e-17   4.591166e-04   5.946432e-19   4328
  8.731579e-01   3.809126e-17   4.778042e-04   5.972887e-19   4320
  8.748643e-01   3.817081e-17   4.996345e-04   5.644008e-19   4152
  8.764467e-01   4.113514e-17   4.179518e-04   6.950536e-19   3528
  8.782362e-01   3.810751e-17   4.523689e-04   5.578117e-19   4512
  8.799104e-01   3.830822e-17   4.624323e-04   5.942059e-19   4134
  8.816110e-01   3.941896e-17   4.926455e-04   5.340443e-19   5208
  8.832465e-01   3.908142e-17   4.292145e-04   6.737122e-19   3240
  8.849385e-01   4.134055e-17   4.734040e-04   6.158101e-19   4680
  8.866607e-01   3.844652e-17   4.687083e-04   5.881948e-19   4440
  8.883848e-01   3.661108e-17   5.311226e-04   5.546726e-19   4260
  8.900384e-01   3.867422e-17   4.336102e-04   6.129466e-19   4056
  8.917415e-01   3.894744e-17   4.807328e-04   5.725369e-19   4704
  8.935289e-01   4.008189e-17   5.594147e-04   5.691638e-19   4800
  8.954185e-01   3.856757e-17   4.846897e-04   5.407261e-19   4806
  8.970513e-01   4.132785e-17   4.831585e-04   7.248116e-19   3552
  8.986064e-01   3.853216e-17   4.844541e-04   6.141510e-19   4304
  9.003622e-01   3.857940e-17   4.698109e-04   5.290004e-19   5280
  9.020984e-01   3.907824e-17   4.507040e-04   5.891651e-19   4320
  9.037419e-01   3.835681e-17   5.089629e-04   5.861992e-19   4296
  9.054750e-01   4.091752e-17   5.658401e-04   5.900979e-19   4608
  9.072277e-01   3.994720e-17   5.421052e-04   5.811442e-19   4824
  9.089629e-01   3.989934e-17   5.117857e-04   5.892218e-19   4488
  9.108250e-01   4.039157e-17   4.778070e-04   6.100237e-19   4530
  9.123625e-01   3.877267e-17   4.665391e-04   5.655566e-19   4464
  9.139010e-01   4.005427e-17   4.396785e-04   6.234202e-19   4104
  9.156673e-01   3.797989e-17   4.740652e-04   5.172625e-19   5424
  9.174048e-01   3.982470e-17   5.103023e-04   5.615259e-19   4392
  9.191730e-01   4.118094e-17   4.996065e-04   5.965675e-19   4896
  9.207787e-01   4.008070e-17   4.897165e-04   6.267842e-19   4104
  9.224542e-01   4.142820e-17   4.415951e-04   6.023671e-19   4824
  9.242220e-01   3.953280e-17   4.220615e-04   5.968741e-19   4680
  9.257621e-01   3.924913e-17   4.316766e-04   5.876817e-19   4328
  9.275497e-01   3.974149e-17   4.976114e-04   5.539816e-19   5118
  9.293459e-01   4.064128e-17   5.765145e-04   5.564862e-19   5304
  9.309669e-01   4.057080e-17   4.539783e-04   5.891369e-19   4392
  9.327330e-01   4.136643e-17   4.556524e-04   6.101802e-19   4476
  9.342775e-01   3.911126e-17   4.525170e-04   5.588447e-19   4704
  9.359960e-01   4.056608e-17   5.477178e-04   5.566823e-19   5208
  9.378023e-01   3.891402e-17   4.618178e-04   5.492749e-19   5304
  9.394666e-01   4.143462e-17   4.946712e-04   6.470815e-19   4296
  9.411731e-01   4.178792e-17   4.690760e-04   6.075848e-19   4752
  9.429662e-01   3.875467e-17   4.708758e-04   5.486129e-19   4950
  9.445778e-01   4.025442e-17   4.921918e-04   5.662643e-19   5064
  9.461898e-01   4.034417e-17   4.123928e-04   5.805118e-19   4872
  9.478198e-01   3.958871e-17   4.341367e-04   6.352452e-19   4224
  9.495602e-01   4.054829e-17   4.795584e-04   5.180446e-19   6120
  9.514124e-01   3.959103e-17   5.275753e-04   5.539614e-19   4968
  9.530925e-01   4.128457e-17   4.668582e-04   6.013989e-19   4424
  9.548307e-01   4.224359e-17   5.963123e-04   5.740480e-19   5436
  9.565477e-01   4.025356e-17   5.084086e-04   5.943304e-19   4896
  9.582076e-01   3.972449e-17   4.867456e-04   5.506185e-19   5214
  9.598077e-01   4.103820e-17   4.137593e-04   5.996301e-19   4656
  9.615856e-01   4.156718e-17   5.260613e-04   5.864233e-19   5448
  9.632845e-01   4.120179e-17   4.442976e-04   5.762843e-19   4992
  9.649480e-01   4.128072e-17   4.917143e-04   5.617447e-19   5400
  9.667765e-01   4.207470e-17   5.449716e-04   5.625310e-19   5328
  9.684613e-01   3.954597e-17   4.873046e-04   5.436787e-19   4776
  9.700464e-01   4.210819e-17   4.579033e-04   5.928602e-19   4800
  9.718074e-01   4.146804e-17   5.888402e-04   5.077035e-19   6552
  9.736499e-01   4.089233e-17   4.448607e-04   6.390152e-19   3942
  9.752465e-01   4.042152e-17   5.606963e-04   5.300752e-19   6072
  9.770144e-01   4.029995e-17   4.354574e-04   6.020657e-19   4692
  9.784966e-01   4.260260e-17   4.546106e-04   5.927763e-19   4944
  9.802329e-01   4.142453e-17   4.879373e-04   5.231284e-19   5840
  9.820155e-01   4.045994e-17   5.223166e-04   5.500065e-19   5712
  9.837706e-01   4.043682e-17   4.377350e-04   5.751673e-19   4800
  9.853717e-01   4.117015e-17   5.797155e-04   5.539680e-19   5688
  9.871255e-01   4.242508e-17   4.573834e-04   6.301919e-19   4848
  9.888635e-01   3.459914e-17   5.090949e-04   5.527794e-19   5406
  9.905131e-01   4.445214e-46   4.595406e-04   5.753800e-48   5568
  9.921693e-01   4.302066e-46   4.130962e-04   5.629695e-48   5736
  9.939592e-01   4.222515e-46   5.130390e-04   5.857989e-48   5280
  9.955835e-01   4.453076e-46   4.743420e-04   5.839652e-48   5592
  9.972555e-01   4.453061e-46   5.429960e-04   6.340832e-48   4968
  9.990231e-01   4.504960e-46   4.868684e-04   5.902909e-48   5964
  1.000748e+00   4.302618e-46   4.891308e-04   5.589784e-48   5376
  1.002315e+00   4.428484e-46   4.722860e-04   5.858368e-48   5472
  1.004131e+00   4.515969e-46   4.485360e-04   6.137387e-48   5472
  1.005792e+00   4.607736e-46   5.099708e-04   6.363695e-48   5415
  1.007402e+00   4.548341e-46   4.485810e-04   6.356894e-48   5096
  1.009144e+00   4.660736e-46   5.768639e-04   5.672030e-48   6372
  1.010906e+00   4.589871e-46   4.682720e-04   6.900045e-48   4656
  1.012485e+00   4.440344e-46   5.112031e-04   5.729461e-48   5844
  1.014184e+00   4.607544e-46   4.494662e-04   6.143891e-48   5508
  1.015984e+00   4.667464e-46   5.098811e-04   5.986473e-48   6324
  1.017751e+00   4.525507e-46   4.379885e-04   6.368337e-48   4752
  1.019366e+00   4.671415e-46   4.903645e-04   6.128875e-48   5676
  1.021114e+00   4.575124e-46   4.485894e-04   6.241635e-48   5472
  1.022773e+00   4.818873e-46   5.059962e-04   6.468434e-48   5556
  1.024555e+00   4.849069e-46   4.930836e-04   6.513438e-48   5436
  1.026276e+00   4.768922e-46   5.047054e-04   6.227147e-48   5916
  1.028042e+00   4.756739e-46   5.251158e-04   6.326839e-48   5520
  1.029633e+00   4.721745e-46   4.775682e-04   6.326150e-48   5280
  1.031263e+00   4.929832e-46   4.692535e-04   7.414449e-48   4416
  1.033102e+00   4.797418e-46   4.574075e-04   6.169392e-48   6260
  1.034829e+00   4.820108e-46   5.439134e-04   6.415182e-48   5940
  1.036394e+00   4.811180e-46   4.259730e-04   7.570055e-48   4188
  1.038117e+00   4.820931e-46   5.446427e-04   5.974182e-48   6360
  1.039928e+00   5.010319e-46   4.857983e-04   7.102528e-48   5256
  1.041610e+00   5.062334e-46   4.592395e-04   7.368149e-48   4848
  1.043051e+00   4.924922e-46   4.163245e-04   7.045974e-48   4704
  1.044826e+00   4.923529e-46   5.107218e-04   6.522562e-48   5784
  1.046631e+00   4.987627e-46   5.404027e-04   6.525372e-48   5820
  1.048373e+00   5.195660e-46   4.840851e-04   6.781591e-48   5700
  1.050126e+00   5.115928e-46   4.489220e-04   6.999471e-48   5232
  1.051881e+00   5.142470e-46   4.981175e-04   7.470636e-48   4932
  1.053436e+00   5.260324e-46   4.287490e-04   7.728234e-48   4716
  1.055070e+00   5.196329e-46   5.461338e-04   6.918873e-48   5616
  1.056750e+00   5.480510e-46   4.823163e-04   7.350380e-48   5184
  1.058484e+00   5.208484e-46   4.865387e-04   7.598514e-48   5064
  1.060119e+00   5.243642e-46   4.981922e-04   6.958815e-48   5544
  1.061933e+00   5.506829e-46   5.001009e-04   7.773965e-48   5192
  1.063583e+00   5.344320e-46   4.494186e-04   7.250347e-48   5244
  1.065317e+00   5.443263e-46   4.862760e-04   7.590211e-48   5112
  1.067042e+00   5.364629e-46   4.462536e-04   7.645034e-48   5040
  1.068625e+00   5.395308e-46   4.691536e-04   7.350369e-48   5124
  1.070473e+00   5.457465e-46   5.266881e-04   6.949604e-48   5952
  1.072179e+00   5.522709e-46   4.614857e-04   7.845641e-48   4824
  1.073726e+00   5.330859e-46   4.658121e-04   7.776982e-48   4536
  1.075516e+00   5.533450e-46   4.951157e-04   7.313389e-48   5712
  1.077355e+00   5.511487e-46   5.417917e-04   7.512747e-48   5352
  1.079089e+00   5.612156e-46   4.719205e-04   7.705142e-48   5004
  1.080639e+00   5.638367e-46   4.720490e-04   8.018147e-48   4800
  1.082304e+00   5.339830e-46   5.072809e-04   7.383300e-48   5148
  1.084148e+00   5.831826e-46   5.268770e-04   7.908230e-48   5664
  1.085815e+00   5.699374e-46   4.732118e-04   8.147270e-48   4692
  1.087355e+00   5.605764e-46   4.396196e-04   8.407875e-48   4008
  1.089151e+00   5.832409e-46   5.038991e-04   7.848719e-48   5852
  1.090977e+00   5.747993e-46   4.771455e-04   7.499516e-48   5784
  1.092599e+00   5.845499e-46   4.398451e-04   8.660521e-48   4392
  1.094269e+00   5.510480e-46   4.314460e-04   7.985579e-48   4944
  1.096021e+00   5.773377e-46   5.086676e-04   8.473160e-48   4776
  1.097674e+00   5.747747e-46   4.893660e-04   8.038583e-48   5244
  1.099467e+00   5.788154e-46   4.885027e-04   8.128396e-48   4884
  1.100972e+00   5.956863e-46   4.142882e-04   8.489520e-48   4488
  1.102723e+00   5.841939e-46   4.922838e-04   8.266021e-48   5160
  1.104485e+00   5.869006e-46   5.012137e-04   7.943248e-48   5316
  1.106182e+00   5.737828e-46   5.067620e-04   8.116067e-48   4896
  1.107837e+00   6.280763e-46   4.708705e-04   9.552559e-48   4188
  1.109505e+00   6.220790e-46   5.135922e-04   8.671682e-48   4836
  1.111208e+00   6.041791e-46   5.094880e-04   8.328487e-48   5316
  1.112933e+00   6.070466e-46   4.715930e-04   8.658815e-48   4920
  1.114546e+00   5.901590e-46   4.750945e-04   9.357384e-48   4128
  1.116277e+00   5.985481e-46   5.110912e-04   8.206764e-48   5348
  1.117980e+00   6.024987e-46   4.434734e-04   9.108308e-48   4836
  1.119607e+00   6.066954e-46   4.778570e-04   9.036018e-48   4392
  1.121359e+00   5.951920e-46   4.198363e-04   8.853874e-48   4632
  1.122936e+00   6.306555e-46   4.691003e-04   9.338669e-48   4596
  1.124747e+00   6.360719e-46   4.717453e-04   8.610383e-48   5424
  1.126539e+00   6.488259e-46   4.855768e-04   8.843682e-48   5256
  1.128385e+00   6.322124e-46   4.931611e-04   9.660055e-48   4524
  1.129923e+00   6.266969e-46   4.690936e-04   9.207252e-48   4440
  1.131645e+00   6.487818e-46   4.011353e-04   9.786269e-48   4380
  1.133330e+00   6.531913e-46   5.249545e-04   9.334602e-48   4812
  1.135123e+00   6.331034e-46   5.214039e-04   8.512415e-48   5376
  1.136763e+00   6.573680e-46   4.164623e-04   1.004651e-47   3888
  1.138335e+00   6.363931e-46   4.768975e-04   9.363071e-48   4896
  1.140088e+00   6.495392e-46   5.032049e-04   9.532499e-48   4608
  1.141929e+00   6.348307e-46   4.749944e-04   9.347846e-48   4448
  1.143531e+00   6.560745e-46   4.903240e-04   9.690949e-48   4752
  1.145220e+00   6.588119e-46   5.135838e-04   9.984089e-48   4356
  1.146995e+00   6.812882e-46   4.942288e-04   9.627942e-48   5232
  1.148760e+00   6.761514e-46   4.980587e-04   1.008017e-47   4548
  1.150472e+00   6.655454e-46   4.841761e-04   9.892468e-48   4608
  1.152143e+00   6.666641e-46   4.398349e-04   1.050018e-47   3936
  1.153720e+00   6.552846e-46   5.257306e-04   1.053741e-47   4260
  1.155493e+00   6.993261e-46   4.713251e-04   9.587042e-48   5004
  1.157113e+00   6.871100e-46   4.657489e-04   1.025888e-47   4224
  1.158890e+00   6.810412e-46   5.031939e-04   9.589787e-48   4788
  1.160616e+00   6.785468e-46   5.291946e-04   1.032327e-47   4428
  1.162298e+00   7.073177e-46   4.422133e-04   1.107382e-47   4080
  1.163917e+00   6.764472e-46   4.835200e-04   1.003648e-47   4632
  1.165621e+00   6.772796e-46   5.028239e-04   1.062617e-47   4056
  1.167413e+00   7.206395e-46   4.734174e-04   1.066851e-47   4536
  1.169050e+00   7.214466e-46   4.828546e-04   1.037636e-47   4668
  1.170843e+00   7.080708e-46   5.175340e-04   1.026391e-47   4604
  1.172589e+00   7.248632e-46   4.650093e-04   1.127682e-47   4152
  1.174201e+00   7.047750e-46   4.506678e-04   1.091117e-47   4224
  1.175909e+00   7.302884e-46   4.332835e-04   1.129651e-47   4152
  1.177615e+00   7.279328e-46   4.914860e-04   1.117227e-47   4224
  1.179275e+00   7.279743e-46   4.545253e-04   1.183872e-47   3960
  1.180873e+00   7.095168e-46   4.690415e-04   1.047283e-47   4656
  1.182619e+00   7.115006e-46   5.060863e-04   1.054099e-47   4452
  1.184409e+00   7.299796e-46   5.145201e-04   1.168933e-47   4056
  1.186074e+00   7.183552e-46   5.098269e-04   1.106838e-47   4212
  1.187762e+00   7.324887e-46   4.236875e-04   1.253826e-47   3432
  1.189472e+00   7.822283e-46   5.420199e-04   1.043402e-47   5352
  1.191144e+00   7.496540e-46   3.969648e-04   1.260087e-47   3600
  1.192963e+00   7.615911e-46   4.378593e-04   1.080789e-47   4584
  1.194552e+00   7.475542e-46   4.365700e-04   1.233564e-47   3768
  1.196188e+00   7.058044e-46   4.660449e-04   1.102956e-47   3848
  1.197821e+00   7.580784e-46   4.273101e-04   1.246907e-47   3720
  1.199674e+00   7.635104e-46   5.363373e-04   1.092587e-47   4764
  1.201309e+00   7.586556e-46   4.319005e-04   1.199742e-47   3864
  1.202988e+00   7.736253e-46   5.349608e-04   1.156509e-47   4332
  1.204820e+00   7.551287e-46   4.567279e-04   1.257426e-47   3792
  1.206456e+00   7.688959e-46   5.180648e-04   1.199242e-47   4284
  1.208191e+00   7.608636e-46   4.905502e-04   1.170867e-47   3840
  1.209832e+00   7.775006e-46   4.669396e-04   1.330926e-47   3480
  1.211499e+00   7.765701e-46   5.210148e-04   1.152683e-47   4380
  1.213302e+00   8.152793e-46   4.894021e-04   1.224090e-47   4200
  1.215072e+00   7.736325e-46   4.704049e-04   1.245693e-47   4056
  1.216717e+00   7.881958e-46   4.727759e-04   1.270452e-47   3600
  1.218257e+00   7.795562e-46   4.710469e-04   1.366803e-47   3492
  1.220057e+00   8.045521e-46   5.500764e-04   1.175949e-47   4500
  1.221894e+00   8.165429e-46   4.819412e-04   1.406673e-47   3516
  1.223472e+00   8.193445e-46   5.038249e-04   1.276063e-47   3968
  1.225242e+00   8.031122e-46   4.842193e-04   1.360877e-47   3648
  1.226808e+00   7.847287e-46   4.630474e-04   1.213614e-47   4224
  1.228583e+00   8.189879e-46   5.197289e-04   1.322622e-47   3588
  1.230249e+00   8.659622e-46   4.793892e-04   1.470018e-47   3456
  1.231925e+00   7.971014e-46   4.257569e-04   1.310512e-47   3660
  1.233657e+00   8.379980e-46   4.673180e-04   1.342539e-47   3768
  1.235272e+00   8.161305e-46   4.725964e-04   1.320807e-47   3744
  1.237006e+00   8.405433e-46   5.187522e-04   1.283668e-47   4176
  1.238850e+00   8.416839e-46   4.784920e-04   1.380896e-47   3612
  1.240375e+00   8.559608e-46   5.199888e-04   1.454396e-47   3216
  1.242119e+00   8.408803e-46   5.027406e-04   1.444340e-47   3624
  1.243874e+00   8.185704e-46   4.727415e-04   1.323994e-47   3744
  1.245569e+00   8.254270e-46   5.044114e-04   1.366906e-47   3672
  1.247242e+00   8.456203e-46   4.574137e-04   1.339836e-47   3852
  1.248969e+00   8.820274e-46   4.707839e-04   1.433928e-47   3672
  1.250806e+00   8.445772e-46   4.587010e-04   1.463749e-47   3248
  1.252340e+00   9.139428e-46   4.695129e-04   1.523740e-47   3336
  1.254015e+00   8.684312e-46   4.779221e-04   1.444948e-47   3576
  1.255728e+00   8.812415e-46   4.057129e-04   1.527057e-47   3336
  1.257472e+00   9.023573e-46   4.819158e-04   1.459649e-47   3936
  1.259194e+00   8.710363e-46   5.132539e-04   1.505897e-47   3408
  1.260901e+00   9.062970e-46   4.521849e-04   1.597323e-47   3336
  1.262560e+00   9.292377e-46   5.079072e-04   1.607708e-47   3312
  1.264219e+00   8.749741e-46   5.142616e-04   1.465564e-47   3432
  1.265985e+00   9.422332e-46   4.458442e-04   1.645077e-47   3144
  1.267597e+00   8.825552e-46   4.840083e-04   1.516606e-47   3456
  1.269411e+00   8.707133e-46   4.651874e-04   1.426062e-47   3792
  1.271049e+00   8.932724e-46   4.569446e-04   1.776894e-47   2868
  1.272819e+00   9.265577e-46   4.733929e-04   1.527127e-47   3888
  1.274473e+00   9.328810e-46   4.110524e-04   1.780884e-47   2784
  1.276101e+00   9.079659e-46   4.694335e-04   1.644315e-47   2964
  1.277880e+00   9.315677e-46   4.834244e-04   1.560272e-47   3432
  1.279573e+00   9.198546e-46   5.003929e-04   1.539510e-47   3416
  1.281287e+00   9.221177e-46   5.348762e-04   1.532163e-47   3528
  1.283040e+00   9.175872e-46   4.292762e-04   1.759091e-47   2904
  1.284592e+00   9.285309e-46   4.813445e-04   1.672890e-47   3072
  1.286396e+00   9.746249e-46   5.406051e-04   1.731939e-47   3216
  1.288199e+00   9.456485e-46   4.378327e-04   1.783775e-47   2844
  1.289782e+00   8.826996e-46   5.010192e-04   1.469778e-47   3432
  1.291408e+00   9.171167e-46   4.027010e-04   1.773008e-47   2880
  1.293224e+00   9.128790e-46   5.334351e-04   1.500314e-47   3576
  1.294934e+00   9.916976e-46   4.768162e-04   1.886733e-47   2700
  1.296572e+00   9.469592e-46   5.355829e-04   1.812747e-47   3000
  1.298287e+00   9.525691e-46   4.446934e-04   1.866924e-47   2556
  1.299953e+00   9.790166e-46   4.766228e-04   1.676797e-47   3360
  1.301675e+00   9.865007e-46   4.631149e-04   1.816393e-47   3120
  1.303530e+00   9.501750e-46   5.452330e-04   1.630321e-47   3216
  1.305127e+00   9.892683e-46   3.845380e-04   2.022004e-47   2628
  1.306923e+00   9.457110e-46   5.083038e-04   1.651923e-47   3200
  1.308561e+00   9.722513e-46   4.795357e-04   2.030076e-47   2232
  1.310215e+00   9.675055e-46   5.473750e-04   1.739255e-47   3108
  1.311862e+00   9.424211e-46   4.808374e-04   1.876688e-47   2604
  1.313547e+00   1.013621e-45   5.179979e-04   1.832204e-47   3096
  1.315401e+00   1.027950e-45   4.719641e-04   1.789053e-47   3084
  1.317009e+00   9.942094e-46   4.816320e-04   1.965271e-47   2664
  1.318667e+00   1.019845e-45   4.247239e-04   2.141607e-47   2232
  1.320292e+00   1.031489e-45   5.231957e-04   1.970381e-47   2808
  1.322070e+00   1.003752e-45   4.942393e-04   1.926619e-47   2592
  1.323731e+00   1.000025e-45   5.073960e-04   1.837489e-47   2952
  1.325476e+00   1.006020e-45   4.790441e-04   1.803302e-47   2772
  1.327172e+00   9.726663e-46   5.151819e-04   1.730599e-47   3036
  1.328948e+00   9.911072e-46   4.997289e-04   2.222233e-47   2136
  1.330566e+00   1.037985e-45   3.985350e-04   2.054017e-47   2496
  1.332228e+00   9.934721e-46   5.308189e-04   2.101079e-47   2228
  1.333960e+00   1.024495e-45   4.948933e-04   1.850622e-47   3048
  1.335685e+00   9.894900e-46   4.727366e-04   1.941474e-47   2676
  1.337399e+00   1.072622e-45   4.709500e-04   2.005290e-47   2784
  1.339037e+00   1.034396e-45   4.575289e-04   2.460461e-47   1920
  1.340680e+00   1.076649e-45   4.882940e-04   2.235894e-47   2400
  1.342460e+00   1.116989e-45   4.478664e-04   2.388945e-47   2532
  1.344301e+00   1.093435e-45   4.974724e-04   2.100802e-47   2544
  1.345957e+00   1.057376e-45   5.204236e-04   2.050011e-47   2772
  1.347589e+00   1.041961e-45   4.874611e-04   2.270869e-47   2160
  1.349209e+00   1.083910e-45   5.250420e-04   2.304971e-47   2304
  1.351084e+00   1.042881e-45   5.137807e-04   2.131148e-47   2328
  1.352765e+00   1.089826e-45   4.926073e-04   2.309136e-47   2304
  1.354322e+00   1.111478e-45   4.658284e-04   2.355063e-47   1908
  1.356093e+00   1.051126e-45   5.209991e-04   1.947314e-47   2736
  1.357799e+00   1.030315e-45   4.936463e-04   2.020337e-47   2448
  1.359613e+00   1.123285e-45   4.615326e-04   2.377183e-47   2040
  1.361255e+00   1.087624e-45   4.805496e-04   2.562578e-47   2120
  1.362833e+00   1.080808e-45   3.984242e-04   2.300928e-47   2040
  1.364532e+00   1.062218e-45   4.943170e-04   2.310195e-47   2208
  1.366455e+00   1.069133e-45   4.438218e-04   2.311205e-47   2208
  1.368013e+00   1.147910e-45   4.918393e-04   2.329090e-47   2196
  1.369622e+00   1.134941e-45   4.326531e-04   2.566183e-47   1848
  1.371260e+00   1.109996e-45   4.906859e-04   2.355981e-47   2124
  1.373092e+00   1.140707e-45   5.147189e-04   2.336073e-47   2328
  1.374881e+00   1.142671e-45   5.240287e-04   2.740723e-47   1920
  1.376620e+00   1.127192e-45   4.810523e-04   2.903696e-47   1548
  1.378167e+00   1.164483e-45   5.276994e-04   2.327036e-47   2388
  1.379991e+00   1.152266e-45   4.883236e-04   2.335733e-47   2160
  1.381662e+00   1.202361e-45   4.444671e-04   2.995336e-47   1704
  1.383263e+00   1.153348e-45   5.007315e-04   2.753242e-47   1776
  1.384777e+00   1.191587e-45   4.683711e-04   2.691685e-47   1800
  1.386692e+00   1.127395e-45   5.406913e-04   2.737340e-47   1700
  1.388481e+00   1.241481e-45   4.868276e-04   2.631682e-47   2292
  1.390146e+00   1.134698e-45   4.519205e-04   2.624331e-47   1704
  1.391718e+00   1.185973e-45   5.053229e-04   2.727522e-47   1728
  1.393439e+00   1.175213e-45   4.676878e-04   2.850389e-47   1728
  1.395126e+00   1.093796e-45   4.672479e-04   2.677745e-47   1680
  1.396921e+00   1.206140e-45   5.382835e-04   2.892362e-47   1704
  1.398708e+00   1.259734e-45   4.227137e-04   3.070731e-47   1752
  1.400307e+00   1.181256e-45   5.025262e-04   2.731080e-47   1872
  1.402036e+00   1.200288e-45   4.925311e-04   3.007598e-47   1500
  1.403790e+00   1.244736e-45   4.312830e-04   2.843908e-47   1656
  1.405494e+00   1.190175e-45   4.624173e-04   3.132576e-47   1464
  1.407008e+00   1.225312e-45   4.050313e-04   3.395552e-47   1488
  1.408865e+00   1.261716e-45   4.888426e-04   2.994404e-47   1680
  1.410562e+00   1.202460e-45   5.107180e-04   3.091794e-47   1692
  1.412151e+00   1.219338e-45   4.890383e-04   3.561158e-47   1128
  1.413913e+00   1.267965e-45   4.709016e-04   3.338407e-47   1536
  1.415632e+00   1.215351e-45   4.908676e-04   2.962947e-47   1616
  1.417373e+00   1.273454e-45   4.733501e-04   3.438512e-47   1476
  1.419127e+00   1.235228e-45   5.209335e-04   3.525931e-47   1176
  1.420693e+00   1.272912e-45   5.596875e-04   3.043202e-47   1656
  1.422399e+00   1.177022e-45   4.916336e-04   4.029696e-47   891
  1.424157e+00   1.259895e-45   5.240858e-04   3.251942e-47   1596
  1.425870e+00   1.263230e-45   4.570168e-04   3.263116e-47   1422
  1.427560e+00   1.271420e-45   4.382484e-04   3.519339e-47   1254
  1.429149e+00   1.280648e-45   4.477206e-04   4.112209e-47   918
  1.430852e+00   1.286464e-45   4.900032e-04   3.245478e-47   1614
  1.432567e+00   1.260519e-45   4.232714e-04   4.343209e-47   798
  1.434273e+00   1.366053e-45   5.425837e-04   3.634736e-47   1458
  1.436002e+00   1.289546e-45   4.968256e-04   3.565421e-47   1374
  1.437711e+00   1.259300e-45   4.243221e-04   4.181914e-47   984
  1.439407e+00   1.327414e-45   5.838085e-04   4.087487e-47   1062
  1.441134e+00   1.253675e-45   4.948879e-04   3.557498e-47   1246
  1.442811e+00   1.251139e-45   4.588833e-04   3.796101e-47   1072
  1.444603e+00   1.308186e-45   4.969413e-04   3.583678e-47   1110
  1.446258e+00   1.265861e-45   5.383636e-04   4.068629e-47   1254
  1.447998e+00   1.302244e-45   5.109355e-04   4.287909e-47   1032
  1.449895e+00   1.329958e-45   4.733780e-04   4.722807e-47   786
  1.451337e+00   1.344656e-45   4.853147e-04   3.807522e-47   1152
  1.453026e+00   1.346567e-45   5.289446e-04   4.227936e-47   1086
  1.454785e+00   1.322758e-45   4.772261e-04   4.369800e-47   912
  1.456411e+00   1.345073e-45   4.783749e-04   4.081839e-47   1062
  1.458071e+00   1.354791e-45   4.768243e-04   4.204148e-47   912
  1.459989e+00   1.304533e-45   5.322923e-04   4.951013e-47   750
  1.461484e+00   1.370718e-45   5.128675e-04   4.282470e-47   1200
  1.463214e+00   1.372506e-45   4.644419e-04   4.712224e-47   918
  1.464934e+00   1.303145e-45   4.820751e-04   4.373699e-47   876
  1.466681e+00   1.362229e-45   4.212369e-04   4.165680e-47   870
  1.468211e+00   1.429473e-45   4.913058e-04   5.035672e-47   768
  1.470005e+00   1.427128e-45   4.503077e-04   5.120527e-47   830
  1.471666e+00   1.454784e-45   4.662337e-04   4.506048e-47   1080
  1.473387e+00   1.468042e-45   5.245740e-04   5.103715e-47   840
  1.475121e+00   1.432070e-45   5.051070e-04   4.962336e-47   798
  1.477088e+00   1.516205e-45   4.009113e-04   5.886067e-47   792
  1.478613e+00   1.525822e-45   4.675924e-04   5.385591e-47   726
  1.480213e+00   1.472056e-45   5.239634e-04   4.984674e-47   864
  1.481966e+00   1.413741e-45   4.485006e-04   4.782045e-47   900
  1.483743e+00   1.524042e-45   4.984474e-04   5.538548e-47   726
  1.485268e+00   1.364192e-45   4.313846e-04   5.588955e-47   576
  1.487302e+00   1.489315e-45   4.489324e-04   5.266773e-47   840
  1.488733e+00   1.390350e-45   4.660199e-04   5.019458e-47   750
  1.490428e+00   1.424817e-45   4.674350e-04   5.481496e-47   720
  1.492027e+00   1.436766e-45   4.728813e-04   5.300360e-47   702
  1.493895e+00   1.424443e-45   5.164499e-04   5.121162e-47   696
  1.495432e+00   1.677498e-45   4.618675e-04   7.449324e-47   480
  1.497243e+00   1.595672e-45   4.376385e-04   6.392771e-47   830
  1.498847e+00   1.300066e-45   5.091155e-04   4.568234e-47   756
  1.500643e+00   1.315652e-45   4.888404e-04   5.844011e-47   624
  1.502229e+00   1.446257e-45   5.165284e-04   6.166633e-47   582
  1.504104e+00   1.634413e-45   3.964472e-04   7.121847e-47   576
  1.505725e+00   1.434986e-45   5.309724e-04   5.607202e-47   624
  1.507388e+00   1.500928e-45   4.336450e-04   6.176850e-47   702
  1.509034e+00   1.384162e-45   4.988077e-04   6.074372e-47   624
  1.510988e+00   1.561048e-45   4.825630e-04   5.803349e-47   672
  1.512580e+00   1.880881e-45   3.612436e-04   1.094041e-46   342
  1.514329e+00   1.528056e-45   4.516021e-04   5.684361e-47   660
  1.515937e+00   1.517571e-45   4.642274e-04   6.617159e-47   576
  1.517597e+00   1.579039e-45   4.513226e-04   6.845320e-47   600
  1.519276e+00   1.529203e-45   5.220166e-04   6.064322e-47   510
  1.521163e+00   1.591679e-45   4.890514e-04   6.249281e-47   600
  1.522619e+00   1.389574e-45   3.895108e-04   9.825000e-47   216
  1.524315e+00   1.542763e-45   4.741021e-04   5.756655e-47   758
  1.526291e+00   1.638573e-45   5.190411e-04   7.478536e-47   576
  1.528024e+00   1.508294e-45   4.406517e-04   6.405201e-47   528
  1.529587e+00   1.543676e-45   3.034519e-04   8.490591e-47   318
  1.531266e+00   1.650976e-45   5.242157e-04   7.654568e-47   540
  1.533252e+00   1.442510e-45   3.706126e-04   6.943408e-47   384
  1.534598e+00   1.861795e-45   5.120576e-04   7.899700e-47   576
  1.536349e+00   1.532032e-45   4.184460e-04   7.337854e-47   414
  1.538006e+00   1.433445e-45   4.672675e-04   5.373444e-47   504
  1.539775e+00   1.460134e-45   5.129507e-04   8.605557e-47   312
  1.541474e+00   1.346617e-45   4.647396e-04   6.409808e-47   414
  1.543160e+00   1.488220e-45   4.293448e-04   6.964821e-47   432
  1.544729e+00   1.713931e-45   5.686055e-04   7.153093e-47   504
  1.546545e+00   1.688643e-45   5.476310e-04   7.343461e-47   432
  1.548245e+00   1.513046e-45   4.485920e-04   7.643462e-47   354
  1.549977e+00   1.825968e-45   6.527560e-04   1.071471e-46   200
  1.551463e+00   1.701866e-45   4.631515e-04   8.089040e-47   480
  1.553470e+00   1.474743e-45   5.292520e-04   6.075922e-47   552
  1.555311e+00   1.749704e-45   3.296817e-04   8.878468e-47   366
  1.556730e+00   1.606071e-45   3.509628e-04   9.945851e-47   240
  1.558291e+00   1.632620e-45   4.906603e-04   9.382569e-47   288
  1.560489e+00   1.777288e-45   3.372103e-04   8.819063e-47   366
  1.561910e+00   1.540597e-45   5.467244e-04   7.111206e-47   408
  1.563496e+00   1.668392e-45   4.109956e-04   8.523417e-47   360
  1.565137e+00   1.694094e-45   3.831167e-04   9.423555e-47   324
  1.566729e+00   1.704736e-45   4.524730e-04   1.446478e-46   174
  1.568624e+00   1.528001e-45   5.198279e-04   9.577123e-47   264
  1.570404e+00   1.807296e-45   4.741086e-04   7.982028e-47   456
  1.572178e+00   1.567415e-45   4.767346e-04   8.315322e-47   360
  1.573637e+00   1.757266e-45   5.251690e-04   9.514505e-47   270
  1.575423e+00   1.749212e-45   5.743787e-04   1.092654e-46   240
  1.577661e+00   1.530302e-45   4.185669e-04   1.465374e-46   120
  1.578762e+00   1.700281e-45   4.369696e-04   1.058172e-46   320
  1.580538e+00   1.742282e-45   5.406748e-04   7.646232e-47   462
  1.582398e+00   1.745426e-45   3.145683e-04   1.119641e-46   276
  1.584014e+00   1.719648e-45   3.568730e-04   1.634533e-46   144
  1.585571e+00   1.420863e-45   3.747862e-04   1.331893e-46   120
  1.587640e+00   1.599850e-45   2.838118e-04   9.449232e-47   294
  1.589204e+00   1.777742e-45   5.034972e-04   9.247044e-47   384
  1.590663e+00   1.892256e-45   3.333119e-04   1.304476e-46   216
  1.592060e+00   1.619171e-45   3.095363e-04   1.226833e-46   168
  1.593638e+00   1.733262e-45   3.682988e-04   1.755411e-46   102
  1.595919e+00   1.637651e-45   5.587821e-04   1.315830e-46   168
  1.597518e+00   1.819448e-45   4.890688e-04   8.495631e-47   384
  1.599271e+00   1.810445e-45   4.969061e-04   1.131977e-46   300
  1.600903e+00   1.727051e-45   5.320788e-04   1.435475e-46   144
  1.602742e+00   2.148075e-45   5.449239e-04   2.202949e-46   102
  1.604949e+00   1.373404e-45   1.289956e-04   2.125853e-46   56
  1.606006e+00   1.788225e-45   4.199761e-04   9.352333e-47   288
  1.607665e+00   1.647512e-45   5.465449e-04   8.730066e-47   360
  1.609470e+00   1.627896e-45   2.931840e-04   1.235876e-46   126
  1.610992e+00   1.932613e-45   1.443964e-04   1.973505e-46   72
  1.612650e+00   2.101652e-45   7.650143e-05   3.852053e-46   48
  1.614814e+00   1.791293e-45   3.094846e-04   1.291239e-46   240
  1.616236e+00   1.901427e-45   4.591937e-04   1.187937e-46   306
  1.617691e+00   1.567283e-45   2.552095e-04   1.303736e-46   120
  1.619368e+00   1.916216e-45   6.281048e-04   1.621684e-46   96
  1.620587e+00   1.098798e-45   0.000000e+00   1.436244e-46   24
  1.623325e+00   1.840282e-45   5.439228e-04   1.505101e-46   120
  1.624667e+00   1.944728e-45   4.703935e-04   1.190183e-46   318
  1.626308e+00   1.637735e-45   5.026794e-04   1.307905e-46   168
  1.628106e+00   1.604639e-45   5.394313e-04   1.368513e-46   72
  1.630075e+00   1.385543e-45   0.000000e+00   2.347297e-46   24
  1.632193e+00   8.422483e-46   2.618418e-04   1.247360e-46   14
  1.633200e+00   1.855408e-45   4.129830e-04   1.086569e-46   288
  1.634765e+00   2.096528e-45   4.968411e-04   1.400920e-46   204
  1.636571e+00   1.931203e-45   7.538327e-05   2.105333e-46   48
  1.638002e+00   2.120897e-45   0.000000e+00   4.042391e-46   24
  1.639659e+00   7.414316e-46   0.000000e+00   2.380389e-46   6
  1.642039e+00   1.980569e-45   3.087683e-04   1.179543e-46   216
  1.643266e+00   2.040662e-45   4.111948e-04   1.245344e-46   192
  1.644767e+00   1.792261e-45   7.500762e-05   2.242267e-46   48
  1.646341e+00   2.169752e-45   5.993235e-04   3.844856e-46   30
  1.650794e+00   2.452242e-45   1.239342e-04   2.091327e-46   96
  1.651708e+00   1.631756e-45   4.061000e-04   1.072145e-46   228
  1.653445e+00   2.356170e-45   5.310492e-04   2.386710e-46   72
  1.655533e+00   2.029591e-45   0.000000e+00   7.995215e-46   6
  1.660288e+00   1.797900e-45   4.009709e-04   1.151248e-46   248
  1.661805e+00   1.820728e-45   4.589321e-04   1.571959e-46   72
  1.663636e+00   1.368367e-45   2.543132e-08   4.982096e-46   6
  1.669168e+00   1.910590e-45   2.849355e-04   1.470955e-46   180
  1.670272e+00   2.052656e-45   3.876996e-04   3.767748e-46   72
  1.671847e+00   1.126301e-45   0.000000e+00   3.116718e-46   6
  1.677997e+00   1.806455e-45   1.219250e-04   1.829251e-46   96
  1.678732e+00   2.202371e-45   3.347351e-04   2.231854e-46   96
  1.680165e+00   2.107177e-45   0.000000e+00   6.057225e-46   6
  1.687272e+00   2.028007e-45   3.203674e-04   1.617400e-46   140
  1.688588e+00   3.189237e-45   0.000000e+00   9.485776e-46   6
  1.696205e+00   2.112587e-45   2.151411e-04   2.195242e-46   96
  1.697114e+00   5.033691e-46   0.000000e+00   2.902949e-47   6
  1.705164e+00   2.221573e-45   1.294251e-04   2.611090e-46   60
  1.705743e+00   1.365319e-45   0.000000e+00   2.784799e-46   6
  1.714199e+00   3.080249e-45   1.312104e-04   3.923440e-46   38
  1.723205e+00   1.945199e-45   6.749794e-05   2.557747e-46   18
  1.732226e+00   6.505341e-46   2.543132e-08   1.687739e-46   6
