# power spectrum of pi_k
# redshift z=9.973151
# k              Pk             sigma(k)       sigma(Pk)      count
  1.570796e-02   1.307131e-13   0.000000e+00   5.268819e-14   6
  2.221441e-02   5.938636e-14   0.000000e+00   1.185487e-14   12
  2.720699e-02   3.647864e-14   2.980232e-10   7.423255e-15   8
  3.141593e-02   1.024875e-13   0.000000e+00   1.102840e-14   6
  3.512407e-02   6.192056e-14   5.619580e-10   1.973972e-14   24
  3.847649e-02   7.866306e-14   5.619580e-10   1.325281e-14   24
  4.442883e-02   2.929169e-14   0.000000e+00   1.318413e-14   12
  4.712389e-02   3.180499e-14   6.357829e-10   5.858877e-15   30
  4.967294e-02   3.762672e-14   0.000000e+00   8.292225e-15   24
  5.209742e-02   3.280406e-14   9.733398e-10   8.131579e-15   24
  5.441398e-02   3.688233e-14   5.960464e-10   7.476152e-15   8
  5.663587e-02   3.022158e-14   7.947286e-10   3.754573e-15   24
  5.877382e-02   2.764143e-14   0.000000e+00   3.884363e-15   48
  6.283185e-02   3.111942e-14   0.000000e+00   1.368258e-14   6
  6.476559e-02   2.438208e-14   7.947286e-10   3.423687e-15   48
  6.664324e-02   2.212505e-14   7.492773e-10   2.300961e-15   36
  6.846942e-02   3.117116e-14   7.947286e-10   6.518145e-15   24
  7.024815e-02   1.789614e-14   1.123916e-09   3.080896e-15   24
  7.198293e-02   1.568063e-14   0.000000e+00   2.132364e-15   48
  7.367688e-02   2.381151e-14   1.123916e-09   3.389347e-15   24
  7.695299e-02   1.810057e-14   1.123916e-09   2.847210e-15   24
  7.853982e-02   1.207740e-14   0.000000e+00   1.976848e-15   30
  8.009521e-02   1.258557e-14   0.000000e+00   1.390054e-15   72
  8.162097e-02   1.197279e-14   1.192093e-09   2.437505e-15   32
  8.458997e-02   1.523524e-14   0.000000e+00   1.767125e-15   72
  8.603606e-02   9.050246e-15   0.000000e+00   1.323118e-15   48
  8.885766e-02   4.593379e-15   0.000000e+00   1.366340e-15   12
  9.023538e-02   8.874019e-15   0.000000e+00   1.330956e-15   48
  9.159238e-02   7.669035e-15   0.000000e+00   7.634035e-16   48
  9.292956e-02   9.956225e-15   1.123916e-09   1.255951e-15   48
  9.424778e-02   1.172263e-14   1.271566e-09   2.054925e-15   30
  9.554781e-02   1.015450e-14   0.000000e+00   2.283972e-15   24
  9.683039e-02   1.029177e-14   2.369423e-09   1.034748e-15   72
  9.934588e-02   5.866710e-15   0.000000e+00   1.113621e-15   24
  1.005800e-01   8.849628e-15   0.000000e+00   8.768323e-16   96
  1.017992e-01   6.717712e-15   0.000000e+00   8.920525e-16   48
  1.030040e-01   5.536526e-15   1.946680e-09   1.359978e-15   24
  1.041948e-01   3.955464e-15   1.946680e-09   8.122514e-16   24
  1.053722e-01   9.358183e-15   0.000000e+00   1.142494e-15   72
  1.065366e-01   6.913049e-15   0.000000e+00   1.064194e-15   48
  1.088280e-01   5.911385e-15   1.192093e-09   1.764601e-15   8
  1.099557e-01   8.570952e-15   1.412851e-09   1.022851e-15   54
  1.110721e-01   5.738145e-15   0.000000e+00   1.003565e-15   84
  1.121773e-01   6.245848e-15   0.000000e+00   8.960195e-16   48
  1.132717e-01   3.853368e-15   1.589457e-09   6.873985e-16   24
  1.143557e-01   5.085434e-15   2.119276e-09   6.034528e-16   72
  1.154295e-01   6.644708e-15   0.000000e+00   7.563960e-16   96
  1.175476e-01   8.923366e-15   0.000000e+00   9.732556e-16   48
  1.185925e-01   4.845506e-15   0.000000e+00   4.540592e-16   48
  1.196283e-01   4.174692e-15   0.000000e+00   8.122429e-16   24
  1.206552e-01   4.718423e-15   0.000000e+00   5.080281e-16   72
  1.226831e-01   4.837459e-15   0.000000e+00   5.725063e-16   72
  1.236846e-01   4.677002e-15   0.000000e+00   5.331102e-16   96
  1.256637e-01   6.316748e-15   0.000000e+00   2.776099e-15   6
  1.266416e-01   5.171365e-15   0.000000e+00   5.006580e-16   96
  1.276121e-01   5.264294e-15   1.589457e-09   5.626266e-16   96
  1.285752e-01   3.512158e-15   0.000000e+00   8.350736e-16   24
  1.295312e-01   3.863522e-15   1.589457e-09   4.813601e-16   48
  1.304801e-01   3.856613e-15   0.000000e+00   3.898129e-16   96
  1.314222e-01   4.462193e-15   0.000000e+00   6.010940e-16   48
  1.332865e-01   3.869356e-15   1.498555e-09   7.261158e-16   36
  1.342089e-01   3.850204e-15   2.753021e-09   4.861239e-16   48
  1.351250e-01   4.214283e-15   3.114687e-09   3.782931e-16   120
  1.360350e-01   3.736818e-15   0.000000e+00   4.933982e-16   56
  1.369388e-01   2.074192e-15   1.589457e-09   3.629373e-16   24
  1.378368e-01   2.968906e-15   0.000000e+00   2.641702e-16   96
  1.387290e-01   3.108358e-15   0.000000e+00   4.011086e-16   48
  1.404963e-01   3.679281e-15   2.247832e-09   6.824836e-16   24
  1.413717e-01   3.964344e-15   0.000000e+00   3.966572e-16   102
  1.422417e-01   4.036292e-15   1.589457e-09   6.084608e-16   48
  1.431064e-01   3.660469e-15   0.000000e+00   3.647042e-16   72
  1.439659e-01   3.295900e-15   0.000000e+00   3.329268e-16   48
  1.448203e-01   3.487816e-15   0.000000e+00   6.462003e-16   48
  1.456697e-01   2.943853e-15   3.596531e-09   2.587262e-16   120
  1.473538e-01   4.555240e-15   2.247832e-09   7.624999e-16   24
  1.481886e-01   2.601788e-15   2.119276e-09   2.189014e-16   144
  1.490188e-01   2.639848e-15   2.543132e-09   2.538110e-16   120
  1.498444e-01   2.026909e-15   2.247832e-09   2.840094e-16   48
  1.514821e-01   2.973129e-15   2.247832e-09   3.965065e-16   48
  1.522944e-01   2.395702e-15   2.247832e-09   2.500002e-16   96
  1.544390e-01   3.077493e-15   3.768959e-04   3.778536e-16   72
  1.555009e-01   2.231685e-15   1.998073e-09   1.704045e-16   108
  1.562923e-01   2.617424e-15   0.000000e+00   2.804509e-16   72
  1.570796e-01   1.569252e-15   0.000000e+00   2.918784e-16   30
  1.578631e-01   2.611157e-15   0.000000e+00   2.074847e-16   168
  1.586427e-01   2.547120e-15   0.000000e+00   2.779958e-16   48
  1.601904e-01   1.719456e-15   0.000000e+00   2.014977e-16   72
  1.609587e-01   2.230702e-15   0.000000e+00   2.149980e-16   96
  1.617234e-01   2.167056e-15   4.238553e-09   3.328758e-16   72
  1.624844e-01   2.521201e-15   0.000000e+00   2.673184e-16   72
  1.637639e-01   2.219502e-15   3.480039e-04   1.626023e-16   104
  1.647465e-01   2.089986e-15   2.997109e-09   1.524280e-16   144
  1.669779e-01   1.420624e-15   5.026305e-09   1.334523e-16   96
  1.677152e-01   1.556105e-15   0.000000e+00   1.608054e-16   96
  1.688876e-01   2.094436e-15   3.580185e-04   1.948743e-16   120
  1.699076e-01   1.724665e-15   0.000000e+00   1.568858e-16   120
  1.706322e-01   2.053416e-15   0.000000e+00   2.225736e-16   72
  1.720721e-01   2.018262e-15   0.000000e+00   2.673206e-16   48
  1.727876e-01   2.145512e-15   3.912510e-09   2.448051e-16   78
  1.737029e-01   2.208396e-15   3.205713e-04   1.746430e-16   168
  1.756204e-01   2.004414e-15   3.670694e-09   1.731798e-16   144
  1.763215e-01   2.055224e-15   2.997109e-09   1.466298e-16   144
  1.783549e-01   1.825848e-15   1.846233e-04   1.552560e-16   156
  1.790983e-01   1.323850e-15   3.893359e-09   2.466474e-16   48
  1.797859e-01   1.633936e-15   2.543132e-09   1.602828e-16   120
  1.804708e-01   1.167401e-15   0.000000e+00   1.229212e-16   48
  1.816818e-01   1.722837e-15   2.825996e-04   1.169351e-16   216
  1.831848e-01   1.515947e-15   0.000000e+00   1.871996e-16   48
  1.838570e-01   1.388809e-15   2.247832e-09   1.221689e-16   96
  1.848128e-01   1.577075e-15   3.302618e-04   1.385024e-16   168
  1.858591e-01   1.255694e-15   2.247832e-09   1.796104e-16   48
  1.865217e-01   1.647673e-15   0.000000e+00   1.644257e-16   96
  1.871820e-01   1.585580e-15   0.000000e+00   2.886201e-16   48
  1.884956e-01   1.823137e-15   2.543132e-09   1.816580e-16   30
  1.891489e-01   1.150213e-15   0.000000e+00   9.340117e-17   96
  1.899298e-01   1.412395e-15   2.595564e-04   9.569806e-17   240
  1.909339e-01   1.933639e-15   2.800239e-04   2.664129e-16   32
  1.917401e-01   1.091840e-15   0.000000e+00   8.091386e-17   168
  1.923825e-01   1.290214e-15   0.000000e+00   1.264744e-16   120
  1.936608e-01   1.011565e-15   4.738846e-09   1.136829e-16   72
  1.942968e-01   1.643285e-15   2.119276e-09   1.509577e-16   144
  1.949307e-01   1.171847e-15   0.000000e+00   1.199127e-16   96
  1.955626e-01   1.541427e-15   0.000000e+00   1.233967e-16   96
  1.968202e-01   1.491711e-15   0.000000e+00   1.798879e-16   72
  1.974460e-01   1.248586e-15   3.178914e-09   1.209906e-16   96
  1.986918e-01   1.195763e-15   0.000000e+00   2.202032e-16   24
  1.993117e-01   1.383276e-15   0.000000e+00   1.021103e-16   192
  2.000418e-01   1.301921e-15   2.376333e-04   9.600387e-17   132
  2.011601e-01   1.380044e-15   0.000000e+00   1.247669e-16   96
  2.017724e-01   1.004474e-15   0.000000e+00   1.012509e-16   96
  2.023829e-01   1.308846e-15   2.543132e-09   1.115608e-16   120
  2.035985e-01   1.366053e-15   0.000000e+00   1.876525e-16   48
  2.045948e-01   8.734595e-16   2.879924e-04   5.721779e-17   222
  2.054083e-01   1.124318e-15   0.000000e+00   1.064536e-16   120
  2.060080e-01   1.252772e-15   3.893359e-09   2.524393e-16   24
  2.068812e-01   1.297625e-15   2.972500e-04   6.867228e-17   312
  2.087838e-01   1.400050e-15   2.786838e-04   1.559295e-16   72
  2.095704e-01   9.681446e-16   3.893359e-09   1.305449e-16   96
  2.103781e-01   1.169437e-15   2.838009e-04   8.841317e-17   192
  2.113290e-01   1.084014e-15   3.596531e-09   1.099551e-16   120
  2.119120e-01   1.073229e-15   0.000000e+00   1.102494e-16   144
  2.130732e-01   9.458027e-16   0.000000e+00   1.354648e-16   48
  2.138985e-01   9.298132e-16   2.853717e-04   5.414197e-17   336
  2.148032e-01   1.043521e-15   0.000000e+00   1.427790e-16   48
  2.159488e-01   9.315275e-16   0.000000e+00   8.147486e-17   192
  2.165193e-01   1.003197e-15   0.000000e+00   1.225949e-16   48
  2.181411e-01   9.851885e-16   1.980854e-04   1.192706e-16   56
  2.189475e-01   9.508808e-16   2.544090e-04   5.260388e-17   336
  2.199115e-01   9.365673e-16   2.825702e-09   1.333528e-16   54
  2.207512e-01   8.438557e-16   2.794324e-04   5.181511e-17   240
  2.224945e-01   8.350993e-16   2.675587e-04   6.183542e-17   228
  2.232521e-01   9.879640e-16   2.997109e-09   1.261874e-16   72
  2.239875e-01   9.716167e-16   2.595385e-04   7.214231e-17   144
  2.249038e-01   7.825803e-16   0.000000e+00   7.637048e-17   96
  2.254517e-01   8.044877e-16   3.596531e-09   5.045082e-17   240
  2.265435e-01   7.210497e-16   3.178914e-09   1.385589e-16   24
  2.272424e-01   8.417243e-16   2.451321e-04   5.014452e-17   336
  2.281713e-01   7.890361e-16   0.000000e+00   9.287390e-17   72
  2.290193e-01   9.326325e-16   2.666265e-04   6.731573e-17   168
  2.297877e-01   6.093653e-16   0.000000e+00   5.392865e-17   72
  2.308590e-01   9.321445e-16   0.000000e+00   8.544848e-17   96
  2.316886e-01   7.924465e-16   2.646263e-04   5.636991e-17   216
  2.324566e-01   5.946729e-16   0.000000e+00   4.425819e-17   96
  2.335157e-01   7.197275e-16   3.178914e-09   4.842909e-17   192
  2.340434e-01   7.031653e-16   2.997109e-09   5.484129e-17   144
  2.350953e-01   7.418614e-16   0.000000e+00   9.607131e-17   48
  2.358236e-01   7.619150e-16   2.551309e-04   5.173008e-17   246
  2.368131e-01   9.280209e-16   2.352347e-04   7.186779e-17   168
  2.377046e-01   7.229837e-16   6.229375e-09   7.218602e-17   120
  2.382231e-01   6.015819e-16   0.000000e+00   4.111229e-17   240
  2.392566e-01   4.247333e-16   0.000000e+00   8.626838e-17   24
  2.400800e-01   6.814804e-16   2.517980e-04   4.254639e-17   360
  2.411056e-01   6.304425e-16   2.507265e-04   4.694827e-17   120
  2.418210e-01   7.403219e-16   0.000000e+00   5.945638e-17   144
  2.423307e-01   7.240202e-16   0.000000e+00   6.390101e-17   96
  2.438532e-01   6.883425e-16   0.000000e+00   5.528312e-17   144
  2.443586e-01   7.364689e-16   0.000000e+00   6.288774e-17   132
  2.450688e-01   6.672404e-16   2.474633e-04   4.885762e-17   176
  2.460999e-01   6.566809e-16   2.498881e-04   3.339429e-17   312
  2.473693e-01   9.247281e-16   0.000000e+00   1.406997e-16   96
  2.478675e-01   6.232799e-16   0.000000e+00   5.438377e-17   144
  2.486319e-01   6.533707e-16   2.473817e-04   3.629872e-17   312
  2.498505e-01   7.630116e-16   0.000000e+00   7.564246e-17   48
  2.503437e-01   5.678588e-16   3.178914e-09   4.236430e-17   192
  2.513274e-01   1.880606e-16   0.000000e+00   5.795972e-17   6
  2.519810e-01   5.413094e-16   2.307253e-04   2.979346e-17   288
  2.530395e-01   5.214014e-16   2.437763e-04   3.702190e-17   192
  2.537699e-01   4.965699e-16   7.476104e-09   3.178409e-17   216
  2.542556e-01   6.236685e-16   0.000000e+00   8.463440e-17   72
  2.554657e-01   5.073411e-16   2.414611e-04   3.911071e-17   192
  2.562693e-01   6.605705e-16   1.792979e-04   3.902231e-17   288
  2.571504e-01   5.656293e-16   0.000000e+00   1.091947e-16   24
  2.578312e-01   6.065336e-16   2.362101e-04   2.624311e-17   456
  2.590624e-01   3.839405e-16   0.000000e+00   5.645109e-17   48
  2.598231e-01   5.471047e-16   2.326575e-04   4.009283e-17   240
  2.606974e-01   6.120393e-16   2.351266e-04   3.903733e-17   216
  2.614326e-01   4.802713e-16   0.000000e+00   5.890430e-17   72
  2.619041e-01   4.976502e-16   8.123736e-09   3.924502e-17   168
  2.632353e-01   5.756744e-16   1.747662e-04   3.485581e-17   288
  2.639818e-01   5.613222e-16   2.312456e-04   3.851844e-17   168
  2.651809e-01   6.321121e-16   0.000000e+00   4.369940e-17   192
  2.656458e-01   5.057695e-16   2.997109e-09   3.592424e-17   144
  2.665730e-01   6.206129e-16   2.997109e-09   7.708049e-17   36
  2.673593e-01   4.188588e-16   2.111764e-04   2.145272e-17   342
  2.681111e-01   4.946903e-16   2.168525e-04   3.747496e-17   144
  2.690776e-01   4.687606e-16   2.274240e-04   2.405301e-17   384
  2.702500e-01   5.474238e-16   6.229375e-09   4.980892e-17   120
  2.708303e-01   5.478136e-16   2.027960e-04   3.397326e-17   264
  2.716161e-01   4.665379e-16   1.005261e-08   3.399323e-17   192
  2.723561e-01   5.116989e-16   2.185515e-04   3.902582e-17   152
  2.729753e-01   4.652204e-16   5.994218e-09   4.199069e-17   144
  2.742778e-01   3.876704e-16   1.414487e-04   2.836406e-17   216
  2.748807e-01   4.989960e-16   1.890132e-04   2.722127e-17   312
  2.759419e-01   4.273171e-16   2.190625e-04   2.373564e-17   240
  2.765672e-01   5.137663e-16   3.178914e-09   5.316682e-17   96
  2.777541e-01   4.626850e-16   2.094396e-04   3.728967e-17   144
  2.784857e-01   4.405192e-16   2.058607e-04   2.123577e-17   456
  2.796723e-01   3.510838e-16   0.000000e+00   2.292412e-17   120
  2.801131e-01   3.807097e-16   0.000000e+00   3.496038e-17   144
  2.809926e-01   2.836233e-16   4.495664e-09   4.685448e-17   24
  2.815564e-01   4.367522e-16   1.978798e-04   2.203739e-17   336
  2.825316e-01   4.064614e-16   2.182345e-04   3.195687e-17   198
  2.834454e-01   3.997249e-16   2.122205e-04   2.091148e-17   432
  2.844833e-01   4.132440e-16   6.357829e-09   4.200546e-17   48
  2.850248e-01   4.606819e-16   1.873540e-04   2.378065e-17   384
  2.859970e-01   4.393943e-16   2.156842e-04   3.611824e-17   144
  2.868780e-01   4.258019e-16   2.141460e-04   2.442523e-17   264
  2.879317e-01   3.401484e-16   0.000000e+00   3.268131e-17   48
  2.886387e-01   3.967708e-16   2.036179e-04   2.392336e-17   276
  2.893208e-01   3.516897e-16   1.845741e-04   2.895089e-17   192
  2.902325e-01   3.692730e-16   2.074207e-04   1.550749e-17   552
  2.913393e-01   2.577503e-16   5.086263e-09   2.260322e-17   120
  2.919972e-01   4.015208e-16   2.099609e-04   2.706276e-17   216
  2.926069e-01   3.529266e-16   5.086263e-09   2.766137e-17   120
  2.936961e-01   4.052026e-16   2.067600e-04   2.070460e-17   408
  2.947075e-01   3.737065e-16   4.495664e-09   5.001966e-17   24
  2.953347e-01   3.257964e-16   2.088648e-04   1.826756e-17   384
  2.962106e-01   3.218453e-16   2.040684e-04   2.227052e-17   240
  2.969712e-01   3.128013e-16   2.055628e-04   2.126994e-17   168
  2.980376e-01   2.795284e-16   0.000000e+00   2.703789e-17   120
  2.987251e-01   3.372154e-16   2.142884e-04   1.705416e-17   350
  2.998430e-01   3.323970e-16   3.527601e-04   1.737406e-17   384
  3.005110e-01   3.573511e-16   0.000000e+00   3.209150e-17   144
  3.017401e-01   2.827005e-16   4.238553e-09   1.638417e-17   288
  3.023819e-01   2.929612e-16   2.019242e-04   1.401899e-17   336
  3.032549e-01   3.549196e-16   1.838353e-04   2.600798e-17   168
  3.037776e-01   3.119764e-16   1.204945e-08   1.842146e-17   336
  3.048586e-01   2.787137e-16   1.908100e-04   1.710392e-17   288
  3.055078e-01   2.834594e-16   1.797918e-04   1.729673e-17   264
  3.066072e-01   3.073632e-16   0.000000e+00   1.908689e-17   240
  3.070093e-01   3.013311e-16   0.000000e+00   2.509323e-17   96
  3.084525e-01   3.252710e-16   2.445048e-04   1.647405e-17   360
  3.091260e-01   3.161379e-16   1.802420e-04   2.647512e-17   168
  3.099770e-01   3.058967e-16   1.964825e-04   1.347111e-17   456
  3.110018e-01   2.790008e-16   5.651403e-09   2.513287e-17   108
  3.115782e-01   2.924152e-16   1.971449e-04   2.105551e-17   264
  3.122973e-01   2.735313e-16   1.758853e-04   1.732561e-17   264
  3.132820e-01   3.102150e-16   1.659735e-04   1.875490e-17   312
  3.145081e-01   3.023334e-16   1.233364e-04   1.925376e-17   270
  3.150220e-01   2.759134e-16   1.565911e-04   1.886589e-17   240
  3.159458e-01   2.807609e-16   1.937229e-04   1.358900e-17   384
  3.165067e-01   2.411041e-16   6.357829e-09   1.607827e-17   192
  3.175962e-01   2.912603e-16   1.554368e-04   2.054993e-17   240
  3.182281e-01   2.712576e-16   1.918342e-04   1.447345e-17   336
  3.194167e-01   2.802244e-16   1.931178e-04   1.248227e-17   480
  3.203808e-01   2.794772e-16   4.238553e-09   3.271375e-17   72
  3.209194e-01   2.843443e-16   1.883074e-04   1.779048e-17   240
  3.216520e-01   2.521218e-16   1.769831e-04   1.469560e-17   312
  3.224917e-01   2.395262e-16   1.912763e-04   1.660947e-17   240
  3.237607e-01   2.608737e-16   1.453205e-04   1.266108e-17   408
  3.242630e-01   2.448300e-16   1.330785e-04   1.405621e-17   336
  3.252448e-01   2.567596e-16   1.689770e-04   1.830258e-17   264
  3.257273e-01   3.099302e-16   0.000000e+00   2.576715e-17   144
  3.270696e-01   2.509510e-16   2.342121e-04   1.187047e-17   464
  3.277768e-01   1.932310e-16   1.862466e-04   1.381037e-17   168
  3.284751e-01   3.081122e-16   1.696301e-04   1.628864e-17   336
  3.297371e-01   2.385361e-16   1.782296e-04   1.202298e-17   414
  3.304484e-01   2.649217e-16   1.855264e-04   1.658409e-17   216
  3.313598e-01   2.356772e-16   4.495664e-09   2.339503e-17   96
  3.317320e-01   2.326886e-16   1.101208e-08   1.049531e-17   384
  3.330355e-01   2.453769e-16   1.851680e-04   1.215218e-17   492
  3.337341e-01   1.913924e-16   1.810784e-04   1.162406e-17   240
  3.345237e-01   1.934104e-16   1.838580e-04   1.103507e-17   312
  3.356141e-01   2.367392e-16   1.837975e-04   1.869795e-17   192
  3.363048e-01   2.320654e-16   1.781220e-04   1.050355e-17   504
  3.372212e-01   2.202624e-16   1.179198e-04   1.108150e-17   408
  3.379427e-01   2.523318e-16   3.612619e-04   1.973990e-17   168
  3.388456e-01   1.988531e-16   1.716026e-04   1.271209e-17   288
  3.396033e-01   2.046731e-16   1.790820e-04   1.366420e-17   288
  3.403794e-01   2.221820e-16   1.801128e-04   1.084866e-17   432
  3.415052e-01   2.316439e-16   1.703267e-04   1.549703e-17   216
  3.421068e-01   2.135791e-16   1.699674e-04   1.012942e-17   360
  3.431777e-01   2.263235e-16   1.658865e-04   1.274836e-17   312
  3.441442e-01   2.382489e-16   0.000000e+00   3.764328e-17   48
  3.447014e-01   2.059307e-16   1.778543e-04   1.021989e-17   432
  3.456992e-01   1.920787e-16   2.966627e-04   8.951657e-18   414
  3.462885e-01   1.948152e-16   6.776666e-09   1.084320e-17   312
  3.473878e-01   2.103939e-16   2.603051e-04   8.851288e-18   528
  3.481296e-01   2.089587e-16   1.366381e-04   1.301033e-17   264
  3.490209e-01   1.885450e-16   1.620153e-04   9.311013e-18   480
  3.501854e-01   1.925445e-16   0.000000e+00   1.018728e-17   288
  3.506883e-01   2.004565e-16   1.740804e-04   1.637398e-17   168
  3.516084e-01   1.937837e-16   2.755688e-04   8.084974e-18   504
  3.526429e-01   2.083525e-16   4.238553e-09   1.483651e-17   144
  3.532937e-01   1.808099e-16   1.769812e-04   8.299886e-18   464
  3.542716e-01   1.617924e-16   2.597299e-04   7.583661e-18   432
  3.547358e-01   2.107477e-16   4.495664e-09   1.466508e-17   192
  3.559351e-01   1.704386e-16   1.925466e-04   7.598884e-18   396
  3.566434e-01   1.804854e-16   1.729600e-04   1.079987e-17   288
  3.573592e-01   1.829192e-16   1.708549e-04   9.962045e-18   336
  3.585027e-01   1.685174e-16   1.081887e-04   7.295978e-18   432
  3.592283e-01   1.801054e-16   2.804101e-04   8.837549e-18   360
  3.600431e-01   1.775347e-16   1.658667e-04   8.523600e-18   384
  3.612003e-01   1.474131e-16   1.464092e-04   1.134717e-17   198
  3.617579e-01   1.704625e-16   1.664197e-04   6.522016e-18   552
  3.627976e-01   1.400590e-16   2.329761e-04   7.377708e-18   432
  3.636656e-01   1.828834e-16   8.899106e-09   1.375667e-17   168
  3.643942e-01   1.672317e-16   2.888052e-04   7.452652e-18   480
  3.653579e-01   1.245142e-16   0.000000e+00   1.130252e-17   120
  3.657917e-01   1.529367e-16   2.358836e-04   9.199393e-18   336
  3.668502e-01   1.657128e-16   1.664122e-04   5.795488e-18   672
  3.678969e-01   1.624398e-16   2.420693e-04   7.339460e-18   528
  3.683844e-01   1.533059e-16   7.266090e-09   9.754986e-18   168
  3.695106e-01   1.581487e-16   2.700266e-04   6.929492e-18   456
  3.701979e-01   1.749922e-16   1.649075e-04   1.561175e-17   168
  3.709113e-01   1.595896e-16   1.646115e-04   7.742409e-18   504
  3.720973e-01   1.497570e-16   2.118297e-04   8.305504e-18   336
  3.728144e-01   1.686226e-16   1.527042e-04   9.295476e-18   312
  3.736099e-01   1.582289e-16   1.492023e-04   6.936261e-18   504
  3.746568e-01   1.496808e-16   1.035207e-04   6.337984e-18   432
  3.751490e-01   1.360693e-16   1.599738e-04   7.832736e-18   312
  3.761721e-01   1.417637e-16   1.639809e-04   6.501530e-18   384
  3.772403e-01   1.604958e-16   1.393208e-04   1.483954e-17   126
  3.778999e-01   1.455627e-16   2.446141e-04   7.266360e-18   492
  3.787423e-01   1.475965e-16   1.566756e-04   6.055791e-18   528
  3.797950e-01   1.383168e-16   1.591488e-04   5.977694e-18   480
  3.804477e-01   1.454582e-16   2.198632e-04   6.726182e-18   432
  3.813922e-01   1.520270e-16   1.728933e-04   6.866304e-18   440
  3.824891e-01   1.332895e-16   8.597912e-05   7.684157e-18   312
  3.829007e-01   1.458537e-16   1.288469e-04   7.946640e-18   480
  3.837450e-01   1.323245e-16   2.522797e-04   6.826817e-18   408
  3.849786e-01   1.317454e-16   1.510870e-04   6.543340e-18   360
  3.854998e-01   1.283440e-16   1.457935e-04   6.396745e-18   408
  3.864656e-01   1.285217e-16   1.483633e-04   5.815983e-18   456
  3.875531e-01   1.355275e-16   1.417988e-04   7.996979e-18   264
  3.881567e-01   1.234075e-16   1.538873e-04   6.606705e-18   384
  3.890354e-01   1.296711e-16   2.590801e-04   5.095935e-18   672
  3.900512e-01   1.239946e-16   1.549634e-04   8.099436e-18   240
  3.906373e-01   1.297264e-16   1.572490e-04   7.513093e-18   264
  3.914646e-01   1.126506e-16   1.939407e-04   4.850071e-18   624
  3.926991e-01   1.378547e-16   0.000000e+00   1.061968e-17   150
  3.931386e-01   1.299752e-16   2.173259e-04   5.701577e-18   600
  3.940655e-01   1.109960e-16   1.499928e-04   4.633044e-18   672
  3.951151e-01   1.209164e-16   1.410788e-04   7.033603e-18   336
  3.956998e-01   1.217327e-16   1.534526e-04   6.089967e-18   408
  3.966340e-01   1.127023e-16   1.530911e-04   5.549389e-18   408
  3.976732e-01   1.064139e-16   7.741108e-05   5.440685e-18   360
  3.983137e-01   1.193663e-16   2.842286e-04   5.553212e-18   456
  3.990874e-01   1.095295e-16   1.545652e-04   4.947668e-18   384
  4.000722e-01   1.307357e-16   1.426833e-04   6.544936e-18   348
  4.006044e-01   1.112367e-16   1.759003e-04   4.625530e-18   576
  4.016040e-01   1.140681e-16   1.448308e-04   5.255498e-18   504
  4.026266e-01   1.100734e-16   2.042754e-04   5.037873e-18   432
  4.035193e-01   1.005735e-16   2.779157e-04   3.997223e-18   576
  4.041559e-01   1.075037e-16   0.000000e+00   6.219603e-18   264
  4.051657e-01   1.079214e-16   2.211515e-04   3.730044e-18   768
  4.060439e-01   1.268256e-16   2.977401e-04   8.500002e-18   240
  4.067421e-01   1.013085e-16   2.625786e-04   7.738697e-18   192
  4.077592e-01   1.006195e-16   1.932899e-04   4.191028e-18   504
  4.085134e-01   9.419743e-17   2.604655e-04   3.879943e-18   590
  4.092368e-01   9.698841e-17   2.918373e-04   4.795785e-18   384
  4.101438e-01   1.014061e-16   2.438900e-04   4.547612e-18   504
  4.112389e-01   1.059205e-16   2.347064e-04   3.888789e-18   648
  4.123011e-01   1.002386e-16   6.374317e-05   4.357816e-18   504
  4.127294e-01   1.031962e-16   1.454101e-04   5.293634e-18   312
  4.134855e-01   8.915558e-17   2.095003e-04   3.378168e-18   576
  4.145236e-01   9.385508e-17   1.457924e-04   5.880201e-18   240
  4.151287e-01   9.138383e-17   1.473162e-04   3.710728e-18   552
  4.159853e-01   9.920605e-17   1.383265e-04   3.940746e-18   600
  4.172054e-01   9.146760e-17   1.689549e-04   3.329407e-18   600
  4.179389e-01   1.001871e-16   2.705679e-04   5.909837e-18   312
  4.186695e-01   9.739491e-17   2.356379e-04   4.272212e-18   480
  4.195820e-01   9.952711e-17   1.470154e-04   4.027454e-18   576
  4.203854e-01   9.451110e-17   2.367268e-04   4.776478e-18   408
  4.210983e-01   9.513925e-17   2.761527e-04   5.875669e-18   216
  4.220194e-01   7.854073e-17   2.115019e-04   3.516378e-18   516
  4.230063e-01   9.381970e-17   2.017943e-04   3.676117e-18   744
  4.240243e-01   8.662732e-17   1.347808e-04   3.988489e-18   462
  4.245995e-01   9.277212e-17   1.369852e-04   4.524217e-18   432
  4.254918e-01   9.248803e-17   1.270838e-04   3.275748e-18   648
  4.265409e-01   9.288952e-17   1.859472e-04   3.832372e-18   528
  4.273836e-01   7.861994e-17   2.239269e-04   3.284028e-18   600
  4.282256e-01   7.809986e-17   2.823132e-04   5.927696e-18   240
  4.290411e-01   7.967030e-17   2.162492e-04   2.887106e-18   720
  4.299890e-01   8.979861e-17   1.710922e-04   3.169631e-18   720
  4.310398e-01   7.304399e-17   0.000000e+00   5.377061e-18   144
  4.315927e-01   7.640045e-17   2.205891e-04   2.731115e-18   720
  4.323793e-01   9.283202e-17   1.322696e-04   5.060974e-18   384
  4.333641e-01   7.941025e-17   1.466278e-04   3.061659e-18   672
  4.342984e-01   7.963739e-17   2.567292e-04   4.167531e-18   336
  4.347447e-01   8.903924e-17   0.000000e+00   5.427827e-18   288
  4.358374e-01   7.637020e-17   2.031840e-04   2.657190e-18   776
  4.368489e-01   8.345317e-17   1.738547e-04   3.163789e-18   720
  4.376985e-01   7.965134e-17   1.400528e-04   4.119470e-18   432
  4.383780e-01   7.664246e-17   1.996629e-04   4.086342e-18   504
  4.391339e-01   7.217922e-17   1.398922e-04   3.197766e-18   528
  4.401917e-01   7.597472e-17   1.905949e-04   3.522644e-18   438
  4.410618e-01   6.842652e-17   2.218350e-04   2.753568e-18   624
  4.417176e-01   7.975830e-17   2.717180e-04   4.331626e-18   312
  4.426191e-01   7.427759e-17   1.463948e-04   2.659458e-18   696
  4.435512e-01   7.123093e-17   1.324608e-04   3.022584e-18   552
  4.445207e-01   6.595397e-17   1.024805e-04   2.697376e-18   516
  4.451205e-01   6.870171e-17   2.046970e-04   2.806574e-18   528
  4.458506e-01   6.880556e-17   1.331200e-04   3.193020e-18   528
  4.468878e-01   6.883138e-17   1.755583e-04   2.429193e-18   864
  4.475918e-01   6.132373e-17   2.404788e-04   2.854793e-18   408
  4.482965e-01   6.703620e-17   2.382549e-04   4.492112e-18   192
  4.492953e-01   6.920232e-17   1.971674e-04   2.540554e-18   720
  4.501385e-01   6.049666e-17   1.817980e-04   2.144159e-18   696
  4.511404e-01   6.769618e-17   1.963435e-04   2.432189e-18   720
  4.520570e-01   6.335928e-17   2.661201e-04   3.019164e-18   432
  4.525916e-01   5.934255e-17   1.566487e-04   3.614528e-18   264
  4.535534e-01   6.611121e-17   2.163249e-04   2.420850e-18   672
  4.544137e-01   6.453110e-17   2.214835e-04   2.562507e-18   600
  4.554346e-01   6.302812e-17   1.296784e-04   4.025747e-18   270
  4.559493e-01   6.259681e-17   1.952021e-04   2.778492e-18   528
  4.567673e-01   6.849019e-17   1.336675e-04   2.589200e-18   840
  4.578890e-01   6.360855e-17   2.555961e-04   2.202996e-18   888
  4.589254e-01   6.147072e-17   1.904380e-04   2.392961e-18   744
  4.598014e-01   6.696331e-17   9.785730e-05   3.302078e-18   456
  4.602370e-01   5.763246e-17   1.337280e-04   2.733117e-18   360
  4.609825e-01   5.940925e-17   1.158678e-04   2.786461e-18   384
  4.621264e-01   6.259899e-17   1.858509e-04   2.230080e-18   816
  4.629847e-01   6.196510e-17   2.696437e-04   2.082715e-18   824
  4.640279e-01   5.985014e-17   1.253432e-04   3.263675e-18   360
  4.645865e-01   6.756412e-17   1.849595e-04   2.761429e-18   624
  4.653553e-01   5.227235e-17   1.249856e-04   2.554048e-18   360
  4.663795e-01   5.896114e-17   1.700172e-04   1.946991e-18   876
  4.673045e-01   5.492997e-17   2.019296e-04   2.262197e-18   696
  4.682373e-01   6.151808e-17   1.303928e-04   3.299103e-18   336
  4.687264e-01   6.085641e-17   1.302463e-04   2.825084e-18   504
  4.695341e-01   5.642766e-17   1.313750e-04   2.051269e-18   672
  4.707324e-01   5.234164e-17   2.615370e-04   1.939612e-18   720
  4.715635e-01   5.094727e-17   1.975633e-04   2.021442e-18   774
  4.724808e-01   5.498540e-17   1.130801e-04   2.625539e-18   384
  4.729612e-01   5.421022e-17   2.176147e-04   2.392870e-18   528
  4.737068e-01   5.488592e-17   2.073989e-04   1.967470e-18   744
  4.749062e-01   5.518451e-17   1.710601e-04   1.956389e-18   768
  4.757025e-01   5.338090e-17   1.920278e-04   2.210801e-18   552
  4.766960e-01   4.958445e-17   2.092886e-04   1.889353e-18   696
  4.774351e-01   5.486399e-17   2.543221e-04   2.879046e-18   408
  4.780218e-01   5.065226e-17   1.098692e-04   2.280334e-18   504
  4.789519e-01   4.897476e-17   1.973758e-04   1.739231e-18   888
  4.798671e-01   4.718933e-17   2.051305e-04   1.851442e-18   648
  4.808184e-01   4.821590e-17   2.033722e-04   1.999627e-18   648
  4.817134e-01   4.953289e-17   2.192851e-04   1.742966e-18   792
  4.826614e-01   4.752104e-17   3.208291e-04   1.930855e-18   600
  4.833600e-01   4.594153e-17   2.174285e-04   2.182943e-18   456
  4.840953e-01   4.945109e-17   1.059654e-04   1.903548e-18   648
  4.850397e-01   4.538578e-17   2.066479e-04   1.443043e-18   936
  4.860593e-01   4.571439e-17   1.269084e-04   2.173185e-18   384
  4.869469e-01   5.910963e-43   0.000000e+00   1.164238e-43   198
  4.876318e-01   5.545187e-43   3.219776e-04   2.486559e-44   1224
  4.883707e-01   5.574176e-43   2.344988e-04   3.040472e-44   420
  4.892446e-01   5.528057e-43   2.269458e-04   1.990687e-44   792
  4.900991e-01   5.210477e-43   1.876648e-04   1.991445e-44   680
  4.910742e-01   5.567448e-43   1.723226e-04   2.088105e-44   600
  4.918588e-01   5.222832e-43   2.499151e-04   1.826991e-44   840
  4.929064e-01   5.436261e-43   1.179983e-04   2.805466e-44   432
  4.933067e-01   4.853747e-43   1.105800e-04   1.791957e-44   720
  4.941771e-01   5.064730e-43   2.214723e-04   1.624388e-44   960
  4.952596e-01   4.978941e-43   1.974263e-04   2.013886e-44   528
  4.960507e-01   5.109880e-43   2.018074e-04   1.914971e-44   624
  4.969923e-01   5.402617e-43   1.586192e-04   1.931675e-44   816
  4.979269e-01   5.473200e-43   2.608527e-04   2.088874e-44   696
  4.989597e-01   5.055059e-43   1.438612e-08   3.040903e-44   240
  4.993481e-01   5.399225e-43   1.538310e-04   1.945575e-44   672
  5.002149e-01   5.420806e-43   2.749181e-04   1.959860e-44   864
  5.011872e-01   5.799067e-43   2.109550e-04   1.926525e-44   816
  5.020636e-01   5.384005e-43   1.207434e-04   2.105977e-44   648
  5.030076e-01   5.516924e-43   1.234217e-04   2.470122e-44   843
  5.038089e-01   5.982472e-43   2.220660e-04   2.143250e-44   780
  5.047639e-01   6.351178e-43   1.191565e-04   4.537279e-44   216
  5.053529e-01   5.527305e-43   2.873328e-04   1.816077e-44   1056
  5.062588e-01   5.810288e-43   2.350705e-04   4.364425e-44   228
  5.070976e-01   5.490118e-43   2.926687e-04   1.932338e-44   924
  5.079587e-01   5.662515e-43   1.085637e-04   2.107606e-44   696
  5.088706e-01   6.208977e-43   1.932122e-04   1.857410e-44   996
  5.098035e-01   6.156443e-43   1.140687e-04   2.571745e-44   576
  5.107740e-01   5.695279e-43   1.760574e-04   2.413725e-44   552
  5.114815e-01   6.810070e-43   2.102064e-04   2.766128e-44   516
  5.121995e-01   6.348902e-43   3.056837e-04   2.204445e-44   744
  5.130199e-01   5.817146e-43   1.499561e-04   2.139631e-44   576
  5.137336e-01   5.877980e-43   1.543428e-04   2.008328e-44   792
  5.147477e-01   5.725698e-43   1.764424e-04   1.960764e-44   792
  5.154909e-01   6.107619e-43   1.902913e-04   2.270967e-44   720
  5.164960e-01   6.362184e-43   2.168883e-04   2.492388e-44   656
  5.174379e-01   5.956943e-43   2.368308e-04   2.156629e-44   816
  5.184034e-01   5.554076e-43   1.276952e-04   2.490883e-44   492
  5.189522e-01   6.614889e-43   1.836985e-04   2.757395e-44   552
  5.199822e-01   6.294936e-43   3.194294e-04   2.207420e-44   780
  5.206511e-01   5.957810e-43   1.962217e-04   2.489685e-44   528
  5.213718e-01   6.330765e-43   2.290504e-04   2.603884e-44   600
  5.224340e-01   6.435954e-43   1.903590e-04   2.115411e-44   900
  5.231662e-01   6.244914e-43   1.053860e-04   2.332920e-44   696
  5.241734e-01   6.408353e-43   2.664725e-04   2.446969e-44   696
  5.251479e-01   6.371478e-43   1.081054e-04   2.643168e-44   552
  5.259673e-01   6.411020e-43   1.257166e-04   2.378468e-44   708
  5.268258e-01   6.707359e-43   2.075652e-04   2.160933e-44   876
  5.277190e-01   6.804395e-43   1.102130e-04   4.696628e-44   216
  5.283184e-01   6.271317e-43   3.014475e-04   1.955960e-44   1032
  5.292161e-01   6.667453e-43   3.356286e-04   2.796863e-44   600
  5.301478e-01   6.656446e-43   1.601495e-04   2.716894e-44   600
  5.308585e-01   6.032012e-43   2.828090e-04   2.575723e-44   528
  5.316987e-01   6.256723e-43   1.552497e-04   2.559322e-44   732
  5.325837e-01   6.171141e-43   1.146378e-04   3.146214e-44   336
  5.336024e-01   6.518551e-43   1.633817e-04   2.109950e-44   912
  5.343638e-01   6.656985e-43   1.639857e-04   2.619364e-44   624
  5.351957e-01   6.905130e-43   1.381873e-04   2.546793e-44   768
  5.361666e-01   6.919223e-43   2.493171e-04   2.495974e-44   792
  5.371196e-01   6.730530e-43   1.236011e-04   2.747233e-44   660
  5.377977e-01   6.262726e-43   1.821461e-04   2.505852e-44   504
  5.384990e-01   6.497944e-43   2.975919e-04   2.854011e-44   480
  5.395501e-01   6.558566e-43   2.752337e-04   2.079885e-44   912
  5.403731e-01   6.904013e-43   3.065154e-04   3.352580e-44   432
  5.411504e-01   7.162491e-43   1.820016e-04   2.847006e-44   564
  5.418405e-01   7.679134e-43   1.742006e-04   2.791598e-44   600
  5.428119e-01   7.019895e-43   2.428192e-04   2.385496e-44   876
  5.435417e-01   7.708605e-43   1.091788e-04   4.742399e-44   264
  5.445477e-01   6.777005e-43   2.118499e-04   2.772310e-44   560
  5.453563e-01   6.832993e-43   1.439565e-04   2.574512e-44   840
  5.463378e-01   8.080562e-43   2.219395e-04   2.395813e-44   1008
  5.472454e-01   6.700372e-43   9.928084e-05   3.005354e-44   456
  5.480744e-01   7.052893e-43   1.286043e-04   2.834952e-44   576
  5.488407e-01   7.566567e-43   1.976142e-04   3.233992e-44   612
  5.498512e-01   6.722185e-43   1.765015e-04   2.247953e-44   780
  5.506755e-01   6.962693e-43   2.022627e-04   2.713712e-44   648
  5.515194e-01   7.288603e-43   9.425702e-05   4.052547e-44   312
  5.520587e-01   7.489367e-43   2.394916e-04   3.344785e-44   528
  5.529931e-01   6.861708e-43   3.127641e-04   2.582206e-44   720
  5.538866e-01   6.864002e-43   3.137436e-04   3.045212e-44   576
  5.549699e-01   7.778248e-43   2.706443e-04   4.096461e-44   444
  5.556439e-01   7.146067e-43   2.654148e-04   2.085438e-44   996
  5.564699e-01   7.955117e-43   2.217012e-04   3.948645e-44   432
  5.572506e-01   6.734625e-43   2.427192e-04   2.989090e-44   504
  5.579250e-01   7.533252e-43   1.094306e-04   3.038753e-44   504
  5.588852e-01   7.054889e-43   2.153608e-04   2.224062e-44   876
  5.597541e-01   6.923314e-43   2.478597e-04   3.095860e-44   504
  5.606589e-01   7.313694e-43   1.580720e-04   2.574787e-44   696
  5.614066e-01   6.979669e-43   1.351349e-04   3.391188e-44   492
  5.624240e-01   7.227081e-43   1.934522e-04   3.471532e-44   432
  5.631776e-01   7.352188e-43   1.811468e-04   2.547986e-44   768
  5.640708e-01   8.689954e-43   2.256427e-04   3.520579e-44   648
  5.649237e-01   8.060685e-43   1.472076e-04   4.068742e-44   456
  5.659038e-01   8.176878e-43   2.024344e-04   3.437630e-44   552
  5.665845e-01   8.648620e-43   1.387487e-04   3.270309e-44   648
  5.675213e-01   8.087239e-43   2.261525e-04   2.822772e-44   840
  5.684363e-01   8.773436e-43   1.078474e-04   4.408031e-44   432
  5.693524e-01   8.517396e-43   1.320946e-04   3.357284e-44   600
  5.699896e-01   8.573970e-43   1.407382e-04   3.626101e-44   432
  5.710598e-01   8.342448e-43   1.401185e-04   3.487705e-44   560
  5.717846e-01   8.330921e-43   2.217929e-04   3.036349e-44   840
  5.726922e-01   9.070489e-43   1.313712e-04   3.782906e-44   504
  5.734129e-01   8.251220e-43   2.681208e-04   3.292289e-44   696
  5.744289e-01   7.824042e-43   1.464380e-04   4.374865e-44   384
  5.752203e-01   8.610329e-43   2.145144e-04   3.334470e-44   576
  5.761776e-01   8.085159e-43   1.323876e-04   3.876117e-44   360
  5.769491e-01   9.110655e-43   1.971572e-04   3.010549e-44   828
  5.777814e-01   9.865298e-43   1.756051e-04   5.074704e-44   372
  5.785440e-01   7.826847e-43   2.681827e-04   3.062556e-44   576
  5.795542e-01   8.801902e-43   1.123146e-04   3.638313e-44   636
  5.802740e-01   7.879475e-43   2.165136e-04   3.289794e-44   648
  5.812477e-01   8.624916e-43   1.760019e-04   3.396143e-44   576
  5.819467e-01   8.405036e-43   2.839096e-04   3.347646e-44   528
  5.828762e-01   8.681341e-43   1.213831e-04   4.259743e-44   360
  5.836457e-01   8.973076e-43   2.792266e-04   3.350421e-44   672
  5.846504e-01   7.627051e-43   1.430245e-04   2.743526e-44   804
  5.854866e-01   8.788264e-43   1.577731e-04   4.326447e-44   408
  5.864116e-01   9.020122e-43   9.752092e-05   4.742734e-44   384
  5.870345e-01   9.184611e-43   2.231653e-04   4.046643e-44   480
  5.879130e-01   9.082403e-43   1.441975e-04   4.828815e-44   432
  5.887557e-01   9.527616e-43   2.657252e-04   3.570587e-44   648
  5.897530e-01   8.135900e-43   1.648813e-04   3.060068e-44   624
  5.904826e-01   9.736215e-43   1.499734e-04   4.312261e-44   456
  5.914788e-01   9.093236e-43   2.048770e-04   3.548352e-44   588
  5.921465e-01   8.690277e-43   1.307107e-04   3.288969e-44   600
  5.931212e-01   9.253593e-43   2.038766e-04   3.742356e-44   708
  5.938912e-01   8.777434e-43   1.284383e-04   3.850361e-44   360
  5.947420e-01   9.068516e-43   1.476433e-04   3.715339e-44   552
  5.955576e-01   8.781823e-43   1.035752e-04   4.164682e-44   288
  5.963856e-01   8.848216e-43   1.947498e-04   3.774084e-44   528
  5.971636e-01   8.980893e-43   1.313872e-04   4.379402e-44   456
  5.980328e-01   9.669198e-43   2.329780e-04   3.721580e-44   608
  5.989070e-01   8.687119e-43   1.127174e-04   3.763834e-44   504
  5.998623e-01   1.047844e-42   2.419978e-04   4.552000e-44   540
  6.006113e-01   9.203390e-43   2.597778e-04   4.469936e-44   360
  6.014188e-01   8.893725e-43   1.176407e-04   3.806181e-44   540
  6.021329e-01   9.059668e-43   1.010085e-04   3.858101e-44   576
  6.031714e-01   9.473698e-43   2.342044e-04   3.731030e-44   588
  6.041588e-01   9.857950e-43   3.231314e-04   3.644889e-44   672
  6.050070e-01   9.132866e-43   2.469721e-04   3.956563e-44   552
  6.056908e-01   8.812401e-43   2.470970e-04   6.859792e-44   144
  6.065633e-01   1.002151e-42   2.099342e-04   4.237439e-44   600
  6.073906e-01   9.796006e-43   2.630934e-04   4.252884e-44   504
  6.083088e-01   1.142944e-42   2.702501e-04   6.542930e-44   336
  6.092745e-01   9.893757e-43   3.037623e-04   4.055987e-44   600
  6.101395e-01   1.011806e-42   1.960382e-04   4.316742e-44   636
  6.110731e-01   1.017584e-42   1.576165e-04   5.189698e-44   384
  6.117276e-01   1.060765e-42   2.198564e-04   4.735460e-44   504
  6.126710e-01   9.835028e-43   9.227064e-05   5.325627e-44   240
  6.134155e-01   1.043369e-42   2.167569e-04   3.673065e-44   744
  6.143088e-01   1.023737e-42   1.480120e-04   3.811654e-44   648
  6.151027e-01   9.545363e-43   9.825476e-05   7.248495e-44   120
  6.160331e-01   1.077375e-42   1.543455e-04   4.236962e-44   564
  6.167362e-01   1.102857e-42   2.424089e-04   5.205415e-44   432
  6.176746e-01   1.148095e-42   1.881572e-04   5.608726e-44   480
  6.183811e-01   1.109345e-42   1.384885e-04   5.130380e-44   456
  6.192152e-01   9.700743e-43   2.291780e-04   3.867683e-44   444
  6.201616e-01   1.141763e-42   3.506544e-04   5.189084e-44   528
  6.209930e-01   9.426577e-43   2.604238e-04   5.481183e-44   264
  6.217998e-01   1.158936e-42   2.668956e-04   5.215683e-44   444
  6.228852e-01   1.081303e-42   2.923449e-04   3.705833e-44   696
  6.237861e-01   1.165276e-42   1.563558e-04   6.275141e-44   384
  6.244450e-01   1.097588e-42   1.975687e-04   4.891551e-44   432
  6.254698e-01   1.075472e-42   1.365107e-04   4.939537e-44   488
  6.261352e-01   1.053136e-42   2.057386e-04   4.619541e-44   480
  6.270999e-01   1.070706e-42   2.294412e-04   4.952254e-44   480
  6.278471e-01   1.295044e-42   9.626648e-05   6.753286e-44   240
  6.286954e-01   1.052654e-42   2.248709e-04   3.926044e-44   600
  6.294955e-01   1.045809e-42   1.959519e-04   6.143819e-44   288
  6.303474e-01   1.034368e-42   1.884914e-04   5.115639e-44   480
  6.312103e-01   1.245797e-42   3.352926e-04   5.471284e-44   504
  6.320598e-01   1.155165e-42   1.438614e-04   9.071442e-44   216
  6.331433e-01   1.102019e-42   2.355240e-04   5.079209e-44   504
  6.339871e-01   1.137252e-42   1.894329e-04   5.033800e-44   456
  6.349107e-01   1.148980e-42   1.086430e-04   5.570249e-44   384
  6.355225e-01   1.023726e-42   2.205061e-04   4.816670e-44   480
  6.363918e-01   1.146829e-42   1.936290e-04   5.151647e-44   504
  6.371972e-01   9.951229e-43   1.228262e-04   4.588686e-44   312
  6.380652e-01   1.188935e-42   1.979302e-04   5.423727e-44   492
  6.388334e-01   1.194424e-42   1.855135e-04   6.347226e-44   312
  6.398223e-01   1.138545e-42   3.013519e-04   4.815326e-44   576
  6.406929e-01   1.265203e-42   2.781722e-04   6.740825e-44   336
  6.414159e-01   1.035585e-42   2.141797e-04   6.289735e-44   240
  6.424183e-01   1.114753e-42   2.839481e-04   5.354211e-44   468
  6.432837e-01   1.014859e-42   1.777925e-04   6.271517e-44   192
  6.441896e-01   1.074846e-42   1.783224e-04   5.264057e-44   324
  6.448535e-01   1.326806e-42   1.294235e-04   5.369001e-44   600
  6.457583e-01   1.229930e-42   2.099764e-04   5.290000e-44   456
  6.464302e-01   1.129129e-42   9.444737e-05   5.888525e-44   336
  6.475438e-01   1.224893e-42   2.828021e-04   4.560488e-44   612
  6.483539e-01   1.498237e-42   2.373399e-04   1.304713e-43   144
  6.491201e-01   1.046039e-42   2.770366e-04   3.981396e-44   552
  6.501620e-01   1.122594e-42   1.091004e-04   5.804700e-44   264
  6.507507e-01   1.224635e-42   2.525953e-04   6.261184e-44   336
  6.516793e-01   1.263841e-42   1.669063e-04   7.571296e-44   384
  6.524847e-01   1.301009e-42   9.395175e-05   8.078992e-44   216
  6.533762e-01   1.449807e-42   1.991971e-04   7.772031e-44   344
  6.541891e-01   1.227901e-42   2.972114e-04   6.261581e-44   408
  6.551797e-01   1.370322e-42   2.283876e-04   7.774533e-44   264
  6.560575e-01   1.223326e-42   3.183837e-04   4.934360e-44   612
  6.569345e-01   1.302740e-42   1.638646e-04   6.191511e-44   408
  6.578364e-01   1.235775e-42   1.641001e-04   5.997485e-44   444
  6.584991e-01   1.326744e-42   9.177996e-05   1.071742e-43   120
  6.593870e-01   1.173746e-42   2.535712e-04   5.626985e-44   336
  6.600460e-01   1.385678e-42   8.811499e-05   7.241094e-44   288
  6.609366e-01   1.221074e-42   2.742154e-04   4.812819e-44   552
  6.621610e-01   1.117733e-42   0.000000e+00   1.115985e-43   72
  6.627906e-01   1.250391e-42   2.723657e-04   5.786240e-44   504
  6.635259e-01   1.135743e-42   8.764464e-05   7.112941e-44   216
  6.644787e-01   1.373975e-42   1.564835e-04   8.592121e-44   312
  6.653340e-01   1.238313e-42   1.781811e-04   6.513990e-44   336
  6.661492e-01   1.300340e-42   2.469789e-04   8.195833e-44   204
  6.669611e-01   1.382924e-42   2.870270e-04   5.577546e-44   504
  6.678221e-01   1.384645e-42   2.733322e-04   5.911821e-44   396
  6.686501e-01   1.321373e-42   2.506599e-04   8.391913e-44   312
  6.696540e-01   1.388035e-42   1.531800e-04   9.321193e-44   216
  6.703613e-01   1.224942e-42   8.313373e-05   7.869518e-44   168
  6.712208e-01   1.339941e-42   2.099173e-04   5.140663e-44   588
  6.722017e-01   1.421161e-42   2.849381e-04   8.537224e-44   240
  6.729637e-01   1.165062e-42   2.516481e-04   7.626968e-44   264
  6.738575e-01   1.371010e-42   3.112147e-04   8.091564e-44   288
  6.746505e-01   1.293738e-42   1.554077e-04   7.910379e-44   288
  6.756555e-01   1.295132e-42   1.459525e-04   7.054230e-44   288
  6.763322e-01   1.584470e-42   1.690738e-04   1.090196e-43   192
  6.771836e-01   1.301473e-42   1.799115e-04   7.683270e-44   264
  6.779946e-01   1.278614e-42   2.959295e-04   7.632354e-44   372
  6.788675e-01   1.430048e-42   3.196167e-04   8.263321e-44   360
  6.799329e-01   1.451596e-42   1.352648e-04   1.258433e-43   144
  6.804835e-01   1.376791e-42   1.878769e-04   8.297423e-44   296
  6.813527e-01   1.328640e-42   2.024276e-04   8.347077e-44   288
  6.823478e-01   1.450608e-42   3.025230e-04   6.964988e-44   480
  6.832061e-01   1.244575e-42   2.513677e-04   7.865924e-44   192
  6.840407e-01   1.515531e-42   2.696262e-04   9.413816e-44   192
  6.847993e-01   1.212869e-42   1.718359e-04   6.865381e-44   288
  6.858544e-01   1.202518e-42   1.495808e-04   1.222637e-43   108
  6.863859e-01   1.444521e-42   1.438036e-04   9.554313e-44   240
  6.873243e-01   1.495421e-42   2.682690e-04   7.827661e-44   384
  6.882884e-01   1.788796e-42   3.272578e-04   1.700011e-43   108
  6.891409e-01   1.605874e-42   1.918773e-04   7.888215e-44   348
  6.900373e-01   1.392821e-42   2.002507e-04   7.563830e-44   312
  6.908379e-01   1.363025e-42   1.945855e-04   1.551560e-43   96
  6.915741e-01   1.598243e-42   2.590555e-04   7.751991e-44   384
  6.923987e-01   1.252515e-42   1.781778e-04   8.755490e-44   144
  6.932053e-01   1.550525e-42   2.737780e-04   8.816171e-44   408
  6.942079e-01   1.479768e-42   1.221243e-04   1.219921e-43   144
  6.951550e-01   1.497227e-42   2.347853e-04   1.227343e-43   192
  6.957167e-01   1.346537e-42   2.642552e-04   1.261286e-43   144
  6.966323e-01   1.275339e-42   2.148492e-04   9.988011e-44   144
  6.974962e-01   1.436937e-42   2.625805e-04   8.416710e-44   336
  6.985541e-01   1.311448e-42   1.942763e-04   7.582458e-44   240
  6.992249e-01   1.494021e-42   8.821915e-05   1.688413e-43   96
  7.001605e-01   1.520619e-42   2.587043e-04   7.758173e-44   372
  7.011070e-01   1.691183e-42   3.077232e-04   1.189906e-43   132
  7.019384e-01   1.477224e-42   1.904154e-04   8.661723e-44   264
  7.026821e-01   1.892168e-42   1.462304e-04   1.435830e-43   168
  7.034759e-01   1.463428e-42   2.337943e-04   8.895280e-44   216
  7.041771e-01   1.795275e-42   1.430383e-04   1.240152e-43   216
  7.051983e-01   1.410219e-42   2.624157e-04   1.262755e-43   96
  7.061249e-01   1.635450e-42   1.712023e-04   1.317580e-43   120
  7.069747e-01   1.500101e-42   2.176463e-04   1.024799e-43   216
  7.076747e-01   1.387519e-42   9.511215e-05   9.340947e-44   200
  7.086015e-01   1.566375e-42   2.462045e-04   8.354603e-44   288
  7.097902e-01   1.549754e-42   6.478119e-05   1.335899e-43   144
  7.102908e-01   1.760975e-42   2.015951e-04   1.252754e-43   168
  7.113130e-01   1.891874e-42   2.268765e-04   1.842539e-43   159
  7.121109e-01   1.612835e-42   2.380480e-04   1.130113e-43   174
  7.128831e-01   1.778184e-42   2.158536e-04   1.440287e-43   144
  7.138943e-01   1.877760e-42   1.246398e-04   1.347154e-43   222
  7.145705e-01   1.697438e-42   1.257726e-04   1.273928e-43   168
  7.157386e-01   1.983807e-42   2.758677e-04   3.419887e-43   30
  7.162211e-01   1.341758e-42   2.435709e-04   1.451322e-43   72
  7.171298e-01   1.528279e-42   2.173841e-04   1.001146e-43   258
  7.181290e-01   1.541722e-42   1.361533e-04   1.038343e-43   264
  7.186286e-01   1.676837e-42   1.468278e-08   1.866796e-43   72
  7.196697e-01   1.530052e-42   2.698616e-04   9.401859e-44   174
  7.206123e-01   1.602131e-42   2.873527e-04   1.119509e-43   168
  7.213701e-01   1.571103e-42   8.991328e-09   2.278578e-43   48
  7.221837e-01   1.560593e-42   1.622748e-04   1.095753e-43   150
  7.231270e-01   1.527574e-42   2.985162e-04   1.186165e-43   168
  7.240729e-01   1.636324e-42   1.818422e-04   1.310201e-43   144
  7.249427e-01   1.928720e-42   1.698820e-04   2.159774e-43   102
  7.255906e-01   1.503573e-42   2.514545e-04   1.307668e-43   96
  7.266185e-01   1.135363e-42   2.495518e-04   9.501489e-44   120
  7.273797e-01   1.836327e-42   2.676508e-04   1.473637e-43   168
  7.282031e-01   1.746625e-42   1.976389e-04   1.586485e-43   126
  7.289046e-01   2.071954e-42   1.490593e-04   1.887402e-43   168
  7.298711e-01   1.084244e-42   2.390167e-04   1.067195e-43   72
  7.307158e-01   1.530967e-42   2.993022e-04   1.103566e-43   168
  7.314557e-01   1.550721e-42   8.205344e-05   1.863868e-43   78
  7.324696e-01   2.077753e-42   1.347256e-04   2.293215e-43   60
  7.332860e-01   1.377011e-42   2.185468e-04   1.279641e-43   96
  7.341327e-01   1.726668e-42   2.651884e-04   1.330303e-43   168
  7.349284e-01   1.535850e-42   1.678009e-04   1.496999e-43   86
  7.357634e-01   1.636268e-42   1.499742e-04   1.259010e-43   120
  7.369601e-01   1.842684e-42   1.069515e-04   1.426398e-43   168
  7.376055e-01   1.978997e-42   0.000000e+00   2.551215e-43   48
  7.384747e-01   1.819255e-42   1.948541e-04   1.332076e-43   120
  7.389742e-01   1.904571e-42   1.421539e-04   2.024073e-43   126
  7.401935e-01   1.786291e-42   2.500091e-04   1.411633e-43   96
  7.409848e-01   1.833088e-42   7.209028e-05   1.580605e-43   96
  7.416089e-01   2.411838e-42   8.477105e-09   2.312807e-43   72
  7.429385e-01   1.553005e-42   8.991328e-09   3.958146e-43   24
  7.437683e-01   1.799189e-42   1.483601e-04   1.433977e-43   120
  7.444157e-01   1.796265e-42   2.164118e-04   1.398499e-43   126
  7.451355e-01   1.849124e-42   1.804085e-04   1.510860e-43   96
  7.459766e-01   1.682852e-42   3.117986e-04   1.459417e-43   72
  7.469132e-01   1.555650e-42   1.348634e-04   1.545842e-43   144
  7.476836e-01   1.891795e-42   7.778603e-05   1.795809e-43   72
  7.484533e-01   1.770973e-42   1.553665e-04   2.878909e-43   54
  7.491306e-01   1.898573e-42   1.369149e-04   1.578287e-43   108
  7.505382e-01   1.858358e-42   1.342120e-04   1.773069e-43   72
  7.509765e-01   1.867625e-42   7.744493e-05   1.671978e-43   72
  7.520162e-01   1.336116e-42   1.557344e-08   3.831525e-43   24
  7.529998e-01   2.188119e-42   1.638381e-04   3.215500e-43   48
  7.535971e-01   1.330571e-42   1.248023e-04   1.328402e-43   102
  7.544963e-01   1.804677e-42   2.822510e-04   1.640585e-43   168
  7.556711e-01   1.423242e-42   1.539331e-04   1.556029e-43   72
  7.561064e-01   1.627291e-42   0.000000e+00   1.921825e-43   48
  7.570195e-01   1.949610e-42   2.647743e-04   1.804134e-43   120
  7.582245e-01   1.754503e-42   1.627091e-04   1.676710e-43   96
  7.593627e-01   1.867285e-42   1.438612e-08   2.970653e-43   30
  7.607153e-01   1.710565e-42   7.644796e-05   2.026968e-43   72
  7.613097e-01   1.811742e-42   8.991328e-09   3.549531e-43   24
  7.620733e-01   1.591477e-42   1.133148e-04   2.203880e-43   56
  7.629285e-01   2.004575e-42   1.617059e-04   2.487342e-43   96
  7.639519e-01   2.236122e-42   1.785629e-04   1.689044e-43   144
  7.647411e-01   1.650755e-42   1.013810e-04   2.024765e-43   54
  7.658874e-01   2.142089e-42   1.518795e-04   2.284861e-43   108
  7.670409e-01   2.060967e-42   8.041947e-05   2.576538e-43   48
  7.681392e-01   2.139058e-42   3.028050e-04   2.417776e-43   72
  7.707744e-01   2.475697e-42   2.000642e-04   2.629288e-43   78
  7.715046e-01   1.933124e-42   1.507735e-04   2.409954e-43   72
  7.723570e-01   2.338994e-42   1.505863e-04   3.119784e-43   72
  7.732482e-01   1.827180e-42   3.633813e-04   1.639529e-43   96
  7.739527e-01   2.114845e-42   1.502759e-04   2.431440e-43   72
  7.748024e-01   1.683194e-42   0.000000e+00   3.015092e-43   24
  7.756510e-01   1.953185e-42   2.998733e-04   2.435325e-43   72
  7.775680e-01   1.841630e-42   1.904287e-04   2.442968e-43   30
  7.779804e-01   2.219203e-42   0.000000e+00   4.553599e-43   24
  7.801973e-01   3.001406e-42   1.581267e-04   3.643591e-43   48
  7.808927e-01   2.560811e-42   3.402886e-04   2.462430e-43   120
  7.818296e-01   2.359328e-42   1.487821e-04   2.574910e-43   72
  7.827758e-01   2.440611e-42   1.486022e-04   3.733253e-43   36
  7.834261e-01   2.985865e-42   2.937071e-04   3.898082e-43   78
  7.852411e-01   2.412068e-42   1.571111e-04   3.356819e-43   48
  7.875942e-01   1.438173e-42   1.271566e-08   3.624950e-43   24
  7.892707e-01   2.948902e-42   1.094089e-04   3.260432e-43   56
  7.901149e-01   2.140822e-42   1.683597e-04   2.413512e-43   102
  7.911888e-01   2.190543e-42   1.198844e-08   2.960698e-43   72
  7.918122e-01   2.388715e-42   8.991328e-09   6.266304e-43   24
  7.929021e-01   2.172157e-42   1.555930e-04   3.452396e-43   48
  7.949223e-01   1.741659e-42   0.000000e+00   4.017395e-43   24
  7.974016e-01   1.756021e-42   0.000000e+00   2.365220e-43   6
  7.981748e-01   3.293140e-42   0.000000e+00   7.053548e-43   24
  7.986898e-01   2.034448e-42   1.456409e-04   2.484068e-43   72
  7.996307e-01   2.605390e-42   2.717068e-04   2.915898e-43   84
  8.006440e-01   2.057584e-42   0.000000e+00   3.219996e-43   24
  8.009521e-01   3.352578e-42   1.271566e-08   6.460115e-43   24
  8.024909e-01   1.857567e-42   1.557344e-08   2.798985e-43   24
  8.046403e-01   9.014706e-43   0.000000e+00   2.201905e-44   6
  8.073954e-01   2.615667e-42   1.528000e-04   4.643458e-43   48
  8.080572e-01   2.815332e-42   2.878503e-04   2.536476e-43   72
  8.089220e-01   2.401793e-42   1.525117e-04   2.713658e-43   48
  8.102934e-01   2.631228e-42   0.000000e+00   3.600383e-43   24
  8.121184e-01   7.367304e-43   0.000000e+00   7.700837e-44   6
  8.162097e-01   1.010987e-42   0.000000e+00   2.682289e-43   8
  8.165120e-01   2.328512e-42   8.991328e-09   3.379405e-43   48
  8.172369e-01   2.702889e-42   1.479045e-04   2.774419e-43   60
  8.183231e-01   2.507982e-42   0.000000e+00   4.789583e-43   24
  8.198293e-01   1.721099e-42   0.000000e+00   4.270955e-43   6
  8.253784e-01   1.888104e-42   0.000000e+00   2.694438e-43   24
  8.258266e-01   3.042245e-42   1.493898e-04   4.341434e-43   48
  8.265733e-01   2.601304e-42   0.000000e+00   4.568269e-43   24
  8.277664e-01   2.922839e-42   0.000000e+00   7.324386e-43   6
  8.345448e-01   3.069147e-42   1.393664e-04   4.575388e-43   36
  8.350375e-01   2.032352e-42   0.000000e+00   4.458621e-43   24
  8.359234e-01   3.252532e-42   0.000000e+00   1.178520e-42   6
  8.436361e-01   2.552955e-42   1.266552e-04   4.975674e-43   32
  8.442939e-01   5.686202e-43   0.000000e+00   1.114925e-43   6
  8.525822e-01   4.190936e-42   0.000000e+00   9.733257e-43   12
  8.528715e-01   2.453527e-42   0.000000e+00   1.163635e-42   6
  8.616502e-01   2.516934e-42   0.000000e+00   8.429528e-43   6
